Unnamed: 0,L4_tcp,L4_udp,L7_http,L7_https,port_class_src,port_class_dst,pck_size,ip_dst_new,ethernet_frame_size ,ttl,total_length,protocol ,source_port,dest_port,DNS_count,NTP_count,ARP_count,cnt,L3_ip_dst_count,most_freq_d_ip,most_freq_prot,most_freq_sport,most_freq_dport,sum_et,min_et,max_et,med_et,average_et,skew_et,kurt_et,var,q3,q1,iqr,sum_e,min_e,max_e,med,average,skew_e,kurt_e,var_e,q3_e,q1_e,iqr_e,epoch_timestamp,inter_arrival_time,time_since_previously_displayed_frame
0,0,1,0,0,3,2,52,2211110130,86,64,72,17,59861,29483,0,0,0,0,15,2211110130,17,59861,11123,224,46,86,46.0,56.0,1.1547005383792517,-0.6666666666666665,300.0,56.0,46.0,10.0,316,12,52,12.0,19.75,1.523757708927988,1.583815701530269,126.9375,23.0,12.0,11.0,1634046377.860644,0.0,0.0
1,0,1,0,0,3,2,52,2211110130,86,64,72,17,59861,29483,0,0,0,0,15,2211110130,17,59861,11123,310,46,86,46.0,62.0,0.408248290463863,-1.8333333333333333,384.0,86.0,46.0,40.0,368,12,52,12.0,21.647058823529413,1.277503114971348,0.3965300780154561,177.05190311418687,32.0,12.0,20.0,1634046378.072277,0.2116329669952392,0.2116329669952392
2,0,1,0,0,3,2,32,2211110130,66,64,52,17,59861,29483,0,0,0,0,15,2211110130,17,59861,11123,376,46,86,56.0,62.66666666666666,0.3329709512140244,-1.6765755053507725,322.22222222222223,81.0,46.0,35.0,400,12,52,16.0,22.22222222222222,1.1467052928156516,0.1753077551020418,172.8395061728395,32.0,12.0,20.0,1634046378.139239,0.0669620037078857,0.2785949707031249
3,0,1,0,0,3,2,52,2211110130,86,64,72,17,59861,29483,0,0,0,0,15,2211110130,17,59861,11123,462,46,86,66.0,66.0,0.0,-1.8333333333333333,342.85714285714283,86.0,46.0,40.0,452,12,52,20.0,23.789473684210527,0.9592355154164948,-0.4530773390196732,207.9556786703601,32.0,12.0,20.0,1634046378.264733,0.1254940032958984,0.4040889739990233
4,0,1,0,0,3,2,52,2211110130,86,64,72,17,59861,29483,0,0,0,0,15,2211110130,17,59861,11123,548,46,86,76.0,68.5,-0.2500668580772752,-1.7897520661157025,343.75,86.0,46.0,40.0,504,12,52,20.0,25.2,0.7911280809662912,-0.8811396031408956,235.36,32.0,12.0,20.0,1634046378.475903,0.211169958114624,0.6152589321136473
5,0,1,0,0,2,3,84,3232270721,118,52,104,17,10001,59861,0,0,0,0,15,2211110130,17,59861,11123,666,46,118,86.0,74.0,0.2231111285881872,-0.8953449148254347,547.5555555555555,86.0,46.0,40.0,84,84,84,84.0,84.0,0.0,-3.0,0.0,84.0,84.0,0.0,1634046378.568178,0.0922749042510986,0.707533836364746
6,0,1,0,0,2,3,52,3232270721,86,52,72,17,10001,59861,0,0,0,0,15,2211110130,17,59861,11123,752,46,118,86.0,75.2,0.0811612953713547,-0.8061138593869992,505.7600000000001,86.0,51.0,35.0,136,52,84,68.0,68.0,0.0,-2.0,256.0,76.0,60.0,16.0,1634046378.568213,3.504753112792969e-05,0.7075688838958739
7,0,1,0,0,2,3,60,3232270721,94,52,80,17,10001,59861,0,0,0,0,15,2211110130,17,59861,11123,846,46,118,86.0,76.9090909090909,-0.0988528289696308,-0.824250226907036,488.9917355371901,86.0,56.0,30.0,196,52,84,60.0,65.33333333333333,0.5280049792181888,-1.4999999999999991,184.88888888888889,72.0,56.0,16.0,1634046378.568243,3.0040740966796875e-05,0.7075989246368407
8,0,1,0,0,3,2,56,2211110130,90,64,76,17,59861,29483,0,0,0,0,15,2211110130,17,59861,11123,936,46,118,86.0,78.0,-0.2325199504036082,-0.7159945203648634,461.3333333333333,87.0,61.0,26.0,252,52,84,58.0,63.0,0.9794093752424018,-0.7980853277835589,155.0,66.0,55.0,11.0,1634046378.595362,0.0271189212799072,0.7347178459167479
9,0,1,0,0,3,2,84,2211110130,118,64,104,17,59861,29483,0,0,0,0,15,2211110130,17,59861,11123,1054,46,118,86.0,81.07692307692308,-0.1765764065426661,-0.7934668473454018,539.4556213017752,90.0,66.0,24.0,336,52,84,60.0,67.2,0.3090320494078778,-1.7788694598337953,194.56,84.0,56.0,28.0,1634046378.595362,0.0,0.7347178459167479
10,0,1,0,0,3,2,60,2211110130,94,64,80,17,59861,29483,0,0,0,0,15,2211110130,17,59861,11123,1148,46,118,86.0,82.0,-0.2864729481816034,-0.6810825892857144,512.0,93.0,71.0,22.0,396,52,84,60.0,66.0,0.5663708578648017,-1.4831669663339329,169.33333333333334,78.0,57.0,21.0,1634046378.595362,0.0,0.7347178459167479
11,0,1,0,0,3,2,84,2211110130,118,64,104,17,59861,29483,0,0,0,0,15,2211110130,17,59861,11123,1266,46,118,86.0,84.4,-0.3047396002644633,-0.7603372899962113,558.5066666666665,94.0,76.0,18.0,480,52,84,60.0,68.57142857142857,0.1831337656033368,-1.8240270199403168,184.81632653061223,84.0,58.0,26.0,1634046378.673238,0.0778760910034179,0.8125939369201658
12,0,1,0,0,3,2,52,2211110130,86,64,72,17,59861,29483,0,0,0,0,15,2211110130,17,59861,11123,1352,46,118,86.0,84.5,-0.327685921737122,-0.6067803213697802,523.75,94.0,81.0,13.0,532,52,84,60.0,66.5,0.3895134608235762,-1.6894111567613876,191.75,84.0,55.0,29.0,1634046378.681027,0.0077888965606689,0.8203828334808347
13,0,1,0,0,3,2,84,2211110130,118,64,104,17,59861,29483,0,0,0,0,15,2211110130,17,59861,11123,1470,46,118,86.0,86.47058823529412,-0.3650792657881361,-0.6740234218082661,555.0726643598616,94.0,86.0,8.0,616,52,84,60.0,68.44444444444444,0.1184508104581685,-1.8562139624279248,200.6913580246913,84.0,56.0,28.0,1634046378.740123,0.0590960979461669,0.8794789314270016
14,0,1,0,0,3,2,84,2211110130,118,64,104,17,59861,29483,0,0,0,0,15,2211110130,17,59861,11123,1588,46,118,86.0,88.22222222222223,-0.4192772027123833,-0.7071181637831132,576.3950617283951,112.0,86.0,26.0,700,52,84,72.0,70.0,-0.093349823710879,-1.8760174350481964,202.4,84.0,57.0,27.0,1634046378.817627,0.0775039196014404,0.956982851028442
15,0,1,0,0,3,2,84,2211110130,118,64,104,17,59861,29483,0,0,0,0,15,2211110130,17,59861,11123,1706,46,118,86.0,89.78947368421052,-0.4801731214476635,-0.7110399552968412,590.2714681440442,118.0,86.0,32.0,784,52,84,84.0,71.27272727272727,-0.2687830191147816,-1.820367019225232,200.198347107438,84.0,58.0,26.0,1634046378.90028,0.0826530456542968,1.0396358966827388
16,0,1,0,0,3,2,52,2211110130,86,64,72,17,59861,29483,0,0,0,0,15,2211110130,17,59861,11123,1792,46,118,86.0,89.6,-0.467964375635591,-0.6117385242572504,561.4399999999998,118.0,86.0,32.0,836,52,84,72.0,69.66666666666667,-0.0873468519232811,-1.890357304210552,211.88888888888889,84.0,55.0,29.0,1634046378.90028,0.0,1.0396358966827388
17,0,1,0,0,3,2,84,2211110130,118,64,104,17,59861,29483,0,0,0,0,15,2211110130,17,59861,11123,118,118,118,118.0,118.0,0.0,-3.0,0.0,118.0,118.0,0.0,920,52,84,84.0,70.76923076923077,-0.2358711881391323,-1.8484514243973704,210.17751479289944,84.0,56.0,28.0,1634046378.970647,0.0703670978546142,1.110002994537353
18,0,1,0,0,2,3,84,3232270721,118,52,104,17,10001,59861,0,0,0,0,15,2211110130,17,59861,11123,236,118,118,118.0,118.0,0.0,-3.0,0.0,118.0,118.0,0.0,1004,52,84,84.0,71.71428571428571,-0.3662601695928396,-1.77368643109533,206.77551020408168,84.0,57.0,27.0,1634046379.025549,0.0549018383026123,1.1649048328399654
19,0,1,0,0,2,3,52,3232270721,86,52,72,17,10001,59861,0,0,0,0,15,2211110130,17,59861,11123,322,86,118,118.0,107.33333333333331,-0.7071067811865465,-1.500000000000001,227.5555555555556,118.0,102.0,16.0,1056,52,84,84.0,70.4,-0.2089312449174643,-1.8712236713614665,217.17333333333335,84.0,54.0,30.0,1634046379.025608,5.91278076171875e-05,1.1649639606475826
20,0,1,0,0,3,2,56,2211110130,90,64,76,17,59861,29483,0,0,0,0,15,2211110130,17,59861,11123,412,86,118,104.0,103.0,-0.0263150211647565,-1.964990587824332,227.0,118.0,89.0,29.0,1112,52,84,72.0,69.5,-0.0726563258495693,-1.91037758016244,215.75,84.0,55.0,29.0,1634046379.039033,0.0134248733520507,1.1783888339996333
21,0,1,0,0,3,2,84,2211110130,118,64,104,17,59861,29483,0,0,0,0,15,2211110130,17,59861,11123,530,86,118,118.0,106.0,-0.4306707618458616,-1.7846020761245671,217.6,118.0,90.0,28.0,1196,52,84,84.0,70.3529411764706,-0.1867104080955053,-1.8848649939716269,214.69896193771623,84.0,56.0,28.0,1634046379.039033,0.0,1.1783888339996333
22,0,1,0,0,3,2,52,2211110130,86,64,72,17,59861,29483,0,0,0,0,15,2211110130,17,59861,11123,616,86,118,104.0,102.66666666666669,-0.0217793031761525,-1.9726846164406229,236.8888888888889,118.0,87.0,31.0,1248,52,84,72.0,69.33333333333333,-0.0680762031875669,-1.9183142559833508,220.44444444444449,84.0,53.0,31.0,1634046379.095412,0.0563790798187255,1.234767913818359
23,0,1,0,0,3,2,84,2211110130,118,64,104,17,59861,29483,0,0,0,0,15,2211110130,17,59861,11123,734,86,118,118.0,104.85714285714286,-0.3079519491188535,-1.8811227930966072,231.83673469387756,118.0,88.0,30.0,1332,52,84,84.0,70.10526315789474,-0.1702680042328163,-1.897340147850332,219.56786703601105,84.0,54.0,30.0,1634046379.12564,0.0302278995513916,1.2649958133697505
24,0,1,0,0,3,2,84,2211110130,118,64,104,17,59861,29483,0,0,0,0,15,2211110130,17,59861,11123,852,86,118,118.0,106.5,-0.5344262082870388,-1.6913808246130695,221.75,118.0,89.0,29.0,1416,52,84,84.0,70.8,-0.2633756696005637,-1.859410976823132,217.76,84.0,55.0,29.0,1634046379.208026,0.0823860168457031,1.3473818302154537
25,0,1,0,0,3,2,84,2211110130,118,64,104,17,59861,29483,0,0,0,0,15,2211110130,17,59861,11123,970,86,118,118.0,107.77777777777776,-0.7244725353388136,-1.452364463791058,210.17283950617283,118.0,90.0,28.0,84,84,84,84.0,84.0,0.0,-3.0,0.0,84.0,84.0,0.0,1634046379.2875,0.0794739723205566,1.4268558025360103
26,0,1,0,0,3,2,52,2211110130,86,64,72,17,59861,29483,0,0,0,0,15,2211110130,17,59861,11123,1056,86,118,118.0,105.6,-0.4233713873129843,-1.802202418459508,231.84,118.0,87.0,31.0,136,52,84,68.0,68.0,0.0,-2.0,256.0,76.0,60.0,16.0,1634046379.304239,0.0167391300201416,1.443594932556152
27,0,1,0,0,3,2,84,2211110130,118,64,104,17,59861,29483,0,0,0,0,15,2211110130,17,59861,11123,1174,86,118,118.0,106.72727272727272,-0.5814733405347403,-1.6437288610342768,223.4710743801653,118.0,88.0,30.0,220,52,84,84.0,73.33333333333333,-0.7071067811865465,-1.500000000000001,227.5555555555556,84.0,68.0,16.0,1634046379.35631,0.0520708560943603,1.4956657886505123
28,0,1,0,0,3,2,84,2211110130,118,64,104,17,59861,29483,0,0,0,0,15,2211110130,17,59861,11123,1292,86,118,118.0,107.66666666666669,-0.7212605917941862,-1.4617203945224693,214.5555555555556,118.0,89.0,29.0,304,52,84,84.0,76.0,-1.1547005383792517,-0.6666666666666665,192.0,84.0,76.0,8.0,1634046379.43078,0.074470043182373,1.5701358318328853
29,0,1,0,0,3,2,84,2211110130,118,64,104,17,59861,29483,0,0,0,0,15,2211110130,17,59861,11123,1410,86,118,118.0,108.46153846153848,-0.8472572558141677,-1.2640003866385845,205.63313609467463,118.0,90.0,28.0,388,52,84,84.0,77.6,-1.4999999999999991,0.2499999999999977,163.83999999999995,84.0,84.0,0.0,1634046379.504239,0.0734591484069824,1.6435949802398677
30,0,1,0,0,3,2,52,2211110130,86,64,72,17,59861,29483,0,0,0,0,15,2211110130,17,59861,11123,1496,86,118,118.0,106.85714285714286,-0.6083566274496862,-1.6149901263742057,224.4081632653061,118.0,87.0,31.0,440,52,84,84.0,73.33333333333333,-0.7071067811865466,-1.5000000000000009,227.55555555555557,84.0,60.0,24.0,1634046379.510987,0.0067479610443115,1.6503429412841792
31,0,1,0,0,2,3,316,3232270721,350,51,336,17,10001,59861,0,0,0,0,15,2211110130,17,59861,11123,1846,86,350,118.0,123.06666666666666,3.147569623823164,8.735352621712188,3887.928888888889,118.0,88.0,30.0,756,52,316,84.0,108.0,1.926039583716716,1.9302149062642904,7405.714285714285,84.0,68.0,16.0,1634046379.554335,0.0433480739593505,1.6936910152435298
32,0,1,0,0,2,3,84,3232270721,118,52,104,17,10001,59861,0,0,0,0,15,2211110130,17,59861,11123,1964,86,350,118.0,122.75,3.264480108594356,9.575699068972638,3646.4375,118.0,89.0,29.0,840,52,316,84.0,105.0,2.1374062216311494,2.836350056968036,6543.0,84.0,76.0,8.0,1634046379.554396,6.079673767089844e-05,1.6937518119812007
33,0,1,0,0,3,2,60,2211110130,94,64,80,17,59861,29483,0,0,0,0,15,2211110130,17,59861,11123,2058,86,350,118.0,121.05882352941175,3.3779920892044286,10.39823376391542,3477.7024221453285,118.0,90.0,28.0,900,52,316,84.0,100.0,2.3269155917370368,3.724234193451034,6016.0,84.0,60.0,24.0,1634046379.565261,0.0108649730682373,1.704616785049438
34,0,1,0,0,3,2,84,2211110130,118,64,104,17,59861,29483,0,0,0,0,15,2211110130,17,59861,11123,2176,86,350,118.0,120.88888888888889,3.484032411017985,11.223392750869042,3284.9876543209875,118.0,91.0,27.0,984,52,316,84.0,98.4,2.501294293458315,4.622679200314939,5437.44,84.0,66.0,18.0,1634046379.590561,0.0253000259399414,1.7299168109893794
35,0,1,0,0,3,2,84,2211110130,118,64,104,17,59861,29483,0,0,0,0,15,2211110130,17,59861,11123,2294,86,350,118.0,120.73684210526316,3.586953964989784,12.048625610628166,3112.50969529086,118.0,92.0,26.0,1068,52,316,84.0,97.0909090909091,2.6647875180067326,5.523320121267743,4960.264462809917,84.0,72.0,12.0,1634046379.654052,0.0634911060333252,1.7934079170227046
36,0,1,0,0,3,2,84,2211110130,118,64,104,17,59861,29483,0,0,0,0,15,2211110130,17,59861,11123,2412,86,350,118.0,120.6,3.687015781076602,12.873921224398217,2957.24,118.0,93.0,25.0,1152,52,316,84.0,96.0,2.8191649747102905,6.425583256386581,4560.0,84.0,78.0,6.0,1634046379.729713,0.0756609439849853,1.86906886100769
37,0,1,0,0,3,2,52,2211110130,86,64,72,17,59861,29483,0,0,0,0,15,2211110130,17,59861,11123,86,86,86,86.0,86.0,0.0,-3.0,0.0,86.0,86.0,0.0,1204,52,316,84.0,92.6153846153846,2.927469052453418,7.175986616638912,4346.698224852071,84.0,60.0,24.0,1634046379.729713,0.0,1.86906886100769
38,0,1,0,0,3,2,84,2211110130,118,64,104,17,59861,29483,0,0,0,0,15,2211110130,17,59861,11123,204,86,118,102.0,102.0,0.0,-2.0,256.0,110.0,94.0,16.0,1288,52,316,84.0,92.0,3.061292811543256,8.050070637374336,4041.142857142857,84.0,66.0,18.0,1634046379.809668,0.0799551010131836,1.9490239620208736
39,0,1,0,0,3,2,84,2211110130,118,64,104,17,59861,29483,0,0,0,0,15,2211110130,17,59861,11123,322,86,118,118.0,107.33333333333331,-0.7071067811865465,-1.500000000000001,227.5555555555556,118.0,102.0,16.0,1372,52,316,84.0,91.46666666666668,3.1896196483473904,8.924706245338092,3775.715555555554,84.0,72.0,12.0,1634046379.883462,0.073793888092041,2.0228178501129146
40,0,1,0,0,3,2,52,2211110130,86,64,72,17,59861,29483,0,0,0,0,15,2211110130,17,59861,11123,408,86,118,102.0,102.0,0.0,-2.0,256.0,118.0,86.0,32.0,1424,52,316,84.0,89.0,3.276120256649427,9.626173254407314,3631.0,84.0,58.0,26.0,1634046379.935225,0.0517630577087402,2.074580907821655
41,0,1,0,0,3,2,84,2211110130,118,64,104,17,59861,29483,0,0,0,0,15,2211110130,17,59861,11123,526,86,118,118.0,105.2,-0.4082482904638636,-1.833333333333333,245.76,118.0,86.0,32.0,1508,52,316,84.0,88.70588235294117,3.389950879003094,10.472508768068778,3418.795847750865,84.0,60.0,24.0,1634046379.952169,0.0169439315795898,2.0915248394012447
42,0,1,0,0,3,2,84,2211110130,118,64,104,17,59861,29483,0,0,0,0,15,2211110130,17,59861,11123,644,86,118,118.0,107.33333333333331,-0.7071067811865466,-1.5000000000000009,227.55555555555557,118.0,94.0,24.0,1592,52,316,84.0,88.44444444444444,3.500117405685293,11.319026907066068,3230.024691358025,84.0,66.0,18.0,1634046380.030767,0.0785980224609375,2.170122861862182
43,0,1,0,0,2,3,84,3232270721,118,52,104,17,10001,59861,0,0,0,0,15,2211110130,17,59861,11123,762,86,118,118.0,108.85714285714286,-0.9486832980505148,-1.0999999999999983,208.9795918367347,118.0,102.0,16.0,1676,52,316,84.0,88.21052631578948,3.6069500228049862,12.165698587560012,3061.008310249308,84.0,72.0,12.0,1634046380.048532,0.0177650451660156,2.187887907028198
44,0,1,0,0,2,3,60,3232270721,94,52,80,17,10001,59861,0,0,0,0,15,2211110130,17,59861,11123,856,86,118,118.0,107.0,-0.5902871818234098,-1.568438003220612,207.0,118.0,92.0,26.0,1736,52,316,84.0,86.8,3.700609667586464,12.9410927274094,2945.759999999999,84.0,60.0,24.0,1634046380.048862,0.0003299713134765,2.1882178783416744
45,0,1,0,0,3,2,84,2211110130,118,64,104,17,59861,29483,0,0,0,0,15,2211110130,17,59861,11123,974,86,118,118.0,108.22222222222224,-0.7783878751624593,-1.311524453694067,195.9506172839506,118.0,94.0,24.0,84,84,84,84.0,84.0,0.0,-3.0,0.0,84.0,84.0,0.0,1634046380.105615,0.0567529201507568,2.244970798492431
46,0,1,0,0,2,2,60,3232270721,94,45,80,17,29483,44602,0,0,0,0,15,2211110130,17,59861,11123,1068,86,118,118.0,106.8,-0.5071295169770307,-1.619806094182826,194.56,118.0,94.0,24.0,144,60,84,72.0,72.0,0.0,-2.0,144.0,78.0,66.0,12.0,1634046380.107054,0.001439094543457,2.2464098930358882
47,0,0,0,0,0,0,88,2211110130,122,64,108,1,0,0,0,0,0,0,15,2211110130,17,59861,11123,1190,86,122,118.0,108.1818181818182,-0.6367853925379412,-1.4439973337267171,195.96694214876032,118.0,94.0,24.0,232,60,88,84.0,77.33333333333333,-0.6520121170440452,-1.5000000000000009,152.88888888888889,86.0,72.0,14.0,1634046380.115232,0.0081779956817626,2.254587888717651
48,0,1,0,0,3,2,52,2211110130,86,64,72,17,59861,29483,0,0,0,0,15,2211110130,17,59861,11123,1276,86,122,118.0,106.33333333333331,-0.4060338368509874,-1.7099056128622927,217.22222222222223,118.0,92.0,26.0,284,52,88,72.0,71.0,-0.0749483317976295,-1.8363784517881396,235.0,85.0,58.0,27.0,1634046380.14639,0.0311579704284667,2.2857458591461177
49,0,1,0,0,3,2,32,2211110130,66,64,52,17,59861,29483,0,0,0,0,15,2211110130,17,59861,11123,1342,66,122,118.0,103.23076923076924,-0.5830928088663196,-0.9897799760981734,316.0236686390533,118.0,86.0,32.0,316,32,88,60.0,63.2,-0.1687044383499271,-1.3566774383854747,431.36,84.0,52.0,32.0,1634046380.155764,0.0093741416931152,2.295120000839233
50,0,1,0,0,3,2,84,2211110130,118,64,104,17,59861,29483,0,0,0,0,15,2211110130,17,59861,11123,1460,66,122,118.0,104.28571428571428,-0.7009478517500763,-0.8510956998545955,307.9183673469388,118.0,88.0,30.0,400,32,88,72.0,66.66666666666667,-0.4846227046468384,-1.2198003447285266,419.5555555555556,84.0,54.0,30.0,1634046380.170467,0.0147027969360351,2.309822797775268
51,0,1,0,0,3,2,84,2211110130,118,64,104,17,59861,29483,0,0,0,0,15,2211110130,17,59861,11123,1578,66,122,118.0,105.2,-0.808887677720644,-0.6936158046076422,299.09333333333336,118.0,90.0,28.0,484,32,88,84.0,69.14285714285714,-0.7330704698707768,-0.9370075641404928,396.4081632653061,84.0,56.0,28.0,1634046380.248954,0.0784871578216552,2.3883099555969234
52,0,1,0,0,3,2,84,2211110130,118,64,104,17,59861,29483,0,0,0,0,15,2211110130,17,59861,11123,1696,66,122,118.0,106.0,-0.9087739121317204,-0.5225683709869204,290.0,118.0,92.0,26.0,568,32,88,84.0,71.0,-0.941230514686182,-0.5877754448165882,371.0,84.0,58.0,26.0,1634046380.334533,0.0855789184570312,2.4738888740539546
53,0,1,0,0,3,2,52,2211110130,86,64,72,17,59861,29483,0,0,0,0,15,2211110130,17,59861,11123,1782,66,122,118.0,104.82352941176472,-0.720351855501176,-0.8654074603381332,295.0865051903114,118.0,86.0,32.0,620,32,88,84.0,68.88888888888889,-0.6322866162680032,-1.034161577794011,365.4320987654321,84.0,52.0,32.0,1634046380.363167,0.0286340713500976,2.5025229454040523
54,0,1,0,0,3,2,84,2211110130,118,64,104,17,59861,29483,0,0,0,0,15,2211110130,17,59861,11123,1900,66,122,118.0,105.55555555555556,-0.8098223693702628,-0.7318400884848608,287.8024691358024,118.0,88.0,30.0,704,32,88,84.0,70.4,-0.7987812049777869,-0.8033651330354625,349.44000000000005,84.0,54.0,30.0,1634046380.399056,0.0358889102935791,2.5384118556976314
55,0,1,0,0,3,2,84,2211110130,118,64,104,17,59861,29483,0,0,0,0,15,2211110130,17,59861,11123,2018,66,122,118.0,106.21052631578948,-0.8936814595216983,-0.5891869504823237,280.37673130193906,118.0,90.0,28.0,788,32,88,84.0,71.63636363636364,-0.9466854159679238,-0.5434078763167318,332.9586776859505,84.0,56.0,28.0,1634046380.485677,0.0866210460662841,2.6250329017639156
56,0,1,0,0,2,3,60,3232270721,94,47,80,17,29483,59861,0,0,0,0,15,2211110130,17,59861,11123,2112,66,122,118.0,105.6,-0.7908263358274212,-0.7021602153744291,273.44,118.0,92.0,26.0,848,32,88,84.0,70.66666666666667,-0.8000619124378578,-0.6701289426701043,315.5555555555556,84.0,58.0,26.0,1634046380.544671,0.0589940547943115,2.684026956558227
57,0,1,0,0,2,3,60,3232270721,94,47,80,17,29483,59861,0,0,0,0,15,2211110130,17,59861,11123,94,94,94,94.0,94.0,0.0,-3.0,0.0,94.0,94.0,0.0,908,32,88,84.0,69.84615384615384,-0.6748984763088965,-0.7407766803850779,299.3609467455622,84.0,60.0,24.0,1634046380.544734,6.29425048828125e-05,2.68408989906311
58,0,1,0,0,2,3,60,3232270721,94,47,80,17,29483,59861,0,0,0,0,15,2211110130,17,59861,11123,188,94,94,94.0,94.0,0.0,-3.0,0.0,94.0,94.0,0.0,968,32,88,72.0,69.14285714285714,-0.5657917796947616,-0.7722809602961114,284.4081632653062,84.0,60.0,24.0,1634046380.544768,3.409385681152344e-05,2.6841239929199214
59,0,1,0,0,2,3,84,3232270721,118,52,104,17,10001,59861,0,0,0,0,15,2211110130,17,59861,11123,306,94,118,94.0,102.0,0.7071067811865475,-1.5,128.0,106.0,94.0,12.0,1052,32,88,84.0,70.13333333333334,-0.6741450826551442,-0.6617978968533769,279.18222222222226,84.0,60.0,24.0,1634046380.5448,3.1948089599609375e-05,2.684155941009521
60,0,1,0,0,3,2,84,2211110130,118,64,104,17,59861,29483,0,0,0,0,15,2211110130,17,59861,11123,424,94,118,106.0,106.0,0.0,-2.0,144.0,118.0,94.0,24.0,1136,32,88,84.0,71.0,-0.7741591736554791,-0.5306122448979593,273.0,84.0,60.0,24.0,1634046380.558093,0.0132930278778076,2.6974489688873287
61,0,1,0,0,3,2,60,2211110130,94,64,80,17,59861,29483,0,0,0,0,15,2211110130,17,59861,11123,518,94,118,94.0,103.6,0.4082482904638645,-1.833333333333332,138.23999999999998,118.0,94.0,24.0,1196,32,88,84.0,70.3529411764706,-0.6664384233045889,-0.6112894835761402,263.6401384083045,84.0,60.0,24.0,1634046380.561621,0.0035278797149658,2.7009768486022945
62,0,1,0,0,3,2,60,2211110130,94,64,80,17,59861,29483,0,0,0,0,15,2211110130,17,59861,11123,612,94,118,94.0,102.0,0.7071067811865475,-1.5,128.0,112.0,94.0,18.0,1256,32,88,72.0,69.77777777777777,-0.5701566342547985,-0.6614288955721905,254.6172839506173,84.0,60.0,24.0,1634046380.561621,0.0,2.7009768486022945
63,0,1,0,0,3,2,60,2211110130,94,64,80,17,59861,29483,0,0,0,0,15,2211110130,17,59861,11123,706,94,118,94.0,100.85714285714286,0.9486832980505132,-1.1000000000000003,117.55102040816324,106.0,94.0,12.0,1316,32,88,60.0,69.26315789473684,-0.4831162678958972,-0.6881755052349652,245.98337950138503,84.0,60.0,24.0,1634046380.561621,0.0,2.7009768486022945
64,0,1,0,0,3,2,52,2211110130,86,64,72,17,59861,29483,0,0,0,0,15,2211110130,17,59861,11123,792,86,118,94.0,99.0,0.9516374534053126,-0.734453468906938,127.0,100.0,94.0,6.0,1368,32,88,60.0,68.4,-0.3550918075179066,-0.8601755188065696,247.8400000000001,84.0,60.0,24.0,1634046380.562885,0.0012640953063964,2.702240943908691
65,0,1,0,0,3,2,84,2211110130,118,64,104,17,59861,29483,0,0,0,0,15,2211110130,17,59861,11123,910,86,118,94.0,101.11111111111111,0.5648389032471652,-1.4439791760977825,148.54320987654322,118.0,94.0,24.0,84,84,84,84.0,84.0,0.0,-3.0,0.0,84.0,84.0,0.0,1634046380.644254,0.0813689231872558,2.783609867095947
66,0,1,0,0,2,2,60,3232270721,94,45,80,17,29483,40214,0,0,0,0,15,2211110130,17,59861,11123,1004,86,118,94.0,100.4,0.7257747386024217,-1.2160493827160508,138.24,112.0,94.0,18.0,144,60,84,72.0,72.0,0.0,-2.0,144.0,78.0,66.0,12.0,1634046380.673689,0.0294349193572998,2.8130447864532466
67,0,0,0,0,0,0,88,2211110130,122,64,108,1,0,0,0,0,0,0,15,2211110130,17,59861,11123,1126,86,122,94.0,102.36363636363636,0.481556230685264,-1.5538168918761222,164.23140495867767,118.0,94.0,24.0,232,60,88,84.0,77.33333333333333,-0.6520121170440452,-1.5000000000000009,152.88888888888889,86.0,72.0,14.0,1634046380.675475,0.0017859935760498,2.8148307800292964
68,0,1,0,0,3,2,84,2211110130,118,64,104,17,59861,29483,0,0,0,0,15,2211110130,17,59861,11123,1244,86,122,94.0,103.66666666666669,0.2652599401024517,-1.743998027185692,169.22222222222223,118.0,94.0,24.0,316,60,88,84.0,79.0,-1.0776051731391263,-0.7174301011302795,123.0,85.0,78.0,7.0,1634046380.722761,0.047286033630371,2.8621168136596675
69,0,1,0,0,3,2,52,2211110130,86,64,72,17,59861,29483,0,0,0,0,15,2211110130,17,59861,11123,1330,86,122,94.0,102.3076923076923,0.3545331328162948,-1.6388460654252368,178.36686390532543,118.0,94.0,24.0,368,52,88,84.0,73.6,-0.4666355777814289,-1.6234056122448988,215.04,84.0,60.0,24.0,1634046380.762887,0.040126085281372,2.9022428989410396
70,0,1,0,0,2,3,60,3232270721,94,46,80,17,29483,50194,0,0,0,0,15,2211110130,17,59861,11123,1424,86,122,94.0,101.71428571428572,0.4712784943497418,-1.5268595483325562,170.20408163265307,118.0,94.0,24.0,428,52,88,72.0,71.33333333333333,-0.0820360311193242,-1.8035770582671835,204.8888888888889,84.0,60.0,24.0,1634046380.78303,0.0201430320739746,2.922385931015014
71,0,0,0,0,0,0,88,2211110130,122,64,108,1,0,0,0,0,0,0,15,2211110130,17,59861,11123,1546,86,122,94.0,103.06666666666666,0.3122865026018226,-1.68159336919491,184.46222222222227,118.0,94.0,24.0,516,52,88,84.0,73.71428571428571,-0.3478246854205213,-1.7037441406818652,209.6326530612245,86.0,60.0,26.0,1634046380.797308,0.0142779350280761,2.9366638660430904
72,0,1,0,0,3,2,84,2211110130,118,64,104,17,59861,29483,0,0,0,0,15,2211110130,17,59861,11123,1664,86,122,94.0,104.0,0.1655693234112053,-1.7679500520291362,186.0,118.0,94.0,24.0,600,52,88,84.0,75.0,-0.5662816080865669,-1.4947534516765286,195.0,85.0,60.0,25.0,1634046380.797308,0.0,2.9366638660430904
73,0,1,0,0,3,2,84,2211110130,118,64,104,17,59861,29483,0,0,0,0,15,2211110130,17,59861,11123,1782,86,122,94.0,104.82352941176472,0.0382033563142721,-1.8050501926009592,185.9100346020761,118.0,94.0,24.0,684,52,88,84.0,76.0,-0.751347253199947,-1.2404844290657442,181.33333333333331,84.0,60.0,24.0,1634046380.872901,0.0755929946899414,3.012256860733032
74,0,1,0,0,2,2,60,3232270721,94,45,80,17,29483,49144,0,0,0,0,15,2211110130,17,59861,11123,1876,86,122,94.0,104.22222222222224,0.1424835196859579,-1.7823345935727783,181.72839506172835,118.0,94.0,24.0,744,52,88,84.0,74.4,-0.4574858340131308,-1.60704290218585,186.24,84.0,60.0,24.0,1634046380.892452,0.0195510387420654,3.031807899475097
75,0,0,0,0,0,0,88,2211110130,122,64,108,1,0,0,0,0,0,0,15,2211110130,17,59861,11123,1998,86,122,94.0,105.15789473684212,0.0380747067698014,-1.8107164471342116,187.9224376731302,118.0,94.0,24.0,832,52,88,84.0,75.63636363636364,-0.6040392243871568,-1.449622745297657,184.59504132231405,86.0,60.0,26.0,1634046380.896003,0.0035510063171386,3.035358905792236
76,0,1,0,0,3,2,84,2211110130,118,64,104,17,59861,29483,0,0,0,0,15,2211110130,17,59861,11123,2116,86,122,106.0,105.8,-0.0629605323370598,-1.8134329874380597,186.36,118.0,94.0,24.0,916,52,88,84.0,76.33333333333333,-0.7394178030993511,-1.257939394037621,174.55555555555557,85.0,60.0,25.0,1634046380.94073,0.044727087020874,3.08008599281311
77,0,1,0,0,2,3,84,3232270721,118,52,104,17,10001,59861,0,0,0,0,15,2211110130,17,59861,11123,118,118,118,118.0,118.0,0.0,-3.0,0.0,118.0,118.0,0.0,1000,52,88,84.0,76.92307692307692,-0.8620432323746989,-1.0515995323626326,165.30177514792902,84.0,60.0,24.0,1634046380.966678,0.0259478092193603,3.1060338020324703
78,0,1,0,0,2,3,84,3232270721,118,52,104,17,10001,59861,0,0,0,0,15,2211110130,17,59861,11123,236,118,118,118.0,118.0,0.0,-3.0,0.0,118.0,118.0,0.0,1084,52,88,84.0,77.42857142857143,-0.9745840404778758,-0.8348078079453352,156.8163265306123,84.0,66.0,18.0,1634046380.966733,5.507469177246094e-05,3.1060888767242427
79,0,1,0,0,2,3,52,3232270721,86,52,72,17,10001,59861,0,0,0,0,15,2211110130,17,59861,11123,322,86,118,118.0,107.33333333333331,-0.7071067811865465,-1.500000000000001,227.5555555555556,118.0,102.0,16.0,1136,52,88,84.0,75.73333333333333,-0.756630332107232,-1.240390648237656,186.5955555555556,84.0,60.0,24.0,1634046380.966766,3.314018249511719e-05,3.106122016906738
80,0,1,0,0,2,2,60,3232270721,94,47,80,17,29483,35077,0,0,0,0,15,2211110130,17,59861,11123,416,86,118,106.0,104.0,-0.1153171833905419,-1.8477508650519032,204.0,118.0,92.0,26.0,1196,52,88,84.0,74.75,-0.5720971991522061,-1.486918470645516,189.4375,84.0,60.0,24.0,1634046380.966797,3.0994415283203125e-05,3.106153011322021
81,0,1,0,0,2,2,84,3232270721,118,47,104,17,29483,35077,0,0,0,0,15,2211110130,17,59861,11123,534,86,118,118.0,106.8,-0.5071295169770307,-1.6198060941828258,194.56,118.0,94.0,24.0,1280,52,88,84.0,75.29411764705883,-0.6688803351206708,-1.363735626694246,183.0311418685121,84.0,60.0,24.0,1634046380.966828,3.0994415283203125e-05,3.1061840057373042
82,0,1,0,0,2,2,84,3232270721,118,47,104,17,29483,35077,0,0,0,0,15,2211110130,17,59861,11123,652,86,118,118.0,108.66666666666669,-0.7999704935153583,-1.2392902656602287,179.55555555555557,118.0,100.0,18.0,1364,52,88,84.0,75.77777777777777,-0.7587581620375567,-1.2318776352372027,176.83950617283952,84.0,60.0,24.0,1634046380.966848,1.9788742065429688e-05,3.1062037944793697
83,0,1,0,0,2,2,84,3232270721,118,47,104,17,29483,35077,0,0,0,0,15,2211110130,17,59861,11123,770,86,118,118.0,110.0,-1.0393492741038726,-0.7962962962962967,164.57142857142858,118.0,106.0,12.0,1448,52,88,84.0,76.21052631578948,-0.8428495443056944,-1.0932845939291658,170.90304709141273,84.0,60.0,24.0,1634046380.966866,1.811981201171875e-05,3.1062219142913814
84,0,1,0,0,2,3,52,3232270721,86,48,72,17,10001,59861,0,0,0,0,15,2211110130,17,59861,11123,856,86,118,118.0,107.0,-0.5902871818234098,-1.568438003220612,207.0,118.0,92.0,26.0,1500,52,88,84.0,75.0,-0.6884968808427925,-1.3506818325057133,190.2,84.0,60.0,24.0,1634046380.966886,2.002716064453125e-05,3.106241941452026
85,0,1,0,0,2,3,60,3232270721,94,45,80,17,29483,53998,0,0,0,0,15,2211110130,17,59861,11123,950,86,118,118.0,105.55555555555556,-0.3285496932416346,-1.7639345278690557,200.6913580246913,118.0,94.0,24.0,60,60,60,60.0,60.0,0.0,-3.0,0.0,60.0,60.0,0.0,1634046380.967296,0.0004098415374755,3.1066517829895015
86,0,1,0,0,3,2,52,2211110130,86,64,72,17,59861,29483,0,0,0,0,15,2211110130,17,59861,11123,1036,86,118,106.0,103.6,-0.1013154490381381,-1.875850340136055,215.04,118.0,88.0,30.0,112,52,60,56.0,56.0,0.0,-2.0,16.0,58.0,54.0,4.0,1634046380.972331,0.0050351619720458,3.1116869449615474
87,0,1,0,0,3,2,56,2211110130,90,64,76,17,59861,29483,0,0,0,0,15,2211110130,17,59861,11123,1126,86,118,94.0,102.36363636363636,0.0864546009319613,-1.8804007814750736,210.77685950413223,118.0,88.0,30.0,168,52,60,56.0,56.0,0.0,-1.5,10.666666666666666,58.0,54.0,4.0,1634046380.988184,0.015852928161621,3.1275398731231685
88,0,1,0,0,3,2,84,2211110130,118,64,104,17,59861,29483,0,0,0,0,15,2211110130,17,59861,11123,1244,86,118,106.0,103.66666666666669,-0.0873468519232811,-1.890357304210552,211.88888888888889,118.0,89.0,29.0,252,52,84,58.0,63.0,0.9794093752424018,-0.7980853277835589,155.0,66.0,55.0,11.0,1634046381.027368,0.0391840934753418,3.1667239665985103
89,0,1,0,0,2,3,60,3232270721,94,45,80,17,29483,49741,0,0,0,0,15,2211110130,17,59861,11123,1338,86,118,94.0,102.92307692307692,0.0463739314602871,-1.8657655809451663,202.2248520710059,118.0,90.0,28.0,312,52,84,60.0,62.4,1.2332361516034986,-0.0623698458975421,125.44,60.0,56.0,4.0,1634046381.04046,0.013092041015625,3.1798160076141353
90,0,1,0,0,3,2,84,2211110130,118,64,104,17,59861,29483,0,0,0,0,15,2211110130,17,59861,11123,1456,86,118,106.0,104.0,-0.0996797709125922,-1.86783574687562,202.8571428571429,118.0,91.0,27.0,396,52,84,60.0,66.0,0.5663708578648017,-1.4831669663339329,169.33333333333334,78.0,57.0,21.0,1634046381.10045,0.0599899291992187,3.239805936813354
91,0,1,0,0,2,3,60,3232270721,94,45,80,17,29483,49327,0,0,0,0,15,2211110130,17,59861,11123,1550,86,118,94.0,103.33333333333331,0.0204561064601791,-1.8552396694214877,195.5555555555556,118.0,92.0,26.0,456,52,84,60.0,65.14285714285714,0.7786461573698905,-1.1360671993287683,149.55102040816328,72.0,58.0,14.0,1634046381.131705,0.0312550067901611,3.271060943603515
92,0,1,0,0,3,2,84,2211110130,118,64,104,17,59861,29483,0,0,0,0,15,2211110130,17,59861,11123,1668,86,118,106.0,104.25,-0.1057243083425648,-1.8536919942309011,195.9375,118.0,93.0,25.0,540,52,84,60.0,67.5,0.3937121421394653,-1.667960116345401,169.75,84.0,59.0,25.0,1634046381.169174,0.0374689102172851,3.3085298538208003
93,0,1,0,0,3,2,52,2211110130,86,64,72,17,59861,29483,0,0,0,0,15,2211110130,17,59861,11123,1754,86,118,94.0,103.17647058823528,0.0083323742742981,-1.8664391888026544,202.8512110726644,118.0,90.0,28.0,592,52,84,60.0,65.77777777777777,0.5493240836945014,-1.4865481869740576,174.61728395061726,84.0,56.0,28.0,1634046381.191437,0.0222630500793457,3.330792903900146
94,0,1,0,0,2,3,60,3232270721,94,45,80,17,29483,56900,0,0,0,0,15,2211110130,17,59861,11123,1848,86,118,94.0,102.66666666666669,0.1019328366267131,-1.8361176670214572,196.0,118.0,91.0,27.0,652,52,84,60.0,65.2,0.6903645819027734,-1.2629787794622962,160.15999999999997,78.0,57.0,21.0,1634046381.24099,0.0495529174804687,3.380345821380615
95,0,1,0,0,2,2,52,3232270721,86,47,72,17,29483,35077,0,0,0,0,15,2211110130,17,59861,11123,1934,86,118,94.0,101.78947368421052,0.1941004189095659,-1.809030923814698,199.5346260387812,118.0,88.0,30.0,704,52,84,60.0,64.0,0.8106930001522573,-1.0563636363636362,160.0,72.0,54.0,18.0,1634046381.24148,0.0004901885986328,3.3808360099792476
96,0,1,0,0,2,2,84,3232270721,118,47,104,17,29483,35077,0,0,0,0,15,2211110130,17,59861,11123,2052,86,118,94.0,102.6,0.0838884931230382,-1.8505367602464369,202.04,118.0,89.0,29.0,788,52,84,60.0,65.66666666666667,0.5425097768126991,-1.4892330067511137,177.2222222222222,84.0,55.0,29.0,1634046381.241533,5.292892456054688e-05,3.380888938903808
97,0,1,0,0,2,2,84,3232270721,118,47,104,17,29483,35077,0,0,0,0,15,2211110130,17,59861,11123,118,118,118,118.0,118.0,0.0,-3.0,0.0,118.0,118.0,0.0,872,52,84,60.0,67.07692307692308,0.3349206993529512,-1.708010407101317,187.45562130177512,84.0,56.0,28.0,1634046381.241567,3.3855438232421875e-05,3.3809227943420406
98,0,1,0,0,2,3,60,3232270721,94,46,80,17,29483,49776,0,0,0,0,15,2211110130,17,59861,11123,212,94,118,106.0,106.0,0.0,-2.0,144.0,112.0,100.0,12.0,932,52,84,60.0,66.57142857142857,0.4410468176387735,-1.5962429761226815,177.3877551020408,84.0,57.0,27.0,1634046381.241598,3.0994415283203125e-05,3.3809537887573238
99,0,1,0,0,2,3,60,3232270721,94,47,80,17,29483,56158,0,0,0,0,15,2211110130,17,59861,11123,306,94,118,94.0,102.0,0.7071067811865475,-1.5,128.0,106.0,94.0,12.0,992,52,84,60.0,66.13333333333334,0.5383283367397846,-1.4733567037683046,168.24888888888887,84.0,58.0,26.0,1634046381.24163,3.218650817871094e-05,3.3809859752655025
100,0,1,0,0,2,2,84,3232270721,118,47,104,17,29483,35077,0,0,0,0,15,2211110130,17,59861,11123,424,94,118,106.0,106.0,0.0,-2.0,144.0,118.0,94.0,24.0,1076,52,84,60.0,67.25,0.3692612063199292,-1.6605792030922553,176.4375,84.0,59.0,25.0,1634046381.241649,1.883506774902344e-05,3.3810048103332515
101,0,1,0,0,2,2,56,3232270721,90,47,76,17,29483,35077,0,0,0,0,15,2211110130,17,59861,11123,514,90,118,94.0,102.8,0.3652199525954744,-1.805898951894652,156.16,118.0,94.0,24.0,1132,52,84,60.0,66.58823529411765,0.4719966343356347,-1.5785278077617857,173.0657439446367,84.0,56.0,28.0,1634046381.241667,1.811981201171875e-05,3.3810229301452632
102,0,1,0,0,2,2,84,3232270721,118,47,104,17,29483,35077,0,0,0,0,15,2211110130,17,59861,11123,632,90,118,106.0,105.33333333333331,-0.0338433002003524,-1.95184087070745,162.22222222222223,118.0,94.0,24.0,1216,52,84,60.0,67.55555555555556,0.327548916220206,-1.7172757088241577,179.35802469135805,84.0,57.0,27.0,1634046381.241692,2.5033950805664062e-05,3.381047964096069
103,0,1,0,0,2,2,52,3232270721,86,47,72,17,29483,35077,0,0,0,0,15,2211110130,17,59861,11123,718,86,118,94.0,102.57142857142856,0.1831337656033368,-1.8240270199403168,184.81632653061223,118.0,92.0,26.0,1268,52,84,60.0,66.73684210526316,0.4052152862202413,-1.6502881862499592,181.98337950138503,84.0,56.0,28.0,1634046381.241734,4.1961669921875e-05,3.3810899257659908
104,0,1,0,0,2,3,52,3232270721,86,48,72,17,10001,59861,0,0,0,0,15,2211110130,17,59861,11123,804,86,118,94.0,100.5,0.3895134608235762,-1.6894111567613876,191.75,118.0,89.0,29.0,1320,52,84,60.0,66.0,0.4800701623108767,-1.5777349783566292,183.2,84.0,55.0,29.0,1634046381.241753,1.9073486328125e-05,3.381108999252319
105,0,1,0,0,2,2,84,3232270721,118,47,104,17,29483,35077,0,0,0,0,15,2211110130,17,59861,11123,922,86,118,94.0,102.44444444444444,0.1184508104581685,-1.8562139624279248,200.6913580246913,118.0,90.0,28.0,84,84,84,84.0,84.0,0.0,-3.0,0.0,84.0,84.0,0.0,1634046381.241965,0.0002119541168212,3.38132095336914
106,0,1,0,0,2,2,84,3232270721,118,47,104,17,29483,35077,0,0,0,0,15,2211110130,17,59861,11123,1040,86,118,106.0,104.0,-0.093349823710879,-1.8760174350481964,202.4,118.0,91.0,27.0,168,84,84,84.0,84.0,0.0,-3.0,0.0,84.0,84.0,0.0,1634046381.242002,3.695487976074219e-05,3.381357908248901
107,0,1,0,0,2,2,84,3232270721,118,47,104,17,29483,35077,0,0,0,0,15,2211110130,17,59861,11123,1158,86,118,118.0,105.27272727272728,-0.2687830191147815,-1.8203670192252324,200.198347107438,118.0,92.0,26.0,252,84,84,84.0,84.0,0.0,-3.0,0.0,84.0,84.0,0.0,1634046381.242078,7.605552673339844e-05,3.3814339637756343
108,0,1,0,0,2,2,52,3232270721,86,47,72,17,29483,35077,0,0,0,0,15,2211110130,17,59861,11123,1244,86,118,106.0,103.66666666666669,-0.087346851923281,-1.8903573042105528,211.8888888888889,118.0,89.0,29.0,304,52,84,84.0,76.0,-1.1547005383792517,-0.6666666666666665,192.0,84.0,76.0,8.0,1634046381.242109,3.0994415283203125e-05,3.3814649581909175
109,0,1,0,0,2,2,60,3232270721,94,47,80,17,29483,35077,0,0,0,0,15,2211110130,17,59861,11123,1338,86,118,94.0,102.92307692307692,0.0463739314602871,-1.8657655809451668,202.2248520710059,118.0,90.0,28.0,364,52,84,84.0,72.8,-0.5071295169770306,-1.6198060941828258,194.56,84.0,60.0,24.0,1634046381.242127,1.7881393432617188e-05,3.38148283958435
110,0,1,0,0,2,2,32,3232270721,66,47,52,17,29483,35077,0,0,0,0,15,2211110130,17,59861,11123,1404,66,118,94.0,100.28571428571428,-0.2698533704021471,-1.0495354757653894,278.204081632653,118.0,87.0,31.0,396,32,84,72.0,66.0,-0.5291740755055712,-1.1783510485492674,393.3333333333333,84.0,54.0,30.0,1634046381.242144,1.71661376953125e-05,3.3815000057220455
111,0,1,0,0,2,2,84,3232270721,118,47,104,17,29483,35077,0,0,0,0,15,2211110130,17,59861,11123,1522,66,118,94.0,101.46666666666668,-0.383488208334473,-1.0296578137209291,279.18222222222226,118.0,88.0,30.0,480,32,84,84.0,68.57142857142857,-0.7695517075504636,-0.8909181837568974,376.8163265306122,84.0,56.0,28.0,1634046381.242162,1.7881393432617188e-05,3.381517887115478
112,0,1,0,0,2,2,60,3232270721,94,46,80,17,29483,35833,0,0,0,0,15,2211110130,17,59861,11123,1616,66,118,94.0,101.0,-0.3087702247633294,-0.987369170523318,265.0,118.0,89.0,29.0,540,32,84,72.0,67.5,-0.6310855739231894,-0.8646094320570721,337.75,84.0,58.0,26.0,1634046381.242181,1.9073486328125e-05,3.381536960601806
113,0,1,0,0,2,2,84,3232270721,118,47,104,17,29483,35077,0,0,0,0,15,2211110130,17,59861,11123,1734,66,118,94.0,102.0,-0.4074709494802696,-0.9644635581711184,265.4117647058824,118.0,90.0,28.0,624,32,84,84.0,69.33333333333333,-0.8093281288937282,-0.6330340264650287,327.1111111111111,84.0,60.0,24.0,1634046381.2422,1.883506774902344e-05,3.381555795669555
114,0,1,0,0,2,2,56,3232270721,90,47,76,17,29483,35077,0,0,0,0,15,2211110130,17,59861,11123,1824,66,118,94.0,101.33333333333331,-0.2996203320184597,-1.01178157429324,258.22222222222223,118.0,90.0,28.0,680,32,84,72.0,68.0,-0.6038750781964792,-0.8185779572749494,310.4,84.0,57.0,27.0,1634046381.242217,1.71661376953125e-05,3.3815729618072505
115,0,1,0,0,2,3,52,3232270721,86,48,72,17,10001,59861,0,0,0,0,15,2211110130,17,59861,11123,1910,66,118,94.0,100.52631578947368,-0.1818461576313671,-1.096521811493145,256.35457063711914,118.0,88.0,30.0,732,32,84,60.0,66.54545454545455,-0.3876119207693906,-1.0301217915049223,303.3388429752066,84.0,54.0,30.0,1634046381.242236,1.883506774902344e-05,3.3815917968749996
116,0,1,0,0,2,2,52,3232270721,86,47,72,17,29483,35077,0,0,0,0,15,2211110130,17,59861,11123,1996,66,118,94.0,99.8,-0.0766439348317118,-1.143459083026841,253.56,118.0,86.0,32.0,784,32,84,60.0,65.33333333333333,-0.2104170932342827,-1.127016000219056,294.22222222222223,84.0,52.0,32.0,1634046381.242254,1.811981201171875e-05,3.3816099166870113
117,0,1,0,0,3,2,84,2211110130,118,64,104,17,59861,29483,0,0,0,0,15,2211110130,17,59861,11123,118,118,118,118.0,118.0,0.0,-3.0,0.0,118.0,118.0,0.0,868,32,84,60.0,66.76923076923077,-0.344898789507424,-1.1159760740642444,296.3313609467456,84.0,52.0,32.0,1634046381.24329,0.0010359287261962,3.3826458454132076
118,0,1,0,0,2,2,84,3232270721,118,47,104,17,29483,35077,0,0,0,0,15,2211110130,17,59861,11123,236,118,118,118.0,118.0,0.0,-3.0,0.0,118.0,118.0,0.0,952,32,84,72.0,68.0,-0.4658908279478053,-1.057869118442401,294.85714285714283,84.0,53.0,31.0,1634046381.245276,0.001986026763916,3.3846318721771236
119,0,1,0,0,2,2,84,3232270721,118,47,104,17,29483,35077,0,0,0,0,15,2211110130,17,59861,11123,354,118,118,118.0,118.0,0.0,-3.0,0.0,118.0,118.0,0.0,1036,32,84,84.0,69.06666666666666,-0.5760291446456518,-0.9684938149863198,291.128888888889,84.0,54.0,30.0,1634046381.24533,5.412101745605469e-05,3.3846859931945796
120,0,1,0,0,2,2,84,3232270721,118,47,104,17,29483,35077,0,0,0,0,15,2211110130,17,59861,11123,472,118,118,118.0,118.0,0.0,-3.0,0.0,118.0,118.0,0.0,1120,32,84,84.0,70.0,-0.6773214717693128,-0.8573035356252139,286.0,84.0,55.0,29.0,1634046381.245362,3.1948089599609375e-05,3.3847179412841792
121,0,1,0,0,2,2,52,3232270721,86,47,72,17,29483,35077,0,0,0,0,15,2211110130,17,59861,11123,558,86,118,118.0,111.6,-1.4999999999999991,0.2499999999999977,163.83999999999995,118.0,118.0,0.0,1172,32,84,84.0,68.94117647058823,-0.5165798825016892,-1.076621117491409,287.114186851211,84.0,52.0,32.0,1634046381.245394,3.1948089599609375e-05,3.384749889373779
122,0,1,0,0,2,2,84,3232270721,118,47,104,17,29483,35077,0,0,0,0,15,2211110130,17,59861,11123,676,86,118,118.0,112.66666666666669,-1.7888543819998328,1.2000000000000028,142.2222222222222,118.0,118.0,0.0,1256,32,84,84.0,69.77777777777777,-0.607858295603895,-0.9893727212563604,283.0617283950617,84.0,53.0,31.0,1634046381.245424,3.0040740966796875e-05,3.3847799301147456
123,0,1,0,0,2,2,84,3232270721,118,47,104,17,29483,35077,0,0,0,0,15,2211110130,17,59861,11123,794,86,118,118.0,113.42857142857144,-2.041241452319316,2.166666666666668,125.38775510204084,118.0,118.0,0.0,1340,32,84,84.0,70.52631578947368,-0.6929618349036377,-0.8886256217573743,278.24930747922434,84.0,54.0,30.0,1634046381.245466,4.1961669921875e-05,3.3848218917846675
124,0,1,0,0,2,2,84,3232270721,118,47,104,17,29483,35077,0,0,0,0,15,2211110130,17,59861,11123,912,86,118,118.0,114.0,-2.267786838055363,3.1428571428571432,112.0,118.0,118.0,0.0,1424,32,84,84.0,71.2,-0.7728179439552147,-0.7775178701747789,272.9600000000001,84.0,55.0,29.0,1634046381.2456,0.000133991241455,3.3849558830261226
125,0,1,0,0,2,2,52,3232270721,86,47,72,17,29483,35077,0,0,0,0,15,2211110130,17,59861,11123,998,86,118,118.0,110.88888888888889,-1.3363062095621212,-0.2142857142857157,176.98765432098764,118.0,118.0,0.0,52,52,52,52.0,52.0,0.0,-3.0,0.0,52.0,52.0,0.0,1634046381.245636,3.600120544433594e-05,3.384991884231567
126,0,1,0,0,2,2,84,3232270721,118,47,104,17,29483,35077,0,0,0,0,15,2211110130,17,59861,11123,1116,86,118,118.0,111.6,-1.4999999999999991,0.2499999999999977,163.83999999999995,118.0,118.0,0.0,136,52,84,68.0,68.0,0.0,-2.0,256.0,76.0,60.0,16.0,1634046381.245665,2.9087066650390625e-05,3.3850209712982173
127,0,1,0,0,2,2,84,3232270721,118,47,104,17,29483,35077,0,0,0,0,15,2211110130,17,59861,11123,1234,86,118,118.0,112.1818181818182,-1.6499158227686128,0.7222222222222268,152.33057851239667,118.0,118.0,0.0,220,52,84,84.0,73.33333333333333,-0.7071067811865465,-1.500000000000001,227.5555555555556,84.0,68.0,16.0,1634046381.245694,2.8848648071289062e-05,3.3850498199462886
128,0,1,0,0,2,2,84,3232270721,118,47,104,17,29483,35077,0,0,0,0,15,2211110130,17,59861,11123,1352,86,118,118.0,112.66666666666669,-1.7888543819998337,1.200000000000002,142.2222222222222,118.0,118.0,0.0,304,52,84,84.0,76.0,-1.1547005383792517,-0.6666666666666665,192.0,84.0,76.0,8.0,1634046381.245724,3.0040740966796875e-05,3.3850798606872554
129,0,1,0,0,2,2,52,3232270721,86,47,72,17,29483,35077,0,0,0,0,15,2211110130,17,59861,11123,1438,86,118,118.0,110.6153846153846,-1.2780193008453873,-0.366666666666668,181.7751479289941,118.0,118.0,0.0,356,52,84,84.0,71.2,-0.4082482904638635,-1.833333333333333,245.76,84.0,52.0,32.0,1634046381.245746,2.193450927734375e-05,3.3851017951965328
130,0,1,0,0,2,3,52,3232270721,86,48,72,17,10001,59861,0,0,0,0,15,2211110130,17,59861,11123,1524,86,118,118.0,108.85714285714286,-0.9486832980505148,-1.0999999999999983,208.9795918367347,118.0,94.0,24.0,408,52,84,68.0,68.0,0.0,-2.0,256.0,84.0,52.0,32.0,1634046381.245764,1.811981201171875e-05,3.3851199150085445
131,0,1,0,0,2,2,84,3232270721,118,47,104,17,29483,35077,0,0,0,0,15,2211110130,17,59861,11123,1642,86,118,118.0,109.46666666666668,-1.055289706022173,-0.8863636363636354,200.2488888888889,118.0,102.0,16.0,492,52,84,84.0,70.28571428571429,-0.288675134594814,-1.9166666666666663,250.77551020408163,84.0,52.0,32.0,1634046381.245982,0.0002179145812988,3.3853378295898433
132,0,1,0,0,2,2,84,3232270721,118,47,104,17,29483,35077,0,0,0,0,15,2211110130,17,59861,11123,1760,86,118,118.0,110.0,-1.1547005383792517,-0.6666666666666665,192.0,118.0,110.0,8.0,576,52,84,84.0,72.0,-0.5163977794943223,-1.7333333333333334,240.0,84.0,52.0,32.0,1634046381.246036,5.412101745605469e-05,3.3853919506072994
133,0,1,0,0,2,2,84,3232270721,118,47,104,17,29483,35077,0,0,0,0,15,2211110130,17,59861,11123,1878,86,118,118.0,110.47058823529412,-1.2480754415067652,-0.4423076923076929,184.2491349480969,118.0,118.0,0.0,660,52,84,84.0,73.33333333333333,-0.7071067811865466,-1.5000000000000009,227.55555555555557,84.0,52.0,32.0,1634046381.246068,3.1948089599609375e-05,3.385423898696899
134,0,1,0,0,2,2,52,3232270721,86,47,72,17,29483,35077,0,0,0,0,15,2211110130,17,59861,11123,1964,86,118,118.0,109.11111111111111,-0.9922778767136684,-1.0153846153846144,205.43209876543207,118.0,94.0,24.0,712,52,84,84.0,71.2,-0.4082482904638634,-1.8333333333333333,245.76000000000005,84.0,52.0,32.0,1634046381.246097,2.9087066650390625e-05,3.3854529857635494
135,0,1,0,0,2,2,84,3232270721,118,47,104,17,29483,35077,0,0,0,0,15,2211110130,17,59861,11123,2082,86,118,118.0,109.57894736842104,-1.075705748400955,-0.8428571428571421,198.5595567867036,118.0,102.0,16.0,796,52,84,84.0,72.36363636363636,-0.5669467095138401,-1.678571428571429,236.9586776859504,84.0,52.0,32.0,1634046381.247016,0.0009188652038574,3.386371850967407
136,0,1,0,0,2,3,60,3232270721,94,47,80,17,29483,59861,0,0,0,0,15,2211110130,17,59861,11123,2176,86,118,118.0,108.8,-0.9111081404507946,-1.1286932085027437,200.16000000000005,118.0,92.0,26.0,856,52,84,84.0,71.33333333333333,-0.3882877130577921,-1.798224149307192,228.88888888888883,84.0,52.0,32.0,1634046381.247071,5.507469177246094e-05,3.3864269256591792
137,0,1,0,0,2,2,60,3232270721,94,47,80,17,29483,35732,0,0,0,0,15,2211110130,17,59861,11123,94,94,94,94.0,94.0,0.0,-3.0,0.0,94.0,94.0,0.0,916,52,84,84.0,70.46153846153847,-0.2371700016086462,-1.8538810358876248,220.40236686390529,84.0,52.0,32.0,1634046381.247105,3.3855438232421875e-05,3.3864607810974117
138,0,1,0,0,2,2,84,3232270721,118,47,104,17,29483,35077,0,0,0,0,15,2211110130,17,59861,11123,212,94,118,106.0,106.0,0.0,-2.0,144.0,112.0,100.0,12.0,1000,52,84,84.0,71.42857142857143,-0.3675025983163724,-1.7785600232254315,216.81632653061223,84.0,54.0,30.0,1634046381.247136,3.123283386230469e-05,3.386492013931274
139,0,1,0,0,2,2,52,3232270721,86,47,72,17,29483,35077,0,0,0,0,15,2211110130,17,59861,11123,298,86,118,94.0,99.33333333333331,0.5280049792181887,-1.4999999999999991,184.8888888888889,106.0,90.0,16.0,1052,52,84,84.0,70.13333333333334,-0.2074791129134011,-1.8792803710448012,225.84888888888895,84.0,52.0,32.0,1634046381.247167,3.0994415283203125e-05,3.386523008346557
140,0,1,0,0,2,2,84,3232270721,118,47,104,17,29483,35077,0,0,0,0,15,2211110130,17,59861,11123,416,86,118,106.0,104.0,-0.1153171833905419,-1.8477508650519032,204.0,118.0,92.0,26.0,1136,52,84,84.0,71.0,-0.3225128230564684,-1.821190854431016,223.0,84.0,52.0,32.0,1634046381.247186,1.883506774902344e-05,3.386541843414306
141,0,1,0,0,2,3,52,3232270721,86,48,72,17,10001,59861,0,0,0,0,15,2211110130,17,59861,11123,502,86,118,94.0,100.4,0.2961528510345599,-1.7908163265306127,215.04,118.0,86.0,32.0,1188,52,84,84.0,69.88235294117646,-0.1842577076115,-1.8977301836568767,229.86851211072667,84.0,52.0,32.0,1634046381.247204,1.811981201171875e-05,3.386559963226318
142,0,1,0,0,2,2,84,3232270721,118,47,104,17,29483,35077,0,0,0,0,15,2211110130,17,59861,11123,620,86,118,106.0,103.33333333333331,-0.0887271773471906,-1.8965760000000005,222.22222222222223,118.0,88.0,30.0,1272,52,84,84.0,70.66666666666667,-0.2872621298570358,-1.8515625,227.55555555555557,84.0,52.0,32.0,1634046381.247355,0.0001509189605712,3.386710882186889
143,0,1,0,0,2,2,84,3232270721,118,47,104,17,29483,35077,0,0,0,0,15,2211110130,17,59861,11123,738,86,118,118.0,105.42857142857144,-0.3675025983163724,-1.778560023225432,216.81632653061223,118.0,90.0,28.0,1356,52,84,84.0,71.36842105263158,-0.381348497728738,-1.7903199239310297,224.4432132963989,84.0,52.0,32.0,1634046381.247391,3.600120544433594e-05,3.3867468833923335
144,0,1,0,0,2,2,52,3232270721,86,47,72,17,29483,35077,0,0,0,0,15,2211110130,17,59861,11123,824,86,118,106.0,103.0,-0.0700675830996117,-1.9233147804576376,231.0,118.0,86.0,32.0,1408,52,84,84.0,70.4,-0.2589298731593537,-1.8740341157603149,231.04000000000005,84.0,52.0,32.0,1634046381.247421,3.0040740966796875e-05,3.3867769241333003
145,0,1,0,0,2,2,84,3232270721,118,47,104,17,29483,35077,0,0,0,0,15,2211110130,17,59861,11123,942,86,118,118.0,104.66666666666669,-0.2872621298570359,-1.8515625,227.55555555555557,118.0,86.0,32.0,84,84,84,84.0,84.0,0.0,-3.0,0.0,84.0,84.0,0.0,1634046381.24745,2.9087066650390625e-05,3.3868060111999507
146,0,1,0,0,2,2,84,3232270721,118,47,104,17,29483,35077,0,0,0,0,15,2211110130,17,59861,11123,1060,86,118,118.0,106.0,-0.4681581757027526,-1.7177063642092,220.8,118.0,88.0,30.0,168,84,84,84.0,84.0,0.0,-3.0,0.0,84.0,84.0,0.0,1634046381.247823,0.0003728866577148,3.3871788978576656
147,0,1,0,0,2,3,60,3232270721,94,47,80,17,29483,59861,0,0,0,0,15,2211110130,17,59861,11123,1154,86,118,118.0,104.9090909090909,-0.2761760923103963,-1.8175168931462096,212.6280991735537,118.0,90.0,28.0,228,60,84,84.0,76.0,-0.7071067811865475,-1.5,128.0,84.0,72.0,12.0,1634046381.247857,3.409385681152344e-05,3.387212991714477
148,0,1,0,0,2,2,84,3232270721,118,47,104,17,29483,35077,0,0,0,0,15,2211110130,17,59861,11123,1272,86,118,118.0,106.0,-0.4266924586347916,-1.7159763313609468,208.0,118.0,92.0,26.0,312,60,84,84.0,78.0,-1.1547005383792517,-0.6666666666666665,108.0,84.0,78.0,6.0,1634046381.247886,2.8848648071289062e-05,3.3872418403625484
149,0,1,0,0,2,2,52,3232270721,86,47,72,17,29483,35077,0,0,0,0,15,2211110130,17,59861,11123,1358,86,118,118.0,104.46153846153848,-0.2371700016086462,-1.8538810358876248,220.40236686390529,118.0,86.0,32.0,364,52,84,84.0,72.8,-0.5071295169770307,-1.6198060941828258,194.56,84.0,60.0,24.0,1634046381.247917,3.0994415283203125e-05,3.3872728347778316
150,0,1,0,0,2,2,84,3232270721,118,47,104,17,29483,35077,0,0,0,0,15,2211110130,17,59861,11123,1476,86,118,118.0,105.42857142857144,-0.3675025983163725,-1.7785600232254315,216.81632653061223,118.0,88.0,30.0,448,52,84,84.0,74.66666666666667,-0.7999704935153586,-1.239290265660228,179.55555555555554,84.0,66.0,18.0,1634046381.248076,0.0001590251922607,3.3874318599700923
151,0,1,0,0,2,3,52,3232270721,86,48,72,17,10001,59861,0,0,0,0,15,2211110130,17,59861,11123,1562,86,118,118.0,104.13333333333334,-0.2074791129134013,-1.8792803710448005,225.8488888888889,118.0,86.0,32.0,500,52,84,84.0,71.42857142857143,-0.3675025983163724,-1.778560023225432,216.81632653061223,84.0,56.0,28.0,1634046381.250091,0.0020151138305664,3.3894469738006587
152,0,1,0,0,2,2,84,3232270721,118,47,104,17,29483,35077,0,0,0,0,15,2211110130,17,59861,11123,1680,86,118,118.0,105.0,-0.3225128230564684,-1.821190854431016,223.0,118.0,86.0,32.0,584,52,84,84.0,73.0,-0.5902871818234098,-1.568438003220612,207.0,84.0,58.0,26.0,1634046381.250146,5.4836273193359375e-05,3.389501810073852
153,0,1,0,0,2,2,84,3232270721,118,47,104,17,29483,35077,0,0,0,0,15,2211110130,17,59861,11123,1798,86,118,118.0,105.76470588235294,-0.4266504313492903,-1.745056626874809,219.23875432525952,118.0,86.0,32.0,668,52,84,84.0,74.22222222222223,-0.7783878751624593,-1.311524453694067,195.9506172839506,84.0,60.0,24.0,1634046381.250178,3.218650817871094e-05,3.389533996582031
154,0,1,0,0,2,2,52,3232270721,86,47,72,17,29483,35077,0,0,0,0,15,2211110130,17,59861,11123,1884,86,118,118.0,104.66666666666669,-0.2872621298570359,-1.8515624999999996,227.55555555555557,118.0,86.0,32.0,720,52,84,84.0,72.0,-0.4681581757027526,-1.7177063642092,220.8,84.0,54.0,30.0,1634046381.250423,0.0002448558807373,3.389778852462768
155,0,1,0,0,2,2,84,3232270721,118,47,104,17,29483,35077,0,0,0,0,15,2211110130,17,59861,11123,2002,86,118,118.0,105.36842105263158,-0.381348497728738,-1.7903199239310297,224.4432132963989,118.0,86.0,32.0,804,52,84,84.0,73.0909090909091,-0.6245599499957497,-1.547969109675503,212.6280991735537,84.0,56.0,28.0,1634046381.250516,9.298324584960938e-05,3.3898718357086177
156,0,1,0,0,2,2,84,3232270721,118,47,104,17,29483,35077,0,0,0,0,15,2211110130,17,59861,11123,2120,86,118,118.0,106.0,-0.4681581757027526,-1.7177063642092,220.8,118.0,86.0,32.0,888,52,84,84.0,74.0,-0.7632899281564446,-1.3556324490580547,204.0,84.0,58.0,26.0,1634046381.250547,3.0994415283203125e-05,3.389902830123901
157,0,1,0,0,2,2,84,3232270721,118,47,104,17,29483,35077,0,0,0,0,15,2211110130,17,59861,11123,118,118,118,118.0,118.0,0.0,-3.0,0.0,118.0,118.0,0.0,972,52,84,84.0,74.76923076923077,-0.8886411473147003,-1.1481431404362707,195.40828402366864,84.0,60.0,24.0,1634046381.250815,0.0002679824829101,3.390170812606811
158,0,1,0,0,2,2,52,3232270721,86,47,72,17,29483,35077,0,0,0,0,15,2211110130,17,59861,11123,204,86,118,102.0,102.0,0.0,-2.0,256.0,110.0,94.0,16.0,1024,52,84,84.0,73.14285714285714,-0.6432761261876555,-1.5369414608132828,215.83673469387756,84.0,54.0,30.0,1634046381.250869,5.412101745605469e-05,3.390224933624267
159,0,1,0,0,2,2,32,3232270721,66,47,52,17,29483,35077,0,0,0,0,15,2211110130,17,59861,11123,270,66,118,86.0,90.0,0.2736424660533174,-1.5,458.6666666666667,102.0,76.0,26.0,1056,32,84,84.0,70.4,-0.7447801679698963,-0.9085375879418364,306.77333333333337,84.0,52.0,32.0,1634046381.250901,3.1948089599609375e-05,3.3902568817138667
160,0,1,0,0,2,2,84,3232270721,118,47,104,17,29483,35077,0,0,0,0,15,2211110130,17,59861,11123,388,66,118,102.0,97.0,-0.2895264968595827,-1.6237779003737334,491.0,118.0,81.0,37.0,1140,32,84,84.0,71.25,-0.8449229914532952,-0.7524245497656312,298.4375,84.0,52.0,32.0,1634046381.25093,2.9087066650390625e-05,3.390285968780517
161,0,1,0,0,2,2,84,3232270721,118,47,104,17,29483,35077,0,0,0,0,15,2211110130,17,59861,11123,506,66,118,118.0,101.2,-0.6597248872630241,-1.2975718079423697,463.36,118.0,86.0,32.0,1224,32,84,84.0,72.0,-0.938217431000355,-0.5857648844661831,289.88235294117646,84.0,52.0,32.0,1634046381.251131,0.0002009868621826,3.3904869556426998
162,0,1,0,0,2,3,52,3232270721,86,48,72,17,10001,59861,0,0,0,0,15,2211110130,17,59861,11123,592,66,118,102.0,98.66666666666669,-0.3360371549626172,-1.466504645497757,418.2222222222222,118.0,86.0,32.0,1276,32,84,84.0,70.88888888888889,-0.7575665852863956,-0.91376097102579,294.7654320987654,84.0,52.0,32.0,1634046381.251164,3.2901763916015625e-05,3.3905198574066158
163,0,1,0,0,2,2,84,3232270721,118,47,104,17,29483,35077,0,0,0,0,15,2211110130,17,59861,11123,710,66,118,118.0,101.42857142857144,-0.5907807415354476,-1.2599312038542536,404.2448979591836,118.0,86.0,32.0,1360,32,84,84.0,71.57894736842105,-0.8416167752443308,-0.7812894307497982,287.82271468144046,84.0,52.0,32.0,1634046381.252063,0.0008990764617919,3.3914189338684078
164,0,1,0,0,2,2,52,3232270721,86,47,72,17,29483,35077,0,0,0,0,15,2211110130,17,59861,11123,796,66,118,102.0,99.5,-0.3319142466684968,-1.4158261321050325,379.75,118.0,86.0,32.0,1412,32,84,84.0,70.6,-0.6870768400973563,-1.0379280479137565,291.64000000000004,84.0,52.0,32.0,1634046381.252117,5.3882598876953125e-05,3.3914728164672847
165,0,1,0,0,2,2,84,3232270721,118,47,104,17,29483,35077,0,0,0,0,15,2211110130,17,59861,11123,914,66,118,118.0,101.55555555555556,-0.528001904169724,-1.2762222725215029,371.358024691358,118.0,86.0,32.0,84,84,84,84.0,84.0,0.0,-3.0,0.0,84.0,84.0,0.0,1634046381.25215,3.314018249511719e-05,3.39150595664978
166,0,1,0,0,2,2,84,3232270721,118,47,104,17,29483,35077,0,0,0,0,15,2211110130,17,59861,11123,1032,66,118,118.0,103.2,-0.6965593814778644,-1.082337381655135,358.56000000000006,118.0,86.0,32.0,168,84,84,84.0,84.0,0.0,-3.0,0.0,84.0,84.0,0.0,1634046381.25218,3.0040740966796875e-05,3.3915359973907466
167,0,1,0,0,2,2,84,3232270721,118,47,104,17,29483,35077,0,0,0,0,15,2211110130,17,59861,11123,1150,66,118,118.0,104.54545454545456,-0.84547658762245,-0.8561447736353691,344.0661157024793,118.0,86.0,32.0,252,84,84,84.0,84.0,0.0,-3.0,0.0,84.0,84.0,0.0,1634046381.252355,0.0001749992370605,3.391710996627807
168,0,1,0,0,2,2,52,3232270721,86,47,72,17,29483,35077,0,0,0,0,15,2211110130,17,59861,11123,1236,66,118,118.0,103.0,-0.615950320189401,-1.170646044021416,341.6666666666667,118.0,86.0,32.0,304,52,84,84.0,76.0,-1.1547005383792517,-0.6666666666666665,192.0,84.0,76.0,8.0,1634046381.252393,3.790855407714844e-05,3.3917489051818843
169,0,1,0,0,2,2,84,3232270721,118,47,104,17,29483,35077,0,0,0,0,15,2211110130,17,59861,11123,1354,66,118,118.0,104.15384615384616,-0.7426732645265801,-1.0050497959183666,331.3609467455621,118.0,86.0,32.0,388,52,84,84.0,77.6,-1.4999999999999991,0.2499999999999977,163.83999999999995,84.0,84.0,0.0,1634046381.252423,3.0040740966796875e-05,3.391778945922851
170,0,1,0,0,2,3,60,3232270721,94,47,80,17,29483,58181,0,0,0,0,15,2211110130,17,59861,11123,1448,66,118,118.0,103.42857142857144,-0.6363627134201927,-1.050453773907153,314.53061224489795,118.0,86.0,32.0,448,52,84,84.0,74.66666666666667,-0.7999704935153583,-1.2392902656602287,179.55555555555557,84.0,66.0,18.0,1634046381.252452,2.8848648071289062e-05,3.3918077945709224
171,0,1,0,0,2,3,84,3232270721,118,47,104,17,29483,59861,0,0,0,0,15,2211110130,17,59861,11123,1566,66,118,118.0,104.4,-0.7447801679698959,-0.9085375879418384,306.7733333333334,118.0,86.0,32.0,532,52,84,84.0,76.0,-1.0393492741038726,-0.7962962962962967,164.57142857142858,84.0,72.0,12.0,1634046381.252482,3.0040740966796875e-05,3.391837835311889
172,0,1,0,0,2,3,56,3232270721,90,47,76,17,29483,59861,0,0,0,0,15,2211110130,17,59861,11123,1656,66,118,118.0,103.5,-0.6027853178476397,-1.057944450511651,299.75,118.0,86.0,32.0,588,52,84,84.0,73.5,-0.5816131871551835,-1.5764050063741022,187.75,84.0,59.0,25.0,1634046381.2525,1.811981201171875e-05,3.391855955123901
173,0,1,0,0,2,3,52,3232270721,86,47,72,17,29483,59861,0,0,0,0,15,2211110130,17,59861,11123,1742,66,118,118.0,102.47058823529412,-0.4514229985489106,-1.2309698260589106,299.0726643598616,118.0,86.0,32.0,640,52,84,84.0,71.11111111111111,-0.2896126114036044,-1.838676911596025,212.5432098765432,84.0,56.0,28.0,1634046381.252898,0.0003979206085205,3.3922538757324214
174,0,1,0,0,2,3,84,3232270721,118,47,104,17,29483,59861,0,0,0,0,15,2211110130,17,59861,11123,1860,66,118,118.0,103.33333333333331,-0.5447080496673954,-1.1527072143997696,295.11111111111114,118.0,86.0,32.0,724,52,84,84.0,72.4,-0.4703694995246916,-1.7045983770292392,206.24,84.0,57.0,27.0,1634046381.252953,5.507469177246094e-05,3.392308950424194
175,0,1,0,0,2,3,84,3232270721,118,47,104,17,29483,59861,0,0,0,0,15,2211110130,17,59861,11123,1978,66,118,118.0,104.10526315789474,-0.6313465481431101,-1.0605119515179755,290.3047091412742,118.0,86.0,32.0,808,52,84,84.0,73.45454545454545,-0.6266859103465915,-1.534485754457882,198.61157024793383,84.0,58.0,26.0,1634046381.252986,3.2901763916015625e-05,3.39234185218811
176,0,1,0,0,2,3,52,3232270721,86,48,72,17,10001,59861,0,0,0,0,15,2211110130,17,59861,11123,2064,66,118,118.0,103.2,-0.4969381823301197,-1.229823756702646,291.36,118.0,86.0,32.0,860,52,84,84.0,71.66666666666667,-0.3935860504115439,-1.7822442291717078,217.22222222222217,84.0,55.0,29.0,1634046381.253016,3.0040740966796875e-05,3.3923718929290767
177,0,1,0,0,3,2,60,2211110130,94,64,80,17,59861,29483,0,0,0,0,15,2211110130,17,59861,11123,94,94,94,94.0,94.0,0.0,-3.0,0.0,94.0,94.0,0.0,920,52,84,84.0,70.76923076923077,-0.2358711881391323,-1.8484514243973704,210.17751479289944,84.0,56.0,28.0,1634046381.260217,0.0072009563446044,3.399572849273681
178,0,1,0,0,3,2,60,2211110130,94,64,80,17,59861,29483,0,0,0,0,15,2211110130,17,59861,11123,188,94,94,94.0,94.0,0.0,-3.0,0.0,94.0,94.0,0.0,980,52,84,72.0,70.0,-0.0996797709125922,-1.86783574687562,202.8571428571429,84.0,57.0,27.0,1634046381.260816,0.0005991458892822,3.4001719951629634
179,0,1,0,0,2,3,84,3232270721,118,47,104,17,29483,59861,0,0,0,0,15,2211110130,17,59861,11123,306,94,118,94.0,102.0,0.7071067811865475,-1.5,128.0,106.0,94.0,12.0,1064,52,84,84.0,70.93333333333334,-0.2275352736259777,-1.8323953664769324,201.52888888888896,84.0,58.0,26.0,1634046381.272125,0.0113089084625244,3.411480903625488
180,0,1,0,0,2,3,52,3232270721,86,47,72,17,29483,59861,0,0,0,0,15,2211110130,17,59861,11123,392,86,118,94.0,98.0,0.8888888888888888,-0.8148148148148149,144.0,100.0,92.0,8.0,1116,52,84,72.0,69.75,-0.0945257257779307,-1.880019651009348,209.9375,84.0,55.0,29.0,1634046381.272485,0.0003600120544433,3.411840915679931
181,0,1,0,0,2,3,84,3232270721,118,47,104,17,29483,59861,0,0,0,0,15,2211110130,17,59861,11123,510,86,118,94.0,102.0,0.2561204162859415,-1.7244897959183672,179.2,118.0,94.0,24.0,1200,52,84,84.0,70.58823529411765,-0.2074820144978525,-1.8511350589092597,208.8304498269896,84.0,56.0,28.0,1634046381.27254,5.507469177246094e-05,3.4118959903717037
182,0,1,0,0,2,3,84,3232270721,118,47,104,17,29483,59861,0,0,0,0,15,2211110130,17,59861,11123,628,86,118,106.0,104.66666666666669,-0.1206868523927297,-1.8195266272189348,184.88888888888889,118.0,94.0,24.0,1284,52,84,84.0,71.33333333333333,-0.3095581790192597,-1.8019840443981967,206.66666666666663,84.0,57.0,27.0,1634046381.272573,3.2901763916015625e-05,3.4119288921356197
183,0,1,0,0,2,3,84,3232270721,118,47,104,17,29483,59861,0,0,0,0,15,2211110130,17,59861,11123,746,86,118,118.0,106.57142857142856,-0.3960193425703737,-1.6928166351606813,180.24489795918367,118.0,94.0,24.0,1368,52,84,84.0,72.0,-0.4029331467004515,-1.7379618878491905,203.7894736842105,84.0,58.0,26.0,1634046381.272603,3.0040740966796875e-05,3.4119589328765865
184,0,1,0,0,2,3,52,3232270721,86,47,72,17,29483,59861,0,0,0,0,15,2211110130,17,59861,11123,832,86,118,106.0,104.0,-0.1153171833905419,-1.8477508650519032,204.0,118.0,92.0,26.0,1420,52,84,84.0,71.0,-0.2822044671214596,-1.82704304277374,212.6,84.0,55.0,29.0,1634046381.27304,0.0004370212554931,3.4123959541320796
185,0,1,0,0,2,3,60,3232270721,94,47,80,17,29483,59861,0,0,0,0,15,2211110130,17,59861,11123,926,86,118,94.0,102.88888888888889,0.0865953458553029,-1.814732600232224,191.20987654320987,118.0,94.0,24.0,60,60,60,60.0,60.0,0.0,-3.0,0.0,60.0,60.0,0.0,1634046381.27309,4.982948303222656e-05,3.412445783615112
186,0,1,0,0,2,3,60,3232270721,94,47,80,17,29483,59861,0,0,0,0,15,2211110130,17,59861,11123,1020,86,118,94.0,102.0,0.2561204162859415,-1.7244897959183672,179.2,118.0,94.0,24.0,120,60,60,60.0,60.0,0.0,-3.0,0.0,60.0,60.0,0.0,1634046381.273122,3.218650817871094e-05,3.4124779701232906
187,0,1,0,0,2,3,84,3232270721,118,47,104,17,29483,59861,0,0,0,0,15,2211110130,17,59861,11123,1138,86,118,94.0,103.45454545454544,0.0499086869665873,-1.815596512088783,184.06611570247927,118.0,94.0,24.0,204,60,84,60.0,68.0,0.7071067811865475,-1.5,128.0,72.0,60.0,12.0,1634046381.273152,3.0040740966796875e-05,3.4125080108642574
188,0,1,0,0,2,3,84,3232270721,118,47,104,17,29483,59861,0,0,0,0,15,2211110130,17,59861,11123,1256,86,118,106.0,104.66666666666669,-0.1206868523927297,-1.8195266272189348,184.88888888888889,118.0,94.0,24.0,288,60,84,72.0,72.0,0.0,-2.0,144.0,84.0,60.0,24.0,1634046381.273182,2.9802322387695312e-05,3.412537813186645
189,0,1,0,0,2,3,84,3232270721,118,47,104,17,29483,59861,0,0,0,0,15,2211110130,17,59861,11123,1374,86,118,118.0,105.6923076923077,-0.2670924117205111,-1.7724028413359747,183.2899408284024,118.0,94.0,24.0,372,60,84,84.0,74.4,-0.4082482904638645,-1.833333333333332,138.23999999999998,84.0,60.0,24.0,1634046381.273204,2.2172927856445312e-05,3.4125599861145015
190,0,1,0,0,2,3,52,3232270721,86,48,72,17,10001,59861,0,0,0,0,15,2211110130,17,59861,11123,1460,86,118,106.0,104.28571428571428,-0.1208414939773047,-1.8317333333333328,195.9183673469388,118.0,94.0,24.0,424,52,84,72.0,70.66666666666667,-0.1206868523927297,-1.8195266272189343,184.88888888888889,84.0,60.0,24.0,1634046381.273223,1.883506774902344e-05,3.4125788211822505
191,0,1,0,0,3,2,56,2211110130,90,64,76,17,59861,29483,0,0,0,0,15,2211110130,17,59861,11123,1550,86,118,94.0,103.33333333333331,0.0204561064601791,-1.855239669421488,195.5555555555556,118.0,92.0,26.0,480,52,84,60.0,68.57142857142857,0.1831337656033368,-1.8240270199403168,184.81632653061223,84.0,58.0,26.0,1634046381.273254,3.0994415283203125e-05,3.4126098155975337
192,0,1,0,0,2,3,52,3232270721,86,47,72,17,29483,59861,0,0,0,0,15,2211110130,17,59861,11123,1636,86,118,94.0,102.25,0.1338609666650927,-1.8379358034485511,200.9375,118.0,89.0,29.0,532,52,84,60.0,66.5,0.3895134608235762,-1.6894111567613876,191.75,84.0,55.0,29.0,1634046381.273414,0.0001599788665771,3.412769794464111
193,0,1,0,0,2,3,84,3232270721,118,47,104,17,29483,59861,0,0,0,0,15,2211110130,17,59861,11123,1754,86,118,94.0,103.17647058823528,0.0083323742742982,-1.8664391888026544,202.8512110726644,118.0,90.0,28.0,616,52,84,60.0,68.44444444444444,0.1184508104581684,-1.8562139624279248,200.6913580246913,84.0,56.0,28.0,1634046381.27345,3.600120544433594e-05,3.412805795669555
194,0,1,0,0,2,3,84,3232270721,118,47,104,17,29483,59861,0,0,0,0,15,2211110130,17,59861,11123,1872,86,118,106.0,104.0,-0.1031777925345268,-1.8633270927799512,203.11111111111111,118.0,91.0,27.0,700,52,84,72.0,70.0,-0.093349823710879,-1.8760174350481964,202.4,84.0,57.0,27.0,1634046381.274234,0.000784158706665,3.4135899543762203
195,0,1,0,0,2,3,84,3232270721,118,47,104,17,29483,59861,0,0,0,0,15,2211110130,17,59861,11123,1990,86,118,118.0,104.73684210526316,-0.2037781248816487,-1.8377838119486185,202.19390581717448,118.0,92.0,26.0,784,52,84,84.0,71.27272727272727,-0.2687830191147816,-1.8203670192252324,200.198347107438,84.0,58.0,26.0,1634046381.274289,5.4836273193359375e-05,3.4136447906494136
196,0,1,0,0,2,3,52,3232270721,86,47,72,17,29483,59861,0,0,0,0,15,2211110130,17,59861,11123,2076,86,118,106.0,103.8,-0.0987761399551495,-1.873714629373322,208.76,118.0,89.0,29.0,836,52,84,72.0,69.66666666666667,-0.0873468519232811,-1.890357304210552,211.88888888888889,84.0,55.0,29.0,1634046381.274321,3.218650817871094e-05,3.4136769771575923
197,0,1,0,0,2,3,56,3232270721,90,47,76,17,29483,59861,0,0,0,0,15,2211110130,17,59861,11123,90,90,90,90.0,90.0,0.0,-3.0,0.0,90.0,90.0,0.0,892,52,84,60.0,68.61538461538461,0.0711696567297609,-1.8952584601955105,208.85207100591717,84.0,56.0,28.0,1634046381.27455,0.0002288818359375,3.41390585899353
198,0,1,0,0,2,3,56,3232270721,90,47,76,17,29483,59861,0,0,0,0,15,2211110130,17,59861,11123,180,90,90,90.0,90.0,0.0,-3.0,0.0,90.0,90.0,0.0,948,52,84,60.0,67.71428571428571,0.2084623005091761,-1.8579664622850096,204.4897959183673,84.0,56.0,28.0,1634046381.274603,5.292892456054688e-05,3.4139587879180904
199,0,1,0,0,2,3,84,3232270721,118,47,104,17,29483,59861,0,0,0,0,15,2211110130,17,59861,11123,298,90,118,90.0,99.33333333333331,0.7071067811865485,-1.4999999999999998,174.22222222222226,104.0,90.0,14.0,1032,52,84,60.0,68.8,0.0603566529492461,-1.9066834324035968,207.36,84.0,56.0,28.0,1634046381.274635,3.218650817871094e-05,3.413990974426269
200,0,1,0,0,2,3,60,3232270721,94,47,80,17,29483,59861,0,0,0,0,15,2211110130,17,59861,11123,392,90,118,92.0,98.0,1.0895204232582911,-0.7231833910034604,136.0,100.0,90.0,10.0,1092,52,84,60.0,68.25,0.1620793054938576,-1.8607624210024805,198.9375,84.0,56.0,28.0,1634046381.274666,3.0994415283203125e-05,3.4140219688415523
201,0,1,0,0,2,3,84,3232270721,118,47,104,17,29483,59861,0,0,0,0,15,2211110130,17,59861,11123,510,90,118,94.0,102.0,0.3719103785528905,-1.8168724279835395,172.8,118.0,90.0,28.0,1176,52,84,60.0,69.17647058823529,0.0345670133962698,-1.8944011110352204,200.96885813148788,84.0,56.0,28.0,1634046381.274696,3.0040740966796875e-05,3.414052009582519
202,0,1,0,0,2,3,52,3232270721,86,48,72,17,10001,59861,0,0,0,0,15,2211110130,17,59861,11123,596,86,118,92.0,99.33333333333331,0.6137704648523015,-1.4986766003332996,179.55555555555554,112.0,90.0,22.0,1228,52,84,60.0,68.22222222222223,0.1360038882932894,-1.874911179551185,205.28395061728395,84.0,56.0,28.0,1634046381.274864,0.0001678466796875,3.4142198562622066
203,0,1,0,0,2,3,84,3232270721,118,47,104,17,29483,59861,0,0,0,0,15,2211110130,17,59861,11123,714,86,118,94.0,102.0,0.2189501659441399,-1.8623580313683072,196.57142857142856,118.0,90.0,28.0,1312,52,84,60.0,69.05263157894737,0.0234220190978233,-1.899850868903413,206.8919667590028,84.0,56.0,28.0,1634046381.274902,3.814697265625e-05,3.414258003234863
204,0,1,0,0,2,3,52,3232270721,86,47,72,17,29483,59861,0,0,0,0,15,2211110130,17,59861,11123,800,86,118,92.0,100.0,0.432749350086167,-1.7092,200.0,118.0,89.0,29.0,1364,52,84,60.0,68.2,0.1170022667485681,-1.886724271444264,210.36,84.0,55.0,29.0,1634046381.274932,2.9802322387695312e-05,3.4142878055572505
205,0,1,0,0,2,3,84,3232270721,118,47,104,17,29483,59861,0,0,0,0,15,2211110130,17,59861,11123,918,86,118,94.0,102.0,0.1544693002914135,-1.8921286986498127,209.77777777777777,118.0,90.0,28.0,84,84,84,84.0,84.0,0.0,-3.0,0.0,84.0,84.0,0.0,1634046381.27496,2.813339233398437e-05,3.4143159389495845
206,0,1,0,0,3,2,60,2211110130,94,64,80,17,59861,29483,0,0,0,0,15,2211110130,17,59861,11123,1012,86,118,94.0,101.2,0.3090320494078778,-1.7788694598337955,194.56,118.0,90.0,28.0,144,60,84,72.0,72.0,0.0,-2.0,144.0,78.0,66.0,12.0,1634046381.276602,0.0016419887542724,3.415957927703857
207,0,1,0,0,3,2,56,2211110130,90,64,76,17,59861,29483,0,0,0,0,15,2211110130,17,59861,11123,1102,86,118,94.0,100.1818181818182,0.4713631140790548,-1.6535358613425268,187.2396694214876,118.0,90.0,28.0,200,56,84,60.0,66.66666666666667,0.6520121170440452,-1.5000000000000009,152.88888888888889,72.0,58.0,14.0,1634046381.292936,0.016334056854248,3.432291984558105
208,0,1,0,0,3,2,56,2211110130,90,64,76,17,59861,29483,0,0,0,0,15,2211110130,17,59861,11123,1192,86,118,92.0,99.33333333333331,0.6137704648523012,-1.4986766003332992,179.55555555555554,118.0,90.0,28.0,256,56,84,58.0,64.0,1.0895204232582911,-0.7231833910034604,136.0,66.0,56.0,10.0,1634046381.292936,0.0,3.432291984558105
209,0,1,0,0,3,2,56,2211110130,90,64,76,17,59861,29483,0,0,0,0,15,2211110130,17,59861,11123,1282,86,118,90.0,98.6153846153846,0.7413550042705043,-1.324368316870112,171.92899408284026,118.0,90.0,28.0,312,56,84,56.0,62.4,1.4286267334338287,0.1437738466874782,119.04,60.0,56.0,4.0,1634046381.292936,0.0,3.432291984558105
210,0,1,0,0,3,2,56,2211110130,90,64,76,17,59861,29483,0,0,0,0,15,2211110130,17,59861,11123,1372,86,118,90.0,98.0,0.8574631511356948,-1.1365740740740744,164.57142857142858,112.0,90.0,22.0,368,56,84,56.0,61.333333333333336,1.7123151681545636,1.04797471990807,104.8888888888889,59.0,56.0,3.0,1634046381.292936,0.0,3.432291984558105
211,0,1,0,0,2,3,60,3232270721,94,47,80,17,29483,59861,0,0,0,0,15,2211110130,17,59861,11123,1466,86,118,90.0,97.73333333333332,0.9411307428998212,-0.950411275177327,154.59555555555556,106.0,90.0,16.0,428,56,84,56.0,61.142857142857146,1.9026198955077,1.850189035916821,90.12244897959184,60.0,56.0,4.0,1634046381.298866,0.005929946899414,3.438221931457519
212,0,1,0,0,3,2,60,2211110130,94,64,80,17,59861,29483,0,0,0,0,15,2211110130,17,59861,11123,1560,86,118,92.0,97.5,1.0199787335425003,-0.7610190385684739,145.75,100.0,90.0,10.0,488,56,84,58.0,61.0,2.076428050063472,2.655023233456177,79.0,60.0,56.0,4.0,1634046381.305603,0.0067369937896728,3.444958925247192
213,0,1,0,0,3,2,56,2211110130,90,64,76,17,59861,29483,0,0,0,0,15,2211110130,17,59861,11123,1650,86,118,90.0,97.05882352941175,1.1134172359278736,-0.5585065991232749,140.2906574394464,94.0,90.0,4.0,544,56,84,56.0,60.44444444444444,2.2644778689649443,3.5149161153119106,72.69135802469137,60.0,56.0,4.0,1634046381.306535,0.000931978225708,3.4458909034729
214,0,1,0,0,3,2,60,2211110130,94,64,80,17,59861,29483,0,0,0,0,15,2211110130,17,59861,11123,1744,86,118,92.0,96.88888888888889,1.182532861722256,-0.3652651749822686,132.98765432098764,94.0,90.0,4.0,604,56,84,58.0,60.4,2.4024624944008326,4.287480347439339,65.44,60.0,56.0,4.0,1634046381.306535,0.0,3.4458909034729
215,0,1,0,0,3,2,84,2211110130,118,64,104,17,59861,29483,0,0,0,0,15,2211110130,17,59861,11123,1862,86,118,94.0,98.0,0.9520899367702078,-0.9120609504132232,148.21052631578948,106.0,90.0,16.0,688,56,84,60.0,62.54545454545455,1.5333623258108977,0.536011080332409,105.5206611570248,60.0,56.0,4.0,1634046381.306535,0.0,3.4458909034729
216,0,1,0,0,2,3,56,3232270721,90,47,76,17,29483,59861,0,0,0,0,15,2211110130,17,59861,11123,1952,86,118,92.0,97.6,1.031273867805175,-0.7532853832153119,143.84,100.0,90.0,10.0,744,56,84,58.0,62.0,1.664,0.9695999999999998,100.0,60.0,56.0,4.0,1634046381.311877,0.0053420066833496,3.4512329101562496
217,0,1,0,0,2,3,56,3232270721,90,47,76,17,29483,59861,0,0,0,0,15,2211110130,17,59861,11123,90,90,90,90.0,90.0,0.0,-3.0,0.0,90.0,90.0,0.0,800,56,84,56.0,61.53846153846154,1.786699970947303,1.40802825486751,94.86390532544377,60.0,56.0,4.0,1634046381.311929,5.197525024414063e-05,3.4512848854064937
218,0,1,0,0,2,3,56,3232270721,90,47,76,17,29483,59861,0,0,0,0,15,2211110130,17,59861,11123,180,90,90,90.0,90.0,0.0,-3.0,0.0,90.0,90.0,0.0,856,56,84,56.0,61.142857142857146,1.9026198955076987,1.8501890359168216,90.12244897959184,60.0,56.0,4.0,1634046381.311965,3.600120544433594e-05,3.451320886611938
219,0,1,0,0,2,3,56,3232270721,90,47,76,17,29483,59861,0,0,0,0,15,2211110130,17,59861,11123,270,90,90,90.0,90.0,0.0,-3.0,0.0,90.0,90.0,0.0,912,56,84,56.0,60.8,2.0126844960186623,2.295277344620188,85.75999999999999,60.0,56.0,4.0,1634046381.311994,2.9087066650390625e-05,3.4513499736785884
220,0,1,0,0,2,3,56,3232270721,90,47,76,17,29483,59861,0,0,0,0,15,2211110130,17,59861,11123,360,90,90,90.0,90.0,0.0,-3.0,0.0,90.0,90.0,0.0,968,56,84,56.0,60.5,2.1176397011975667,2.7426984260584124,81.75,60.0,56.0,4.0,1634046381.312025,3.0994415283203125e-05,3.4513809680938716
221,0,1,0,0,2,3,56,3232270721,90,47,76,17,29483,59861,0,0,0,0,15,2211110130,17,59861,11123,450,90,90,90.0,90.0,0.0,-3.0,0.0,90.0,90.0,0.0,1024,56,84,56.0,60.23529411764706,2.218094155530801,3.19200543232232,78.06228373702422,60.0,56.0,4.0,1634046381.312048,2.288818359375e-05,3.4514038562774654
222,0,1,0,0,2,3,56,3232270721,90,47,76,17,29483,59861,0,0,0,0,15,2211110130,17,59861,11123,540,90,90,90.0,90.0,0.0,-3.0,0.0,90.0,90.0,0.0,1080,56,84,56.0,60.0,2.3145502494313783,3.6428571428571415,74.66666666666667,60.0,56.0,4.0,1634046381.312067,1.9073486328125e-05,3.4514229297637935
223,0,1,0,0,2,3,56,3232270721,90,47,76,17,29483,59861,0,0,0,0,15,2211110130,17,59861,11123,630,90,90,90.0,90.0,0.0,-3.0,0.0,90.0,90.0,0.0,1136,56,84,56.0,59.78947368421053,2.407427248342198,4.094989013418831,71.53462603878116,60.0,56.0,4.0,1634046381.312085,1.7881393432617188e-05,3.451440811157226
224,0,1,0,0,2,3,56,3232270721,90,47,76,17,29483,59861,0,0,0,0,15,2211110130,17,59861,11123,720,90,90,90.0,90.0,0.0,-3.0,0.0,90.0,90.0,0.0,1192,56,84,56.0,59.6,2.4970786354773686,4.54819306567558,68.64000000000001,60.0,56.0,4.0,1634046381.312103,1.811981201171875e-05,3.451458930969238
225,0,1,0,0,2,3,56,3232270721,90,47,76,17,29483,59861,0,0,0,0,15,2211110130,17,59861,11123,810,90,90,90.0,90.0,0.0,-3.0,0.0,90.0,90.0,0.0,56,56,56,56.0,56.0,0.0,-3.0,0.0,56.0,56.0,0.0,1634046381.312121,1.7881393432617188e-05,3.4514768123626705
226,0,1,0,0,2,3,56,3232270721,90,47,76,17,29483,59861,0,0,0,0,15,2211110130,17,59861,11123,900,90,90,90.0,90.0,0.0,-3.0,0.0,90.0,90.0,0.0,112,56,56,56.0,56.0,0.0,-3.0,0.0,56.0,56.0,0.0,1634046381.312139,1.811981201171875e-05,3.451494932174682
227,0,1,0,0,2,3,56,3232270721,90,47,76,17,29483,59861,0,0,0,0,15,2211110130,17,59861,11123,990,90,90,90.0,90.0,0.0,-3.0,0.0,90.0,90.0,0.0,168,56,56,56.0,56.0,0.0,-3.0,0.0,56.0,56.0,0.0,1634046381.312157,1.7881393432617188e-05,3.451512813568115
228,0,1,0,0,2,3,56,3232270721,90,47,76,17,29483,59861,0,0,0,0,15,2211110130,17,59861,11123,1080,90,90,90.0,90.0,0.0,-3.0,0.0,90.0,90.0,0.0,224,56,56,56.0,56.0,0.0,-3.0,0.0,56.0,56.0,0.0,1634046381.312174,1.71661376953125e-05,3.45152997970581
229,0,1,0,0,2,3,56,3232270721,90,47,76,17,29483,59861,0,0,0,0,15,2211110130,17,59861,11123,1170,90,90,90.0,90.0,0.0,-3.0,0.0,90.0,90.0,0.0,280,56,56,56.0,56.0,0.0,-3.0,0.0,56.0,56.0,0.0,1634046381.312193,1.883506774902344e-05,3.451548814773559
230,0,1,0,0,2,3,56,3232270721,90,47,76,17,29483,59861,0,0,0,0,15,2211110130,17,59861,11123,1260,90,90,90.0,90.0,0.0,-3.0,0.0,90.0,90.0,0.0,336,56,56,56.0,56.0,0.0,-3.0,0.0,56.0,56.0,0.0,1634046381.312211,1.811981201171875e-05,3.451566934585571
231,0,1,0,0,2,3,60,3232270721,94,47,80,17,29483,59861,0,0,0,0,15,2211110130,17,59861,11123,1354,90,94,90.0,90.26666666666668,3.47439614486152,10.071428571428587,0.9955555555555554,90.0,90.0,0.0,396,56,60,56.0,56.57142857142857,2.041241452319319,2.1666666666666785,1.959183673469388,56.0,56.0,0.0,1634046381.312229,1.7881393432617188e-05,3.4515848159790035
232,0,1,0,0,2,3,56,3232270721,90,47,76,17,29483,59861,0,0,0,0,15,2211110130,17,59861,11123,1444,90,94,90.0,90.25,3.614784456460256,11.066666666666666,0.9375,90.0,90.0,0.0,452,56,60,56.0,56.5,2.2677868380553634,3.1428571428571432,1.75,56.0,56.0,0.0,1634046381.342812,0.0305831432342529,3.4821679592132564
233,0,1,0,0,2,3,56,3232270721,90,47,76,17,29483,59861,0,0,0,0,15,2211110130,17,59861,11123,1534,90,94,90.0,90.23529411764706,3.750000000000003,12.062500000000014,0.8858131487889273,90.0,90.0,0.0,508,56,60,56.0,56.44444444444444,2.47487373415292,4.125000000000012,1.580246913580247,56.0,56.0,0.0,1634046381.34287,5.793571472167969e-05,3.482225894927978
234,0,1,0,0,2,3,56,3232270721,90,47,76,17,29483,59861,0,0,0,0,15,2211110130,17,59861,11123,1624,90,94,90.0,90.22222222222224,3.880570000581308,13.058823529411658,0.839506172839506,90.0,90.0,0.0,564,56,60,56.0,56.4,2.66666666666667,5.111111111111123,1.44,56.0,56.0,0.0,1634046381.342902,3.1948089599609375e-05,3.4822578430175777
235,0,1,0,0,2,3,56,3232270721,90,47,76,17,29483,59861,0,0,0,0,15,2211110130,17,59861,11123,1714,90,94,90.0,90.21052631578948,4.006938426723748,14.055555555555449,0.7977839335180057,90.0,90.0,0.0,620,56,60,56.0,56.36363636363637,2.846049894151532,6.099999999999964,1.3223140495867771,56.0,56.0,0.0,1634046381.344188,0.0012860298156738,3.4835438728332515
236,0,1,0,0,2,3,56,3232270721,90,47,76,17,29483,59861,0,0,0,0,15,2211110130,17,59861,11123,1804,90,94,90.0,90.2,4.129483209670102,15.052631578947317,0.7599999999999999,90.0,90.0,0.0,676,56,60,56.0,56.333333333333336,3.01511344577763,7.090909090909069,1.222222222222222,56.0,56.0,0.0,1634046381.344244,5.602836608886719e-05,3.4835999011993404
237,0,1,0,0,2,3,84,3232270721,118,47,104,17,29483,59861,0,0,0,0,15,2211110130,17,59861,11123,118,118,118,118.0,118.0,0.0,-3.0,0.0,118.0,118.0,0.0,760,56,84,56.0,58.46153846153846,3.070728692889892,7.641224708499813,55.4792899408284,56.0,56.0,0.0,1634046381.384846,0.0406019687652587,3.524201869964599
238,0,1,0,0,3,2,52,2211110130,86,64,72,17,59861,29483,0,0,0,0,15,2211110130,17,59861,11123,204,86,118,102.0,102.0,0.0,-2.0,256.0,110.0,94.0,16.0,812,52,84,56.0,58.0,3.085939216595199,8.11235457063712,54.285714285714285,56.0,56.0,0.0,1634046381.396881,0.0120351314544677,3.536237001419067
239,0,1,0,0,2,3,52,3232270721,86,47,72,17,29483,59861,0,0,0,0,15,2211110130,17,59861,11123,290,86,118,86.0,96.66666666666669,0.7071067811865465,-1.500000000000001,227.5555555555556,102.0,86.0,16.0,864,52,84,56.0,57.6,3.1212774058073105,8.618561394380851,52.906666666666666,56.0,56.0,0.0,1634046381.415388,0.0185070037841796,3.5547440052032466
240,0,1,0,0,3,2,60,2211110130,94,64,80,17,59861,29483,0,0,0,0,15,2211110130,17,59861,11123,384,86,118,90.0,96.0,0.957549162553564,-0.8512709572742021,172.0,100.0,86.0,14.0,924,52,84,56.0,57.75,3.1297758664488318,8.958573059879292,49.9375,56.0,56.0,0.0,1634046381.425653,0.0102648735046386,3.5650088787078853
241,0,1,0,0,3,2,88,2211110130,122,64,108,17,59861,29483,0,0,0,0,15,2211110130,17,59861,11123,506,86,122,94.0,101.2,0.3293096561749515,-1.7539876302083337,245.76,118.0,86.0,32.0,1012,52,88,56.0,59.52941176470589,2.218172983479105,3.313916269455624,97.66089965397926,56.0,56.0,0.0,1634046381.429798,0.0041449069976806,3.569153785705566
242,0,1,0,0,3,2,60,2211110130,94,64,80,17,59861,29483,0,0,0,0,15,2211110130,17,59861,11123,600,86,122,94.0,100.0,0.5701759258247469,-1.4474902100391598,212.0,112.0,88.0,24.0,1072,52,88,56.0,59.55555555555556,2.273890359209269,3.658836530040485,92.24691358024693,59.0,56.0,3.0,1634046381.429798,0.0,3.569153785705566
243,0,1,0,0,2,3,60,3232270721,94,47,80,17,29483,59861,0,0,0,0,15,2211110130,17,59861,11123,694,86,122,94.0,99.14285714285714,0.7706911912567207,-1.0981902123730367,186.12244897959184,106.0,90.0,16.0,1132,52,88,56.0,59.578947368421055,2.3283047278131126,4.0038479895000565,87.4016620498615,60.0,56.0,4.0,1634046381.434342,0.0045440196990966,3.5736978054046626
244,0,1,0,0,3,2,56,2211110130,90,64,76,17,59861,29483,0,0,0,0,15,2211110130,17,59861,11123,784,86,122,94.0,98.0,0.9788280328325322,-0.7263385613845323,172.0,100.0,89.0,11.0,1188,52,88,56.0,59.4,2.418483785230596,4.453765437308355,83.63999999999999,60.0,56.0,4.0,1634046381.447634,0.0132920742034912,3.586989879608154
245,0,1,0,0,2,3,56,3232270721,90,47,76,17,29483,59861,0,0,0,0,15,2211110130,17,59861,11123,874,86,122,94.0,97.11111111111111,1.1603651495046123,-0.3260749096417079,159.20987654320987,94.0,90.0,4.0,56,56,56,56.0,56.0,0.0,-3.0,0.0,56.0,56.0,0.0,1634046381.450228,0.002593994140625,3.589583873748779
246,0,1,0,0,2,3,84,3232270721,118,47,104,17,29483,59861,0,0,0,0,15,2211110130,17,59861,11123,992,86,122,94.0,99.2,0.7525397240617191,-1.2077801273695523,182.56,112.0,90.0,22.0,140,56,84,70.0,70.0,0.0,-2.0,196.0,77.0,63.0,14.0,1634046381.450283,5.507469177246094e-05,3.5896389484405513
247,0,1,0,0,2,3,60,3232270721,94,47,80,17,29483,59861,0,0,0,0,15,2211110130,17,59861,11123,1086,86,122,94.0,98.72727272727272,0.8771322938534037,-0.9583333333333348,168.198347107438,106.0,90.0,16.0,200,56,84,60.0,66.66666666666667,0.6520121170440452,-1.5000000000000009,152.88888888888889,72.0,58.0,14.0,1634046381.483218,0.0329349040985107,3.622573852539062
248,0,1,0,0,2,3,85,3232270721,119,47,105,17,29483,59861,0,0,0,0,15,2211110130,17,59861,11123,1205,86,122,94.0,100.41666666666669,0.5944816398556881,-1.4412656890280229,185.5763888888889,118.0,90.0,28.0,285,56,85,72.0,71.25,-0.0314668369302612,-1.9526239479160852,177.6875,84.25,59.0,25.25,1634046381.496286,0.0130679607391357,3.635641813278198
249,0,1,0,0,3,2,60,2211110130,94,64,80,17,59861,29483,0,0,0,0,15,2211110130,17,59861,11123,1299,86,122,94.0,99.92307692307692,0.7066464765013929,-1.2659640461306134,174.22485207100593,118.0,90.0,28.0,345,56,85,60.0,69.0,0.3687731766181802,-1.80302239801985,162.4,84.0,60.0,24.0,1634046381.523063,0.0267770290374755,3.6624188423156734
250,0,1,0,0,2,3,85,3232270721,119,47,105,17,29483,59861,0,0,0,0,15,2211110130,17,59861,11123,1418,86,122,94.0,101.28571428571428,0.4900657517397062,-1.5682318919511615,185.91836734693877,118.0,91.0,27.0,430,56,85,72.0,71.66666666666667,-0.0301742778294928,-1.9519168494371464,170.8888888888889,84.75,60.0,24.75,1634046381.573286,0.0502231121063232,3.7126419544219966
251,0,1,0,0,2,3,32,3232270721,66,47,52,17,29483,59861,0,0,0,0,15,2211110130,17,59861,11123,1484,66,122,94.0,98.93333333333334,0.0037552640351759,-0.7568531690744771,250.99555555555557,118.0,90.0,28.0,462,32,85,60.0,66.0,-0.4845927540869145,-0.8704602443346876,339.1428571428572,84.5,58.0,26.5,1634046381.576165,0.0028789043426513,3.715520858764648
252,0,1,0,0,2,3,93,3232270721,127,47,113,17,29483,59861,0,0,0,0,15,2211110130,17,59861,11123,1611,66,127,94.0,100.6875,-0.01922523256264,-0.8958314827866696,281.46484375,118.25,90.0,28.25,555,32,93,72.0,69.375,-0.5528022806029197,-0.8171072199382321,376.484375,85.0,59.0,26.0,1634046381.60434,0.0281751155853271,3.743695974349975
253,0,1,0,0,2,3,60,3232270721,94,47,80,17,29483,59861,0,0,0,0,15,2211110130,17,59861,11123,1705,66,127,94.0,100.29411764705884,0.0486197380263637,-0.8026829023496171,267.3840830449828,118.0,90.0,28.0,615,32,93,60.0,68.33333333333333,-0.4098012191329739,-0.7706972067741229,343.3333333333333,85.0,60.0,25.0,1634046381.604395,5.4836273193359375e-05,3.7437508106231685
254,0,1,0,0,3,2,52,2211110130,86,64,72,17,59861,29483,0,0,0,0,15,2211110130,17,59861,11123,1791,66,127,94.0,99.5,0.1559661414872667,-0.8094420830518749,263.25,118.0,90.0,28.0,667,32,93,60.0,66.7,-0.1885754105417567,-0.9187705858653344,333.01,84.75,57.0,27.75,1634046381.630384,0.0259890556335449,3.7697398662567134
255,0,1,0,0,3,2,60,2211110130,94,64,80,17,59861,29483,0,0,0,0,15,2211110130,17,59861,11123,1885,66,127,94.0,99.21052631578948,0.2114248551383712,-0.7012450295146913,250.90304709141267,118.0,90.0,28.0,727,32,93,60.0,66.0909090909091,-0.0948714643699269,-0.7842614237387528,306.4462809917355,84.5,58.0,26.5,1634046381.631998,0.0016140937805175,3.771353960037231
256,0,1,0,0,2,3,52,3232270721,86,47,72,17,29483,59861,0,0,0,0,15,2211110130,17,59861,11123,1971,66,127,94.0,98.55,0.3025646498858546,-0.6748584743652621,246.64750000000004,118.0,89.0,29.0,779,32,93,60.0,64.91666666666667,0.0677069563594497,-0.7961439757257249,296.0763888888889,84.25,55.0,29.25,1634046381.636006,0.0040080547332763,3.7753620147705074
257,0,1,0,0,3,2,56,2211110130,90,64,76,17,59861,29483,0,0,0,0,15,2211110130,17,59861,11123,90,90,90,90.0,90.0,0.0,-3.0,0.0,90.0,90.0,0.0,835,32,93,60.0,64.23076923076923,0.1799096793181192,-0.6824697737165741,278.94674556213016,84.0,56.0,28.0,1634046381.66853,0.0325238704681396,3.807885885238647
258,0,1,0,0,2,3,52,3232270721,86,48,72,17,10001,59861,0,0,0,0,15,2211110130,17,59861,11123,176,86,90,88.0,88.0,0.0,-2.0,4.0,89.0,87.0,2.0,887,32,93,60.0,63.35714285714285,0.3068003387369916,-0.6145137811910826,268.9438775510204,78.0,53.0,25.0,1634046381.671167,0.0026369094848632,3.8105227947235103
259,0,1,0,0,2,3,93,3232270721,127,47,113,17,29483,59861,0,0,0,0,15,2211110130,17,59861,11123,303,86,127,90.0,101.0,0.6822802981483861,-1.5000000000000002,340.6666666666667,108.5,88.0,20.5,980,32,93,60.0,65.33333333333333,0.2206705467367595,-0.902372622978084,305.68888888888887,84.5,54.0,30.5,1634046381.676319,0.0051519870758056,3.815674781799316
260,0,1,0,0,2,3,56,3232270721,90,47,76,17,29483,59861,0,0,0,0,15,2211110130,17,59861,11123,393,86,127,90.0,98.25,1.12084746076383,-0.690253354621412,278.1875,99.25,89.0,10.25,1036,32,93,60.0,64.75,0.3142570387092626,-0.7986438937363851,291.6875,84.25,55.0,29.25,1634046381.697465,0.0211460590362548,3.836820840835571
261,0,1,0,0,3,2,595,2211110130,629,64,615,17,59861,29483,0,0,0,0,15,2211110130,17,59861,11123,1022,86,629,90.0,204.4,1.4820378040413622,0.2246835112151628,45293.84000000001,127.0,90.0,37.0,1631,32,595,60.0,95.94117647058825,3.6407933777921295,11.55129681993989,15840.76124567474,85.0,56.0,29.0,1634046381.718813,0.0213479995727539,3.8581688404083248
262,0,1,0,0,2,3,60,3232270721,94,47,80,17,29483,59861,0,0,0,0,15,2211110130,17,59861,11123,1116,86,629,92.0,186.0,1.7702138789018942,1.1649582578007198,39437.66666666666,118.75,90.0,28.75,1691,32,595,60.0,93.94444444444444,3.7684979222103183,12.512937102893082,15028.496913580246,84.75,56.0,28.75,1634046381.724934,0.0061211585998535,3.8642899990081783
263,0,1,0,0,3,2,60,2211110130,94,64,80,17,59861,29483,0,0,0,0,15,2211110130,17,59861,11123,1210,86,629,94.0,172.85714285714286,2.021849822193715,2.122437613391117,34840.122448979586,110.5,90.0,20.5,1751,32,595,60.0,92.15789473684212,3.892072463372702,13.475042130843814,14294.975069252076,84.5,56.0,28.5,1634046381.746062,0.0211279392242431,3.8854179382324214
264,0,1,0,0,2,3,93,3232270721,127,47,113,17,29483,59861,0,0,0,0,15,2211110130,17,59861,11123,1337,86,629,94.0,167.125,2.2331325015176278,3.0531898214295667,30715.109375,127.0,90.0,37.0,1844,32,595,60.0,92.2,3.9920833181855655,14.336293248251586,13580.260000000004,85.0,56.0,29.0,1634046381.763506,0.0174438953399658,3.9028618335723873
265,0,1,0,0,2,3,60,3232270721,94,47,80,17,29483,59861,0,0,0,0,15,2211110130,17,59861,11123,1431,86,629,94.0,159.0,2.438363304748981,4.018731317237396,27830.444444444445,127.0,90.0,37.0,60,60,60,60.0,60.0,0.0,-3.0,0.0,60.0,60.0,0.0,1634046381.769907,0.0064010620117187,3.909262895584106
266,0,1,0,0,3,2,60,2211110130,94,64,80,17,59861,29483,0,0,0,0,15,2211110130,17,59861,11123,1525,86,629,94.0,152.5,2.62840449912109,4.988440484139095,25427.65,118.75,91.0,27.75,120,60,60,60.0,60.0,0.0,-3.0,0.0,60.0,60.0,0.0,1634046381.805306,0.0353989601135253,3.9446618556976314
267,0,1,0,0,3,2,52,2211110130,86,64,72,17,59861,29483,0,0,0,0,15,2211110130,17,59861,11123,1611,86,629,94.0,146.45454545454547,2.8035722882476786,5.952182256477409,23481.52066115702,110.5,90.0,20.5,172,52,60,60.0,57.333333333333336,-0.7071067811865493,-1.4999999999999982,14.222222222222223,60.0,56.0,4.0,1634046381.825003,0.0196969509124755,3.964358806610107
268,0,1,0,0,2,3,93,3232270721,127,47,113,17,29483,59861,0,0,0,0,15,2211110130,17,59861,11123,1738,86,629,94.0,144.83333333333334,2.955281776872745,6.869667164996411,21553.638888888887,127.0,90.0,37.0,265,52,93,60.0,66.25,1.0015891678238271,-0.7602016561348837,249.1875,68.25,58.0,10.25,1634046381.837057,0.0120542049407958,3.976413011550903
269,0,1,0,0,2,3,52,3232270721,86,47,72,17,29483,59861,0,0,0,0,15,2211110130,17,59861,11123,1824,86,629,94.0,140.30769230769232,3.1100430831191685,7.825657196809788,20141.44378698225,127.0,90.0,37.0,317,52,93,60.0,63.4,1.2970099932629895,-0.0169078553496588,231.84,60.0,52.0,8.0,1634046381.837112,5.4836273193359375e-05,3.9764678478240962
270,0,1,0,0,3,2,56,2211110130,90,64,76,17,59861,29483,0,0,0,0,15,2211110130,17,59861,11123,1914,86,629,94.0,136.71428571428572,3.259460788498705,8.790137723930629,18870.632653061224,118.75,90.0,28.75,373,52,93,58.0,62.16666666666666,1.5788815940514558,0.8302379705510168,200.8055555555556,60.0,53.0,7.0,1634046381.862232,0.0251200199127197,4.0015878677368155
271,0,1,0,0,2,3,80,3232270721,114,47,100,17,29483,59861,0,0,0,0,15,2211110130,17,59861,11123,2028,86,629,94.0,135.2,3.398526822286688,9.74061431383924,17644.693333333333,120.5,90.0,30.5,453,52,93,60.0,64.71428571428571,0.9886567116083592,-0.5828256867874435,211.06122448979596,70.0,54.0,16.0,1634046381.866943,0.0047109127044677,4.006298780441283
272,0,1,0,0,3,2,60,2211110130,94,64,80,17,59861,29483,0,0,0,0,15,2211110130,17,59861,11123,2122,86,629,94.0,132.625,3.536418601608984,10.708650773225491,16641.359375,117.25,90.0,27.25,513,52,93,60.0,64.125,1.160593014810947,-0.118206500146007,187.109375,65.0,55.0,10.0,1634046381.890952,0.0240092277526855,4.030308008193969
273,0,1,0,0,2,3,56,3232270721,90,47,76,17,29483,59861,0,0,0,0,15,2211110130,17,59861,11123,2212,86,629,94.0,130.11764705882354,3.668038704004668,11.67154394192338,15763.044982698962,114.0,90.0,24.0,569,52,93,60.0,63.22222222222222,1.3421025417824424,0.3585694285714291,172.8395061728395,60.0,56.0,4.0,1634046381.894568,0.0036158561706542,4.033923864364623
274,0,1,0,0,2,3,60,3232270721,94,47,80,17,29483,59861,0,0,0,0,15,2211110130,17,59861,11123,2306,86,629,94.0,128.11111111111111,3.79629596478813,12.640671469544236,14955.765432098771,109.0,90.0,19.0,629,52,93,60.0,62.9,1.4776300094801735,0.836012454363356,156.49,60.0,56.0,4.0,1634046381.894622,5.412101745605469e-05,4.033977985382079
275,0,1,0,0,3,2,408,2211110130,442,64,428,17,59861,29483,0,0,0,0,15,2211110130,17,59861,11123,2748,86,629,94.0,144.6315789473684,2.752668265090451,6.103214894914261,19081.28531855956,120.5,90.0,30.5,1037,52,408,60.0,94.27272727272728,2.7746562820224305,5.848505512126646,9984.743801652894,70.0,56.0,14.0,1634046381.898253,0.0036308765411376,4.037608861923217
276,0,1,0,0,2,3,80,3232270721,114,47,100,17,29483,59861,0,0,0,0,15,2211110130,17,59861,11123,2862,86,629,94.0,143.1,2.847294059872844,6.664143343164701,18171.789999999997,117.25,90.0,27.25,1117,52,408,60.0,93.08333333333331,2.927650017528583,6.764756596134026,9168.243055555557,80.0,56.0,24.0,1634046381.94181,0.0435569286346435,4.08116579055786
277,0,1,0,0,3,2,408,2211110130,442,64,428,17,59861,29483,0,0,0,0,15,2211110130,17,59861,11123,442,442,442,442.0,442.0,0.0,-3.0,0.0,442.0,442.0,0.0,1525,52,408,60.0,117.3076923076923,1.8821683101781008,1.6055302947017926,15504.828402366864,80.0,56.0,24.0,1634046381.948913,0.0071032047271728,4.088268995285033
278,0,1,0,0,2,3,93,3232270721,127,47,113,17,29483,59861,0,0,0,0,15,2211110130,17,59861,11123,569,127,442,284.5,284.5,0.0,-2.0,24806.25,363.25,205.75,157.5,1618,52,408,60.0,115.57142857142856,1.9880335624824717,2.0466896598306565,14436.530612244898,89.75,57.0,32.75,1634046381.955752,0.0068387985229492,4.0951077938079825
279,0,1,0,0,2,3,60,3232270721,94,47,80,17,29483,59861,0,0,0,0,15,2211110130,17,59861,11123,663,94,442,127.0,221.0,0.6837041672774491,-1.5,24602.0,284.5,110.5,174.0,1678,52,408,60.0,111.86666666666666,2.102506040912797,2.520081202618525,13666.248888888887,86.5,58.0,28.5,1634046381.957864,0.0021121501922607,4.097219944000243
280,0,1,0,0,3,2,60,2211110130,94,64,80,17,59861,29483,0,0,0,0,15,2211110130,17,59861,11123,757,94,442,110.5,189.25,1.1261513090560706,-0.6904959493931724,21475.6875,205.75,94.0,111.75,1738,52,408,60.0,108.625,2.211505979479189,2.995460155404219,12969.734375,83.25,59.0,24.25,1634046381.994877,0.0370130538940429,4.134232997894286
281,0,1,0,0,3,2,408,2211110130,442,64,428,17,59861,29483,0,0,0,0,15,2211110130,17,59861,11123,1199,94,442,127.0,239.8,0.3924145560843682,-1.825658113933439,27401.76,442.0,94.0,348.0,2146,52,408,60.0,126.23529411764706,1.6625912743293354,0.8206555449434307,17168.768166089965,93.0,60.0,33.0,1634046381.994877,0.0,4.134232997894286
282,0,1,0,0,3,2,12,1054003247,46,64,32,17,59861,10001,0,0,0,0,15,2211110130,17,59861,11123,1245,46,442,110.5,207.5,0.6432373196713008,-1.495724914547548,28051.25,363.25,94.0,269.25,2158,12,408,60.0,119.88888888888889,1.716756863862181,1.078296031532827,16899.65432098765,89.75,57.0,32.75,1634046382.006664,0.011786937713623,4.146019935607909
283,0,1,0,0,3,2,12,2342665647,46,64,32,17,59861,10001,0,0,0,0,15,2211110130,17,59861,11123,1291,46,442,94.0,184.42857142857144,0.8644831282725581,-1.1356878405337472,27237.67346938775,284.5,70.0,214.5,2170,12,408,60.0,114.21052631578948,1.773470559119451,1.3359198030238677,16590.587257617724,86.5,56.0,30.5,1634046382.006664,0.0,4.146019935607909
284,0,1,0,0,3,2,12,3338606794,46,64,32,17,59861,10001,0,0,0,0,15,2211110130,17,59861,11123,1337,46,442,94.0,167.125,1.0586146383496386,-0.7460003628547547,25928.859375,205.75,46.0,159.75,2182,12,408,60.0,109.1,1.831424588526981,1.5943794251294392,16257.289999999994,83.25,55.0,28.25,1634046382.006664,0.0,4.146019935607909
285,0,1,0,0,2,3,60,3232270721,94,47,80,17,29483,59861,0,0,0,0,15,2211110130,17,59861,11123,1431,46,442,94.0,159.0,1.2322085027363106,-0.3268621537906013,23576.0,127.0,46.0,81.0,60,60,60,60.0,60.0,0.0,-3.0,0.0,60.0,60.0,0.0,1634046382.01016,0.0034959316253662,4.1495158672332755
286,0,1,0,0,2,3,93,3232270721,127,47,113,17,29483,59861,0,0,0,0,15,2211110130,17,59861,11123,1558,46,442,94.0,155.8,1.3551643403684217,0.0606908402035211,21310.56,127.0,58.0,69.0,153,60,93,76.5,76.5,0.0,-2.0,272.25,84.75,68.25,16.5,1634046382.025785,0.015625,4.1651408672332755
287,0,1,0,0,3,2,52,2211110130,86,64,72,17,59861,29483,0,0,0,0,15,2211110130,17,59861,11123,1644,46,442,94.0,149.45454545454547,1.5024654610922956,0.4955356548632794,19775.884297520657,127.0,66.0,61.0,205,52,93,60.0,68.33333333333333,0.6008527311289572,-1.4999999999999991,314.88888888888886,76.5,56.0,20.5,1634046382.027159,0.0013740062713623,4.166514873504638
288,0,1,0,0,3,2,408,2211110130,442,64,428,17,59861,29483,0,0,0,0,15,2211110130,17,59861,11123,2086,46,442,94.0,173.83333333333334,1.057924593424197,-0.7390005187931274,24665.47222222222,205.75,76.0,129.75,613,52,408,76.5,153.25,1.118221138046,-0.6969811267081942,21868.6875,171.75,58.0,113.75,1634046382.030211,0.0030519962310791,4.169566869735717
289,0,1,0,0,2,3,60,3232270721,94,47,80,17,29483,59861,0,0,0,0,15,2211110130,17,59861,11123,2180,46,442,94.0,167.69230769230768,1.1789945471109848,-0.4590256031886111,23220.674556213016,127.0,86.0,41.0,673,52,408,60.0,134.6,1.461778543888938,0.1953145025492073,18886.24,93.0,60.0,33.0,1634046382.045446,0.0152349472045898,4.184801816940307
290,0,1,0,0,2,3,52,3232270721,86,47,72,17,29483,59861,0,0,0,0,15,2211110130,17,59861,11123,2266,46,442,94.0,161.85714285714286,1.29290970967263,-0.1718315958126752,22004.693877551013,127.0,86.0,41.0,725,52,408,60.0,120.83333333333331,1.744202380251847,1.114368919857264,16686.13888888889,84.75,54.0,30.75,1634046382.045502,5.602836608886719e-05,4.184857845306396
291,0,1,0,0,2,3,84,3232270721,118,47,104,17,29483,59861,0,0,0,0,15,2211110130,17,59861,11123,2384,46,442,94.0,158.93333333333334,1.3858179729255211,0.106031318083215,20657.39555555555,127.0,86.0,41.0,809,52,408,60.0,115.57142857142856,1.978817717523242,2.026527603751036,14468.5306122449,88.5,56.0,32.5,1634046382.059893,0.0143909454345703,4.199248790740966
292,0,1,0,0,3,2,56,2211110130,90,64,76,17,59861,29483,0,0,0,0,15,2211110130,17,59861,11123,2474,46,442,94.0,154.625,1.4857565673056994,0.4005199645044324,19644.734375,127.0,86.0,41.0,865,52,408,60.0,108.125,2.199871917332128,2.96527461041754,13048.109375,86.25,55.0,31.25,1634046382.07405,0.0141570568084716,4.213405847549438
293,0,1,0,0,3,2,408,2211110130,442,64,428,17,59861,29483,0,0,0,0,15,2211110130,17,59861,11123,2916,46,442,94.0,171.52941176470588,1.1627202491403337,-0.5154380197751669,23061.307958477515,127.0,86.0,41.0,1273,52,408,60.0,141.44444444444446,1.3056595208670476,-0.2495393064361795,20479.802469135804,93.0,56.0,37.0,1634046382.07405,0.0,4.213405847549438
294,0,1,0,0,2,3,56,3232270721,90,47,76,17,29483,59861,0,0,0,0,15,2211110130,17,59861,11123,3006,46,442,94.0,167.0,1.2504832417406666,-0.2998079193105121,22128.88888888889,127.0,87.0,40.0,1329,52,408,60.0,132.9,1.467954440581619,0.2040983142948373,19088.890000000003,90.75,56.0,34.75,1634046382.098836,0.0247859954833984,4.238191843032836
295,0,1,0,0,2,3,60,3232270721,94,47,80,17,29483,59861,0,0,0,0,15,2211110130,17,59861,11123,3100,46,442,94.0,163.1578947368421,1.3332118967098143,-0.0809305048671302,21229.922437673136,127.0,88.0,39.0,1389,52,408,60.0,126.27272727272728,1.6172838689403788,0.667356827481834,17792.743801652894,88.5,56.0,32.5,1634046382.098874,3.814697265625e-05,4.238229990005492
296,0,1,0,0,3,2,60,2211110130,94,64,80,17,59861,29483,0,0,0,0,15,2211110130,17,59861,11123,3194,46,442,94.0,159.7,1.412030340775738,0.1406211846620584,20395.61,127.0,89.0,38.0,1449,52,408,60.0,120.75,1.755586881687984,1.136503692174336,16645.520833333332,86.25,56.0,30.25,1634046382.099741,0.0008668899536132,4.239096879959106
297,0,1,0,0,3,2,408,2211110130,442,64,428,17,59861,29483,0,0,0,0,15,2211110130,17,59861,11123,442,442,442,442.0,442.0,0.0,-3.0,0.0,442.0,442.0,0.0,1857,52,408,60.0,142.84615384615384,1.2567038767439709,-0.3897238990052973,21223.97633136095,93.0,56.0,37.0,1634046382.114152,0.0144109725952148,4.25350785255432
298,0,1,0,0,2,3,60,3232270721,94,47,80,17,29483,59861,0,0,0,0,15,2211110130,17,59861,11123,536,94,442,268.0,268.0,0.0,-2.0,30276.0,355.0,181.0,174.0,1917,52,408,60.0,136.92857142857142,1.3711359117121982,-0.0880176126403129,20163.209183673465,90.75,57.0,33.75,1634046382.134036,0.0198841094970703,4.273391962051391
299,0,1,0,0,2,3,84,3232270721,118,47,104,17,29483,59861,0,0,0,0,15,2211110130,17,59861,11123,654,94,442,118.0,218.0,0.6949965319863264,-1.5,25184.0,280.0,106.0,174.0,2001,52,408,60.0,133.4,1.4728182203203846,0.2113301845318367,18993.306666666667,88.5,58.0,30.5,1634046382.134091,5.4836273193359375e-05,4.273446798324584
300,0,1,0,0,3,2,408,2211110130,442,64,428,17,59861,29483,0,0,0,0,15,2211110130,17,59861,11123,1096,94,442,280.0,274.0,-0.0076238696565571,-1.9898413068391507,28296.0,442.0,112.0,330.0,2409,52,408,60.0,150.5625,1.134575612262239,-0.6838434692297155,22224.49609375,171.75,59.0,112.75,1634046382.155402,0.0213110446929931,4.294757843017577
301,0,1,0,0,3,2,32,2211110130,66,64,52,17,59861,29483,0,0,0,0,15,2211110130,17,59861,11123,1162,66,442,118.0,232.4,0.3801934294186764,-1.8177392183317156,29559.04,442.0,94.0,348.0,2441,32,408,60.0,143.58823529411765,1.2186097187563614,-0.4704306576846733,21695.418685121105,93.0,56.0,37.0,1634046382.157014,0.0016119480133056,4.296369791030883
302,0,1,0,0,2,3,52,3232270721,86,48,72,17,10001,59861,0,0,0,0,15,2211110130,17,59861,11123,1248,66,442,106.0,208.0,0.6806827020511762,-1.5003087563473627,27609.33333333333,361.0,88.0,273.0,2493,32,408,60.0,138.5,1.3060546941054942,-0.2478531689241245,20930.25,90.75,56.0,34.75,1634046382.174013,0.0169990062713623,4.313368797302245
303,0,1,0,0,2,3,60,3232270721,94,47,80,17,29483,59861,0,0,0,0,15,2211110130,17,59861,11123,1342,66,442,94.0,191.7142857142857,0.9226139384582204,-1.1110064240847477,25256.48979591837,280.0,90.0,190.0,2553,32,408,60.0,134.3684210526316,1.3897098007963122,-0.0212444985657129,20135.91689750693,88.5,56.0,32.5,1634046382.175638,0.0016250610351562,4.3149938583374015
304,0,1,0,0,3,2,408,2211110130,442,64,428,17,59861,29483,0,0,0,0,15,2211110130,17,59861,11123,1784,66,442,106.0,223.0,0.4978198651032712,-1.7269713676201222,28951.0,442.0,92.0,350.0,2961,32,408,60.0,148.05,1.1305707865145922,-0.6862394450909437,22685.647499999995,171.75,56.0,115.75,1634046382.188616,0.0129780769348144,4.327971935272216
305,0,1,0,0,2,3,60,3232270721,94,47,80,17,29483,59861,0,0,0,0,15,2211110130,17,59861,11123,1878,66,442,94.0,208.66666666666663,0.6890654956780823,-1.4998994602799798,27377.777777777777,442.0,94.0,348.0,60,60,60,60.0,60.0,0.0,-3.0,0.0,60.0,60.0,0.0,1634046382.221079,0.0324630737304687,4.360435009002685
306,0,1,0,0,3,2,60,2211110130,94,64,80,17,59861,29483,0,0,0,0,15,2211110130,17,59861,11123,1972,66,442,94.0,197.2,0.8550875418987917,-1.243070389689582,25823.36,361.0,94.0,267.0,120,60,60,60.0,60.0,0.0,-3.0,0.0,60.0,60.0,0.0,1634046382.226981,0.00590181350708,4.366336822509765
307,0,1,0,0,3,2,416,2211110130,450,64,436,17,59861,29483,0,0,0,0,15,2211110130,17,59861,11123,2422,66,450,94.0,220.1818181818182,0.5535896364915865,-1.6737448274151066,28757.42148760331,442.0,94.0,348.0,536,60,416,60.0,178.66666666666666,0.7071067811865475,-1.5000000000000002,28163.55555555556,238.0,60.0,178.0,1634046382.226981,0.0,4.366336822509765
308,0,1,0,0,2,3,60,3232270721,94,47,80,17,29483,59861,0,0,0,0,15,2211110130,17,59861,11123,2516,66,450,94.0,209.66666666666663,0.6940346032910147,-1.498491434545947,27577.222222222223,442.0,94.0,348.0,596,60,416,60.0,149.0,1.1547005383792517,-0.6666666666666665,23763.0,149.0,60.0,89.0,1634046382.257768,0.0307869911193847,4.3971238136291495
309,0,1,0,0,2,3,52,3232270721,86,47,72,17,29483,59861,0,0,0,0,15,2211110130,17,59861,11123,2602,66,450,94.0,200.15384615384616,0.8202246181696364,-1.3071015160374069,26541.822485207107,442.0,94.0,348.0,648,52,416,60.0,129.6,1.49823247806795,0.2476874953794676,20515.84,60.0,60.0,0.0,1634046382.257823,5.507469177246094e-05,4.397178888320922
310,0,1,0,0,3,2,56,2211110130,90,64,76,17,59861,29483,0,0,0,0,15,2211110130,17,59861,11123,2692,66,450,94.0,192.28571428571428,0.9356998566175048,-1.1041269657578905,25450.77551020408,361.0,91.0,270.0,704,52,416,60.0,117.33333333333331,1.7869207610461402,1.196576304344377,17848.88888888889,60.0,57.0,3.0,1634046382.279122,0.021299123764038,4.41847801208496
311,0,1,0,0,3,2,408,2211110130,442,64,428,17,59861,29483,0,0,0,0,15,2211110130,17,59861,11123,3134,66,450,94.0,208.9333333333333,0.6964354306077049,-1.4988663012456986,27634.062222222223,442.0,92.0,350.0,1112,52,416,60.0,158.85714285714286,0.9483233548394052,-1.0983914083726904,25644.4081632653,234.0,58.0,176.0,1634046382.279122,0.0,4.41847801208496
312,0,1,0,0,2,3,56,3232270721,90,47,76,17,29483,59861,0,0,0,0,15,2211110130,17,59861,11123,3224,66,450,94.0,201.5,0.7985137477577897,-1.346233070406286,26735.75,442.0,90.0,352.0,1168,52,416,60.0,146.0,1.1543056147614756,-0.6651527186707153,23596.0,147.0,56.0,91.0,1634046382.292374,0.013251781463623,4.431729793548583
313,0,1,0,0,2,3,60,3232270721,94,47,80,17,29483,59861,0,0,0,0,15,2211110130,17,59861,11123,3318,66,450,94.0,195.1764705882353,0.8931957226997894,-1.1857837014717745,25802.851211072662,442.0,90.0,352.0,1228,52,416,60.0,136.44444444444446,1.335794430901012,-0.2129215148696488,21704.69135802469,60.0,56.0,4.0,1634046382.292429,5.507469177246094e-05,4.431784868240356
314,0,1,0,0,3,2,408,2211110130,442,64,428,17,59861,29483,0,0,0,0,15,2211110130,17,59861,11123,3760,66,450,94.0,208.88888888888889,0.6981476717905362,-1.4989988871025757,27565.87654320988,442.0,91.0,351.0,1636,52,416,60.0,163.6,0.8726610777487042,-1.2365784869679268,26171.04,321.0,57.0,264.0,1634046382.298017,0.0055880546569824,4.437372922897338
315,0,1,0,0,3,2,1096,2211110130,1130,64,1116,17,59861,29483,0,0,0,0,15,2211110130,17,59861,11123,4890,66,1130,94.0,257.3684210526316,1.9050730052998497,3.704594997932994,68419.81163434903,442.0,92.0,350.0,2732,52,1096,60.0,248.3636363636364,1.7621489729973985,2.243313676372045,95640.5950413223,408.0,58.0,350.0,1634046382.303997,0.0059800148010253,4.443352937698363
316,0,1,0,0,3,2,1096,2211110130,1130,64,1116,17,59861,29483,0,0,0,0,15,2211110130,17,59861,11123,6020,66,1130,94.0,301.0,1.6249374865965271,1.7409445369891683,101169.4,442.0,93.0,349.0,3828,52,1096,60.0,319.0,1.262771256180249,0.1240543408528287,142555.0,410.0,59.0,351.0,1634046382.329484,0.025486946105957,4.46883988380432
317,0,1,0,0,3,2,60,2211110130,94,64,80,17,59861,29483,0,0,0,0,15,2211110130,17,59861,11123,94,94,94,94.0,94.0,0.0,-3.0,0.0,94.0,94.0,0.0,3888,52,1096,60.0,299.0769230769231,1.381545130375536,0.4513742596941505,136352.37869822487,408.0,60.0,348.0,1634046382.329484,0.0,4.46883988380432
318,0,1,0,0,3,2,1096,2211110130,1130,64,1116,17,59861,29483,0,0,0,0,15,2211110130,17,59861,11123,1224,94,1130,612.0,612.0,0.0,-2.0,268324.0,871.0,353.0,518.0,4984,52,1096,60.0,356.0,1.0350667844506445,-0.5847100767545563,168736.0,414.0,60.0,354.0,1634046382.330952,0.0014679431915283,4.470307826995849
319,0,1,0,0,3,2,1096,2211110130,1130,64,1116,17,59861,29483,0,0,0,0,15,2211110130,17,59861,11123,2354,94,1130,1130.0,784.6666666666666,-0.7071067811865472,-1.5,238510.22222222225,1130.0,612.0,518.0,6080,52,1096,60.0,405.3333333333333,0.7812906533513629,-1.1347705330461424,191559.82222222225,756.0,60.0,696.0,1634046382.334586,0.003633975982666,4.473941802978515
320,0,1,0,0,2,3,60,3232270721,94,47,80,17,29483,59861,0,0,0,0,15,2211110130,17,59861,11123,2448,94,1130,612.0,612.0,0.0,-2.0,268324.0,1130.0,94.0,1036.0,6140,52,1096,60.0,383.75,0.8800999995301071,-0.970203789413738,186574.9375,586.0,60.0,526.0,1634046382.340199,0.005613088607788,4.479554891586303
321,0,1,0,0,3,2,1096,2211110130,1130,64,1116,17,59861,29483,0,0,0,0,15,2211110130,17,59861,11123,3578,94,1130,1130.0,715.6,-0.4082482904638631,-1.8333333333333333,257591.04000000004,1130.0,94.0,1036.0,7236,52,1096,60.0,425.6470588235294,0.6780871436345088,-1.3357815031754263,203685.75778546717,1096.0,60.0,1036.0,1634046382.347198,0.0069990158081054,4.486553907394408
322,0,1,0,0,2,3,60,3232270721,94,47,80,17,29483,59861,0,0,0,0,15,2211110130,17,59861,11123,3672,94,1130,612.0,612.0,0.0,-2.0,268324.0,1130.0,94.0,1036.0,7296,52,1096,60.0,405.3333333333333,0.767315782286295,-1.2075111195063613,199384.8888888889,926.0,60.0,866.0,1634046382.355584,0.0083858966827392,4.4949398040771475
323,0,1,0,0,3,2,1096,2211110130,1130,64,1116,17,59861,29483,0,0,0,0,15,2211110130,17,59861,11123,4802,94,1130,1130.0,686.0,-0.2886751345948128,-1.9166666666666667,262848.0,1130.0,94.0,1036.0,8392,52,1096,60.0,441.6842105263158,0.5996998661887946,-1.4690893084176333,212675.90027700827,1096.0,60.0,1036.0,1634046382.36227,0.0066862106323242,4.501626014709472
324,0,1,0,0,2,3,60,3232270721,94,47,80,17,29483,59861,0,0,0,0,15,2211110130,17,59861,11123,4896,94,1130,612.0,612.0,0.0,-2.0,268324.0,1130.0,94.0,1036.0,8452,52,1096,60.0,422.6,0.6811826079578556,-1.3658836632521223,208962.04000000004,1096.0,60.0,1036.0,1634046382.367429,0.0051589012145996,4.506784915924071
325,0,1,0,0,3,2,1096,2211110130,1130,64,1116,17,59861,29483,0,0,0,0,15,2211110130,17,59861,11123,6026,94,1130,1130.0,669.5555555555555,-0.2236067977499788,-1.9500000000000004,265011.3580246914,1130.0,94.0,1036.0,1096,1096,1096,1096.0,1096.0,0.0,-3.0,0.0,1096.0,1096.0,0.0,1634046382.373546,0.0061168670654296,4.512901782989501
326,0,1,0,0,2,3,60,3232270721,94,47,80,17,29483,59861,0,0,0,0,15,2211110130,17,59861,11123,6120,94,1130,612.0,612.0,0.0,-2.0,268324.0,1130.0,94.0,1036.0,1156,60,1096,578.0,578.0,0.0,-2.0,268324.0,837.0,319.0,518.0,1634046382.386934,0.0133881568908691,4.52628993988037
327,0,1,0,0,3,2,1096,2211110130,1130,64,1116,17,59861,29483,0,0,0,0,15,2211110130,17,59861,11123,7250,94,1130,1130.0,659.0909090909091,-0.1825741858350555,-1.9666666666666668,266106.4462809917,1130.0,94.0,1036.0,2252,60,1096,1096.0,750.6666666666666,-0.7071067811865472,-1.5,238510.22222222225,1096.0,578.0,518.0,1634046382.391968,0.0050339698791503,4.531323909759521
328,0,1,0,0,2,3,60,3232270721,94,47,80,17,29483,59861,0,0,0,0,15,2211110130,17,59861,11123,7344,94,1130,612.0,612.0,0.0,-2.0,268324.0,1130.0,94.0,1036.0,2312,60,1096,578.0,578.0,0.0,-2.0,268324.0,1096.0,60.0,1036.0,1634046382.403947,0.0119791030883789,4.5433030128478995
329,0,1,0,0,3,2,1096,2211110130,1130,64,1116,17,59861,29483,0,0,0,0,15,2211110130,17,59861,11123,8474,94,1130,1130.0,651.8461538461538,-0.1543033499620916,-1.9761904761904765,266736.2840236687,1130.0,94.0,1036.0,3408,60,1096,1096.0,681.6,-0.4082482904638631,-1.8333333333333333,257591.04000000004,1096.0,60.0,1036.0,1634046382.404003,5.5789947509765625e-05,4.543358802795409
330,0,1,0,0,3,2,1116,2211110130,1150,64,1136,17,59861,29483,0,0,0,0,15,2211110130,17,59861,11123,9624,94,1150,1130.0,687.4285714285714,-0.2883855054606561,-1.916436192618721,264143.1020408164,1130.0,94.0,1036.0,4524,60,1116,1096.0,754.0,-0.7064420849866182,-1.4999879518889294,240868.0,1096.0,319.0,777.0,1634046382.405129,0.0011260509490966,4.544484853744506
331,0,1,0,0,3,2,1096,2211110130,1130,64,1116,17,59861,29483,0,0,0,0,15,2211110130,17,59861,11123,10754,94,1150,1130.0,716.9333333333333,-0.407964976021607,-1.833171408878288,258720.9955555555,1130.0,94.0,1036.0,5620,60,1116,1096.0,802.8571428571429,-0.9479905532977596,-1.1002763308153758,220780.40816326533,1096.0,578.0,518.0,1634046382.405129,0.0,4.544484853744506
332,0,1,0,0,3,2,1096,2211110130,1130,64,1116,17,59861,29483,0,0,0,0,15,2211110130,17,59861,11123,11884,94,1150,1130.0,742.75,-0.5161189128275405,-1.7332294293330672,252548.4375,1130.0,94.0,1036.0,6716,60,1116,1096.0,839.5,-1.153982009919004,-0.6672008214901801,202581.75,1096.0,837.0,259.0,1634046382.414784,0.0096549987792968,4.554139852523803
333,0,1,0,0,3,2,1096,2211110130,1130,64,1116,17,59861,29483,0,0,0,0,15,2211110130,17,59861,11123,13014,94,1150,1130.0,765.5294117647059,-0.6151816605612651,-1.621158759671699,245995.07266435985,1130.0,94.0,1036.0,7812,60,1116,1096.0,868.0,-1.3355627998434974,-0.2150585323034595,186570.66666666663,1096.0,1096.0,0.0,1634046382.414784,0.0,4.554139852523803
334,0,1,0,0,3,2,1096,2211110130,1130,64,1116,17,59861,29483,0,0,0,0,15,2211110130,17,59861,11123,14144,94,1150,1130.0,785.7777777777778,-0.7068330234347461,-1.4999916983530008,239298.61728395065,1130.0,94.0,1036.0,8908,60,1116,1096.0,890.8,-1.4992322687319857,0.2490010791471557,172592.16,1096.0,1096.0,0.0,1634046382.415247,0.0004630088806152,4.554602861404418
335,0,1,0,0,2,3,60,3232270721,94,47,80,17,29483,59861,0,0,0,0,15,2211110130,17,59861,11123,14238,94,1150,1130.0,749.3684210526316,-0.5453026712670279,-1.7023033529731395,250565.49584487535,1130.0,94.0,1036.0,8968,60,1116,1096.0,815.2727272727273,-1.020115032948177,-0.958593993185246,213945.652892562,1096.0,578.0,518.0,1634046382.416065,0.0008180141448974,4.5554208755493155
336,0,1,0,0,3,2,1096,2211110130,1130,64,1116,17,59861,29483,0,0,0,0,15,2211110130,17,59861,11123,15368,94,1150,1130.0,768.4,-0.6287312787979361,-1.604354819254194,244919.04,1130.0,94.0,1036.0,10064,60,1116,1096.0,838.6666666666666,-1.1541877197643815,-0.6670456292639777,202136.8888888889,1096.0,837.0,259.0,1634046382.423073,0.0070080757141113,4.562428951263427
337,0,1,0,0,3,2,1096,2211110130,1130,64,1116,17,59861,29483,0,0,0,0,15,2211110130,17,59861,11123,1130,1130,1130,1130.0,1130.0,0.0,-3.0,0.0,1130.0,1130.0,0.0,11160,60,1116,1096.0,858.4615384615385,-1.2774986362464282,-0.3671566822695435,191289.94082840235,1096.0,1096.0,0.0,1634046382.423073,0.0,4.562428951263427
338,0,1,0,0,3,2,1096,2211110130,1130,64,1116,17,59861,29483,0,0,0,0,15,2211110130,17,59861,11123,2260,1130,1130,1130.0,1130.0,0.0,-3.0,0.0,1130.0,1130.0,0.0,12256,60,1116,1096.0,875.4285714285714,-1.392092244861817,-0.061201864623122,181368.8163265306,1096.0,1096.0,0.0,1634046382.423821,0.0007479190826416,4.5631768703460684
339,0,1,0,0,3,2,52,2211110130,86,64,72,17,59861,29483,0,0,0,0,15,2211110130,17,59861,11123,2346,86,1130,1130.0,782.0,-0.7071067811865475,-1.5,242208.0,1130.0,608.0,522.0,12308,52,1116,1096.0,820.5333333333333,-1.0549482448796534,-0.8864015622333627,211466.38222222225,1096.0,578.0,518.0,1634046382.426774,0.0029530525207519,4.56612992286682
340,0,1,0,0,2,3,60,3232270721,94,47,80,17,29483,59861,0,0,0,0,15,2211110130,17,59861,11123,2440,86,1130,612.0,610.0,-8.875345765765763e-05,-1.999881662931711,270408.0,1130.0,92.0,1038.0,12368,52,1116,1096.0,773.0,-0.8087644388892758,-1.345365283080272,232141.0,1096.0,60.0,1036.0,1634046382.430885,0.0041110515594482,4.570240974426269
341,0,1,0,0,3,2,1096,2211110130,1130,64,1116,17,59861,29483,0,0,0,0,15,2211110130,17,59861,11123,3570,86,1130,1130.0,714.0,-0.4083237772777952,-1.8331689750784217,259590.4,1130.0,94.0,1036.0,13464,52,1116,1096.0,792.0,-0.903420471859794,-1.183288048863717,224261.64705882352,1096.0,60.0,1036.0,1634046382.436767,0.0058820247650146,4.576122999191283
342,0,1,0,0,3,2,1096,2211110130,1130,64,1116,17,59861,29483,0,0,0,0,15,2211110130,17,59861,11123,4700,86,1130,1130.0,783.3333333333334,-0.7071773847825287,-1.4998003039817849,240360.88888888888,1130.0,353.0,777.0,14560,52,1116,1096.0,808.8888888888889,-0.992001467517342,-1.015379700678127,216651.6543209876,1096.0,319.0,777.0,1634046382.436767,0.0,4.576122999191283
343,0,1,0,0,3,2,1096,2211110130,1130,64,1116,17,59861,29483,0,0,0,0,15,2211110130,17,59861,11123,5830,86,1130,1130.0,832.8571428571429,-0.948752061267114,-1.0997680562582637,220739.26530612243,1130.0,612.0,518.0,15656,52,1116,1096.0,824.0,-1.0754281679727793,-0.8428898004120078,209359.15789473685,1096.0,578.0,518.0,1634046382.437308,0.0005409717559814,4.576663970947265
344,0,1,0,0,3,2,1096,2211110130,1130,64,1116,17,59861,29483,0,0,0,0,15,2211110130,17,59861,11123,6960,86,1130,1130.0,870.0,-1.1547688616650316,-0.6664036915137879,202804.0,1130.0,871.0,259.0,16752,52,1116,1096.0,837.6,-1.1544214696177797,-0.6667346864019308,202405.44,1096.0,837.0,259.0,1634046382.437308,0.0,4.576663970947265
345,0,1,0,0,2,3,60,3232270721,94,47,80,17,29483,59861,0,0,0,0,15,2211110130,17,59861,11123,7054,86,1130,1130.0,783.7777777777778,-0.7071698091031485,-1.4998214258251985,239744.3950617284,1130.0,94.0,1036.0,60,60,60,60.0,60.0,0.0,-3.0,0.0,60.0,60.0,0.0,1634046382.447511,0.0102028846740722,4.586866855621337
346,0,1,0,0,3,2,60,2211110130,94,64,80,17,59861,29483,0,0,0,0,15,2211110130,17,59861,11123,7148,86,1130,1130.0,714.8,-0.4083052705003555,-1.8332088713657384,258591.36,1130.0,94.0,1036.0,120,60,60,60.0,60.0,0.0,-3.0,0.0,60.0,60.0,0.0,1634046382.459723,0.0122120380401611,4.599078893661498
347,0,1,0,0,3,2,1096,2211110130,1130,64,1116,17,59861,29483,0,0,0,0,15,2211110130,17,59861,11123,8278,86,1130,1130.0,752.5454545454545,-0.567001422256404,-1.6784331763075897,249330.24793388427,1130.0,94.0,1036.0,1216,60,1096,60.0,405.3333333333333,0.7071067811865478,-1.5,238510.22222222225,578.0,60.0,518.0,1634046382.459723,0.0,4.599078893661498
348,0,1,0,0,3,2,1096,2211110130,1130,64,1116,17,59861,29483,0,0,0,0,15,2211110130,17,59861,11123,9408,86,1130,1130.0,784.0,-0.7071600751621068,-1.4998488751310364,239436.0,1130.0,94.0,1036.0,2312,60,1096,578.0,578.0,0.0,-2.0,268324.0,1096.0,60.0,1036.0,1634046382.460341,0.0006179809570312,4.599696874618529
349,0,1,0,0,3,2,1096,2211110130,1130,64,1116,17,59861,29483,0,0,0,0,15,2211110130,17,59861,11123,10538,86,1130,1130.0,810.6153846153846,-0.8333857505411861,-1.305392091309516,229518.3905325444,1130.0,94.0,1036.0,3408,60,1096,1096.0,681.6,-0.4082482904638631,-1.8333333333333333,257591.04000000004,1096.0,60.0,1036.0,1634046382.460341,0.0,4.599696874618529
350,0,1,0,0,3,2,1096,2211110130,1130,64,1116,17,59861,29483,0,0,0,0,15,2211110130,17,59861,11123,11668,86,1130,1130.0,833.4285714285714,-0.9487352028219656,-1.0998245272106726,219889.95918367343,1130.0,353.0,777.0,4504,60,1096,1096.0,750.6666666666666,-0.707106781186547,-1.5000000000000009,238510.22222222228,1096.0,319.0,777.0,1634046382.460341,0.0,4.599696874618529
351,0,1,0,0,3,2,1096,2211110130,1130,64,1116,17,59861,29483,0,0,0,0,15,2211110130,17,59861,11123,12798,86,1130,1130.0,853.2,-1.0553413530010274,-0.8861763710934496,210703.35999999996,1130.0,612.0,518.0,5600,60,1096,1096.0,800.0,-0.948683298050514,-1.1,219040.0,1096.0,578.0,518.0,1634046382.460844,0.0005030632019042,4.600199937820434
352,0,1,0,0,3,2,1096,2211110130,1130,64,1116,17,59861,29483,0,0,0,0,15,2211110130,17,59861,11123,13928,86,1130,1130.0,870.5,-1.154752111060549,-0.6664677559633141,202023.75,1130.0,871.0,259.0,6696,60,1096,1096.0,837.0,-1.1547005383792517,-0.6666666666666665,201243.0,1096.0,837.0,259.0,1634046382.460844,0.0,4.600199937820434
353,0,1,0,0,2,3,60,3232270721,94,47,80,17,29483,59861,0,0,0,0,15,2211110130,17,59861,11123,14022,86,1130,1130.0,824.8235294117648,-0.9037406079872906,-1.183187414063157,223521.4394463668,1130.0,94.0,1036.0,6756,60,1096,1096.0,750.6666666666666,-0.7071067811865472,-1.5000000000000004,238510.22222222225,1096.0,60.0,1036.0,1634046382.464523,0.0036790370941162,4.60387897491455
354,0,1,0,0,2,3,52,3232270721,86,47,72,17,29483,59861,0,0,0,0,15,2211110130,17,59861,11123,14108,86,1130,1130.0,783.7777777777778,-0.7071698091031485,-1.4998214258251987,239744.3950617284,1130.0,94.0,1036.0,6808,52,1096,1096.0,680.8,-0.4083052705003555,-1.8332088713657384,258591.36,1096.0,60.0,1036.0,1634046382.464578,5.4836273193359375e-05,4.603933811187743
355,0,1,0,0,3,2,56,2211110130,90,64,76,17,59861,29483,0,0,0,0,15,2211110130,17,59861,11123,14198,86,1130,1130.0,747.2631578947369,-0.545601406785654,-1.7022405638540443,251125.98337950133,1130.0,94.0,1036.0,6864,52,1096,1096.0,624.0,-0.1826267241338311,-1.9665768962810264,267345.45454545453,1096.0,60.0,1036.0,1634046382.474211,0.0096330642700195,4.613566875457763
356,0,1,0,0,3,2,1096,2211110130,1130,64,1116,17,59861,29483,0,0,0,0,15,2211110130,17,59861,11123,15328,86,1130,1130.0,766.4,-0.6290266012274627,-1.6042474796478925,245527.84,1130.0,94.0,1036.0,7960,52,1096,1096.0,663.3333333333334,-0.3381113192404677,-1.8856134108808424,262084.8888888889,1096.0,60.0,1036.0,1634046382.474211,0.0,4.613566875457763
357,0,1,0,0,3,2,1096,2211110130,1130,64,1116,17,59861,29483,0,0,0,0,15,2211110130,17,59861,11123,1130,1130,1130,1130.0,1130.0,0.0,-3.0,0.0,1130.0,1130.0,0.0,9056,52,1096,1096.0,696.6153846153846,-0.4743893108109681,-1.7748892458714427,255216.85207100588,1096.0,60.0,1036.0,1634046382.47503,0.0008189678192138,4.614385843276977
358,0,1,0,0,3,2,1096,2211110130,1130,64,1116,17,59861,29483,0,0,0,0,15,2211110130,17,59861,11123,2260,1130,1130,1130.0,1130.0,0.0,-3.0,0.0,1130.0,1130.0,0.0,10152,52,1096,1096.0,725.1428571428571,-0.5963311185543902,-1.6443245231148893,247566.693877551,1096.0,60.0,1036.0,1634046382.47503,0.0,4.614385843276977
359,0,1,0,0,3,2,1116,2211110130,1150,64,1136,17,59861,29483,0,0,0,0,15,2211110130,17,59861,11123,3410,1130,1150,1130.0,1136.6666666666667,0.7071067811865238,-1.5000000000000222,88.88888888888887,1140.0,1130.0,10.0,11268,52,1116,1096.0,751.2,-0.7068313180382275,-1.49986256764285,240567.89333333337,1096.0,60.0,1036.0,1634046382.47503,0.0,4.614385843276977
360,0,1,0,0,2,3,56,3232270721,90,47,76,17,29483,59861,0,0,0,0,15,2211110130,17,59861,11123,3500,90,1150,1130.0,875.0,-1.153571970496881,-0.6675206068407102,205475.0,1135.0,870.0,265.0,11324,52,1116,1096.0,707.75,-0.5161610838935069,-1.7331317023525354,253850.9375,1096.0,60.0,1036.0,1634046382.476241,0.0012111663818359,4.615597009658813
361,0,1,0,0,2,3,60,3232270721,94,47,80,17,29483,59861,0,0,0,0,15,2211110130,17,59861,11123,3594,90,1150,1130.0,718.8,-0.4076410534567115,-1.8329446800777724,261973.75999999995,1130.0,94.0,1036.0,11384,52,1116,1096.0,669.6470588235294,-0.3583605698041021,-1.8711786057885835,262147.875432526,1096.0,60.0,1036.0,1634046382.476292,5.078315734863281e-05,4.615647792816161
362,0,1,0,0,3,2,1096,2211110130,1130,64,1116,17,59861,29483,0,0,0,0,15,2211110130,17,59861,11123,4724,90,1150,1130.0,787.3333333333334,-0.706462188443984,-1.4999384065495431,241795.5555555556,1130.0,353.0,777.0,12480,52,1116,1096.0,693.3333333333334,-0.4556375967826702,-1.791999066813545,257121.77777777775,1096.0,60.0,1036.0,1634046382.476334,4.220008850097656e-05,4.615689992904662
363,0,1,0,0,3,2,1096,2211110130,1130,64,1116,17,59861,29483,0,0,0,0,15,2211110130,17,59861,11123,5854,90,1150,1130.0,836.2857142857143,-0.9480103439682376,-1.1002175573166908,221631.34693877556,1130.0,612.0,518.0,13576,52,1116,1096.0,714.5263157894736,-0.5453424504498194,-1.7022078203987543,251673.61772853183,1096.0,60.0,1036.0,1634046382.476334,0.0,4.615689992904662
364,0,1,0,0,3,2,1096,2211110130,1130,64,1116,17,59861,29483,0,0,0,0,15,2211110130,17,59861,11123,6984,90,1150,1130.0,873.0,-1.1540018148703026,-0.6671332489155342,203363.0,1130.0,871.0,259.0,14672,52,1116,1096.0,733.6,-0.6287703861404175,-1.6042538157487414,246002.24,1096.0,60.0,1036.0,1634046382.476334,0.0,4.615689992904662
365,0,1,0,0,3,2,1096,2211110130,1130,64,1116,17,59861,29483,0,0,0,0,15,2211110130,17,59861,11123,8114,90,1150,1130.0,901.5555555555557,-1.33558279251397,-0.2149823832725661,187290.46913580247,1130.0,1130.0,0.0,1096,1096,1096,1096.0,1096.0,0.0,-3.0,0.0,1096.0,1096.0,0.0,1634046382.476334,0.0,4.615689992904662
366,0,1,0,0,3,2,1096,2211110130,1130,64,1116,17,59861,29483,0,0,0,0,15,2211110130,17,59861,11123,9244,90,1150,1130.0,924.4,-1.4992525481442738,0.2490856760349995,173258.24,1130.0,1130.0,0.0,2192,1096,1096,1096.0,1096.0,0.0,-3.0,0.0,1096.0,1096.0,0.0,1634046382.488238,0.0119040012359619,4.627593994140624
367,0,1,0,0,3,2,1096,2211110130,1130,64,1116,17,59861,29483,0,0,0,0,15,2211110130,17,59861,11123,10374,90,1150,1130.0,943.0909090909092,-1.6491448701823852,0.721098768835029,161000.9917355372,1130.0,1130.0,0.0,3288,1096,1096,1096.0,1096.0,0.0,-3.0,0.0,1096.0,1096.0,0.0,1634046382.488238,0.0,4.627593994140624
368,0,1,0,0,3,2,1096,2211110130,1130,64,1116,17,59861,29483,0,0,0,0,15,2211110130,17,59861,11123,11504,90,1150,1130.0,958.6666666666666,-1.7880604215558744,1.1986734904662493,150252.88888888888,1130.0,1130.0,0.0,4384,1096,1096,1096.0,1096.0,0.0,-3.0,0.0,1096.0,1096.0,0.0,1634046382.489589,0.0013508796691894,4.628944873809814
369,0,1,0,0,3,2,1096,2211110130,1130,64,1116,17,59861,29483,0,0,0,0,15,2211110130,17,59861,11123,12634,90,1150,1130.0,971.8461538461538,-1.9179899535904992,1.6802930836127583,140779.36094674555,1130.0,1130.0,0.0,5480,1096,1096,1096.0,1096.0,0.0,-3.0,0.0,1096.0,1096.0,0.0,1634046382.489589,0.0,4.628944873809814
370,0,1,0,0,3,2,1096,2211110130,1130,64,1116,17,59861,29483,0,0,0,0,15,2211110130,17,59861,11123,13764,90,1150,1130.0,983.1428571428572,-2.0404028869578306,2.164946356154439,132382.69387755104,1130.0,1130.0,0.0,6576,1096,1096,1096.0,1096.0,0.0,-3.0,0.0,1096.0,1096.0,0.0,1634046382.489589,0.0,4.628944873809814
371,0,1,0,0,3,2,1096,2211110130,1130,64,1116,17,59861,29483,0,0,0,0,15,2211110130,17,59861,11123,14894,90,1150,1130.0,992.9333333333332,-2.156417297338416,2.651933241991472,124899.12888888892,1130.0,1130.0,0.0,7672,1096,1096,1096.0,1096.0,0.0,-3.0,0.0,1096.0,1096.0,0.0,1634046382.489589,0.0,4.628944873809814
372,0,1,0,0,3,2,1096,2211110130,1130,64,1116,17,59861,29483,0,0,0,0,15,2211110130,17,59861,11123,16024,90,1150,1130.0,1001.5,-2.266905458275907,3.140753688757365,118193.75,1130.0,1130.0,0.0,8768,1096,1096,1096.0,1096.0,0.0,-3.0,0.0,1096.0,1096.0,0.0,1634046382.495112,0.0055229663848876,4.634467840194701
373,0,1,0,0,3,2,1096,2211110130,1130,64,1116,17,59861,29483,0,0,0,0,15,2211110130,17,59861,11123,17154,90,1150,1130.0,1009.0588235294116,-2.3725622629571923,3.631040988611231,112155.34948096886,1130.0,1130.0,0.0,9864,1096,1096,1096.0,1096.0,0.0,-3.0,0.0,1096.0,1096.0,0.0,1634046382.495804,0.0006921291351318,4.635159969329833
374,0,1,0,0,3,2,1096,2211110130,1130,64,1116,17,59861,29483,0,0,0,0,15,2211110130,17,59861,11123,18284,90,1150,1130.0,1015.7777777777778,-2.473951209295489,4.122520109124643,106691.95061728396,1130.0,1130.0,0.0,10960,1096,1096,1096.0,1096.0,0.0,-3.0,0.0,1096.0,1096.0,0.0,1634046382.495804,0.0,4.635159969329833
375,0,1,0,0,3,2,1096,2211110130,1130,64,1116,17,59861,29483,0,0,0,0,15,2211110130,17,59861,11123,19414,90,1150,1130.0,1021.7894736842104,-2.5715362650208475,4.614980730490767,101727.1135734072,1130.0,1130.0,0.0,12056,1096,1096,1096.0,1096.0,0.0,-3.0,0.0,1096.0,1096.0,0.0,1634046382.496283,0.000478982925415,4.635638952255248
376,0,1,0,0,3,2,1096,2211110130,1130,64,1116,17,59861,29483,0,0,0,0,15,2211110130,17,59861,11123,20544,90,1150,1130.0,1027.2,-2.665704535720946,5.108259270111724,97196.96,1130.0,1130.0,0.0,13152,1096,1096,1096.0,1096.0,0.0,-3.0,0.0,1096.0,1096.0,0.0,1634046382.496283,0.0,4.635638952255248
377,0,1,0,0,3,2,1096,2211110130,1130,64,1116,17,59861,29483,0,0,0,0,15,2211110130,17,59861,11123,1130,1130,1130,1130.0,1130.0,0.0,-3.0,0.0,1130.0,1130.0,0.0,14248,1096,1096,1096.0,1096.0,0.0,-3.0,0.0,1096.0,1096.0,0.0,1634046382.496283,0.0,4.635638952255248
378,0,1,0,0,3,2,1096,2211110130,1130,64,1116,17,59861,29483,0,0,0,0,15,2211110130,17,59861,11123,2260,1130,1130,1130.0,1130.0,0.0,-3.0,0.0,1130.0,1130.0,0.0,15344,1096,1096,1096.0,1096.0,0.0,-3.0,0.0,1096.0,1096.0,0.0,1634046382.501888,0.0056049823760986,4.641243934631347
379,0,1,0,0,3,2,1096,2211110130,1130,64,1116,17,59861,29483,0,0,0,0,15,2211110130,17,59861,11123,3390,1130,1130,1130.0,1130.0,0.0,-3.0,0.0,1130.0,1130.0,0.0,16440,1096,1096,1096.0,1096.0,0.0,-3.0,0.0,1096.0,1096.0,0.0,1634046382.501888,0.0,4.641243934631347
380,0,1,0,0,3,2,1096,2211110130,1130,64,1116,17,59861,29483,0,0,0,0,15,2211110130,17,59861,11123,4520,1130,1130,1130.0,1130.0,0.0,-3.0,0.0,1130.0,1130.0,0.0,17536,1096,1096,1096.0,1096.0,0.0,-3.0,0.0,1096.0,1096.0,0.0,1634046382.501888,0.0,4.641243934631347
381,0,1,0,0,3,2,1096,2211110130,1130,64,1116,17,59861,29483,0,0,0,0,15,2211110130,17,59861,11123,5650,1130,1130,1130.0,1130.0,0.0,-3.0,0.0,1130.0,1130.0,0.0,18632,1096,1096,1096.0,1096.0,0.0,-3.0,0.0,1096.0,1096.0,0.0,1634046382.50262,0.0007319450378417,4.641975879669189
382,0,1,0,0,3,2,1116,2211110130,1150,64,1136,17,59861,29483,0,0,0,0,15,2211110130,17,59861,11123,6800,1130,1150,1130.0,1133.3333333333333,1.788854381999862,1.200000000000072,55.55555555555557,1130.0,1130.0,0.0,19748,1096,1116,1096.0,1097.111111111111,3.880570000581344,13.05882352941185,20.98765432098765,1096.0,1096.0,0.0,1634046382.50543,0.002810001373291,4.64478588104248
383,0,1,0,0,2,3,60,3232270721,94,47,80,17,29483,59861,0,0,0,0,15,2211110130,17,59861,11123,6894,94,1150,1130.0,984.8571428571428,-2.0396857689846426,2.163330484531224,132318.69387755104,1130.0,1130.0,0.0,19808,60,1116,1096.0,1042.5263157894738,-4.004420723481371,14.043068933092917,53650.8808864266,1096.0,1096.0,0.0,1634046382.5165,0.0110700130462646,4.655855894088744
384,0,1,0,0,3,2,1096,2211110130,1130,64,1116,17,59861,29483,0,0,0,0,15,2211110130,17,59861,11123,8024,94,1150,1130.0,1003.0,-2.2661257914347903,3.1387335290790803,118083.0,1130.0,1130.0,0.0,20904,60,1116,1096.0,1045.2,-4.126902377109574,15.039394113983295,51104.16,1096.0,1096.0,0.0,1634046382.522783,0.0062830448150634,4.662138938903808
385,0,1,0,0,3,2,1096,2211110130,1130,64,1116,17,59861,29483,0,0,0,0,15,2211110130,17,59861,11123,9154,94,1150,1130.0,1017.1111111111112,-2.473115199169559,4.120098479969199,106555.65432098764,1130.0,1130.0,0.0,1096,1096,1096,1096.0,1096.0,0.0,-3.0,0.0,1096.0,1096.0,0.0,1634046382.52392,0.0011370182037353,4.663275957107543
386,0,1,0,0,3,2,1096,2211110130,1130,64,1116,17,59861,29483,0,0,0,0,15,2211110130,17,59861,11123,10284,94,1150,1130.0,1028.4,-2.664816701336021,5.1054384031236815,97047.04,1130.0,1130.0,0.0,2192,1096,1096,1096.0,1096.0,0.0,-3.0,0.0,1096.0,1096.0,0.0,1634046382.52392,0.0,4.663275957107543
387,0,1,0,0,2,3,60,3232270721,94,47,80,17,29483,59861,0,0,0,0,15,2211110130,17,59861,11123,10378,94,1150,1130.0,943.4545454545456,-1.6491242448880374,0.7210058043827394,160381.88429752065,1130.0,1130.0,0.0,2252,60,1096,1096.0,750.6666666666666,-0.7071067811865472,-1.5000000000000004,238510.22222222225,1096.0,578.0,518.0,1634046382.528212,0.0042920112609863,4.667567968368529
388,0,1,0,0,2,3,60,3232270721,94,47,80,17,29483,59861,0,0,0,0,15,2211110130,17,59861,11123,10472,94,1150,1130.0,872.6666666666666,-1.154187719764382,-0.6670456292639777,202136.8888888889,1130.0,871.0,259.0,2312,60,1096,578.0,578.0,0.0,-2.0,268324.0,1096.0,60.0,1036.0,1634046382.543967,0.0157549381256103,4.68332290649414
389,0,1,0,0,3,2,1096,2211110130,1130,64,1116,17,59861,29483,0,0,0,0,15,2211110130,17,59861,11123,11602,94,1150,1130.0,892.4615384615385,-1.2774986362464282,-0.3671566822695431,191289.94082840235,1130.0,1130.0,0.0,3408,60,1096,1096.0,681.6,-0.4082482904638631,-1.8333333333333333,257591.04000000004,1096.0,60.0,1036.0,1634046382.547265,0.0032980442047119,4.686620950698852
390,0,1,0,0,3,2,1096,2211110130,1130,64,1116,17,59861,29483,0,0,0,0,15,2211110130,17,59861,11123,12732,94,1150,1130.0,909.4285714285714,-1.3920922448618172,-0.0612018646231216,181368.8163265306,1130.0,1130.0,0.0,4504,60,1096,1096.0,750.6666666666666,-0.7071067811865471,-1.5000000000000009,238510.22222222225,1096.0,319.0,777.0,1634046382.547265,0.0,4.686620950698852
391,0,1,0,0,3,2,1096,2211110130,1130,64,1116,17,59861,29483,0,0,0,0,15,2211110130,17,59861,11123,13862,94,1150,1130.0,924.1333333333332,-1.4994623272143544,0.2493023432426628,172304.78222222225,1130.0,1130.0,0.0,5600,60,1096,1096.0,800.0,-0.948683298050514,-1.1,219040.0,1096.0,578.0,518.0,1634046382.547741,0.0004758834838867,4.687096834182738
392,0,1,0,0,3,2,1096,2211110130,1130,64,1116,17,59861,29483,0,0,0,0,15,2211110130,17,59861,11123,14992,94,1150,1130.0,937.0,-1.6007349771753951,0.5633060697211483,164019.0,1130.0,1130.0,0.0,6696,60,1096,1096.0,837.0,-1.1547005383792517,-0.6666666666666665,201243.0,1096.0,837.0,259.0,1634046382.547741,0.0,4.687096834182738
393,0,1,0,0,3,2,1096,2211110130,1130,64,1116,17,59861,29483,0,0,0,0,15,2211110130,17,59861,11123,16122,94,1150,1130.0,948.3529411764706,-1.69678126406756,0.8800594074761774,156433.05190311416,1130.0,1130.0,0.0,7792,60,1096,1096.0,865.7777777777778,-1.3363062095621223,-0.214285714285713,185507.95061728396,1096.0,1096.0,0.0,1634046382.547741,0.0,4.687096834182738
394,0,1,0,0,3,2,1096,2211110130,1130,64,1116,17,59861,29483,0,0,0,0,15,2211110130,17,59861,11123,17252,94,1150,1130.0,958.4444444444443,-1.78828969435545,1.199012425723966,149473.5802469136,1130.0,1130.0,0.0,8888,60,1096,1096.0,888.8,-1.4999999999999996,0.2499999999999991,171727.36000000002,1096.0,1096.0,0.0,1634046382.548657,0.0009160041809082,4.688012838363647
395,0,1,0,0,3,2,1096,2211110130,1130,64,1116,17,59861,29483,0,0,0,0,15,2211110130,17,59861,11123,18382,94,1150,1130.0,967.4736842105264,-1.8758145507565476,1.5197526775590724,143074.03878116343,1130.0,1130.0,0.0,9984,60,1096,1096.0,907.6363636363636,-1.6499158227686104,0.7222222222222219,159663.86776859505,1096.0,1096.0,0.0,1634046382.548657,0.0,4.688012838363647
396,0,1,0,0,3,2,1096,2211110130,1130,64,1116,17,59861,29483,0,0,0,0,15,2211110130,17,59861,11123,19512,94,1150,1130.0,975.6,-1.9598091544665972,1.8419647634040217,137175.03999999998,1130.0,1130.0,0.0,11080,60,1096,1096.0,923.3333333333334,-1.7888543819998324,1.2000000000000028,149068.88888888888,1096.0,1096.0,0.0,1634046382.548657,0.0,4.688012838363647
397,0,1,0,0,3,2,1096,2211110130,1130,64,1116,17,59861,29483,0,0,0,0,15,2211110130,17,59861,11123,1130,1130,1130,1130.0,1130.0,0.0,-3.0,0.0,1130.0,1130.0,0.0,12176,60,1096,1096.0,936.6153846153846,-1.918806447200495,1.6818181818181852,139719.00591715972,1096.0,1096.0,0.0,1634046382.549213,0.0005559921264648,4.688568830490111
398,0,1,0,0,2,3,60,3232270721,94,47,80,17,29483,59861,0,0,0,0,15,2211110130,17,59861,11123,1224,94,1130,612.0,612.0,0.0,-2.0,268324.0,871.0,353.0,518.0,12236,60,1096,1096.0,874.0,-1.3926212476455826,-0.0606060606060605,180708.0,1096.0,1096.0,0.0,1634046382.560845,0.011631965637207,4.7002007961273184
399,0,1,0,0,3,2,1096,2211110130,1130,64,1116,17,59861,29483,0,0,0,0,15,2211110130,17,59861,11123,2354,94,1130,1130.0,784.6666666666666,-0.7071067811865472,-1.5,238510.22222222225,1130.0,612.0,518.0,13332,60,1096,1096.0,888.8,-1.4999999999999998,0.2499999999999995,171727.36000000002,1096.0,1096.0,0.0,1634046382.569221,0.008376121520996,4.7085769176483145
400,0,1,0,0,3,2,1096,2211110130,1130,64,1116,17,59861,29483,0,0,0,0,15,2211110130,17,59861,11123,3484,94,1130,1130.0,871.0,-1.1547005383792517,-0.6666666666666665,201243.0,1130.0,871.0,259.0,14428,60,1096,1096.0,901.75,-1.6012815380508714,0.5641025641025643,163509.9375,1096.0,1096.0,0.0,1634046382.569221,0.0,4.7085769176483145
401,0,1,0,0,3,2,1096,2211110130,1130,64,1116,17,59861,29483,0,0,0,0,15,2211110130,17,59861,11123,4614,94,1130,1130.0,922.8,-1.5000000000000004,0.2500000000000004,171727.35999999996,1130.0,1130.0,0.0,15524,60,1096,1096.0,913.1764705882352,-1.6973368495830106,0.8809523809523796,155980.73356401385,1096.0,1096.0,0.0,1634046382.570494,0.0012729167938232,4.709849834442138
402,0,1,0,0,3,2,1096,2211110130,1130,64,1116,17,59861,29483,0,0,0,0,15,2211110130,17,59861,11123,5744,94,1130,1130.0,957.3333333333334,-1.7888543819998324,1.2000000000000002,149068.88888888888,1130.0,1130.0,0.0,16620,60,1096,1096.0,923.3333333333334,-1.7888543819998324,1.200000000000001,149068.88888888888,1096.0,1096.0,0.0,1634046382.570494,0.0,4.709849834442138
403,0,1,0,0,3,2,1096,2211110130,1130,64,1116,17,59861,29483,0,0,0,0,15,2211110130,17,59861,11123,6874,94,1130,1130.0,982.0,-2.0412414523193148,2.166666666666667,131424.0,1130.0,1130.0,0.0,17716,60,1096,1096.0,932.421052631579,-1.876388374866284,1.520833333333334,142709.71745152352,1096.0,1096.0,0.0,1634046382.570494,0.0,4.709849834442138
404,0,1,0,0,3,2,1096,2211110130,1130,64,1116,17,59861,29483,0,0,0,0,15,2211110130,17,59861,11123,8004,94,1130,1130.0,1000.5,-2.2677868380553634,3.1428571428571432,117391.75,1130.0,1130.0,0.0,18812,60,1096,1096.0,940.6,-1.9603921176392127,1.843137254901957,136845.24000000005,1096.0,1096.0,0.0,1634046382.570494,0.0,4.709849834442138
405,0,1,0,0,3,2,1096,2211110130,1130,64,1116,17,59861,29483,0,0,0,0,15,2211110130,17,59861,11123,9134,94,1130,1130.0,1014.8888888888888,-2.474873734152917,4.124999999999999,106004.54320987656,1130.0,1130.0,0.0,1096,1096,1096,1096.0,1096.0,0.0,-3.0,0.0,1096.0,1096.0,0.0,1634046382.571126,0.0006320476531982,4.710481882095336
406,0,1,0,0,3,2,1096,2211110130,1130,64,1116,17,59861,29483,0,0,0,0,15,2211110130,17,59861,11123,10264,94,1130,1130.0,1026.4,-2.666666666666668,5.111111111111114,96596.63999999998,1130.0,1130.0,0.0,2192,1096,1096,1096.0,1096.0,0.0,-3.0,0.0,1096.0,1096.0,0.0,1634046382.571126,0.0,4.710481882095336
407,0,1,0,0,3,2,1116,2211110130,1150,64,1136,17,59861,29483,0,0,0,0,15,2211110130,17,59861,11123,11414,94,1150,1130.0,1037.6363636363635,-2.844113394324101,6.093560994871309,89077.68595041323,1130.0,1130.0,0.0,3308,1096,1116,1096.0,1102.6666666666667,0.7071067811865238,-1.5000000000000222,88.88888888888887,1106.0,1096.0,10.0,1634046382.573088,0.0019619464874267,4.712443828582763
408,0,1,0,0,3,2,1096,2211110130,1130,64,1116,17,59861,29483,0,0,0,0,15,2211110130,17,59861,11123,12544,94,1150,1130.0,1045.3333333333333,-3.013094503731086,7.083707449494312,82306.22222222223,1130.0,1130.0,0.0,4404,1096,1116,1096.0,1101.0,1.1547005383792517,-0.6666666666666665,75.0,1101.0,1096.0,5.0,1634046382.573088,0.0,4.712443828582763
409,0,1,0,0,3,2,1096,2211110130,1130,64,1116,17,59861,29483,0,0,0,0,15,2211110130,17,59861,11123,13674,94,1150,1130.0,1051.8461538461538,-3.173328600481707,8.075371862370881,76483.97633136093,1130.0,1130.0,0.0,5500,1096,1116,1096.0,1100.0,1.5,0.25,64.0,1096.0,1096.0,0.0,1634046382.573088,0.0,4.712443828582763
410,0,1,0,0,3,2,1096,2211110130,1130,64,1116,17,59861,29483,0,0,0,0,15,2211110130,17,59861,11123,14804,94,1150,1130.0,1057.428571428571,-3.326027414504145,9.06820397322534,71425.95918367348,1130.0,1130.0,0.0,6596,1096,1116,1096.0,1099.3333333333333,1.7888543819998612,1.2000000000000703,55.55555555555557,1096.0,1096.0,0.0,1634046382.573088,0.0,4.712443828582763
411,0,1,0,0,3,2,1096,2211110130,1130,64,1116,17,59861,29483,0,0,0,0,15,2211110130,17,59861,11123,15934,94,1150,1130.0,1062.2666666666669,-3.472149200414124,10.061953585421172,66991.9288888889,1130.0,1130.0,0.0,7692,1096,1116,1096.0,1098.857142857143,2.041241452319301,2.166666666666627,48.9795918367347,1096.0,1096.0,0.0,1634046382.573717,0.000629186630249,4.713073015213012
412,0,1,0,0,3,2,1096,2211110130,1130,64,1116,17,59861,29483,0,0,0,0,15,2211110130,17,59861,11123,17064,94,1150,1130.0,1066.5,-3.612466745270548,11.056437214953894,63073.75,1130.0,1130.0,0.0,8788,1096,1116,1096.0,1098.5,2.2677868380553634,3.1428571428571432,43.75,1096.0,1096.0,0.0,1634046382.573717,0.0,4.713073015213012
413,0,1,0,0,3,2,1096,2211110130,1130,64,1116,17,59861,29483,0,0,0,0,15,2211110130,17,59861,11123,18194,94,1150,1130.0,1070.235294117647,-3.7476137006394223,12.051517244761014,59586.76816608997,1130.0,1130.0,0.0,9884,1096,1116,1096.0,1098.2222222222222,2.4748737341529403,4.125000000000078,39.50617283950618,1096.0,1096.0,0.0,1634046382.573717,0.0,4.713073015213012
414,0,1,0,0,3,2,1096,2211110130,1130,64,1116,17,59861,29483,0,0,0,0,15,2211110130,17,59861,11123,19324,94,1150,1130.0,1073.5555555555557,-3.878117093396444,13.047088435632762,56463.80246913579,1130.0,1130.0,0.0,10980,1096,1116,1096.0,1098.0,2.6666666666666665,5.111111111111111,36.0,1096.0,1096.0,0.0,1634046382.573717,0.0,4.713073015213012
415,0,1,0,0,3,2,1096,2211110130,1130,64,1116,17,59861,29483,0,0,0,0,15,2211110130,17,59861,11123,20454,94,1150,1130.0,1076.5263157894738,-4.004420723481373,14.043068933092917,53650.88088642659,1130.0,1130.0,0.0,12076,1096,1116,1096.0,1097.8181818181818,2.8460498941515744,6.100000000000124,33.05785123966942,1096.0,1096.0,0.0,1634046382.574515,0.0007979869842529,4.713871002197265
416,0,1,0,0,3,2,60,2211110130,94,64,80,17,59861,29483,0,0,0,0,15,2211110130,17,59861,11123,20548,94,1150,1130.0,1027.4,-2.6656801422115795,5.108092244835563,96822.84,1130.0,1130.0,0.0,12136,60,1116,1096.0,1011.3333333333334,-3.0130945037310863,7.08370744949432,82306.22222222223,1096.0,1096.0,0.0,1634046382.574515,0.0,4.713871002197265
417,0,1,0,0,3,2,1096,2211110130,1130,64,1116,17,59861,29483,0,0,0,0,15,2211110130,17,59861,11123,1130,1130,1130,1130.0,1130.0,0.0,-3.0,0.0,1130.0,1130.0,0.0,13232,60,1116,1096.0,1017.8461538461538,-3.1733286004817063,8.07537186237088,76483.97633136094,1096.0,1096.0,0.0,1634046382.574515,0.0,4.713871002197265
418,0,1,0,0,3,2,1096,2211110130,1130,64,1116,17,59861,29483,0,0,0,0,15,2211110130,17,59861,11123,2260,1130,1130,1130.0,1130.0,0.0,-3.0,0.0,1130.0,1130.0,0.0,14328,60,1116,1096.0,1023.4285714285714,-3.326027414504148,9.068203973225348,71425.95918367348,1096.0,1096.0,0.0,1634046382.574515,0.0,4.713871002197265
419,0,1,0,0,3,2,1096,2211110130,1130,64,1116,17,59861,29483,0,0,0,0,15,2211110130,17,59861,11123,3390,1130,1130,1130.0,1130.0,0.0,-3.0,0.0,1130.0,1130.0,0.0,15424,60,1116,1096.0,1028.2666666666669,-3.472149200414126,10.061953585421174,66991.92888888888,1096.0,1096.0,0.0,1634046382.574515,0.0,4.713871002197265
420,0,1,0,0,3,2,1096,2211110130,1130,64,1116,17,59861,29483,0,0,0,0,15,2211110130,17,59861,11123,4520,1130,1130,1130.0,1130.0,0.0,-3.0,0.0,1130.0,1130.0,0.0,16520,60,1116,1096.0,1032.5,-3.612466745270548,11.056437214953894,63073.75,1096.0,1096.0,0.0,1634046382.575143,0.0006279945373535,4.714498996734618
421,0,1,0,0,3,2,1096,2211110130,1130,64,1116,17,59861,29483,0,0,0,0,15,2211110130,17,59861,11123,5650,1130,1130,1130.0,1130.0,0.0,-3.0,0.0,1130.0,1130.0,0.0,17616,60,1116,1096.0,1036.235294117647,-3.7476137006394223,12.051517244761015,59586.76816608997,1096.0,1096.0,0.0,1634046382.575143,0.0,4.714498996734618
422,0,1,0,0,3,2,1096,2211110130,1130,64,1116,17,59861,29483,0,0,0,0,15,2211110130,17,59861,11123,6780,1130,1130,1130.0,1130.0,0.0,-3.0,0.0,1130.0,1130.0,0.0,18712,60,1116,1096.0,1039.5555555555557,-3.878117093396444,13.047088435632762,56463.80246913579,1096.0,1096.0,0.0,1634046382.575143,0.0,4.714498996734618
423,0,1,0,0,3,2,1096,2211110130,1130,64,1116,17,59861,29483,0,0,0,0,15,2211110130,17,59861,11123,7910,1130,1130,1130.0,1130.0,0.0,-3.0,0.0,1130.0,1130.0,0.0,19808,60,1116,1096.0,1042.5263157894738,-4.004420723481373,14.043068933092911,53650.88088642659,1096.0,1096.0,0.0,1634046382.575951,0.0008080005645751,4.7153069972991934
424,0,1,0,0,3,2,1096,2211110130,1130,64,1116,17,59861,29483,0,0,0,0,15,2211110130,17,59861,11123,9040,1130,1130,1130.0,1130.0,0.0,-3.0,0.0,1130.0,1130.0,0.0,20904,60,1116,1096.0,1045.2,-4.126902377109574,15.039394113983292,51104.16,1096.0,1096.0,0.0,1634046382.575951,0.0,4.7153069972991934
425,0,1,0,0,3,2,1096,2211110130,1130,64,1116,17,59861,29483,0,0,0,0,15,2211110130,17,59861,11123,10170,1130,1130,1130.0,1130.0,0.0,-3.0,0.0,1130.0,1130.0,0.0,1096,1096,1096,1096.0,1096.0,0.0,-3.0,0.0,1096.0,1096.0,0.0,1634046382.575951,0.0,4.7153069972991934
426,0,1,0,0,3,2,1096,2211110130,1130,64,1116,17,59861,29483,0,0,0,0,15,2211110130,17,59861,11123,11300,1130,1130,1130.0,1130.0,0.0,-3.0,0.0,1130.0,1130.0,0.0,2192,1096,1096,1096.0,1096.0,0.0,-3.0,0.0,1096.0,1096.0,0.0,1634046382.576535,0.0005838871002197,4.715890884399413
427,0,1,0,0,3,2,1096,2211110130,1130,64,1116,17,59861,29483,0,0,0,0,15,2211110130,17,59861,11123,12430,1130,1130,1130.0,1130.0,0.0,-3.0,0.0,1130.0,1130.0,0.0,3288,1096,1096,1096.0,1096.0,0.0,-3.0,0.0,1096.0,1096.0,0.0,1634046382.576535,0.0,4.715890884399413
428,0,1,0,0,3,2,1096,2211110130,1130,64,1116,17,59861,29483,0,0,0,0,15,2211110130,17,59861,11123,13560,1130,1130,1130.0,1130.0,0.0,-3.0,0.0,1130.0,1130.0,0.0,4384,1096,1096,1096.0,1096.0,0.0,-3.0,0.0,1096.0,1096.0,0.0,1634046382.576535,0.0,4.715890884399413
429,0,1,0,0,2,3,60,3232270721,94,47,80,17,29483,59861,0,0,0,0,15,2211110130,17,59861,11123,13654,94,1130,1130.0,1050.3076923076924,-3.175426480542942,8.083333333333337,76210.36686390532,1130.0,1130.0,0.0,4444,60,1096,1096.0,888.8,-1.4999999999999996,0.2499999999999986,171727.36000000002,1096.0,1096.0,0.0,1634046382.577567,0.0010321140289306,4.716922998428344
430,0,1,0,0,3,2,1116,2211110130,1150,64,1136,17,59861,29483,0,0,0,0,15,2211110130,17,59861,11123,14804,94,1150,1130.0,1057.428571428571,-3.3260274145041477,9.068203973225348,71425.95918367346,1130.0,1130.0,0.0,5560,60,1116,1096.0,926.6666666666666,-1.787415105428971,1.197465212514108,150275.55555555553,1096.0,1096.0,0.0,1634046382.578547,0.0009799003601074,4.717902898788451
431,0,1,0,0,3,2,1096,2211110130,1130,64,1116,17,59861,29483,0,0,0,0,15,2211110130,17,59861,11123,15934,94,1150,1130.0,1062.2666666666669,-3.4721492004141266,10.061953585421174,66991.92888888888,1130.0,1130.0,0.0,6656,60,1116,1096.0,950.8571428571428,-2.0396857689846426,2.163330484531224,132318.69387755104,1096.0,1096.0,0.0,1634046382.578547,0.0,4.717902898788451
432,0,1,0,0,3,2,1096,2211110130,1130,64,1116,17,59861,29483,0,0,0,0,15,2211110130,17,59861,11123,17064,94,1150,1130.0,1066.5,-3.612466745270548,11.056437214953894,63073.75,1130.0,1130.0,0.0,7752,60,1116,1096.0,969.0,-2.2661257914347903,3.1387335290790803,118083.0,1096.0,1096.0,0.0,1634046382.585781,0.0072340965270996,4.725136995315551
433,0,1,0,0,3,2,1096,2211110130,1130,64,1116,17,59861,29483,0,0,0,0,15,2211110130,17,59861,11123,18194,94,1150,1130.0,1070.235294117647,-3.7476137006394223,12.051517244761015,59586.76816608997,1130.0,1130.0,0.0,8848,60,1116,1096.0,983.1111111111112,-2.473115199169558,4.120098479969193,106555.65432098768,1096.0,1096.0,0.0,1634046382.585781,0.0,4.725136995315551
434,0,1,0,0,3,2,1096,2211110130,1130,64,1116,17,59861,29483,0,0,0,0,15,2211110130,17,59861,11123,19324,94,1150,1130.0,1073.5555555555557,-3.878117093396444,13.047088435632762,56463.80246913579,1130.0,1130.0,0.0,9944,60,1116,1096.0,994.4,-2.66481670133602,5.105438403123673,97047.04,1096.0,1096.0,0.0,1634046382.585781,0.0,4.725136995315551
435,0,1,0,0,3,2,1096,2211110130,1130,64,1116,17,59861,29483,0,0,0,0,15,2211110130,17,59861,11123,20454,94,1150,1130.0,1076.5263157894738,-4.004420723481373,14.043068933092911,53650.88088642659,1130.0,1130.0,0.0,11040,60,1116,1096.0,1003.6363636363636,-2.8441133943241,6.093560994871309,89077.68595041323,1096.0,1096.0,0.0,1634046382.586359,0.0005779266357421,4.725714921951293
436,0,1,0,0,3,2,1096,2211110130,1130,64,1116,17,59861,29483,0,0,0,0,15,2211110130,17,59861,11123,21584,94,1150,1130.0,1079.2,-4.126902377109574,15.039394113983292,51104.16,1130.0,1130.0,0.0,12136,60,1116,1096.0,1011.3333333333334,-3.013094503731086,7.083707449494314,82306.22222222225,1096.0,1096.0,0.0,1634046382.586359,0.0,4.725714921951293
437,0,1,0,0,3,2,1096,2211110130,1130,64,1116,17,59861,29483,0,0,0,0,15,2211110130,17,59861,11123,1130,1130,1130,1130.0,1130.0,0.0,-3.0,0.0,1130.0,1130.0,0.0,13232,60,1116,1096.0,1017.8461538461538,-3.173328600481707,8.075371862370881,76483.97633136093,1096.0,1096.0,0.0,1634046382.586359,0.0,4.725714921951293
438,0,1,0,0,3,2,1096,2211110130,1130,64,1116,17,59861,29483,0,0,0,0,15,2211110130,17,59861,11123,2260,1130,1130,1130.0,1130.0,0.0,-3.0,0.0,1130.0,1130.0,0.0,14328,60,1116,1096.0,1023.4285714285714,-3.3260274145041477,9.068203973225346,71425.95918367348,1096.0,1096.0,0.0,1634046382.586359,0.0,4.725714921951293
439,0,1,0,0,3,2,1096,2211110130,1130,64,1116,17,59861,29483,0,0,0,0,15,2211110130,17,59861,11123,3390,1130,1130,1130.0,1130.0,0.0,-3.0,0.0,1130.0,1130.0,0.0,15424,60,1116,1096.0,1028.2666666666669,-3.472149200414124,10.061953585421172,66991.9288888889,1096.0,1096.0,0.0,1634046382.58699,0.0006310939788818,4.726346015930175
440,0,1,0,0,3,2,1096,2211110130,1130,64,1116,17,59861,29483,0,0,0,0,15,2211110130,17,59861,11123,4520,1130,1130,1130.0,1130.0,0.0,-3.0,0.0,1130.0,1130.0,0.0,16520,60,1116,1096.0,1032.5,-3.612466745270548,11.056437214953894,63073.75,1096.0,1096.0,0.0,1634046382.58699,0.0,4.726346015930175
441,0,1,0,0,3,2,1096,2211110130,1130,64,1116,17,59861,29483,0,0,0,0,15,2211110130,17,59861,11123,5650,1130,1130,1130.0,1130.0,0.0,-3.0,0.0,1130.0,1130.0,0.0,17616,60,1116,1096.0,1036.235294117647,-3.7476137006394223,12.051517244761015,59586.76816608997,1096.0,1096.0,0.0,1634046382.58699,0.0,4.726346015930175
442,0,1,0,0,3,2,1096,2211110130,1130,64,1116,17,59861,29483,0,0,0,0,15,2211110130,17,59861,11123,6780,1130,1130,1130.0,1130.0,0.0,-3.0,0.0,1130.0,1130.0,0.0,18712,60,1116,1096.0,1039.5555555555557,-3.878117093396444,13.047088435632762,56463.80246913579,1096.0,1096.0,0.0,1634046382.598077,0.0110869407653808,4.737432956695556
443,0,1,0,0,3,2,1096,2211110130,1130,64,1116,17,59861,29483,0,0,0,0,15,2211110130,17,59861,11123,7910,1130,1130,1130.0,1130.0,0.0,-3.0,0.0,1130.0,1130.0,0.0,19808,60,1116,1096.0,1042.5263157894738,-4.004420723481373,14.043068933092911,53650.88088642659,1096.0,1096.0,0.0,1634046382.598077,0.0,4.737432956695556
444,0,1,0,0,3,2,1096,2211110130,1130,64,1116,17,59861,29483,0,0,0,0,15,2211110130,17,59861,11123,9040,1130,1130,1130.0,1130.0,0.0,-3.0,0.0,1130.0,1130.0,0.0,20904,60,1116,1096.0,1045.2,-4.126902377109574,15.039394113983292,51104.16,1096.0,1096.0,0.0,1634046382.599697,0.0016200542449951,4.739053010940551
445,0,1,0,0,3,2,1096,2211110130,1130,64,1116,17,59861,29483,0,0,0,0,15,2211110130,17,59861,11123,10170,1130,1130,1130.0,1130.0,0.0,-3.0,0.0,1130.0,1130.0,0.0,1096,1096,1096,1096.0,1096.0,0.0,-3.0,0.0,1096.0,1096.0,0.0,1634046382.599697,0.0,4.739053010940551
446,0,1,0,0,3,2,1096,2211110130,1130,64,1116,17,59861,29483,0,0,0,0,15,2211110130,17,59861,11123,11300,1130,1130,1130.0,1130.0,0.0,-3.0,0.0,1130.0,1130.0,0.0,2192,1096,1096,1096.0,1096.0,0.0,-3.0,0.0,1096.0,1096.0,0.0,1634046382.601717,0.0020198822021484,4.741072893142699
447,0,1,0,0,3,2,1096,2211110130,1130,64,1116,17,59861,29483,0,0,0,0,15,2211110130,17,59861,11123,12430,1130,1130,1130.0,1130.0,0.0,-3.0,0.0,1130.0,1130.0,0.0,3288,1096,1096,1096.0,1096.0,0.0,-3.0,0.0,1096.0,1096.0,0.0,1634046382.601717,0.0,4.741072893142699
448,0,1,0,0,3,2,1096,2211110130,1130,64,1116,17,59861,29483,0,0,0,0,15,2211110130,17,59861,11123,13560,1130,1130,1130.0,1130.0,0.0,-3.0,0.0,1130.0,1130.0,0.0,4384,1096,1096,1096.0,1096.0,0.0,-3.0,0.0,1096.0,1096.0,0.0,1634046382.601717,0.0,4.741072893142699
449,0,1,0,0,3,2,1096,2211110130,1130,64,1116,17,59861,29483,0,0,0,0,15,2211110130,17,59861,11123,14690,1130,1130,1130.0,1130.0,0.0,-3.0,0.0,1130.0,1130.0,0.0,5480,1096,1096,1096.0,1096.0,0.0,-3.0,0.0,1096.0,1096.0,0.0,1634046382.601717,0.0,4.741072893142699
450,0,1,0,0,3,2,742,2211110130,776,64,762,17,59861,29483,0,0,0,0,15,2211110130,17,59861,11123,15466,776,1130,1130.0,1104.7142857142858,-3.328201177351378,9.076923076923087,8311.775510204081,1130.0,1130.0,0.0,6222,742,1096,1096.0,1037.0,-1.788854381999832,1.2000000000000002,17405.0,1096.0,1096.0,0.0,1634046382.602318,0.000601053237915,4.741673946380614
451,0,1,0,0,3,2,1116,2211110130,1150,64,1136,17,59861,29483,0,0,0,0,15,2211110130,17,59861,11123,16616,776,1150,1130.0,1107.7333333333331,-3.454923048223118,9.991577954637846,7885.262222222223,1130.0,1130.0,0.0,7338,742,1116,1096.0,1048.2857142857142,-2.0279150611943604,2.1389377230523223,15682.775510204085,1096.0,1096.0,0.0,1634046382.602318,0.0,4.741673946380614
452,0,1,0,0,3,2,1096,2211110130,1130,64,1116,17,59861,29483,0,0,0,0,15,2211110130,17,59861,11123,17746,776,1150,1130.0,1109.125,-3.594686292641983,10.98039759596745,7421.484375,1130.0,1130.0,0.0,8434,742,1116,1096.0,1054.25,-2.2535166541385294,3.1084651321640697,13971.4375,1096.0,1096.0,0.0,1634046382.602318,0.0,4.741673946380614
453,0,1,0,0,3,2,1096,2211110130,1130,64,1116,17,59861,29483,0,0,0,0,15,2211110130,17,59861,11123,18876,776,1150,1130.0,1110.3529411764705,-3.729296454987621,11.969821407765712,7009.051903114187,1130.0,1130.0,0.0,9530,742,1116,1096.0,1058.888888888889,-2.459733107152231,4.084013968498322,12591.20987654321,1096.0,1096.0,0.0,1634046382.603114,0.000795841217041,4.742469787597655
454,0,1,0,0,3,2,659,2211110130,693,64,679,17,59861,29483,0,0,0,0,15,2211110130,17,59861,11123,19569,693,1150,1130.0,1087.1666666666667,-2.525819991085832,4.512024224332772,15758.916666666666,1130.0,1130.0,0.0,10189,659,1116,1096.0,1018.9,-1.5445267328840926,0.4746250445770608,25724.09,1096.0,1096.0,0.0,1634046382.603114,0.0,4.742469787597655
455,0,1,0,0,3,2,408,2211110130,442,64,428,17,59861,29483,0,0,0,0,15,2211110130,17,59861,11123,20011,442,1150,1130.0,1053.2105263157894,-2.25398187264672,3.733686289466494,35683.85041551247,1130.0,1130.0,0.0,10597,408,1116,1096.0,963.3636363636364,-1.3709820490511608,0.3640602628101486,54228.413223140495,1096.0,919.0,177.0,1634046382.603114,0.0,4.742469787597655
456,0,1,0,0,3,2,1096,2211110130,1130,64,1116,17,59861,29483,0,0,0,0,15,2211110130,17,59861,11123,21141,442,1150,1130.0,1057.05,-2.3428985283015784,4.16592468229901,34179.747500000005,1130.0,1130.0,0.0,11693,408,1116,1096.0,974.4166666666666,-1.505793337553271,0.7693973213401164,51053.24305555556,1096.0,1007.5,88.5,1634046382.603114,0.0,4.742469787597655
457,0,1,0,0,3,2,1096,2211110130,1130,64,1116,17,59861,29483,0,0,0,0,15,2211110130,17,59861,11123,1130,1130,1130,1130.0,1130.0,0.0,-3.0,0.0,1130.0,1130.0,0.0,12789,408,1116,1096.0,983.7692307692308,-1.631171951980226,1.18187585174483,48175.71597633137,1096.0,1096.0,0.0,1634046382.603114,0.0,4.742469787597655
458,0,1,0,0,3,2,1096,2211110130,1130,64,1116,17,59861,29483,0,0,0,0,15,2211110130,17,59861,11123,2260,1130,1130,1130.0,1130.0,0.0,-3.0,0.0,1130.0,1130.0,0.0,13885,408,1116,1096.0,991.7857142857144,-1.7487436784497608,1.599621198213903,45570.0255102041,1096.0,1096.0,0.0,1634046382.603114,0.0,4.742469787597655
459,0,1,0,0,3,2,1096,2211110130,1130,64,1116,17,59861,29483,0,0,0,0,15,2211110130,17,59861,11123,3390,1130,1130,1130.0,1130.0,0.0,-3.0,0.0,1130.0,1130.0,0.0,14981,408,1116,1096.0,998.7333333333332,-1.8597298031707752,2.0213619880243563,43207.795555555575,1096.0,1096.0,0.0,1634046382.604025,0.000910997390747,4.743380784988402
460,0,1,0,0,3,2,641,2211110130,675,64,661,17,59861,29483,0,0,0,0,15,2211110130,17,59861,11123,4065,675,1130,1130.0,1016.25,-1.1547005383792517,-0.6666666666666665,38817.1875,1130.0,1016.25,113.75,15622,408,1116,1096.0,976.375,-1.4535924195143133,0.601796842468679,48005.734375,1096.0,1007.5,88.5,1634046382.604025,0.0,4.743380784988402
461,0,1,0,0,3,2,408,2211110130,442,64,428,17,59861,29483,0,0,0,0,15,2211110130,17,59861,11123,4507,442,1130,1130.0,901.4,-0.5993834763369081,-1.4238969271691877,83815.84,1130.0,675.0,455.0,16030,408,1116,1096.0,942.9411764705884,-1.188745132654826,-0.2321359497068948,63066.99653979239,1096.0,742.0,354.0,1634046382.604025,0.0,4.743380784988402
462,0,1,0,0,3,2,1096,2211110130,1130,64,1116,17,59861,29483,0,0,0,0,15,2211110130,17,59861,11123,5637,442,1130,1130.0,939.5,-0.8873168587671564,-0.9977486257381484,77104.58333333333,1130.0,788.75,341.25,17126,408,1116,1096.0,951.4444444444443,-1.2765110303648808,-0.0094293246253576,60792.46913580247,1096.0,830.5,265.5,1634046382.604025,0.0,4.743380784988402
463,0,1,0,0,2,3,60,3232270721,94,47,80,17,29483,59861,0,0,0,0,15,2211110130,17,59861,11123,5731,94,1130,1130.0,818.7142857142857,-0.7506753036016538,-0.9784390945704152,153624.77551020408,1130.0,558.5,571.5,17186,60,1116,1096.0,904.5263157894736,-1.373211880530773,0.6617286566718565,97216.45983379504,1096.0,700.5,395.5,1634046382.612093,0.0080680847167968,4.751448869705199
464,0,1,0,0,2,3,60,3232270721,94,47,80,17,29483,59861,0,0,0,0,15,2211110130,17,59861,11123,5825,94,1130,902.5,728.125,-0.4074412075706578,-1.5248472863565516,191866.609375,1130.0,355.0,775.0,17246,60,1116,1096.0,862.3,-1.1949469828184651,0.0063028320518325,126233.81,1096.0,654.5,441.5,1634046382.639055,0.0269620418548584,4.778410911560058
465,0,1,0,0,3,2,1104,2211110130,1138,64,1124,17,59861,29483,0,0,0,0,15,2211110130,17,59861,11123,6963,94,1138,1130.0,773.6666666666666,-0.5984613613475398,-1.3467522129928566,187140.44444444444,1130.0,442.0,688.0,1104,1104,1104,1104.0,1104.0,0.0,-3.0,0.0,1104.0,1104.0,0.0,1634046382.647297,0.0082418918609619,4.78665280342102
466,0,1,0,0,3,2,1096,2211110130,1130,64,1116,17,59861,29483,0,0,0,0,15,2211110130,17,59861,11123,8093,94,1138,1130.0,809.3,-0.7650187280252843,-1.1245264592367383,179854.00999999998,1130.0,500.25,629.75,2200,1096,1104,1100.0,1100.0,0.0,-2.0,16.0,1102.0,1098.0,4.0,1634046382.647297,0.0,4.78665280342102
467,0,1,0,0,3,2,1096,2211110130,1130,64,1116,17,59861,29483,0,0,0,0,15,2211110130,17,59861,11123,9223,94,1138,1130.0,838.4545454545455,-0.912829313454309,-0.8763312469718469,172003.52066115703,1130.0,558.5,571.5,3296,1096,1104,1096.0,1098.6666666666667,0.7071067811864872,-1.5000000000000566,14.222222222222223,1100.0,1096.0,4.0,1634046382.647781,0.0004839897155761,4.787136793136596
468,0,1,0,0,3,2,1096,2211110130,1130,64,1116,17,59861,29483,0,0,0,0,15,2211110130,17,59861,11123,10353,94,1138,1130.0,862.75,-1.0464767605738028,-0.6111527497722444,164162.85416666666,1130.0,616.75,513.25,4392,1096,1104,1096.0,1098.0,1.1547005383792517,-0.6666666666666665,12.0,1098.0,1096.0,2.0,1634046382.647781,0.0,4.787136793136596
469,0,1,0,0,3,2,122,2211110130,156,64,142,17,59861,29483,0,0,0,0,15,2211110130,17,59861,11123,10509,94,1138,1130.0,808.3846153846154,-0.7511900879709915,-1.2246670202218342,187002.08284023672,1130.0,442.0,688.0,4514,122,1104,1096.0,902.8,-1.4997631731587402,0.2496863934031825,152421.76,1096.0,1096.0,0.0,1634046382.647781,0.0,4.787136793136596
470,0,1,0,0,3,2,408,2211110130,442,64,428,17,59861,29483,0,0,0,0,15,2211110130,17,59861,11123,10951,94,1138,1130.0,782.2142857142857,-0.5842722394635,-1.39710622882459,182548.3112244898,1130.0,442.0,688.0,4922,122,1104,1096.0,820.3333333333334,-0.838281847660944,-1.1324782004257763,161021.88888888888,1096.0,580.0,516.0,1634046382.647781,0.0,4.787136793136596
471,0,1,0,0,3,2,1096,2211110130,1130,64,1116,17,59861,29483,0,0,0,0,15,2211110130,17,59861,11123,12081,94,1138,1130.0,805.4,-0.6945141893624184,-1.259457963555859,177904.50666666665,1130.0,442.0,688.0,6018,122,1104,1096.0,859.7142857142857,-1.076991861508604,-0.6710236390440638,147323.91836734692,1096.0,752.0,344.0,1634046382.648673,0.000892162322998,4.788028955459594
472,0,1,0,0,3,2,1096,2211110130,1130,64,1116,17,59861,29483,0,0,0,0,15,2211110130,17,59861,11123,13211,94,1138,1130.0,825.6875,-0.7959743904138978,-1.109369739161436,172959.21484375,1130.0,442.0,688.0,7114,122,1104,1096.0,889.25,-1.28255694046388,-0.1786942368700965,135014.9375,1096.0,924.0,172.0,1634046382.648673,0.0,4.788028955459594
473,0,1,0,0,3,2,1096,2211110130,1130,64,1116,17,59861,29483,0,0,0,0,15,2211110130,17,59861,11123,14341,94,1138,1130.0,843.5882352941177,-0.8902266834840769,-0.9500086362310634,167912.12456747406,1130.0,442.0,688.0,8210,122,1104,1096.0,912.2222222222222,-1.464984636814433,0.3314876678082159,124235.06172839506,1096.0,1096.0,0.0,1634046382.648673,0.0,4.788028955459594
474,0,1,0,0,3,2,1116,2211110130,1150,64,1136,17,59861,29483,0,0,0,0,15,2211110130,17,59861,11123,15491,94,1150,1130.0,860.6111111111111,-0.9771471667259132,-0.7860169432692143,163509.90432098764,1130.0,500.25,629.75,9326,122,1116,1096.0,932.6,-1.6284345789330192,0.8478991586671776,115548.84,1096.0,1096.0,0.0,1634046382.650258,0.0015850067138671,4.789613962173461
475,0,1,0,0,3,2,1096,2211110130,1130,64,1116,17,59861,29483,0,0,0,0,15,2211110130,17,59861,11123,16621,94,1150,1130.0,874.7894736842105,-1.0603215283823164,-0.61403404009936,158522.58725761774,1130.0,558.5,571.5,10422,122,1116,1096.0,947.4545454545456,-1.7803578514424638,1.376617371467562,107250.97520661158,1096.0,1096.0,0.0,1634046382.650258,0.0,4.789613962173461
476,0,1,0,0,2,3,60,3232270721,94,47,80,17,29483,59861,0,0,0,0,15,2211110130,17,59861,11123,16715,94,1150,1130.0,835.75,-0.8712468672946205,-1.028917655069877,179553.9875,1130.0,442.0,688.0,10482,60,1116,1096.0,873.5,-1.2681176822333722,-0.2549258112065051,158475.41666666666,1096.0,924.0,172.0,1634046382.655711,0.0054528713226318,4.795066833496093
477,0,1,0,0,3,2,1003,2211110130,1037,64,1023,17,59861,29483,0,0,0,0,15,2211110130,17,59861,11123,1037,1037,1037,1037.0,1037.0,0.0,-3.0,0.0,1037.0,1037.0,0.0,11485,60,1116,1096.0,883.4615384615385,-1.3788318499207,0.0660234472590257,147475.7869822485,1096.0,1003.0,93.0,1634046382.667733,0.0120220184326171,4.80708885192871
478,0,1,0,0,3,2,1096,2211110130,1130,64,1116,17,59861,29483,0,0,0,0,15,2211110130,17,59861,11123,2167,1037,1130,1083.5,1083.5,0.0,-2.0,2162.25,1106.75,1060.25,46.5,12581,60,1116,1096.0,898.6428571428571,-1.493889320323272,0.4020588371214924,139937.94387755098,1096.0,1026.25,69.75,1634046382.667733,0.0,4.80708885192871
479,0,1,0,0,3,2,1096,2211110130,1130,64,1116,17,59861,29483,0,0,0,0,15,2211110130,17,59861,11123,3297,1037,1130,1130.0,1099.0,-0.7071067811865475,-1.5,1922.0,1130.0,1083.5,46.5,13677,60,1116,1096.0,911.8,-1.6019641702977196,0.7425198820633758,133032.29333333336,1096.0,1049.5,46.5,1634046382.667733,0.0,4.80708885192871
480,0,1,0,0,3,2,1096,2211110130,1130,64,1116,17,59861,29483,0,0,0,0,15,2211110130,17,59861,11123,4427,1037,1130,1130.0,1106.75,-1.1547005383792517,-0.6666666666666665,1621.6875,1130.0,1106.75,23.25,14773,60,1116,1096.0,923.3125,-1.7041150584938638,1.086395898571774,126705.83984375,1096.0,1072.75,23.25,1634046382.667733,0.0,4.80708885192871
481,0,1,0,0,3,2,1096,2211110130,1130,64,1116,17,59861,29483,0,0,0,0,15,2211110130,17,59861,11123,5557,1037,1130,1130.0,1111.4,-1.5000000000000078,0.250000000000016,1383.8399999999997,1130.0,1130.0,0.0,15869,60,1116,1096.0,933.470588235294,-1.801166379299656,1.4329621289134955,120903.54325259516,1096.0,1096.0,0.0,1634046382.668365,0.0006320476531982,4.807720899581908
482,0,1,0,0,3,2,918,2211110130,952,64,938,17,59861,29483,0,0,0,0,15,2211110130,17,59861,11123,6509,952,1130,1130.0,1084.8333333333333,-1.0844817388096872,-0.4666946977171804,4682.138888888889,1130.0,1060.25,69.75,16787,60,1116,1096.0,932.6111111111112,-1.8454545349851332,1.67387940631263,114199.23765432095,1096.0,1026.25,69.75,1634046382.668365,0.0,4.807720899581908
483,0,1,0,0,3,2,408,2211110130,442,64,428,17,59861,29483,0,0,0,0,15,2211110130,17,59861,11123,6951,442,1130,1130.0,993.0,-1.7571303161641836,1.4825899005219405,54613.42857142857,1130.0,994.5,135.5,17195,60,1116,1096.0,905.0,-1.5258667084130917,0.633394633961883,121911.47368421052,1096.0,960.5,135.5,1634046382.668365,0.0,4.807720899581908
484,0,1,0,0,3,2,1096,2211110130,1130,64,1116,17,59861,29483,0,0,0,0,15,2211110130,17,59861,11123,8081,442,1130,1130.0,1010.125,-1.9652858199799832,2.2950326387244253,49839.609375,1130.0,1015.75,114.25,18291,60,1116,1096.0,914.55,-1.6059575405001427,0.8917875868122884,117548.7475,1096.0,981.75,114.25,1634046382.668365,0.0,4.807720899581908
485,0,1,0,0,3,2,1096,2211110130,1130,64,1116,17,59861,29483,0,0,0,0,15,2211110130,17,59861,11123,9211,442,1130,1130.0,1023.4444444444443,-2.15573569077289,3.11764074123166,45721.13580246913,1130.0,1037.0,93.0,1096,1096,1096,1096.0,1096.0,0.0,-3.0,0.0,1096.0,1096.0,0.0,1634046382.66889,0.0005249977111816,4.80824589729309
486,0,1,0,0,3,2,1096,2211110130,1130,64,1116,17,59861,29483,0,0,0,0,15,2211110130,17,59861,11123,10341,442,1130,1130.0,1034.1,-2.332087813417063,3.947067176802779,42170.89,1130.0,1060.25,69.75,2192,1096,1096,1096.0,1096.0,0.0,-3.0,0.0,1096.0,1096.0,0.0,1634046382.66889,0.0,4.80824589729309
487,0,1,0,0,3,2,1096,2211110130,1130,64,1116,17,59861,29483,0,0,0,0,15,2211110130,17,59861,11123,11471,442,1130,1130.0,1042.8181818181818,-2.496925737500031,4.781276283829246,39097.23966942149,1130.0,1083.5,46.5,3288,1096,1096,1096.0,1096.0,0.0,-3.0,0.0,1096.0,1096.0,0.0,1634046382.66889,0.0,4.80824589729309
488,0,1,0,0,3,2,893,2211110130,927,64,913,17,59861,29483,0,0,0,0,15,2211110130,17,59861,11123,12398,442,1130,1130.0,1033.1666666666667,-2.367335822687785,4.543177188959962,36863.80555555556,1130.0,1015.75,114.25,4181,893,1096,1096.0,1045.25,-1.1547005383792517,-0.6666666666666665,7726.6875,1096.0,1045.25,50.75,1634046382.669411,0.0005209445953369,4.808766841888427
489,0,1,0,0,3,2,408,2211110130,442,64,428,17,59861,29483,0,0,0,0,15,2211110130,17,59861,11123,12840,442,1130,1130.0,987.6923076923076,-1.6279605342007175,1.0132693412642313,58843.13609467456,1130.0,952.0,178.0,4589,408,1096,1096.0,917.8,-1.2173851783029543,-0.2123117780623644,71155.36,1096.0,893.0,203.0,1634046382.669411,0.0,4.808766841888427
490,0,1,0,0,3,2,1096,2211110130,1130,64,1116,17,59861,29483,0,0,0,0,15,2211110130,17,59861,11123,13970,442,1130,1130.0,997.8571428571428,-1.7423999857557522,1.414763755756792,55983.26530612244,1130.0,973.25,156.75,5685,408,1096,1096.0,947.5,-1.4935014855733462,0.559175568308925,63706.583333333336,1096.0,943.75,152.25,1634046382.669411,0.0,4.808766841888427
491,0,1,0,0,3,2,1096,2211110130,1130,64,1116,17,59861,29483,0,0,0,0,15,2211110130,17,59861,11123,15100,442,1130,1130.0,1006.6666666666666,-1.8507303148967724,1.8201547252140653,53337.55555555555,1130.0,994.5,135.5,6781,408,1096,1096.0,968.7142857142856,-1.7329523387746744,1.3585340050663994,57305.91836734694,1096.0,994.5,101.5,1634046382.669411,0.0,4.808766841888427
492,0,1,0,0,3,2,1096,2211110130,1130,64,1116,17,59861,29483,0,0,0,0,15,2211110130,17,59861,11123,16230,442,1130,1130.0,1014.375,-1.95376981391873,2.2286032122659893,50895.234375,1130.0,1015.75,114.25,7877,408,1096,1096.0,984.625,-1.946601833013002,2.1735511090764126,51914.734375,1096.0,1045.25,50.75,1634046382.669856,0.0004451274871826,4.8092119693756095
493,0,1,0,0,3,2,1096,2211110130,1130,64,1116,17,59861,29483,0,0,0,0,15,2211110130,17,59861,11123,17360,442,1130,1130.0,1021.1764705882352,-2.052178013385417,2.6394930268154964,48641.55709342561,1130.0,1037.0,93.0,8973,408,1096,1096.0,997.0,-2.140975275165478,2.998223085821242,47371.55555555556,1096.0,1096.0,0.0,1634046382.669856,0.0,4.8092119693756095
494,0,1,0,0,3,2,1096,2211110130,1130,64,1116,17,59861,29483,0,0,0,0,15,2211110130,17,59861,11123,18490,442,1130,1130.0,1027.2222222222222,-2.1464938544619248,3.052362069494144,46560.61728395063,1130.0,1060.25,69.75,10069,408,1096,1096.0,1006.9,-2.320308395911104,3.829262465332449,43516.49,1096.0,1096.0,0.0,1634046382.669856,0.0,4.8092119693756095
495,0,1,0,0,2,3,60,3232270721,94,47,80,17,29483,59861,0,0,0,0,15,2211110130,17,59861,11123,18584,94,1130,1130.0,978.1052631578948,-1.9379614064542023,2.379108667265781,87534.62049861497,1130.0,994.5,135.5,10129,60,1096,1096.0,920.818181818182,-1.7312575595156503,1.4036159002462298,113661.2396694215,1096.0,994.5,101.5,1634046382.671122,0.0012660026550292,4.810477972030639
496,0,1,0,0,2,3,52,3232270721,86,47,72,17,29483,59861,0,0,0,0,15,2211110130,17,59861,11123,18670,86,1130,1130.0,933.5,-1.59032610426385,0.9257351046924632,120960.85,1130.0,945.75,184.25,10181,52,1096,1096.0,848.4166666666666,-1.2275388999283008,-0.2756973602787176,161851.2430555556,1096.0,771.75,324.25,1634046382.671177,5.4836273193359375e-05,4.810532808303832
497,0,1,0,0,3,2,1096,2211110130,1130,64,1116,17,59861,29483,0,0,0,0,15,2211110130,17,59861,11123,1130,1130,1130,1130.0,1130.0,0.0,-3.0,0.0,1130.0,1130.0,0.0,11277,52,1096,1096.0,867.4615384615385,-1.3502565045281176,0.0469921891867652,153753.63313609466,1096.0,893.0,203.0,1634046382.671742,0.0005650520324707,4.811097860336303
498,0,1,0,0,3,2,1116,2211110130,1150,64,1136,17,59861,29483,0,0,0,0,15,2211110130,17,59861,11123,2280,1130,1150,1140.0,1140.0,0.0,-2.0,100.0,1145.0,1135.0,10.0,12393,52,1116,1096.0,885.2142857142857,-1.4625914091524308,0.3716184894741863,146868.31122448976,1096.0,943.75,152.25,1634046382.671742,0.0,4.811097860336303
499,0,1,0,0,2,3,52,3232270721,86,48,72,17,10001,59861,0,0,0,0,15,2211110130,17,59861,11123,2366,86,1150,1130.0,788.6666666666666,-0.7062478241825707,-1.5000000000000002,246936.88888888888,1140.0,608.0,532.0,12445,52,1116,1096.0,829.6666666666666,-1.1129075364440992,-0.6080443826297754,180274.62222222227,1096.0,650.5,445.5,1634046382.672155,0.0004129409790039,4.811510801315307
500,0,1,0,0,3,2,175,2211110130,209,64,195,17,59861,29483,0,0,0,0,15,2211110130,17,59861,11123,2575,86,1150,669.5,643.75,-0.0221660734822144,-1.9689070414638912,248205.1875,1135.0,178.25,956.75,12620,52,1116,1096.0,788.75,-0.8593754894029397,-1.132407437032903,194120.0625,1096.0,349.75,746.25,1634046382.681468,0.0093131065368652,4.820823907852172
501,0,1,0,0,3,2,408,2211110130,442,64,428,17,59861,29483,0,0,0,0,15,2211110130,17,59861,11123,3017,86,1150,442.0,603.4,0.2267161579966467,-1.7507093093409327,205076.64,1130.0,209.0,921.0,13028,52,1116,1096.0,766.3529411764706,-0.7154945203227566,-1.307751450581636,190727.28719723184,1096.0,408.0,688.0,1634046382.681468,0.0,4.820823907852172
502,0,1,0,0,3,2,1096,2211110130,1130,64,1116,17,59861,29483,0,0,0,0,15,2211110130,17,59861,11123,4147,86,1150,786.0,691.1666666666666,-0.1453614265504231,-1.8198660506979465,209412.13888888888,1130.0,267.25,862.75,14124,52,1116,1096.0,784.6666666666666,-0.8052989461210642,-1.1714604653603793,185833.00000000003,1096.0,408.0,688.0,1634046382.682384,0.0009160041809082,4.82173991203308
503,0,1,0,0,3,2,1096,2211110130,1130,64,1116,17,59861,29483,0,0,0,0,15,2211110130,17,59861,11123,5277,86,1150,1130.0,753.8571428571429,-0.4185862161150736,-1.6794595650072113,203076.69387755095,1130.0,325.5,804.5,15220,52,1116,1096.0,801.0526315789474,-0.8894238496892427,-1.0283641470527556,180885.31301939057,1096.0,408.0,688.0,1634046382.682384,0.0,4.82173991203308
504,0,1,0,0,3,2,1096,2211110130,1130,64,1116,17,59861,29483,0,0,0,0,15,2211110130,17,59861,11123,6407,86,1150,1130.0,800.875,-0.6386106996437401,-1.4513981077928426,193166.859375,1130.0,383.75,746.25,16316,52,1116,1096.0,815.8,-0.9687070439565464,-0.8798955302804385,175973.26,1096.0,408.0,688.0,1634046382.682953,0.0005688667297363,4.8223087787628165
505,0,1,0,0,3,2,1096,2211110130,1130,64,1116,17,59861,29483,0,0,0,0,15,2211110130,17,59861,11123,7537,86,1150,1130.0,837.4444444444445,-0.8252917598147167,-1.1783931707587163,182402.4691358025,1130.0,442.0,688.0,1096,1096,1096,1096.0,1096.0,0.0,-3.0,0.0,1096.0,1096.0,0.0,1634046382.682953,0.0,4.8223087787628165
506,0,1,0,0,3,2,1096,2211110130,1130,64,1116,17,59861,29483,0,0,0,0,15,2211110130,17,59861,11123,8667,86,1150,1130.0,866.7,-0.9890239187076934,-0.8792847697404427,171865.20999999996,1130.0,614.0,516.0,2192,1096,1096,1096.0,1096.0,0.0,-3.0,0.0,1096.0,1096.0,0.0,1634046382.683491,0.0005381107330322,4.822846889495849
507,0,1,0,0,3,2,315,2211110130,349,64,335,17,59861,29483,0,0,0,0,15,2211110130,17,59861,11123,9016,86,1150,1130.0,819.6363636363636,-0.6819700051959343,-1.3839684302478348,178390.95867768597,1130.0,395.5,734.5,2507,315,1096,1096.0,835.6666666666666,-0.7071067811865472,-1.5000000000000009,135546.8888888889,1096.0,705.5,390.5,1634046382.683491,0.0,4.822846889495849
508,0,1,0,0,3,2,1096,2211110130,1130,64,1116,17,59861,29483,0,0,0,0,15,2211110130,17,59861,11123,10146,86,1150,1130.0,845.5,-0.8194618413297989,-1.1775527560150854,170883.25,1130.0,418.75,711.25,3603,315,1096,1096.0,900.75,-1.1547005383792517,-0.6666666666666665,114367.6875,1096.0,900.75,195.25,1634046382.690003,0.0065119266510009,4.82935881614685
509,0,1,0,0,3,2,1096,2211110130,1130,64,1116,17,59861,29483,0,0,0,0,15,2211110130,17,59861,11123,11276,86,1150,1130.0,867.3846153846154,-0.9440817237049574,-0.9563905951617682,163485.62130177516,1130.0,442.0,688.0,4699,315,1096,1096.0,939.8,-1.4999999999999996,0.2499999999999995,97593.75999999998,1096.0,1096.0,0.0,1634046382.690003,0.0,4.82935881614685
510,0,1,0,0,3,2,1096,2211110130,1130,64,1116,17,59861,29483,0,0,0,0,15,2211110130,17,59861,11123,12406,86,1150,1130.0,886.1428571428571,-1.0585412512556691,-0.7248241429230311,156382.40816326533,1130.0,614.0,516.0,5795,315,1096,1096.0,965.8333333333334,-1.7888543819998317,1.200000000000001,84716.80555555556,1096.0,1096.0,0.0,1634046382.692592,0.0025889873504638,4.831947803497314
511,0,1,0,0,3,2,313,2211110130,347,64,333,17,59861,29483,0,0,0,0,15,2211110130,17,59861,11123,12753,86,1150,1130.0,850.2,-0.8098973081807886,-1.1956951532985476,164043.36000000002,1130.0,395.5,734.5,6108,313,1096,1096.0,872.5714285714286,-0.9486908996018134,-1.0999743592510949,124801.10204081632,1096.0,705.5,390.5,1634046382.692592,0.0,4.831947803497314
512,0,1,0,0,3,2,408,2211110130,442,64,428,17,59861,29483,0,0,0,0,15,2211110130,17,59861,11123,13195,86,1150,1130.0,824.6875,-0.6374546019208975,-1.4182028494413967,163553.96484375,1130.0,418.75,711.25,6516,313,1096,1096.0,814.5,-0.5330523567508364,-1.6945191517401013,132807.0,1096.0,384.75,711.25,1634046382.692592,0.0,4.831947803497314
513,0,1,0,0,3,2,1096,2211110130,1130,64,1116,17,59861,29483,0,0,0,0,15,2211110130,17,59861,11123,14325,86,1150,1130.0,842.6470588235294,-0.7341515752602807,-1.2863566091016356,159093.87543252597,1130.0,442.0,688.0,7612,313,1096,1096.0,845.7777777777778,-0.7231486044273123,-1.4559377224683785,125877.06172839509,1096.0,408.0,688.0,1634046382.692592,0.0,4.831947803497314
514,0,1,0,0,3,2,1096,2211110130,1130,64,1116,17,59861,29483,0,0,0,0,15,2211110130,17,59861,11123,15455,86,1150,1130.0,858.6111111111111,-0.8240892230301156,-1.146034617186372,154587.79320987657,1130.0,442.0,688.0,8708,313,1096,1096.0,870.8,-0.8885926306431678,-1.1891039949761628,118924.36000000002,1096.0,580.0,516.0,1634046382.692592,0.0,4.831947803497314
515,0,1,0,0,3,2,1096,2211110130,1130,64,1116,17,59861,29483,0,0,0,0,15,2211110130,17,59861,11123,16585,86,1150,1130.0,872.8947368421053,-0.908353221251255,-0.999151866437748,150123.98891966758,1130.0,442.0,688.0,9804,313,1096,1096.0,891.2727272727273,-1.0361939936741813,-0.9045850801076304,112304.38016528924,1096.0,752.0,344.0,1634046382.692592,0.0,4.831947803497314
516,0,1,0,0,3,2,1096,2211110130,1130,64,1116,17,59861,29483,0,0,0,0,15,2211110130,17,59861,11123,17715,86,1150,1130.0,885.75,-0.9877822524530456,-0.8470868814913368,145757.6875,1130.0,442.0,688.0,10900,313,1096,1096.0,908.3333333333334,-1.1702353513856698,-0.6082624407522972,106147.38888888888,1096.0,924.0,172.0,1634046382.693227,0.0006351470947265,4.83258295059204
517,0,1,0,0,3,2,668,2211110130,702,64,688,17,59861,29483,0,0,0,0,15,2211110130,17,59861,11123,702,702,702,702.0,702.0,0.0,-3.0,0.0,702.0,702.0,0.0,11568,313,1096,1096.0,889.8461538461538,-1.0043185703269089,-0.8408848226714296,102083.5147928994,1096.0,668.0,428.0,1634046382.693227,0.0,4.83258295059204
518,0,1,0,0,3,2,408,2211110130,442,64,428,17,59861,29483,0,0,0,0,15,2211110130,17,59861,11123,1144,442,702,572.0,572.0,0.0,-2.0,16900.0,637.0,507.0,130.0,11976,313,1096,1096.0,855.4285714285714,-0.7378707359651432,-1.332811412446646,110191.2448979592,1096.0,473.0,623.0,1634046382.693986,0.0007588863372802,4.83334183692932
519,0,1,0,0,3,2,1096,2211110130,1130,64,1116,17,59861,29483,0,0,0,0,15,2211110130,17,59861,11123,2274,442,1130,702.0,758.0,0.2884422021182718,-1.5000000000000002,80458.66666666667,916.0,572.0,344.0,13072,313,1096,1096.0,871.4666666666667,-0.8462047248965315,-1.160950665101764,106446.24888888888,1096.0,538.0,558.0,1634046382.693986,0.0,4.83334183692932
520,0,1,0,0,3,2,1116,2211110130,1150,64,1136,17,59861,29483,0,0,0,0,15,2211110130,17,59861,11123,3424,442,1150,916.0,856.0,-0.2688394619312493,-1.6461268729765943,89156.0,1135.0,637.0,498.0,14188,313,1116,1096.0,886.75,-0.9451085224230714,-0.9820233871280776,103297.0625,1096.0,603.0,493.0,1634046382.701218,0.0072319507598876,4.840573787689208
521,0,1,0,0,3,2,1096,2211110130,1130,64,1116,17,59861,29483,0,0,0,0,15,2211110130,17,59861,11123,4554,442,1150,1130.0,910.8,-0.6433014519579757,-1.327090563998795,83336.95999999999,1130.0,702.0,428.0,15284,313,1116,1096.0,899.0588235294117,-1.0387676855898191,-0.7946997851348696,99644.87889273356,1096.0,668.0,428.0,1634046382.701862,0.0006442070007324,4.8412179946899405
522,0,1,0,0,3,2,60,2211110130,94,64,80,17,59861,29483,0,0,0,0,15,2211110130,17,59861,11123,4648,94,1150,916.0,774.6666666666666,-0.5361144608435292,-1.2327121339134666,162108.8888888889,1130.0,507.0,623.0,15344,60,1116,1096.0,852.4444444444445,-0.9538013763861196,-0.7834829378021038,131048.35802469136,1096.0,473.0,623.0,1634046382.703263,0.0014009475708007,4.842618942260741
523,0,1,0,0,3,2,1096,2211110130,1130,64,1116,17,59861,29483,0,0,0,0,15,2211110130,17,59861,11123,5778,94,1150,1130.0,825.4285714285714,-0.778381909349269,-0.9330594760599502,154411.10204081633,1130.0,572.0,558.0,16440,60,1116,1096.0,865.2631578947369,-1.0370650179166343,-0.6151068833865554,127108.82548476454,1096.0,538.0,558.0,1634046382.703263,0.0,4.842618942260741
524,0,1,0,0,3,2,1096,2211110130,1130,64,1116,17,59861,29483,0,0,0,0,15,2211110130,17,59861,11123,6908,94,1150,1130.0,863.5,-0.9833610386610694,-0.5723256780468367,145255.75,1130.0,637.0,493.0,17536,60,1116,1096.0,876.8,-1.1158548245197788,-0.4420182251312949,123282.26,1096.0,603.0,493.0,1634046382.703818,0.0005550384521484,4.84317398071289
525,0,1,0,0,3,2,463,2211110130,497,64,483,17,59861,29483,0,0,0,0,15,2211110130,17,59861,11123,7405,94,1150,1130.0,822.7777777777778,-0.6774824511679439,-1.0176845293316183,142382.61728395062,1130.0,497.0,633.0,463,463,463,463.0,463.0,0.0,-3.0,0.0,463.0,463.0,0.0,1634046382.703818,0.0,4.84317398071289
526,0,1,0,0,3,2,408,2211110130,442,64,428,17,59861,29483,0,0,0,0,15,2211110130,17,59861,11123,7847,94,1150,916.0,784.7,-0.4164655298853441,-1.3108206349062004,141193.61000000002,1130.0,455.75,674.25,871,408,463,435.5,435.5,0.0,-2.0,756.25,449.25,421.75,27.5,1634046382.704638,0.0008199214935302,4.84399390220642
527,0,1,0,0,3,2,1096,2211110130,1130,64,1116,17,59861,29483,0,0,0,0,15,2211110130,17,59861,11123,8977,94,1150,1130.0,816.0909090909091,-0.5719939452418109,-1.1793896754181947,138211.71900826448,1130.0,469.5,660.5,1967,408,1096,463.0,655.6666666666666,0.69068018770936,-1.4999999999999991,97450.88888888888,779.5,435.5,344.0,1634046382.704638,0.0,4.84399390220642
528,0,1,0,0,3,2,1096,2211110130,1130,64,1116,17,59861,29483,0,0,0,0,15,2211110130,17,59861,11123,10107,94,1150,1130.0,842.25,-0.710033534528242,-1.0133094334450323,134221.35416666666,1130.0,483.25,646.75,3063,408,1096,779.5,765.75,-0.0103470458398387,-1.986215855171929,109443.1875,1096.0,449.25,646.75,1634046382.704638,0.0,4.84399390220642
529,0,1,0,0,3,2,1096,2211110130,1130,64,1116,17,59861,29483,0,0,0,0,15,2211110130,17,59861,11123,11237,94,1150,1130.0,864.3846153846154,-0.8347385920369306,-0.8245390973661211,129775.92899408285,1130.0,497.0,633.0,4159,408,1096,1096.0,831.8,-0.4170549666506213,-1.8141721532356687,105004.96,1096.0,463.0,633.0,1634046382.704638,0.0,4.84399390220642
530,0,1,0,0,3,2,772,2211110130,806,64,792,17,59861,29483,0,0,0,0,15,2211110130,17,59861,11123,12043,94,1150,1130.0,860.2142857142857,-0.82814774513132,-0.7065278838485556,120732.31122448978,1130.0,548.25,581.75,4931,408,1096,934.0,821.8333333333334,-0.3535334776077322,-1.647033985950506,88000.80555555556,1096.0,540.25,555.75,1634046382.705153,0.0005149841308593,4.844508886337279
531,0,1,0,0,2,3,56,3232270721,90,47,76,17,29483,59861,0,0,0,0,15,2211110130,17,59861,11123,12133,90,1150,1130.0,808.8666666666667,-0.686250508162867,-1.0278559860042666,149595.58222222223,1130.0,469.5,660.5,4987,56,1096,772.0,712.4285714285714,-0.3971364630161226,-1.2665446180300866,147245.67346938775,1096.0,435.5,660.5,1634046382.705901,0.0007479190826416,4.845256805419921
532,0,1,0,0,2,3,60,3232270721,94,47,80,17,29483,59861,0,0,0,0,15,2211110130,17,59861,11123,12227,90,1150,968.0,764.1875,-0.5292193347131913,-1.307740050650349,170189.27734375,1130.0,442.0,688.0,5047,56,1096,617.5,630.875,-0.148295588651898,-1.5392999445717463,175396.859375,1096.0,321.0,775.0,1634046382.724861,0.0189599990844726,4.864216804504394
533,0,1,0,0,3,2,56,2211110130,90,64,76,17,59861,29483,0,0,0,0,15,2211110130,17,59861,11123,12317,90,1150,806.0,724.5294117647059,-0.3870433673222465,-1.496898951816484,185342.36678200687,1130.0,442.0,688.0,5103,56,1096,463.0,567.0,0.0683843295049794,-1.6251247718240778,188548.44444444444,1096.0,60.0,1036.0,1634046382.725156,0.0002951622009277,4.864511966705321
534,0,1,0,0,3,2,1096,2211110130,1130,64,1116,17,59861,29483,0,0,0,0,15,2211110130,17,59861,11123,13447,90,1150,968.0,747.0555555555555,-0.4813201545575966,-1.425340380046314,183671.8302469136,1130.0,442.0,688.0,6199,56,1096,617.5,619.9,-0.1305701715707952,-1.659279204389574,194879.29,1096.0,147.0,949.0,1634046382.727863,0.0027070045471191,4.8672189712524405
535,0,1,0,0,3,2,1096,2211110130,1130,64,1116,17,59861,29483,0,0,0,0,15,2211110130,17,59861,11123,14577,90,1150,1130.0,767.2105263157895,-0.5687223524555111,-1.3405575401349656,181316.9030470914,1130.0,442.0,688.0,7295,56,1096,772.0,663.1818181818181,-0.2989287891979885,-1.6126071795539398,195896.14876033057,1096.0,234.0,862.0,1634046382.728491,0.0006279945373535,4.867846965789794
536,0,1,0,0,3,2,1096,2211110130,1130,64,1116,17,59861,29483,0,0,0,0,15,2211110130,17,59861,11123,15707,90,1150,1130.0,785.35,-0.650337397387308,-1.245625924406344,178502.8275,1130.0,442.0,688.0,8391,56,1096,934.0,699.25,-0.4454442689937313,-1.5182101640758134,193881.5208333333,1096.0,321.0,775.0,1634046382.728491,0.0,4.867846965789794
537,0,1,0,0,3,2,1003,2211110130,1037,64,1023,17,59861,29483,0,0,0,0,15,2211110130,17,59861,11123,1037,1037,1037,1037.0,1037.0,0.0,-3.0,0.0,1037.0,1037.0,0.0,9394,56,1096,1003.0,722.6153846153846,-0.5752155166852395,-1.3799246143603354,185518.8520710059,1096.0,408.0,688.0,1634046382.729175,0.0006840229034423,4.868530988693236
538,0,1,0,0,3,2,408,2211110130,442,64,428,17,59861,29483,0,0,0,0,15,2211110130,17,59861,11123,1479,442,1037,739.5,739.5,0.0,-2.0,88506.25,888.25,590.75,297.5,9802,56,1096,887.5,700.1428571428571,-0.4342023327213584,-1.468417009327096,178832.69387755104,1096.0,408.0,688.0,1634046382.729175,0.0,4.868530988693236
539,0,1,0,0,3,2,408,2211110130,442,64,428,17,59861,29483,0,0,0,0,15,2211110130,17,59861,11123,1921,442,1037,442.0,640.3333333333334,0.7071067811865471,-1.5000000000000002,78672.22222222222,739.5,442.0,297.5,10210,56,1096,772.0,680.6666666666666,-0.3111759839691904,-1.51392146166155,172221.02222222224,1096.0,408.0,688.0,1634046382.738544,0.009368896484375,4.877899885177611
540,0,1,0,0,2,3,60,3232270721,94,47,80,17,29483,59861,0,0,0,0,15,2211110130,17,59861,11123,2015,94,1037,442.0,503.75,0.5282255717790804,-0.9369680379637436,114969.1875,590.75,355.0,235.75,10270,56,1096,617.5,641.875,-0.181375592706968,-1.620717961822535,184029.109375,1096.0,321.0,775.0,1634046382.740644,0.0020999908447265,4.879999876022338
541,0,1,0,0,3,2,1096,2211110130,1130,64,1116,17,59861,29483,0,0,0,0,15,2211110130,17,59861,11123,3145,94,1130,442.0,629.0,0.0902376488961317,-1.5373258543287818,154725.6,1037.0,442.0,595.0,11366,56,1096,772.0,668.5882352941177,-0.2871907564613382,-1.588556370269151,184621.4186851211,1096.0,408.0,688.0,1634046382.750917,0.0102729797363281,4.890272855758666
542,0,1,0,0,3,2,1096,2211110130,1130,64,1116,17,59861,29483,0,0,0,0,15,2211110130,17,59861,11123,4275,94,1130,739.5,712.5,-0.2425389173586914,-1.5780956232298815,163799.25,1106.75,442.0,664.75,12462,56,1096,887.5,692.3333333333334,-0.3840014012907805,-1.535787418577809,183949.77777777775,1096.0,408.0,688.0,1634046382.750917,0.0,4.890272855758666
543,0,1,0,0,3,2,1096,2211110130,1130,64,1116,17,59861,29483,0,0,0,0,15,2211110130,17,59861,11123,5405,94,1130,1037.0,772.1428571428571,-0.5002130548340511,-1.4198413993879662,161742.97959183677,1130.0,442.0,688.0,13558,56,1096,1003.0,713.578947368421,-0.4733789630268655,-1.4677216584537094,182392.98060941827,1096.0,408.0,688.0,1634046382.751558,0.0006411075592041,4.89091396331787
544,0,1,0,0,3,2,1096,2211110130,1130,64,1116,17,59861,29483,0,0,0,0,15,2211110130,17,59861,11123,6535,94,1130,1083.5,816.875,-0.7125079241438786,-1.1740730147231284,155531.859375,1130.0,442.0,688.0,14654,56,1096,1049.5,732.7,-0.5565327180657919,-1.3880044258076898,180220.01000000004,1096.0,408.0,688.0,1634046382.751558,0.0,4.89091396331787
545,0,1,0,0,3,2,1096,2211110130,1130,64,1116,17,59861,29483,0,0,0,0,15,2211110130,17,59861,11123,7665,94,1130,1130.0,851.6666666666666,-0.894910210661449,-0.8825100726929147,147934.22222222222,1130.0,442.0,688.0,1096,1096,1096,1096.0,1096.0,0.0,-3.0,0.0,1096.0,1096.0,0.0,1634046382.751558,0.0,4.89091396331787
546,0,1,0,0,2,3,60,3232270721,94,47,80,17,29483,59861,0,0,0,0,15,2211110130,17,59861,11123,7759,94,1130,1083.5,775.9,-0.5900896879050749,-1.4173018888957618,184806.09,1130.0,442.0,688.0,1156,60,1096,578.0,578.0,0.0,-2.0,268324.0,837.0,319.0,518.0,1634046382.756872,0.0053138732910156,4.896227836608886
547,0,1,0,0,3,2,1116,2211110130,1150,64,1136,17,59861,29483,0,0,0,0,15,2211110130,17,59861,11123,8909,94,1150,1130.0,809.9090909090909,-0.7388067961286736,-1.2223755861030363,179571.71900826445,1130.0,442.0,688.0,2272,60,1116,1096.0,757.3333333333334,-0.706234640138224,-1.4999999999999996,243203.55555555556,1106.0,578.0,528.0,1634046382.759126,0.0022540092468261,4.898481845855712
548,0,1,0,0,3,2,923,2211110130,957,64,943,17,59861,29483,0,0,0,0,15,2211110130,17,59861,11123,9866,94,1150,1083.5,822.1666666666666,-0.8464807034618264,-1.0013618889079243,166260.1388888889,1130.0,442.0,688.0,3195,60,1116,1009.5,798.75,-1.055942800910565,-0.7539126288526279,187548.6875,1101.0,707.25,393.75,1634046382.759126,0.0,4.898481845855712
549,0,1,0,0,2,3,60,3232270721,94,47,80,17,29483,59861,0,0,0,0,15,2211110130,17,59861,11123,9960,94,1150,1037.0,766.1538461538462,-0.6029631352051831,-1.419562003105303,191120.1301775148,1130.0,442.0,688.0,3255,60,1116,923.0,651.0,-0.3529233208370404,-1.8092337582211528,237359.2,1096.0,60.0,1036.0,1634046382.774562,0.0154359340667724,4.9139177799224845
550,0,1,0,0,3,2,408,2211110130,442,64,428,17,59861,29483,0,0,0,0,15,2211110130,17,59861,11123,10402,94,1150,997.0,743.0,-0.459413073506787,-1.5175259344734304,184438.0,1130.0,442.0,688.0,3663,60,1116,665.5,610.5,-0.1209234238069029,-1.7598956619364547,206000.5833333333,1052.75,147.0,905.75,1634046382.782522,0.0079600811004638,4.921877861022948
551,0,1,0,0,3,2,1096,2211110130,1130,64,1116,17,59861,29483,0,0,0,0,15,2211110130,17,59861,11123,11532,94,1150,1037.0,768.8,-0.5713118698901567,-1.4087885225563117,181461.0933333333,1130.0,442.0,688.0,4759,60,1116,923.0,679.8571428571429,-0.3911534642957363,-1.6447418642865108,205434.40816326533,1096.0,234.0,862.0,1634046382.782522,0.0,4.921877861022948
552,0,1,0,0,3,2,1096,2211110130,1130,64,1116,17,59861,29483,0,0,0,0,15,2211110130,17,59861,11123,12662,94,1150,1083.5,791.375,-0.6738862485199809,-1.2847632794264972,177764.234375,1130.0,442.0,688.0,5855,60,1116,1009.5,731.875,-0.6097874717243656,-1.4346571079763055,198696.109375,1096.0,321.0,775.0,1634046382.783057,0.0005350112915039,4.922412872314452
553,0,1,0,0,3,2,1096,2211110130,1130,64,1116,17,59861,29483,0,0,0,0,15,2211110130,17,59861,11123,13792,94,1150,1130.0,811.2941176470588,-0.768831822899547,-1.1494379316748935,173655.85467128025,1130.0,442.0,688.0,6951,60,1116,1096.0,772.3333333333334,-0.7955281427924393,-1.17570056934656,189713.77777777772,1096.0,408.0,688.0,1634046382.783057,0.0,4.922412872314452
554,0,1,0,0,3,2,1096,2211110130,1130,64,1116,17,59861,29483,0,0,0,0,15,2211110130,17,59861,11123,14922,94,1150,1130.0,829.0,-0.8574208532646262,-1.0055298258462952,169337.77777777778,1130.0,442.0,688.0,8047,60,1116,1096.0,804.7,-0.9584704562388716,-0.8883653802959692,180170.81,1096.0,536.75,559.25,1634046382.783628,0.0005710124969482,4.9229838848114005
555,0,1,0,0,3,2,230,2211110130,264,64,250,17,59861,29483,0,0,0,0,15,2211110130,17,59861,11123,15186,94,1150,1130.0,799.2631578947369,-0.6797743915477487,-1.307813042083951,176342.29916897503,1130.0,442.0,688.0,8277,60,1116,1096.0,752.4545454545455,-0.6440619718359066,-1.4156379076174543,191087.52066115703,1096.0,319.0,777.0,1634046382.783628,0.0,4.9229838848114005
556,0,1,0,0,2,3,60,3232270721,94,47,80,17,29483,59861,0,0,0,0,15,2211110130,17,59861,11123,15280,94,1150,1083.5,764.0,-0.5395944619497284,-1.506474149798728,191151.5,1130.0,397.5,732.5,8337,60,1116,1009.5,694.75,-0.4117114723299979,-1.691676987795848,211791.5208333333,1096.0,187.5,908.5,1634046382.793547,0.0099189281463623,4.932902812957763
557,0,1,0,0,2,3,60,3232270721,94,47,80,17,29483,59861,0,0,0,0,15,2211110130,17,59861,11123,94,94,94,94.0,94.0,0.0,-3.0,0.0,94.0,94.0,0.0,8397,60,1116,923.0,645.9230769230769,-0.2240542256437398,-1.8291688903157932,224108.68639053253,1096.0,60.0,1036.0,1634046382.812702,0.0191550254821777,4.9520578384399405
558,0,1,0,0,3,2,1096,2211110130,1130,64,1116,17,59861,29483,0,0,0,0,15,2211110130,17,59861,11123,1224,94,1130,612.0,612.0,0.0,-2.0,268324.0,871.0,353.0,518.0,9493,60,1116,1009.5,678.0714285714286,-0.3544553684042843,-1.758859625535775,221536.63775510207,1096.0,102.5,993.5,1634046382.813344,0.0006420612335205,4.952699899673461
559,0,1,0,0,3,2,1096,2211110130,1130,64,1116,17,59861,29483,0,0,0,0,15,2211110130,17,59861,11123,2354,94,1130,1130.0,784.6666666666666,-0.7071067811865472,-1.5,238510.22222222225,1130.0,612.0,518.0,10589,60,1116,1096.0,705.9333333333333,-0.4712121775748345,-1.6656063402519286,217635.5288888889,1096.0,145.0,951.0,1634046382.813344,0.0,4.952699899673461
560,0,1,0,0,3,2,1096,2211110130,1130,64,1116,17,59861,29483,0,0,0,0,15,2211110130,17,59861,11123,3484,94,1130,1130.0,871.0,-1.1547005383792517,-0.6666666666666665,201243.0,1130.0,871.0,259.0,11685,60,1116,1096.0,730.3125,-0.5773169542166721,-1.5561783288252449,212948.46484375,1096.0,187.5,908.5,1634046382.813344,0.0,4.952699899673461
561,0,1,0,0,3,2,802,2211110130,836,64,822,17,59861,29483,0,0,0,0,15,2211110130,17,59861,11123,4320,94,1130,1130.0,864.0,-1.2364619009412925,-0.1784666970733845,161190.4,1130.0,836.0,294.0,12487,60,1116,1096.0,734.5294117647059,-0.6218176615828516,-1.447366827060007,200706.6020761246,1096.0,230.0,866.0,1634046382.813344,0.0,4.952699899673461
562,0,1,0,0,3,2,60,2211110130,94,64,80,17,59861,29483,0,0,0,0,15,2211110130,17,59861,11123,4414,94,1130,983.0,735.6666666666666,-0.5675192543738938,-1.5384432365337333,216672.55555555556,1130.0,279.5,850.5,12547,60,1116,1009.5,697.0555555555555,-0.4645944067704363,-1.641021261985944,213429.1635802469,1096.0,102.5,993.5,1634046382.822638,0.0092940330505371,4.961993932723998
563,0,1,0,0,3,2,408,2211110130,442,64,428,17,59861,29483,0,0,0,0,15,2211110130,17,59861,11123,4856,94,1130,836.0,693.7142857142857,-0.3208698659704285,-1.6212318407851796,196279.34693877556,1130.0,268.0,862.0,12955,60,1116,923.0,681.8421052631579,-0.375996610084113,-1.6713277430625555,206362.1329639889,1096.0,145.0,951.0,1634046382.82365,0.001011848449707,4.963005781173705
564,0,1,0,0,2,3,60,3232270721,94,47,80,17,29483,59861,0,0,0,0,15,2211110130,17,59861,11123,4950,94,1130,639.0,618.75,-0.0359245048460752,-1.7778458809679434,211081.9375,1130.0,94.0,1036.0,13015,60,1116,862.5,650.75,-0.25662645850078,-1.764129416410671,214411.6875,1096.0,60.0,1036.0,1634046382.829588,0.0059380531311035,4.968943834304809
565,0,1,0,0,3,2,1104,2211110130,1138,64,1124,17,59861,29483,0,0,0,0,15,2211110130,17,59861,11123,6088,94,1138,836.0,676.4444444444445,-0.2502399323770872,-1.738348289248186,214257.5802469136,1130.0,94.0,1036.0,1104,1104,1104,1104.0,1104.0,0.0,-3.0,0.0,1104.0,1104.0,0.0,1634046382.84699,0.017402172088623,4.986346006393432
566,0,1,0,0,3,2,1096,2211110130,1130,64,1116,17,59861,29483,0,0,0,0,15,2211110130,17,59861,11123,7218,94,1138,983.0,721.8,-0.4307925036064446,-1.6267620976368136,211345.96,1130.0,181.0,949.0,2200,1096,1104,1100.0,1100.0,0.0,-2.0,16.0,1102.0,1098.0,4.0,1634046382.84699,0.0,4.986346006393432
567,0,1,0,0,3,2,1096,2211110130,1130,64,1116,17,59861,29483,0,0,0,0,15,2211110130,17,59861,11123,8348,94,1138,1130.0,758.9090909090909,-0.5869660766629564,-1.4733635895172967,205903.53719008263,1130.0,268.0,862.0,3296,1096,1104,1096.0,1098.6666666666667,0.7071067811864872,-1.5000000000000566,14.222222222222223,1100.0,1096.0,4.0,1634046382.84699,0.0,4.986346006393432
568,0,1,0,0,3,2,1096,2211110130,1130,64,1116,17,59861,29483,0,0,0,0,15,2211110130,17,59861,11123,9478,94,1138,1130.0,789.8333333333334,-0.7254512786038029,-1.293768456187676,199264.30555555556,1130.0,355.0,775.0,4392,1096,1104,1096.0,1098.0,1.1547005383792517,-0.6666666666666665,12.0,1098.0,1096.0,2.0,1634046382.848067,0.0010769367218017,4.9874229431152335
569,0,1,0,0,3,2,1096,2211110130,1130,64,1116,17,59861,29483,0,0,0,0,15,2211110130,17,59861,11123,10608,94,1138,1130.0,816.0,-0.850510809018843,-1.0966954805928295,192152.61538461535,1130.0,442.0,688.0,5488,1096,1104,1096.0,1097.6,1.500000000000085,0.2500000000001701,10.240000000000002,1096.0,1096.0,0.0,1634046382.848067,0.0,4.9874229431152335
570,0,1,0,0,3,2,590,2211110130,624,64,610,17,59861,29483,0,0,0,0,15,2211110130,17,59861,11123,11232,94,1138,1130.0,802.2857142857143,-0.7745786727286379,-1.108513448871953,180872.4897959184,1130.0,487.5,642.5,6078,590,1104,1096.0,1013.0,-1.7878888724095938,1.1982947377108006,35794.333333333336,1096.0,1096.0,0.0,1634046382.848067,0.0,4.9874229431152335
571,0,1,0,0,2,3,60,3232270721,94,47,80,17,29483,59861,0,0,0,0,15,2211110130,17,59861,11123,11326,94,1138,1130.0,755.0666666666667,-0.5684906562671316,-1.444315155108112,200029.26222222223,1130.0,268.0,862.0,6138,60,1104,1096.0,876.8571428571429,-1.3760922127925757,0.2916293699573553,141890.1224489796,1096.0,843.0,253.0,1634046382.863586,0.0155189037322998,5.002941846847533
572,0,1,0,0,3,2,408,2211110130,442,64,428,17,59861,29483,0,0,0,0,15,2211110130,17,59861,11123,11768,94,1138,983.0,735.5,-0.4501204656056484,-1.5137037454271924,193270.25,1130.0,355.0,775.0,6546,60,1104,1096.0,818.25,-0.8936098170713869,-0.7685068808969362,148197.4375,1096.0,544.5,551.5,1634046382.868237,0.0046510696411132,5.007592916488647
573,0,1,0,0,3,2,1096,2211110130,1130,64,1116,17,59861,29483,0,0,0,0,15,2211110130,17,59861,11123,12898,94,1138,1130.0,758.7058823529412,-0.5490742140503206,-1.421366230410836,190517.6193771626,1130.0,442.0,688.0,7642,60,1104,1096.0,849.1111111111111,-1.0739660832491078,-0.4084452621105177,139350.32098765433,1096.0,590.0,506.0,1634046382.868237,0.0,5.007592916488647
574,0,1,0,0,3,2,1116,2211110130,1150,64,1136,17,59861,29483,0,0,0,0,15,2211110130,17,59861,11123,14048,94,1150,1130.0,780.4444444444445,-0.6388665681687341,-1.3184258871593844,187966.9135802469,1130.0,442.0,688.0,8758,60,1116,1096.0,875.8,-1.2316947182241278,-0.0348441384620001,131825.96000000002,1096.0,716.5,379.5,1634046382.869488,0.0012509822845458,5.0088438987731925
575,0,1,0,0,3,2,1096,2211110130,1130,64,1116,17,59861,29483,0,0,0,0,15,2211110130,17,59861,11123,15178,94,1150,1130.0,798.8421052631579,-0.7243197083613767,-1.204157145280955,184166.4487534626,1130.0,442.0,688.0,9854,60,1116,1096.0,895.8181818181819,-1.3781865714242525,0.3621048809292704,123849.0578512397,1096.0,843.0,253.0,1634046382.869488,0.0,5.0088438987731925
576,0,1,0,0,3,2,1096,2211110130,1130,64,1116,17,59861,29483,0,0,0,0,15,2211110130,17,59861,11123,16308,94,1150,1130.0,815.4,-0.8044839452603492,-1.0824480392681946,180167.24000000005,1130.0,442.0,688.0,10950,60,1116,1096.0,912.5,-1.5130428884464655,0.7688817253990208,116589.41666666669,1096.0,969.5,126.5,1634046382.869946,0.0004580020904541,5.009301900863647
577,0,1,0,0,3,2,1096,2211110130,1130,64,1116,17,59861,29483,0,0,0,0,15,2211110130,17,59861,11123,1130,1130,1130,1130.0,1130.0,0.0,-3.0,0.0,1130.0,1130.0,0.0,12046,60,1116,1096.0,926.6153846153846,-1.6384883592174182,1.182665315643967,110011.92899408285,1096.0,1096.0,0.0,1634046382.869946,0.0,5.009301900863647
578,0,1,0,0,3,2,125,2211110130,159,64,145,17,59861,29483,0,0,0,0,15,2211110130,17,59861,11123,1289,159,1130,644.5,644.5,0.0,-2.0,235710.25,887.25,401.75,485.5,12171,60,1116,1096.0,869.3571428571429,-1.2208834754798197,-0.2214340003837809,144774.51530612246,1096.0,716.5,379.5,1634046382.869946,0.0,5.009301900863647
579,0,1,0,0,2,3,60,3232270721,94,47,80,17,29483,59861,0,0,0,0,15,2211110130,17,59861,11123,1383,94,1130,159.0,461.0,0.6971385550099803,-1.4999999999999998,224484.66666666663,644.5,126.5,518.0,12231,60,1116,1096.0,815.4,-0.9420479091398024,-0.9025394848331296,175882.10666666672,1096.0,499.0,597.0,1634046382.88116,0.0112140178680419,5.020515918731689
580,0,1,0,0,2,3,52,3232270721,86,47,72,17,29483,59861,0,0,0,0,15,2211110130,17,59861,11123,1469,86,1130,126.5,367.25,1.1406704889526578,-0.6780776466621523,194730.6875,401.75,92.0,309.75,12283,52,1116,1096.0,767.6875,-0.7247065005310609,-1.307477953175063,199036.71484375,1096.0,337.25,758.75,1634046382.881214,5.3882598876953125e-05,5.0205698013305655
581,0,1,0,0,3,2,408,2211110130,442,64,428,17,59861,29483,0,0,0,0,15,2211110130,17,59861,11123,1911,86,1130,159.0,382.2,1.1523943969198065,-0.3130310580713606,156678.56,442.0,94.0,348.0,12691,52,1116,1096.0,746.5294117647059,-0.594001321332438,-1.4334893731724283,194491.30795847747,1096.0,408.0,688.0,1634046382.897063,0.0158491134643554,5.036418914794921
582,0,1,0,0,2,3,56,3232270721,90,47,76,17,29483,59861,0,0,0,0,15,2211110130,17,59861,11123,2001,86,1130,126.5,333.5,1.419972144844489,0.402444668373795,142423.91666666666,371.25,91.0,280.25,12747,52,1116,1096.0,708.1666666666666,-0.4440204326929179,-1.6166839783466933,208705.13888888888,1096.0,195.75,900.25,1634046382.913767,0.0167040824890136,5.053122997283935
583,0,1,0,0,2,3,60,3232270721,94,47,80,17,29483,59861,0,0,0,0,15,2211110130,17,59861,11123,2095,86,1130,94.0,299.2857142857143,1.6545238036960972,1.1532573067924776,129101.34693877552,300.5,92.0,208.5,12807,52,1116,1096.0,674.0526315789474,-0.3131467082516815,-1.7352558725491989,218668.4709141274,1096.0,92.5,1003.5,1634046382.913821,5.3882598876953125e-05,5.053176879882812
584,0,1,0,0,3,2,56,2211110130,90,64,76,17,59861,29483,0,0,0,0,15,2211110130,17,59861,11123,2185,86,1130,94.0,273.125,1.8627206397031264,1.9186354984760772,117754.359375,229.75,90.0,139.75,12863,52,1116,843.0,643.15,-0.1979776075656202,-1.807864962724554,225879.5275,1096.0,60.0,1036.0,1634046382.9274,0.0135791301727294,5.066756010055541
585,0,1,0,0,3,2,1096,2211110130,1130,64,1116,17,59861,29483,0,0,0,0,15,2211110130,17,59861,11123,3315,86,1130,94.0,368.3333333333333,1.1441804565940257,-0.5058283706541356,177187.5555555556,442.0,90.0,352.0,1096,1096,1096,1096.0,1096.0,0.0,-3.0,0.0,1096.0,1096.0,0.0,1634046382.92815,0.0007498264312744,5.0675058364868155
586,0,1,0,0,3,2,1096,2211110130,1130,64,1116,17,59861,29483,0,0,0,0,15,2211110130,17,59861,11123,4445,86,1130,126.5,444.5,0.7411351013121432,-1.332072954874883,211681.05,958.0,91.0,867.0,2192,1096,1096,1096.0,1096.0,0.0,-3.0,0.0,1096.0,1096.0,0.0,1634046382.928799,0.0006489753723144,5.06815481185913
587,0,1,0,0,3,2,1096,2211110130,1130,64,1116,17,59861,29483,0,0,0,0,15,2211110130,17,59861,11123,5575,86,1130,159.0,506.8181818181818,0.4623506136640518,-1.6951017063348597,231272.87603305784,1130.0,92.0,1038.0,3288,1096,1096,1096.0,1096.0,0.0,-3.0,0.0,1096.0,1096.0,0.0,1634046382.928799,0.0,5.06815481185913
588,0,1,0,0,3,2,774,2211110130,808,64,794,17,59861,29483,0,0,0,0,15,2211110130,17,59861,11123,6383,86,1130,300.5,531.9166666666666,0.3213137412237312,-1.7370679575158048,218929.40972222225,1130.0,93.0,1037.0,4062,774,1096,1096.0,1015.5,-1.1547005383792517,-0.6666666666666665,19440.75,1096.0,1015.5,80.5,1634046382.928799,0.0,5.06815481185913
589,0,1,0,0,3,2,60,2211110130,94,64,80,17,59861,29483,0,0,0,0,15,2211110130,17,59861,11123,6477,86,1130,159.0,498.2307692307692,0.4567606705014223,-1.6373859554539876,215705.56213017757,1130.0,94.0,1036.0,4122,60,1096,1096.0,824.4,-1.190109851591661,-0.2611773047867252,161629.44,1096.0,774.0,322.0,1634046382.930004,0.0012049674987792,5.069359779357909
590,0,1,0,0,2,3,60,3232270721,94,47,80,17,29483,59861,0,0,0,0,15,2211110130,17,59861,11123,6571,86,1130,126.5,469.3571428571428,0.5781082812576326,-1.5149703905938727,211135.94387755092,1049.5,94.0,955.5,4182,60,1096,935.0,697.0,-0.5417008687917846,-1.549849270963112,215845.0,1096.0,238.5,857.5,1634046382.931525,0.0015211105346679,5.070880889892577
591,0,1,0,0,3,2,408,2211110130,442,64,428,17,59861,29483,0,0,0,0,15,2211110130,17,59861,11123,7013,86,1130,159.0,467.53333333333336,0.610495291929462,-1.3997172519137622,197106.78222222225,969.0,94.0,875.0,4590,60,1096,774.0,655.7142857142857,-0.2985822260236835,-1.6186716466156643,195237.0612244898,1096.0,234.0,862.0,1634046382.944978,0.0134530067443847,5.084333896636962
592,0,1,0,0,2,3,60,3232270721,94,47,80,17,29483,59861,0,0,0,0,15,2211110130,17,59861,11123,7107,86,1130,126.5,444.1875,0.7120338212979646,-1.2675186151369051,192963.02734375,888.5,94.0,794.5,4650,60,1096,591.0,581.25,-0.0178872602864522,-1.7646424262313003,209646.9375,1096.0,60.0,1036.0,1634046382.948756,0.0037779808044433,5.088111877441405
593,0,1,0,0,3,2,1096,2211110130,1130,64,1116,17,59861,29483,0,0,0,0,15,2211110130,17,59861,11123,8237,86,1130,159.0,484.52941176470586,0.5345552963576811,-1.5265497501132488,207651.77854671283,1130.0,94.0,1036.0,5746,60,1096,774.0,638.4444444444445,-0.2350028476687189,-1.7346701116875798,212522.46913580247,1096.0,60.0,1036.0,1634046382.973808,0.0250520706176757,5.113163948059081
594,0,1,0,0,3,2,1096,2211110130,1130,64,1116,17,59861,29483,0,0,0,0,15,2211110130,17,59861,11123,9367,86,1130,300.5,520.3888888888889,0.3853506570420158,-1.6879659290973472,217975.90432098767,1130.0,94.0,1036.0,6842,60,1096,935.0,684.2,-0.4161457046315371,-1.62937035989443,210112.36,1096.0,147.0,949.0,1634046382.974482,0.0006740093231201,5.113837957382201
595,0,1,0,0,3,2,1096,2211110130,1130,64,1116,17,59861,29483,0,0,0,0,15,2211110130,17,59861,11123,10497,86,1130,442.0,552.4736842105264,0.256509527003557,-1.7870894903870913,225033.30193905815,1130.0,94.0,1036.0,7938,60,1096,1096.0,721.6363636363636,-0.5726940824734255,-1.4808550540034524,205026.04958677685,1096.0,234.0,862.0,1634046382.974482,0.0,5.113837957382201
596,0,1,0,0,3,2,1096,2211110130,1130,64,1116,17,59861,29483,0,0,0,0,15,2211110130,17,59861,11123,11627,86,1130,442.0,581.35,0.1429419371217167,-1.8441172023797816,229624.62749999997,1130.0,94.0,1036.0,9034,60,1096,1096.0,752.8333333333334,-0.7114087709066262,-1.3053261371844918,198646.30555555556,1096.0,321.0,775.0,1634046382.975463,0.0009808540344238,5.114818811416625
597,0,1,0,0,3,2,1096,2211110130,1130,64,1116,17,59861,29483,0,0,0,0,15,2211110130,17,59861,11123,1130,1130,1130,1130.0,1130.0,0.0,-3.0,0.0,1130.0,1130.0,0.0,10130,60,1096,1096.0,779.2307692307693,-0.8365980515038967,-1.1118078920215124,191727.71597633132,1096.0,408.0,688.0,1634046382.976196,0.0007331371307373,5.115551948547362
598,0,1,0,0,3,2,795,2211110130,829,64,815,17,59861,29483,0,0,0,0,15,2211110130,17,59861,11123,1959,829,1130,979.5,979.5,0.0,-2.0,22650.25,1054.75,904.25,150.5,10925,60,1096,1096.0,780.3571428571429,-0.8760626617233277,-0.957627454754158,178049.3724489796,1096.0,499.5,596.5,1634046382.976196,0.0,5.115551948547362
599,0,1,0,0,3,2,408,2211110130,442,64,428,17,59861,29483,0,0,0,0,15,2211110130,17,59861,11123,2401,442,1130,829.0,800.3333333333334,-0.1516410850630007,-1.5000000000000002,79301.55555555556,979.5,635.5,344.0,11333,60,1096,1096.0,755.5333333333333,-0.709280308224866,-1.1700764621373394,174806.51555555552,1096.0,408.0,688.0,1634046382.977204,0.0010080337524414,5.116559982299804
600,0,1,0,0,3,2,1096,2211110130,1130,64,1116,17,59861,29483,0,0,0,0,15,2211110130,17,59861,11123,3531,442,1130,979.5,882.75,-0.6153851815140078,-1.2271189848391872,79853.6875,1130.0,732.25,397.75,12429,60,1096,1096.0,776.8125,-0.8089283928594547,-1.0207768910845163,170673.15234375,1096.0,408.0,688.0,1634046382.980955,0.0037508010864257,5.12031078338623
601,0,1,0,0,2,3,60,3232270721,94,47,80,17,29483,59861,0,0,0,0,15,2211110130,17,59861,11123,3625,94,1130,829.0,725.0,-0.4235826703828627,-1.3609491835266585,163423.2,1130.0,442.0,688.0,12489,60,1096,1096.0,734.6470588235294,-0.6246106081907035,-1.3466262396728528,189080.34602076124,1096.0,408.0,688.0,1634046382.984236,0.0032811164855957,5.123591899871825
602,0,1,0,0,2,3,60,3232270721,94,47,80,17,29483,59861,0,0,0,0,15,2211110130,17,59861,11123,3719,94,1130,635.5,619.8333333333334,-0.0431563551459806,-1.6759167962436856,191486.1388888889,1054.75,181.0,873.75,12549,60,1096,945.5,697.1666666666666,-0.4692134352475214,-1.5552478414118047,202457.13888888888,1096.0,147.0,949.0,1634046383.001332,0.0170960426330566,5.140687942504882
603,0,1,0,0,3,2,1096,2211110130,1130,64,1116,17,59861,29483,0,0,0,0,15,2211110130,17,59861,11123,4849,94,1130,829.0,692.7142857142857,-0.3154439334126626,-1.620469018580992,196000.77551020408,1130.0,268.0,862.0,13645,60,1096,1096.0,718.1578947368421,-0.5572482255824297,-1.4688609591876411,199732.86980609415,1096.0,234.0,862.0,1634046383.019488,0.0181560516357421,5.158843994140624
604,0,1,0,0,3,2,1096,2211110130,1130,64,1116,17,59861,29483,0,0,0,0,15,2211110130,17,59861,11123,5979,94,1130,979.5,747.375,-0.5356955908365931,-1.4504485621252707,192415.234375,1130.0,355.0,775.0,14741,60,1096,1096.0,737.05,-0.6393564351287807,-1.3731112761536433,196527.5475,1096.0,321.0,775.0,1634046383.019488,0.0,5.158843994140624
605,0,1,0,0,3,2,1116,2211110130,1150,64,1136,17,59861,29483,0,0,0,0,15,2211110130,17,59861,11123,7129,94,1150,1130.0,792.1111111111111,-0.7185984144400418,-1.2259457156414748,187046.3209876543,1130.0,442.0,688.0,1116,1116,1116,1116.0,1116.0,0.0,-3.0,0.0,1116.0,1116.0,0.0,1634046383.019488,0.0,5.158843994140624
606,0,1,0,0,3,2,1096,2211110130,1130,64,1116,17,59861,29483,0,0,0,0,15,2211110130,17,59861,11123,8259,94,1150,1130.0,825.9,-0.882312450138533,-0.9644710897398658,178616.89000000004,1130.0,538.75,591.25,2212,1096,1116,1106.0,1106.0,0.0,-2.0,100.0,1111.0,1101.0,10.0,1634046383.020231,0.0007429122924804,5.159586906433105
607,0,1,0,0,3,2,209,2211110130,243,64,229,17,59861,29483,0,0,0,0,15,2211110130,17,59861,11123,8502,94,1150,1130.0,772.9090909090909,-0.5790224424459812,-1.4530690562104136,190459.3553719009,1130.0,342.5,787.5,2421,209,1116,1096.0,807.0,-0.7059210000658954,-1.4999999999999998,178868.66666666666,1106.0,652.5,453.5,1634046383.020231,0.0,5.159586906433105
608,0,1,0,0,3,2,1096,2211110130,1130,64,1116,17,59861,29483,0,0,0,0,15,2211110130,17,59861,11123,9632,94,1150,1130.0,802.6666666666666,-0.7177886180790126,-1.2760467133020306,184328.38888888888,1130.0,392.25,737.75,3517,209,1116,1096.0,879.25,-1.1531515948958435,-0.667835182477154,149811.6875,1101.0,874.25,226.75,1634046383.020762,0.0005309581756591,5.160117864608764
609,0,1,0,0,3,2,1096,2211110130,1130,64,1116,17,59861,29483,0,0,0,0,15,2211110130,17,59861,11123,10762,94,1150,1130.0,827.8461538461538,-0.8430307839745057,-1.0809067813792606,177757.36094674558,1130.0,442.0,688.0,4613,209,1116,1096.0,922.6,-1.49822053224838,0.2476720169130137,127366.23999999996,1096.0,1096.0,0.0,1634046383.020762,0.0,5.160117864608764
610,0,1,0,0,3,2,1096,2211110130,1130,64,1116,17,59861,29483,0,0,0,0,15,2211110130,17,59861,11123,11892,94,1150,1130.0,849.4285714285714,-0.9576563744854124,-0.87311672223926,171115.8163265306,1130.0,538.75,591.25,5709,209,1116,1096.0,951.5,-1.786891315639652,1.196551897958309,110314.58333333331,1096.0,1096.0,0.0,1634046383.020762,0.0,5.160117864608764
611,0,1,0,0,3,2,671,2211110130,705,64,691,17,59861,29483,0,0,0,0,15,2211110130,17,59861,11123,12597,94,1150,1130.0,839.8,-0.9104129658670612,-0.8475106796071672,161006.02666666667,1130.0,573.5,556.5,6380,209,1116,1096.0,911.4285714285714,-1.3880500196913996,0.3318817305315376,104189.67346938777,1096.0,883.5,212.5,1634046383.020762,0.0,5.160117864608764
612,0,1,0,0,3,2,408,2211110130,442,64,428,17,59861,29483,0,0,0,0,15,2211110130,17,59861,11123,13039,94,1150,1130.0,814.9375,-0.7346059817847103,-1.106784142435151,160215.30859375,1130.0,442.0,688.0,6788,209,1116,1096.0,848.5,-0.8319126040118753,-1.001058961411005,118886.0,1096.0,605.25,490.75,1634046383.02277,0.0020079612731933,5.162125825881957
613,0,1,0,0,3,2,1096,2211110130,1130,64,1116,17,59861,29483,0,0,0,0,15,2211110130,17,59861,11123,14169,94,1150,1130.0,833.4705882352941,-0.8285954070221516,-0.9615206098356386,156286.48442906575,1130.0,442.0,688.0,7884,209,1116,1096.0,876.0,-1.013951414840886,-0.6617209329673561,111726.44444444444,1096.0,671.0,425.0,1634046383.03799,0.0152201652526855,5.177345991134643
614,0,1,0,0,3,2,1096,2211110130,1130,64,1116,17,59861,29483,0,0,0,0,15,2211110130,17,59861,11123,15299,94,1150,1130.0,849.9444444444445,-0.9165066772029756,-0.8078321982125782,152217.49691358025,1130.0,507.75,622.25,8980,209,1116,1096.0,898.0,-1.175672781396932,-0.3001840595797773,104909.8,1096.0,777.25,318.75,1634046383.03799,0.0,5.177345991134643
615,0,1,0,0,3,2,1096,2211110130,1130,64,1116,17,59861,29483,0,0,0,0,15,2211110130,17,59861,11123,16429,94,1150,1130.0,864.6842105263158,-0.9992494751150496,-0.6475857774600442,148116.74238227145,1130.0,573.5,556.5,10076,209,1116,1096.0,916.0,-1.3221487766055546,0.0756393209431873,98612.54545454546,1096.0,883.5,212.5,1634046383.0392,0.0012099742889404,5.178555965423583
616,0,1,0,0,3,2,1096,2211110130,1130,64,1116,17,59861,29483,0,0,0,0,15,2211110130,17,59861,11123,17559,94,1150,1130.0,877.95,-1.0775410425884548,-0.4821357421828582,144054.54750000002,1130.0,639.25,490.75,11172,209,1116,1096.0,931.0,-1.4567166365004816,0.4611970834905379,92869.83333333331,1096.0,989.75,106.25,1634046383.0392,0.0,5.178555965423583
617,0,1,0,0,3,2,1096,2211110130,1130,64,1116,17,59861,29483,0,0,0,0,15,2211110130,17,59861,11123,1130,1130,1130,1130.0,1130.0,0.0,-3.0,0.0,1130.0,1130.0,0.0,12268,209,1116,1096.0,943.6923076923076,-1.5816927241309962,0.8536850478011804,87659.13609467453,1096.0,1096.0,0.0,1634046383.039812,0.0006120204925537,5.179167985916137
618,0,1,0,0,3,2,467,2211110130,501,64,487,17,59861,29483,0,0,0,0,15,2211110130,17,59861,11123,1631,501,1130,815.5,815.5,0.0,-2.0,98910.25,972.75,658.25,314.5,12735,209,1116,1096.0,909.6428571428572,-1.2002086978468698,-0.247583944362228,96469.51530612246,1096.0,777.25,318.75,1634046383.039812,0.0,5.179167985916137
619,0,1,0,0,2,3,60,3232270721,94,47,80,17,29483,59861,0,0,0,0,15,2211110130,17,59861,11123,1725,94,1130,501.0,575.0,0.2552242175135737,-1.5,181620.66666666663,815.5,297.5,518.0,12795,60,1116,1096.0,853.0,-1.0355386572342944,-0.5617091346749552,134956.0,1096.0,569.0,527.0,1634046383.039995,0.0001828670501708,5.179350852966308
620,0,1,0,0,3,2,60,2211110130,94,64,80,17,59861,29483,0,0,0,0,15,2211110130,17,59861,11123,1819,94,1130,297.5,454.75,0.7032261991536083,-1.1260077338944725,179595.6875,658.25,94.0,564.25,12855,60,1116,1096.0,803.4375,-0.8312105935987407,-1.0121431595712953,163367.87109375,1096.0,452.25,643.75,1634046383.059293,0.0192980766296386,5.198648929595946
621,0,1,0,0,3,2,52,2211110130,86,64,72,17,59861,29483,0,0,0,0,15,2211110130,17,59861,11123,1905,86,1130,94.0,381.0,1.037242116971777,-0.5440514616165122,165432.8,501.0,94.0,407.0,12907,52,1116,1096.0,759.2352941176471,-0.6533390871292001,-1.3254809357928306,185019.35640138408,1096.0,408.0,688.0,1634046383.059293,0.0,5.198648929595946
622,0,1,0,0,3,2,408,2211110130,442,64,428,17,59861,29483,0,0,0,0,15,2211110130,17,59861,11123,2347,86,1130,268.0,391.1666666666667,1.0486057094202792,-0.1938312817800569,138377.47222222222,486.25,94.0,392.25,13315,52,1116,1096.0,739.7222222222222,-0.5301773714874315,-1.435455525190123,181213.42283950615,1096.0,408.0,688.0,1634046383.076327,0.0170340538024902,5.215682983398437
623,0,1,0,0,3,2,1096,2211110130,1130,64,1116,17,59861,29483,0,0,0,0,15,2211110130,17,59861,11123,3477,86,1130,442.0,496.7142857142857,0.5507496663836828,-1.3270599282323308,185451.06122448976,815.5,94.0,721.5,14411,52,1116,1096.0,758.4736842105264,-0.6176426203548266,-1.339176016078452,178004.9861495845,1096.0,408.0,688.0,1634046383.081949,0.0056219100952148,5.2213048934936515
624,0,1,0,0,3,2,1096,2211110130,1130,64,1116,17,59861,29483,0,0,0,0,15,2211110130,17,59861,11123,4607,86,1130,471.5,575.875,0.2220812296748487,-1.680246438312321,206134.609375,1130.0,94.0,1036.0,15507,52,1116,1096.0,775.35,-0.6993317108694225,-1.233982685879861,174516.1275,1096.0,408.0,688.0,1634046383.082481,0.0005319118499755,5.221836805343627
625,0,1,0,0,3,2,1096,2211110130,1130,64,1116,17,59861,29483,0,0,0,0,15,2211110130,17,59861,11123,5737,86,1130,501.0,637.4444444444445,-0.0232947732470085,-1.7717210257585914,213557.13580246916,1130.0,94.0,1036.0,1096,1096,1096,1096.0,1096.0,0.0,-3.0,0.0,1096.0,1096.0,0.0,1634046383.082481,0.0,5.221836805343627
626,0,1,0,0,3,2,757,2211110130,791,64,777,17,59861,29483,0,0,0,0,15,2211110130,17,59861,11123,6528,86,1130,646.0,652.8,-0.1244710841862775,-1.6533570759036107,194323.56,1130.0,181.0,949.0,1853,757,1096,926.5,926.5,0.0,-2.0,28730.25,1011.25,841.75,169.5,1634046383.082481,0.0,5.221836805343627
627,0,1,0,0,2,3,60,3232270721,94,47,80,17,29483,59861,0,0,0,0,15,2211110130,17,59861,11123,6622,86,1130,501.0,602.0,0.0596134156246842,-1.7057242692980652,202464.18181818185,1130.0,94.0,1036.0,1913,60,1096,757.0,637.6666666666666,-0.3938591952021117,-1.5000000000000002,186002.8888888889,926.5,408.5,518.0,1634046383.090183,0.0077021121978759,5.229538917541503
628,0,1,0,0,2,3,52,3232270721,86,47,72,17,29483,59861,0,0,0,0,15,2211110130,17,59861,11123,6708,86,1130,471.5,559.0,0.2158769858194119,-1.686015734323268,205931.16666666663,1130.0,94.0,1036.0,1965,52,1096,408.5,491.25,0.2037375614719263,-1.732849527360406,203815.6875,841.75,58.0,783.75,1634046383.090237,5.3882598876953125e-05,5.22959280014038
629,0,1,0,0,3,2,408,2211110130,442,64,428,17,59861,29483,0,0,0,0,15,2211110130,17,59861,11123,7150,86,1130,442.0,550.0,0.2832827800883474,-1.569781592710234,191062.3076923077,1130.0,94.0,1036.0,2373,52,1096,408.0,474.6,0.3470979859670099,-1.3901123263688997,164161.44,757.0,60.0,697.0,1634046383.098339,0.0081021785736083,5.237694978713988
630,0,1,0,0,3,2,56,2211110130,90,64,76,17,59861,29483,0,0,0,0,15,2211110130,17,59861,11123,7240,86,1130,442.0,517.1428571428571,0.404957119844718,-1.502280772301451,191449.69387755104,1045.25,94.0,951.25,2429,52,1096,234.0,404.8333333333333,0.635081067198458,-1.15117300922166,161138.1388888889,669.75,57.0,612.75,1634046383.110198,0.0118589401245117,5.2495539188385
631,0,1,0,0,3,2,1096,2211110130,1130,64,1116,17,59861,29483,0,0,0,0,15,2211110130,17,59861,11123,8370,86,1130,442.0,558.0,0.2441191930904986,-1.653076059778304,202056.66666666663,1130.0,94.0,1036.0,3525,52,1096,408.0,503.57142857142856,0.2658504081745209,-1.6289891830199488,196613.67346938772,926.5,58.0,868.5,1634046383.110198,0.0,5.2495539188385
632,0,1,0,0,3,2,1116,2211110130,1150,64,1136,17,59861,29483,0,0,0,0,15,2211110130,17,59861,11123,9520,86,1150,471.5,595.0,0.1080690253774086,-1.7305049330043234,209963.125,1130.0,94.0,1036.0,4641,52,1116,582.5,580.125,-0.0039393419592606,-1.754229102800647,213060.109375,1096.0,59.0,1037.0,1634046383.11082,0.0006220340728759,5.250175952911376
633,0,1,0,0,3,2,1096,2211110130,1130,64,1116,17,59861,29483,0,0,0,0,15,2211110130,17,59861,11123,10650,86,1150,501.0,626.4705882352941,-0.0141037210045887,-1.7622465752971106,213458.71972318343,1130.0,94.0,1036.0,5737,52,1116,757.0,637.4444444444445,-0.2232948220481156,-1.7315089628759293,215670.9135802469,1096.0,60.0,1036.0,1634046383.11082,0.0,5.250175952911376
634,0,1,0,0,3,2,1096,2211110130,1130,64,1116,17,59861,29483,0,0,0,0,15,2211110130,17,59861,11123,11780,86,1150,646.0,654.4444444444445,-0.1232434438348346,-1.7614554208220756,214903.02469135803,1130.0,94.0,1036.0,6833,52,1116,926.5,683.3,-0.4056842757721381,-1.6305299757789542,213028.41,1096.0,147.0,949.0,1634046383.11082,0.0,5.250175952911376
635,0,1,0,0,3,2,1096,2211110130,1130,64,1116,17,59861,29483,0,0,0,0,15,2211110130,17,59861,11123,12910,86,1150,791.0,679.4736842105264,-0.2220985145155898,-1.7374940141934636,214868.67036011085,1130.0,94.0,1036.0,7929,52,1116,1096.0,720.8181818181819,-0.5629965238071016,-1.4850303955561166,207738.3305785124,1096.0,234.0,862.0,1634046383.11129,0.0004699230194091,5.250645875930785
636,0,1,0,0,3,2,1096,2211110130,1130,64,1116,17,59861,29483,0,0,0,0,15,2211110130,17,59861,11123,14040,86,1150,960.5,702.0,-0.3126459114887721,-1.6964588803975014,213766.5,1130.0,94.0,1036.0,9025,52,1116,1096.0,752.0833333333334,-0.7022071051552404,-1.3118398669243128,201179.40972222225,1096.0,321.0,775.0,1634046383.11129,0.0,5.250645875930785
637,0,1,0,0,3,2,589,2211110130,623,64,609,17,59861,29483,0,0,0,0,15,2211110130,17,59861,11123,623,623,623,623.0,623.0,0.0,-3.0,0.0,623.0,623.0,0.0,9614,52,1116,1096.0,739.5384615384615,-0.6370616734963854,-1.285091601060449,187592.55621301776,1096.0,408.0,688.0,1634046383.11129,0.0,5.250645875930785
638,0,1,0,0,2,3,56,3232270721,90,47,76,17,29483,59861,0,0,0,0,15,2211110130,17,59861,11123,713,90,623,356.5,356.5,0.0,-2.0,71022.25,489.75,223.25,266.5,9670,52,1116,926.5,690.7142857142857,-0.4379727254203927,-1.5572084704140428,205182.4897959184,1096.0,147.0,949.0,1634046383.124221,0.0129311084747314,5.263576984405517
639,0,1,0,0,3,2,408,2211110130,442,64,428,17,59861,29483,0,0,0,0,15,2211110130,17,59861,11123,1155,90,623,442.0,385.0,-0.3692692967459716,-1.5,48972.66666666666,532.5,266.0,266.5,10078,52,1116,757.0,671.8666666666667,-0.3258999915914193,-1.586667856012527,196476.9155555556,1096.0,234.0,862.0,1634046383.133986,0.0097649097442626,5.273341894149779
640,0,1,0,0,2,3,60,3232270721,94,47,80,17,29483,59861,0,0,0,0,15,2211110130,17,59861,11123,1249,90,623,268.0,312.25,0.2241426764714381,-1.7066825341825067,52607.1875,487.25,93.0,394.25,10138,52,1116,673.0,633.625,-0.1840076378744689,-1.6946858165431375,206133.484375,1096.0,60.0,1036.0,1634046383.142257,0.0082709789276123,5.281612873077392
641,0,1,0,0,3,2,1096,2211110130,1130,64,1116,17,59861,29483,0,0,0,0,15,2211110130,17,59861,11123,2379,90,1130,442.0,475.8,0.5908678921620018,-0.9568969109198356,149080.16,623.0,94.0,529.0,11234,52,1116,757.0,660.8235294117648,-0.2913465130176479,-1.6562728230484547,205844.1453287197,1096.0,60.0,1036.0,1634046383.148163,0.0059061050415039,5.287518978118896
642,0,1,0,0,3,2,1096,2211110130,1130,64,1116,17,59861,29483,0,0,0,0,15,2211110130,17,59861,11123,3509,90,1130,532.5,584.8333333333334,0.1731512719921398,-1.5422309190812151,183674.80555555556,1003.25,181.0,822.25,12330,52,1116,926.5,685.0,-0.3892292690234048,-1.5984208558417152,204344.88888888888,1096.0,147.0,949.0,1634046383.148163,0.0,5.287518978118896
643,0,1,0,0,3,2,1096,2211110130,1130,64,1116,17,59861,29483,0,0,0,0,15,2211110130,17,59861,11123,4639,90,1130,623.0,662.7142857142857,-0.1280751228614153,-1.640193813661393,193828.20408163263,1130.0,268.0,862.0,13426,52,1116,1096.0,706.6315789473684,-0.4793995130075452,-1.5261626930174228,202012.54847645428,1096.0,234.0,862.0,1634046383.149794,0.0016310214996337,5.289149999618529
644,0,1,0,0,3,2,283,2211110130,317,64,303,17,59861,29483,0,0,0,0,15,2211110130,17,59861,11123,4956,90,1130,532.5,619.5,0.1157209503669918,-1.6215314905819822,182672.0,1130.0,261.25,868.75,13709,52,1116,926.5,685.45,-0.3611317769754946,-1.6194431740315427,200436.44749999995,1096.0,227.25,868.75,1634046383.149794,0.0,5.289149999618529
645,0,1,0,0,2,3,60,3232270721,94,47,80,17,29483,59861,0,0,0,0,15,2211110130,17,59861,11123,5050,90,1130,442.0,561.1111111111111,0.3066495873298538,-1.57133452143166,189649.20987654323,1130.0,94.0,1036.0,60,60,60,60.0,60.0,0.0,-3.0,0.0,60.0,60.0,0.0,1634046383.157851,0.0080568790435791,5.2972068786621085
646,0,1,0,0,2,3,52,3232270721,86,48,72,17,10001,59861,0,0,0,0,15,2211110130,17,59861,11123,5136,86,1130,379.5,513.6,0.4720035730244158,-1.4584502176411818,191000.04,1003.25,94.0,909.25,112,52,60,56.0,56.0,0.0,-2.0,16.0,58.0,54.0,4.0,1634046383.173015,0.0151641368865966,5.312371015548705
647,0,1,0,0,2,3,60,3232270721,94,47,80,17,29483,59861,0,0,0,0,15,2211110130,17,59861,11123,5230,86,1130,317.0,475.45454545454544,0.6209595179414799,-1.3048528083148012,188187.1570247934,876.5,94.0,782.5,172,52,60,60.0,57.333333333333336,-0.7071067811865496,-1.4999999999999982,14.222222222222223,60.0,56.0,4.0,1634046383.174467,0.0014519691467285,5.313822984695434
648,0,1,0,0,3,2,60,2211110130,94,64,80,17,59861,29483,0,0,0,0,15,2211110130,17,59861,11123,5324,86,1130,205.5,443.6666666666667,0.7547517601728994,-1.1246167379936487,183620.05555555556,749.75,94.0,655.75,232,52,60,60.0,58.0,-1.1547005383792517,-0.6666666666666665,12.0,60.0,58.0,2.0,1634046383.180755,0.0062878131866455,5.320110797882079
649,0,1,0,0,3,2,1096,2211110130,1130,64,1116,17,59861,29483,0,0,0,0,15,2211110130,17,59861,11123,6454,86,1130,317.0,496.46153846153845,0.5184281027681757,-1.4940301154154585,202943.0177514793,1130.0,94.0,1036.0,1328,52,1096,60.0,265.6,1.49979065169744,0.249722666084375,172400.63999999998,60.0,60.0,0.0,1634046383.180755,0.0,5.320110797882079
650,0,1,0,0,3,2,1096,2211110130,1130,64,1116,17,59861,29483,0,0,0,0,15,2211110130,17,59861,11123,7584,86,1130,379.5,541.7142857142857,0.3297052237781497,-1.6919716495112975,215068.63265306124,1130.0,94.0,1036.0,2424,52,1096,60.0,404.0,0.7070001954623323,-1.4999992252777363,239440.0,837.0,60.0,777.0,1634046383.181429,0.0006740093231201,5.320784807205199
651,0,1,0,0,3,2,1096,2211110130,1130,64,1116,17,59861,29483,0,0,0,0,15,2211110130,17,59861,11123,8714,86,1130,442.0,580.9333333333333,0.1722912732533374,-1.7942142466039206,222264.5955555556,1130.0,94.0,1036.0,3520,52,1096,60.0,502.8571428571428,0.2885961650265224,-1.9166053294834795,263870.69387755095,1096.0,60.0,1036.0,1634046383.181429,0.0,5.320784807205199
652,0,1,0,0,3,2,1096,2211110130,1130,64,1116,17,59861,29483,0,0,0,0,15,2211110130,17,59861,11123,9844,86,1130,532.5,615.25,0.036849353816458,-1.8377460501683431,226037.5625,1130.0,94.0,1036.0,4616,52,1096,578.0,577.0,-6.699425612061041e-05,-1.999910215718966,269367.0,1096.0,60.0,1036.0,1634046383.181429,0.0,5.320784807205199
653,0,1,0,0,3,2,1096,2211110130,1130,64,1116,17,59861,29483,0,0,0,0,15,2211110130,17,59861,11123,10974,86,1130,623.0,645.5294117647059,-0.0823923623848142,-1.8427070922713,227410.7197231834,1130.0,94.0,1036.0,5712,52,1096,1096.0,634.6666666666666,-0.2236674684218594,-1.949891051186868,266040.8888888889,1096.0,60.0,1036.0,1634046383.181932,0.0005030632019042,5.321287870407104
654,0,1,0,0,3,2,674,2211110130,708,64,694,17,59861,29483,0,0,0,0,15,2211110130,17,59861,11123,11682,86,1130,665.5,649.0,-0.1069800352896908,-1.7740789980418918,214981.5555555556,1130.0,94.0,1036.0,6386,52,1096,885.0,638.6,-0.2596172809689828,-1.826606318465981,239576.04,1096.0,60.0,1036.0,1634046383.181932,0.0,5.321287870407104
655,0,1,0,0,3,2,408,2211110130,442,64,428,17,59861,29483,0,0,0,0,15,2211110130,17,59861,11123,12124,86,1130,623.0,638.1052631578947,-0.0411443633380551,-1.7378319880199262,205803.25207756236,1130.0,94.0,1036.0,6794,52,1096,674.0,617.6363636363636,-0.1413852368189205,-1.7916370991893735,222191.14049586773,1096.0,60.0,1036.0,1634046383.181932,0.0,5.321287870407104
656,0,1,0,0,2,3,60,3232270721,94,47,80,17,29483,59861,0,0,0,0,15,2211110130,17,59861,11123,12218,86,1130,532.5,610.9,0.0565062650664588,-1.7517117275947682,209575.49,1130.0,94.0,1036.0,6854,52,1096,541.0,571.1666666666666,0.0348695709141737,-1.8304488104965877,227428.97222222225,1096.0,60.0,1036.0,1634046383.193487,0.0115549564361572,5.332842826843261
657,0,1,0,0,2,3,60,3232270721,94,47,80,17,29483,59861,0,0,0,0,15,2211110130,17,59861,11123,94,94,94,94.0,94.0,0.0,-3.0,0.0,94.0,94.0,0.0,6914,52,1096,408.0,531.8461538461538,0.1852301835145631,-1.8094973524895623,228487.6686390533,1096.0,60.0,1036.0,1634046383.211563,0.0180761814117431,5.350919008255004
658,0,1,0,0,3,2,1096,2211110130,1130,64,1116,17,59861,29483,0,0,0,0,15,2211110130,17,59861,11123,1224,94,1130,612.0,612.0,0.0,-2.0,268324.0,871.0,353.0,518.0,8010,52,1096,541.0,572.1428571428571,0.029682765415109,-1.8582184125094063,233276.8367346939,1096.0,60.0,1036.0,1634046383.228935,0.0173718929290771,5.368290901184081
659,0,1,0,0,3,2,1096,2211110130,1130,64,1116,17,59861,29483,0,0,0,0,15,2211110130,17,59861,11123,2354,94,1130,1130.0,784.6666666666666,-0.7071067811865472,-1.5,238510.22222222225,1130.0,612.0,518.0,9106,52,1096,674.0,607.0666666666667,-0.1049222261132899,-1.8580010752962708,234800.46222222215,1096.0,60.0,1036.0,1634046383.228935,0.0,5.368290901184081
660,0,1,0,0,3,2,1096,2211110130,1130,64,1116,17,59861,29483,0,0,0,0,15,2211110130,17,59861,11123,3484,94,1130,1130.0,871.0,-1.1547005383792517,-0.6666666666666665,201243.0,1130.0,871.0,259.0,10202,52,1096,885.0,637.625,-0.2240170570605355,-1.8254596495142217,234132.609375,1096.0,60.0,1036.0,1634046383.228935,0.0,5.368290901184081
661,0,1,0,0,3,2,1116,2211110130,1150,64,1136,17,59861,29483,0,0,0,0,15,2211110130,17,59861,11123,4634,94,1150,1130.0,926.8,-1.4986946394519651,0.2482875521764378,173448.96,1130.0,1130.0,0.0,11318,52,1116,1096.0,665.7647058823529,-0.3301691398628476,-1.7707457531616368,233029.59169550173,1096.0,60.0,1036.0,1634046383.23045,0.0015149116516113,5.3698058128356925
662,0,1,0,0,3,2,409,2211110130,443,64,429,17,59861,29483,0,0,0,0,15,2211110130,17,59861,11123,5077,94,1150,1130.0,846.1666666666666,-0.8824174750246714,-1.008863650326718,177049.47222222222,1130.0,614.75,515.25,11727,52,1116,885.0,651.5,-0.2502449151037287,-1.769237072413652,223542.69444444444,1096.0,60.0,1036.0,1634046383.23045,0.0,5.3698058128356925
663,0,1,0,0,3,2,408,2211110130,442,64,428,17,59861,29483,0,0,0,0,15,2211110130,17,59861,11123,5519,94,1150,1130.0,788.4285714285714,-0.5034152848282855,-1.454705758279138,171758.81632653065,1130.0,442.5,687.5,12135,52,1116,674.0,638.6842105263158,-0.1764571425454789,-1.75648528782186,214733.6897506925,1096.0,60.0,1036.0,1634046383.23045,0.0,5.3698058128356925
664,0,1,0,0,2,3,60,3232270721,94,47,80,17,29483,59861,0,0,0,0,15,2211110130,17,59861,11123,5613,94,1150,786.5,701.625,-0.2152134992971721,-1.7170621014080008,203032.984375,1130.0,355.0,775.0,12195,52,1116,541.5,609.75,-0.0703790274123711,-1.7978308264205252,219903.5875,1096.0,60.0,1036.0,1634046383.247022,0.0165719985961914,5.386377811431884
665,0,1,0,0,3,2,1096,2211110130,1130,64,1116,17,59861,29483,0,0,0,0,15,2211110130,17,59861,11123,6743,94,1150,1130.0,749.2222222222222,-0.420691564272501,-1.6020866405932652,198597.7283950617,1130.0,442.0,688.0,1096,1096,1096,1096.0,1096.0,0.0,-3.0,0.0,1096.0,1096.0,0.0,1634046383.257074,0.01005220413208,5.396430015563964
666,0,1,0,0,3,2,1104,2211110130,1138,64,1124,17,59861,29483,0,0,0,0,15,2211110130,17,59861,11123,7881,94,1150,1130.0,788.1,-0.5942218374198366,-1.4334528248668583,192341.29,1130.0,442.25,687.75,2200,1096,1104,1100.0,1100.0,0.0,-2.0,16.0,1102.0,1098.0,4.0,1634046383.259363,0.002288818359375,5.398718833923339
667,0,1,0,0,3,2,1096,2211110130,1130,64,1116,17,59861,29483,0,0,0,0,15,2211110130,17,59861,11123,9011,94,1150,1130.0,819.1818181818181,-0.7465390884774566,-1.2314006658376364,184516.51239669425,1130.0,442.5,687.5,3296,1096,1104,1096.0,1098.6666666666667,0.7071067811864872,-1.5000000000000566,14.222222222222223,1100.0,1096.0,4.0,1634046383.261639,0.0022761821746826,5.400995016098022
668,0,1,0,0,3,2,1096,2211110130,1130,64,1116,17,59861,29483,0,0,0,0,15,2211110130,17,59861,11123,10141,94,1150,1130.0,845.0833333333334,-0.8827938405326088,-1.0087330625573865,176519.90972222222,1130.0,442.75,687.25,4392,1096,1104,1096.0,1098.0,1.1547005383792517,-0.6666666666666665,12.0,1098.0,1096.0,2.0,1634046383.261639,0.0,5.400995016098022
669,0,1,0,0,3,2,1096,2211110130,1130,64,1116,17,59861,29483,0,0,0,0,15,2211110130,17,59861,11123,11271,94,1150,1130.0,867.0,-1.0067094734579138,-0.772096463701267,168705.53846153847,1130.0,443.0,687.0,5488,1096,1104,1096.0,1097.6,1.500000000000085,0.2500000000001701,10.240000000000002,1096.0,1096.0,0.0,1634046383.261639,0.0,5.400995016098022
670,0,1,0,0,3,2,250,2211110130,284,64,270,17,59861,29483,0,0,0,0,15,2211110130,17,59861,11123,11555,94,1150,1130.0,825.3571428571429,-0.7444228013269086,-1.260531239725187,179198.8010204082,1130.0,442.25,687.75,5738,250,1104,1096.0,956.3333333333334,-1.7885089092402795,1.1993866810852278,99789.88888888888,1096.0,1096.0,0.0,1634046383.26224,0.0006008148193359,5.4015958309173575
671,0,1,0,0,3,2,408,2211110130,442,64,428,17,59861,29483,0,0,0,0,15,2211110130,17,59861,11123,11997,94,1150,1130.0,799.8,-0.5793355980183954,-1.441472601414148,176396.56,1130.0,442.0,688.0,6146,250,1104,1096.0,878.0,-0.9964449252675912,-0.9389035915793648,122350.85714285714,1096.0,752.0,344.0,1634046383.275895,0.0136551856994628,5.41525101661682
672,0,1,0,0,3,2,60,2211110130,94,64,80,17,59861,29483,0,0,0,0,15,2211110130,17,59861,11123,12091,94,1150,1130.0,755.6875,-0.4239093150260214,-1.6189189744279384,194560.46484375,1130.0,402.5,727.5,6206,60,1104,1096.0,775.75,-0.6452212521332945,-1.419279178393099,180242.4375,1096.0,368.5,727.5,1634046383.280188,0.0042929649353027,5.419543981552123
673,0,1,0,0,3,2,1096,2211110130,1130,64,1116,17,59861,29483,0,0,0,0,15,2211110130,17,59861,11123,13221,94,1150,1130.0,777.7058823529412,-0.5249192714480708,-1.527177141400465,190872.67820069203,1130.0,442.0,688.0,7302,60,1104,1096.0,811.3333333333334,-0.8316126664725031,-1.1444789226068188,170344.88888888888,1096.0,408.0,688.0,1634046383.280188,0.0,5.419543981552123
674,0,1,0,0,3,2,1096,2211110130,1130,64,1116,17,59861,29483,0,0,0,0,15,2211110130,17,59861,11123,14351,94,1150,1130.0,797.2777777777778,-0.6179979070955457,-1.423216943141096,186780.6450617284,1130.0,442.0,688.0,8398,60,1104,1096.0,839.8,-0.9951852902582689,-0.8433824713857745,160603.55999999997,1096.0,580.0,516.0,1634046383.280798,0.0006098747253417,5.420153856277465
675,0,1,0,0,3,2,1096,2211110130,1130,64,1116,17,59861,29483,0,0,0,0,15,2211110130,17,59861,11123,15481,94,1150,1130.0,814.7894736842105,-0.7045233211065093,-1.3099782645695877,182469.9556786704,1130.0,442.0,688.0,9494,60,1104,1096.0,863.0909090909091,-1.1420064282281217,-0.5256600419036834,151427.90082644628,1096.0,752.0,344.0,1634046383.280798,0.0,5.420153856277465
676,0,1,0,0,3,2,1096,2211110130,1130,64,1116,17,59861,29483,0,0,0,0,15,2211110130,17,59861,11123,16611,94,1150,1130.0,830.55,-0.7855393849955729,-1.18952799436586,178065.94750000007,1130.0,442.0,688.0,10590,60,1104,1096.0,882.5,-1.275959282241454,-0.1967582554542999,142952.75,1096.0,924.0,172.0,1634046383.280798,0.0,5.420153856277465
677,0,1,0,0,3,2,1096,2211110130,1130,64,1116,17,59861,29483,0,0,0,0,15,2211110130,17,59861,11123,1130,1130,1130,1130.0,1130.0,0.0,-3.0,0.0,1130.0,1130.0,0.0,11686,60,1104,1096.0,898.9230769230769,-1.3996825860546878,0.1400210413225857,135192.99408284022,1096.0,1096.0,0.0,1634046383.281312,0.0005140304565429,5.420667886734008
678,0,1,0,0,3,2,1096,2211110130,1130,64,1116,17,59861,29483,0,0,0,0,15,2211110130,17,59861,11123,2260,1130,1130,1130.0,1130.0,0.0,-3.0,0.0,1130.0,1130.0,0.0,12782,60,1104,1096.0,913.0,-1.515053918533822,0.4825597055371595,128112.42857142857,1096.0,1096.0,0.0,1634046383.281312,0.0,5.420667886734008
679,0,1,0,0,3,2,1096,2211110130,1130,64,1116,17,59861,29483,0,0,0,0,15,2211110130,17,59861,11123,3390,1130,1130,1130.0,1130.0,0.0,-3.0,0.0,1130.0,1130.0,0.0,13878,60,1104,1096.0,925.2,-1.6234589199384055,0.8294364963902376,121655.35999999994,1096.0,1096.0,0.0,1634046383.281312,0.0,5.420667886734008
680,0,1,0,0,3,2,1096,2211110130,1130,64,1116,17,59861,29483,0,0,0,0,15,2211110130,17,59861,11123,4520,1130,1130,1130.0,1130.0,0.0,-3.0,0.0,1130.0,1130.0,0.0,14974,60,1104,1096.0,935.875,-1.7259509317883457,1.1796622493064088,115761.234375,1096.0,1096.0,0.0,1634046383.282374,0.0010619163513183,5.421729803085326
681,0,1,0,0,3,2,1096,2211110130,1130,64,1116,17,59861,29483,0,0,0,0,15,2211110130,17,59861,11123,5650,1130,1130,1130.0,1130.0,0.0,-3.0,0.0,1130.0,1130.0,0.0,16070,60,1104,1096.0,945.2941176470588,-1.8233505623692603,1.5325272803489884,110371.26643598618,1096.0,1096.0,0.0,1634046383.282374,0.0,5.421729803085326
682,0,1,0,0,3,2,1096,2211110130,1130,64,1116,17,59861,29483,0,0,0,0,15,2211110130,17,59861,11123,6780,1130,1130,1130.0,1130.0,0.0,-3.0,0.0,1130.0,1130.0,0.0,17166,60,1104,1096.0,953.6666666666666,-1.9163104251313368,1.887509193472403,105431.2222222222,1096.0,1096.0,0.0,1634046383.293157,0.0107831954956054,5.432512998580932
683,0,1,0,0,3,2,1096,2211110130,1130,64,1116,17,59861,29483,0,0,0,0,15,2211110130,17,59861,11123,7910,1130,1130,1130.0,1130.0,0.0,-3.0,0.0,1130.0,1130.0,0.0,18262,60,1104,1096.0,961.157894736842,-2.0053587294445747,2.2442149227894754,100892.3434903047,1096.0,1096.0,0.0,1634046383.293157,0.0,5.432512998580932
684,0,1,0,0,3,2,1116,2211110130,1150,64,1136,17,59861,29483,0,0,0,0,15,2211110130,17,59861,11123,9060,1130,1150,1130.0,1132.5,2.2677868380553634,3.1428571428571432,43.75,1130.0,1130.0,0.0,19378,60,1116,1096.0,968.9,-2.089771839266469,2.598500063977521,96986.59,1096.0,1096.0,0.0,1634046383.295471,0.0023138523101806,5.434826850891112
685,0,1,0,0,3,2,1096,2211110130,1130,64,1116,17,59861,29483,0,0,0,0,15,2211110130,17,59861,11123,10190,1130,1150,1130.0,1132.2222222222222,2.4748737341529403,4.125000000000078,39.50617283950618,1130.0,1130.0,0.0,1096,1096,1096,1096.0,1096.0,0.0,-3.0,0.0,1096.0,1096.0,0.0,1634046383.295471,0.0,5.434826850891112
686,0,1,0,0,3,2,1096,2211110130,1130,64,1116,17,59861,29483,0,0,0,0,15,2211110130,17,59861,11123,11320,1130,1150,1130.0,1132.0,2.6666666666666665,5.111111111111111,36.0,1130.0,1130.0,0.0,2192,1096,1096,1096.0,1096.0,0.0,-3.0,0.0,1096.0,1096.0,0.0,1634046383.29619,0.0007190704345703,5.435545921325683
687,0,1,0,0,3,2,1096,2211110130,1130,64,1116,17,59861,29483,0,0,0,0,15,2211110130,17,59861,11123,12450,1130,1150,1130.0,1131.8181818181818,2.8460498941515744,6.100000000000124,33.05785123966942,1130.0,1130.0,0.0,3288,1096,1096,1096.0,1096.0,0.0,-3.0,0.0,1096.0,1096.0,0.0,1634046383.29619,0.0,5.435545921325683
688,0,1,0,0,3,2,1096,2211110130,1130,64,1116,17,59861,29483,0,0,0,0,15,2211110130,17,59861,11123,13580,1130,1150,1130.0,1131.6666666666667,3.015113445777593,7.090909090908916,30.555555555555568,1130.0,1130.0,0.0,4384,1096,1096,1096.0,1096.0,0.0,-3.0,0.0,1096.0,1096.0,0.0,1634046383.29619,0.0,5.435545921325683
689,0,1,0,0,3,2,1096,2211110130,1130,64,1116,17,59861,29483,0,0,0,0,15,2211110130,17,59861,11123,14710,1130,1150,1130.0,1131.5384615384614,3.1754264805429995,8.083333333333577,28.40236686390534,1130.0,1130.0,0.0,5480,1096,1096,1096.0,1096.0,0.0,-3.0,0.0,1096.0,1096.0,0.0,1634046383.298579,0.0023889541625976,5.43793487548828
690,0,1,0,0,3,2,1096,2211110130,1130,64,1116,17,59861,29483,0,0,0,0,15,2211110130,17,59861,11123,15840,1130,1150,1130.0,1131.428571428571,3.3282011773514317,9.07692307692333,26.530612244897952,1130.0,1130.0,0.0,6576,1096,1096,1096.0,1096.0,0.0,-3.0,0.0,1096.0,1096.0,0.0,1634046383.298579,0.0,5.43793487548828
691,0,1,0,0,3,2,1096,2211110130,1130,64,1116,17,59861,29483,0,0,0,0,15,2211110130,17,59861,11123,16970,1130,1150,1130.0,1131.3333333333333,3.474396144861561,10.071428571428772,24.888888888888903,1130.0,1130.0,0.0,7672,1096,1096,1096.0,1096.0,0.0,-3.0,0.0,1096.0,1096.0,0.0,1634046383.298579,0.0,5.43793487548828
692,0,1,0,0,2,3,60,3232270721,94,47,80,17,29483,59861,0,0,0,0,15,2211110130,17,59861,11123,17064,94,1150,1130.0,1066.5,-3.612466745270548,11.056437214953894,63073.75,1130.0,1130.0,0.0,7732,60,1096,1096.0,966.5,-2.2677868380553634,3.1428571428571432,117391.75,1096.0,1096.0,0.0,1634046383.299665,0.0010859966278076,5.439020872116088
693,0,1,0,0,2,3,52,3232270721,86,47,72,17,29483,59861,0,0,0,0,15,2211110130,17,59861,11123,17150,86,1150,1130.0,1008.8235294117648,-2.3726241273249014,3.631447602014787,112588.73356401383,1130.0,1130.0,0.0,7784,52,1096,1096.0,864.8888888888889,-1.336374830079309,-0.2139922820066173,186946.7654320988,1096.0,1096.0,0.0,1634046383.299691,2.5987625122070312e-05,5.43904685974121
694,0,1,0,0,3,2,1096,2211110130,1130,64,1116,17,59861,29483,0,0,0,0,15,2211110130,17,59861,11123,18280,86,1150,1130.0,1015.5555555555557,-2.4740141934432347,4.122949683448148,107104.24691358024,1130.0,1130.0,0.0,8880,52,1096,1096.0,888.0,-1.5000693396003864,0.25032358330597,173059.2,1096.0,1096.0,0.0,1634046383.314561,0.0148699283599853,5.453916788101195
695,0,1,0,0,3,2,1096,2211110130,1130,64,1116,17,59861,29483,0,0,0,0,15,2211110130,17,59861,11123,19410,86,1150,1130.0,1021.578947368421,-2.5716003660065585,4.615433252094151,102120.24376731302,1130.0,1130.0,0.0,9976,52,1096,1096.0,906.9090909090908,-1.6499861361759638,0.7225757785772013,160902.0826446281,1096.0,1096.0,0.0,1634046383.314561,0.0,5.453916788101195
696,0,1,0,0,3,2,1096,2211110130,1130,64,1116,17,59861,29483,0,0,0,0,15,2211110130,17,59861,11123,20540,86,1150,1130.0,1027.0,-2.6657697478697195,5.108734728022167,97572.6,1130.0,1130.0,0.0,11072,52,1096,1096.0,922.6666666666666,-1.7889258282119327,1.2003834189072426,150224.8888888889,1096.0,1096.0,0.0,1634046383.314561,0.0,5.453916788101195
697,0,1,0,0,3,2,1096,2211110130,1130,64,1116,17,59861,29483,0,0,0,0,15,2211110130,17,59861,11123,1130,1130,1130,1130.0,1130.0,0.0,-3.0,0.0,1130.0,1130.0,0.0,12168,52,1096,1096.0,936.0,-1.918879127137015,1.6822313910663818,140802.46153846153,1096.0,1096.0,0.0,1634046383.314561,0.0,5.453916788101195
698,0,1,0,0,3,2,1096,2211110130,1130,64,1116,17,59861,29483,0,0,0,0,15,2211110130,17,59861,11123,2260,1130,1130,1130.0,1130.0,0.0,-3.0,0.0,1130.0,1130.0,0.0,13264,52,1096,1096.0,947.4285714285714,-2.0413154300809158,2.1671096170778883,132443.1020408163,1096.0,1096.0,0.0,1634046383.314561,0.0,5.453916788101195
699,0,1,0,0,3,2,1096,2211110130,1130,64,1116,17,59861,29483,0,0,0,0,15,2211110130,17,59861,11123,3390,1130,1130,1130.0,1130.0,0.0,-3.0,0.0,1130.0,1130.0,0.0,14360,52,1096,1096.0,957.3333333333334,-2.1573528020569825,2.6543188107740443,124987.02222222224,1096.0,1096.0,0.0,1634046383.315152,0.0005910396575927,5.454507827758788
700,0,1,0,0,3,2,1096,2211110130,1130,64,1116,17,59861,29483,0,0,0,0,15,2211110130,17,59861,11123,4520,1130,1130,1130.0,1130.0,0.0,-3.0,0.0,1130.0,1130.0,0.0,15456,52,1096,1096.0,966.0,-2.267863515050846,3.1433594811906387,118302.0,1096.0,1096.0,0.0,1634046383.315152,0.0,5.454507827758788
701,0,1,0,0,2,3,56,3232270721,90,47,76,17,29483,59861,0,0,0,0,15,2211110130,17,59861,11123,4610,90,1130,1130.0,922.0,-1.5,0.25,173056.0,1130.0,1130.0,0.0,15512,52,1096,1096.0,912.470588235294,-1.6973839679058558,0.8811947311351309,157189.42560553632,1096.0,1096.0,0.0,1634046383.31544,0.0002880096435546,5.454795837402343
702,0,1,0,0,3,2,1096,2211110130,1130,64,1116,17,59861,29483,0,0,0,0,15,2211110130,17,59861,11123,5740,90,1130,1130.0,956.6666666666666,-1.7888543819998313,1.2000000000000002,150222.22222222222,1130.0,1130.0,0.0,16608,52,1096,1096.0,922.6666666666666,-1.7889020132776263,1.2002556159239024,150224.0,1096.0,1096.0,0.0,1634046383.315841,0.0004010200500488,5.455196857452392
703,0,1,0,0,3,2,1096,2211110130,1130,64,1116,17,59861,29483,0,0,0,0,15,2211110130,17,59861,11123,6870,90,1130,1130.0,981.4285714285714,-2.041241452319315,2.166666666666665,132440.81632653062,1130.0,1130.0,0.0,17704,52,1096,1096.0,931.7894736842104,-1.876436548721784,1.5211021938020757,143815.5346260388,1096.0,1096.0,0.0,1634046383.315841,0.0,5.455196857452392
704,0,1,0,0,3,2,1096,2211110130,1130,64,1116,17,59861,29483,0,0,0,0,15,2211110130,17,59861,11123,8000,90,1130,1130.0,1000.0,-2.2677868380553634,3.1428571428571432,118300.0,1130.0,1130.0,0.0,18800,52,1096,1096.0,940.0,-1.960440855991865,1.843419343556572,137905.6,1096.0,1096.0,0.0,1634046383.315841,0.0,5.455196857452392
705,0,1,0,0,3,2,1096,2211110130,1130,64,1116,17,59861,29483,0,0,0,0,15,2211110130,17,59861,11123,9130,90,1130,1130.0,1014.4444444444443,-2.474873734152917,4.125000000000001,106824.69135802468,1130.0,1130.0,0.0,1096,1096,1096,1096.0,1096.0,0.0,-3.0,0.0,1096.0,1096.0,0.0,1634046383.316361,0.0005199909210205,5.455716848373412
706,0,1,0,0,3,2,1096,2211110130,1130,64,1116,17,59861,29483,0,0,0,0,15,2211110130,17,59861,11123,10260,90,1130,1130.0,1026.0,-2.6666666666666665,5.111111111111111,97344.0,1130.0,1130.0,0.0,2192,1096,1096,1096.0,1096.0,0.0,-3.0,0.0,1096.0,1096.0,0.0,1634046383.316361,0.0,5.455716848373412
707,0,1,0,0,3,2,1096,2211110130,1130,64,1116,17,59861,29483,0,0,0,0,15,2211110130,17,59861,11123,11390,90,1130,1130.0,1035.4545454545455,-2.8460498941515424,6.100000000000001,89388.4297520661,1130.0,1130.0,0.0,3288,1096,1096,1096.0,1096.0,0.0,-3.0,0.0,1096.0,1096.0,0.0,1634046383.316361,0.0,5.455716848373412
708,0,1,0,0,3,2,1116,2211110130,1150,64,1136,17,59861,29483,0,0,0,0,15,2211110130,17,59861,11123,12540,90,1150,1130.0,1045.0,-3.013110049885141,7.083762507254406,82941.66666666667,1130.0,1130.0,0.0,4404,1096,1116,1096.0,1101.0,1.1547005383792517,-0.6666666666666665,75.0,1101.0,1096.0,5.0,1634046383.36066,0.0442991256713867,5.500015974044799
709,0,1,0,0,3,2,1096,2211110130,1130,64,1116,17,59861,29483,0,0,0,0,15,2211110130,17,59861,11123,13670,90,1150,1130.0,1051.5384615384614,-3.173344758357036,8.07543274679366,77074.55621301774,1130.0,1130.0,0.0,5500,1096,1116,1096.0,1100.0,1.5,0.25,64.0,1096.0,1096.0,0.0,1634046383.36066,0.0,5.500015974044799
710,0,1,0,0,3,2,1096,2211110130,1130,64,1116,17,59861,29483,0,0,0,0,15,2211110130,17,59861,11123,14800,90,1150,1130.0,1057.142857142857,-3.3260441602383617,9.068270667909747,71977.55102040818,1130.0,1130.0,0.0,6596,1096,1116,1096.0,1099.3333333333333,1.788854381999862,1.2000000000000703,55.55555555555557,1096.0,1096.0,0.0,1634046383.361492,0.0008318424224853,5.500847816467284
711,0,1,0,0,3,2,1096,2211110130,1130,64,1116,17,59861,29483,0,0,0,0,15,2211110130,17,59861,11123,15930,90,1150,1130.0,1062.0,-3.472166512930102,10.062026077284688,67509.33333333333,1130.0,1130.0,0.0,7692,1096,1116,1096.0,1098.857142857143,2.041241452319301,2.166666666666627,48.9795918367347,1096.0,1096.0,0.0,1634046383.361492,0.0,5.500847816467284
712,0,1,0,0,3,2,1096,2211110130,1130,64,1116,17,59861,29483,0,0,0,0,15,2211110130,17,59861,11123,17060,90,1150,1130.0,1066.25,-3.6124846057409896,11.056515493399347,63560.9375,1130.0,1130.0,0.0,8788,1096,1116,1096.0,1098.5,2.2677868380553634,3.1428571428571432,43.75,1096.0,1096.0,0.0,1634046383.361492,0.0,5.500847816467284
713,0,1,0,0,3,2,1096,2211110130,1130,64,1116,17,59861,29483,0,0,0,0,15,2211110130,17,59861,11123,18190,90,1150,1130.0,1070.0,-3.747632092091544,12.051601301087842,60047.05882352941,1130.0,1130.0,0.0,9884,1096,1116,1096.0,1098.2222222222222,2.4748737341529403,4.125000000000078,39.50617283950618,1096.0,1096.0,0.0,1634046383.361492,0.0,5.500847816467284
714,0,1,0,0,3,2,1096,2211110130,1130,64,1116,17,59861,29483,0,0,0,0,15,2211110130,17,59861,11123,19320,90,1150,1130.0,1073.3333333333333,-3.8781360004115895,13.047178262611862,56900.0,1130.0,1130.0,0.0,10980,1096,1116,1096.0,1098.0,2.6666666666666665,5.111111111111111,36.0,1096.0,1096.0,0.0,1634046383.361492,0.0,5.500847816467284
715,0,1,0,0,3,2,1096,2211110130,1130,64,1116,17,59861,29483,0,0,0,0,15,2211110130,17,59861,11123,20450,90,1150,1130.0,1076.3157894736842,-4.0044401319613225,14.043164524653864,54065.37396121885,1130.0,1130.0,0.0,12076,1096,1116,1096.0,1097.8181818181818,2.8460498941515744,6.100000000000124,33.05785123966942,1096.0,1096.0,0.0,1634046383.361492,0.0,5.500847816467284
716,0,1,0,0,3,2,1096,2211110130,1130,64,1116,17,59861,29483,0,0,0,0,15,2211110130,17,59861,11123,21580,90,1150,1130.0,1079.0,-4.126922274091049,15.039495464980073,51499.0,1130.0,1130.0,0.0,13172,1096,1116,1096.0,1097.6666666666667,3.015113445777593,7.090909090908916,30.555555555555568,1096.0,1096.0,0.0,1634046383.362347,0.0008549690246582,5.5017027854919425
717,0,1,0,0,2,3,60,3232270721,94,47,80,17,29483,59861,0,0,0,0,15,2211110130,17,59861,11123,94,94,94,94.0,94.0,0.0,-3.0,0.0,94.0,94.0,0.0,13232,60,1116,1096.0,1017.8461538461538,-3.1733286004817054,8.075371862370881,76483.97633136094,1096.0,1096.0,0.0,1634046383.366621,0.0042741298675537,5.505976915359496
718,0,1,0,0,2,3,60,3232270721,94,47,80,17,29483,59861,0,0,0,0,15,2211110130,17,59861,11123,188,94,94,94.0,94.0,0.0,-3.0,0.0,94.0,94.0,0.0,13292,60,1116,1096.0,949.4285714285714,-2.040381057816293,2.164828548789676,131873.38775510204,1096.0,1096.0,0.0,1634046383.366676,5.507469177246094e-05,5.506031990051269
719,0,1,0,0,3,2,1096,2211110130,1130,64,1116,17,59861,29483,0,0,0,0,15,2211110130,17,59861,11123,1318,94,1130,94.0,439.3333333333333,0.7071067811865478,-1.5,238510.22222222225,612.0,94.0,518.0,14388,60,1116,1096.0,959.2,-2.1563950430633727,2.651807203313364,124418.56,1096.0,1096.0,0.0,1634046383.389941,0.0232648849487304,5.529296874999999
720,0,1,0,0,3,2,1096,2211110130,1130,64,1116,17,59861,29483,0,0,0,0,15,2211110130,17,59861,11123,2448,94,1130,612.0,612.0,0.0,-2.0,268324.0,1130.0,94.0,1036.0,15484,60,1116,1096.0,967.75,-2.266882775173485,3.1406194337397606,117738.9375,1096.0,1096.0,0.0,1634046383.389941,0.0,5.529296874999999
721,0,1,0,0,3,2,1096,2211110130,1130,64,1116,17,59861,29483,0,0,0,0,15,2211110130,17,59861,11123,3578,94,1130,1130.0,715.6,-0.4082482904638631,-1.8333333333333333,257591.04000000004,1130.0,94.0,1036.0,16580,60,1116,1096.0,975.2941176470588,-2.372539149965589,3.630898528894625,111723.73702422144,1096.0,1096.0,0.0,1634046383.389941,0.0,5.529296874999999
722,0,1,0,0,3,2,1096,2211110130,1130,64,1116,17,59861,29483,0,0,0,0,15,2211110130,17,59861,11123,4708,94,1130,1130.0,784.6666666666666,-0.707106781186547,-1.5000000000000009,238510.22222222228,1130.0,353.0,777.0,17676,60,1116,1096.0,982.0,-2.4739276671658748,4.122369453926626,106281.33333333331,1096.0,1096.0,0.0,1634046383.389941,0.0,5.529296874999999
723,0,1,0,0,3,2,1096,2211110130,1130,64,1116,17,59861,29483,0,0,0,0,15,2211110130,17,59861,11123,5838,94,1130,1130.0,834.0,-0.948683298050514,-1.1,219040.0,1130.0,612.0,518.0,18772,60,1116,1096.0,988.0,-2.5715122957612917,4.614821887227927,101335.57894736844,1096.0,1096.0,0.0,1634046383.389941,0.0,5.529296874999999
724,0,1,0,0,3,2,1096,2211110130,1130,64,1116,17,59861,29483,0,0,0,0,15,2211110130,17,59861,11123,6968,94,1130,1130.0,871.0,-1.1547005383792517,-0.6666666666666665,201243.0,1130.0,871.0,259.0,19868,60,1116,1096.0,993.4,-2.6656801422115795,5.108092244835563,96822.84,1096.0,1096.0,0.0,1634046383.389941,0.0,5.529296874999999
725,0,1,0,0,3,2,1096,2211110130,1130,64,1116,17,59861,29483,0,0,0,0,15,2211110130,17,59861,11123,8098,94,1130,1130.0,899.7777777777778,-1.3363062095621223,-0.214285714285713,185507.95061728396,1130.0,1130.0,0.0,1096,1096,1096,1096.0,1096.0,0.0,-3.0,0.0,1096.0,1096.0,0.0,1634046383.389941,0.0,5.529296874999999
726,0,1,0,0,3,2,1096,2211110130,1130,64,1116,17,59861,29483,0,0,0,0,15,2211110130,17,59861,11123,9228,94,1130,1130.0,922.8,-1.4999999999999996,0.2499999999999991,171727.36000000002,1130.0,1130.0,0.0,2192,1096,1096,1096.0,1096.0,0.0,-3.0,0.0,1096.0,1096.0,0.0,1634046383.389941,0.0,5.529296874999999
727,0,1,0,0,3,2,1096,2211110130,1130,64,1116,17,59861,29483,0,0,0,0,15,2211110130,17,59861,11123,10358,94,1130,1130.0,941.6363636363636,-1.6499158227686104,0.7222222222222219,159663.86776859505,1130.0,1130.0,0.0,3288,1096,1096,1096.0,1096.0,0.0,-3.0,0.0,1096.0,1096.0,0.0,1634046383.389941,0.0,5.529296874999999
728,0,1,0,0,3,2,1116,2211110130,1150,64,1136,17,59861,29483,0,0,0,0,15,2211110130,17,59861,11123,11508,94,1150,1130.0,959.0,-1.7880394142188738,1.198572211619692,149675.0,1130.0,1130.0,0.0,4404,1096,1116,1096.0,1101.0,1.1547005383792517,-0.6666666666666665,75.0,1101.0,1096.0,5.0,1634046383.389941,0.0,5.529296874999999
729,0,1,0,0,3,2,1096,2211110130,1130,64,1116,17,59861,29483,0,0,0,0,15,2211110130,17,59861,11123,12638,94,1150,1130.0,972.1538461538462,-1.9179685420217985,1.680183527241649,140237.82248520709,1130.0,1130.0,0.0,5500,1096,1116,1096.0,1100.0,1.5,0.25,64.0,1096.0,1096.0,0.0,1634046383.389941,0.0,5.529296874999999
730,0,1,0,0,3,2,1096,2211110130,1130,64,1116,17,59861,29483,0,0,0,0,15,2211110130,17,59861,11123,13768,94,1150,1130.0,983.4285714285714,-2.040381057816293,2.164828548789677,131873.38775510204,1130.0,1130.0,0.0,6596,1096,1116,1096.0,1099.3333333333333,1.788854381999862,1.2000000000000703,55.55555555555557,1096.0,1096.0,0.0,1634046383.389941,0.0,5.529296874999999
731,0,1,0,0,3,2,1096,2211110130,1130,64,1116,17,59861,29483,0,0,0,0,15,2211110130,17,59861,11123,14898,94,1150,1130.0,993.2,-2.1563950430633723,2.6518072033133637,124418.56,1130.0,1130.0,0.0,7692,1096,1116,1096.0,1098.857142857143,2.041241452319301,2.166666666666627,48.9795918367347,1096.0,1096.0,0.0,1634046383.389941,0.0,5.529296874999999
732,0,1,0,0,3,2,1096,2211110130,1130,64,1116,17,59861,29483,0,0,0,0,15,2211110130,17,59861,11123,16028,94,1150,1130.0,1001.75,-2.266882775173485,3.1406194337397606,117738.9375,1130.0,1130.0,0.0,8788,1096,1116,1096.0,1098.5,2.2677868380553634,3.1428571428571432,43.75,1096.0,1096.0,0.0,1634046383.39033,0.0003890991210937,5.529685974121093
733,0,1,0,0,3,2,1096,2211110130,1130,64,1116,17,59861,29483,0,0,0,0,15,2211110130,17,59861,11123,17158,94,1150,1130.0,1009.2941176470588,-2.372539149965589,3.630898528894627,111723.73702422144,1130.0,1130.0,0.0,9884,1096,1116,1096.0,1098.2222222222222,2.4748737341529403,4.125000000000078,39.50617283950618,1096.0,1096.0,0.0,1634046383.39033,0.0,5.529685974121093
734,0,1,0,0,3,2,1096,2211110130,1130,64,1116,17,59861,29483,0,0,0,0,15,2211110130,17,59861,11123,18288,94,1150,1130.0,1016.0,-2.4739276671658748,4.122369453926626,106281.33333333331,1130.0,1130.0,0.0,10980,1096,1116,1096.0,1098.0,2.6666666666666665,5.111111111111111,36.0,1096.0,1096.0,0.0,1634046383.39033,0.0,5.529685974121093
735,0,1,0,0,3,2,1096,2211110130,1130,64,1116,17,59861,29483,0,0,0,0,15,2211110130,17,59861,11123,19418,94,1150,1130.0,1022.0,-2.5715122957612917,4.614821887227927,101335.57894736844,1130.0,1130.0,0.0,12076,1096,1116,1096.0,1097.8181818181818,2.8460498941515744,6.100000000000124,33.05785123966942,1096.0,1096.0,0.0,1634046383.39033,0.0,5.529685974121093
736,0,1,0,0,3,2,1096,2211110130,1130,64,1116,17,59861,29483,0,0,0,0,15,2211110130,17,59861,11123,20548,94,1150,1130.0,1027.4,-2.66568014221158,5.108092244835566,96822.84,1130.0,1130.0,0.0,13172,1096,1116,1096.0,1097.6666666666667,3.015113445777593,7.090909090908916,30.555555555555568,1096.0,1096.0,0.0,1634046383.39033,0.0,5.529685974121093
737,0,1,0,0,3,2,1096,2211110130,1130,64,1116,17,59861,29483,0,0,0,0,15,2211110130,17,59861,11123,1130,1130,1130,1130.0,1130.0,0.0,-3.0,0.0,1130.0,1130.0,0.0,14268,1096,1116,1096.0,1097.5384615384614,3.1754264805429995,8.083333333333577,28.40236686390534,1096.0,1096.0,0.0,1634046383.39033,0.0,5.529685974121093
738,0,1,0,0,3,2,1096,2211110130,1130,64,1116,17,59861,29483,0,0,0,0,15,2211110130,17,59861,11123,2260,1130,1130,1130.0,1130.0,0.0,-3.0,0.0,1130.0,1130.0,0.0,15364,1096,1116,1096.0,1097.428571428571,3.3282011773514317,9.07692307692333,26.530612244897952,1096.0,1096.0,0.0,1634046383.39033,0.0,5.529685974121093
739,0,1,0,0,3,2,1096,2211110130,1130,64,1116,17,59861,29483,0,0,0,0,15,2211110130,17,59861,11123,3390,1130,1130,1130.0,1130.0,0.0,-3.0,0.0,1130.0,1130.0,0.0,16460,1096,1116,1096.0,1097.3333333333333,3.474396144861561,10.071428571428772,24.888888888888903,1096.0,1096.0,0.0,1634046383.39033,0.0,5.529685974121093
740,0,1,0,0,3,2,1096,2211110130,1130,64,1116,17,59861,29483,0,0,0,0,15,2211110130,17,59861,11123,4520,1130,1130,1130.0,1130.0,0.0,-3.0,0.0,1130.0,1130.0,0.0,17556,1096,1116,1096.0,1097.25,3.614784456460256,11.066666666666666,23.4375,1096.0,1096.0,0.0,1634046383.39033,0.0,5.529685974121093
741,0,1,0,0,3,2,1096,2211110130,1130,64,1116,17,59861,29483,0,0,0,0,15,2211110130,17,59861,11123,5650,1130,1130,1130.0,1130.0,0.0,-3.0,0.0,1130.0,1130.0,0.0,18652,1096,1116,1096.0,1097.1764705882354,3.749999999999957,12.06249999999979,22.14532871972318,1096.0,1096.0,0.0,1634046383.39033,0.0,5.529685974121093
742,0,1,0,0,3,2,1096,2211110130,1130,64,1116,17,59861,29483,0,0,0,0,15,2211110130,17,59861,11123,6780,1130,1130,1130.0,1130.0,0.0,-3.0,0.0,1130.0,1130.0,0.0,19748,1096,1116,1096.0,1097.111111111111,3.880570000581343,13.058823529411846,20.98765432098766,1096.0,1096.0,0.0,1634046383.39033,0.0,5.529685974121093
743,0,1,0,0,3,2,1096,2211110130,1130,64,1116,17,59861,29483,0,0,0,0,15,2211110130,17,59861,11123,7910,1130,1130,1130.0,1130.0,0.0,-3.0,0.0,1130.0,1130.0,0.0,20844,1096,1116,1096.0,1097.0526315789473,4.006938426723828,14.055555555555864,19.944598337950133,1096.0,1096.0,0.0,1634046383.39033,0.0,5.529685974121093
744,0,1,0,0,3,2,1096,2211110130,1130,64,1116,17,59861,29483,0,0,0,0,15,2211110130,17,59861,11123,9040,1130,1130,1130.0,1130.0,0.0,-3.0,0.0,1130.0,1130.0,0.0,21940,1096,1116,1096.0,1097.0,4.129483209670112,15.05263157894737,19.0,1096.0,1096.0,0.0,1634046383.39033,0.0,5.529685974121093
745,0,1,0,0,3,2,1096,2211110130,1130,64,1116,17,59861,29483,0,0,0,0,15,2211110130,17,59861,11123,10170,1130,1130,1130.0,1130.0,0.0,-3.0,0.0,1130.0,1130.0,0.0,1096,1096,1096,1096.0,1096.0,0.0,-3.0,0.0,1096.0,1096.0,0.0,1634046383.390754,0.0004239082336425,5.530109882354735
746,0,1,0,0,3,2,1096,2211110130,1130,64,1116,17,59861,29483,0,0,0,0,15,2211110130,17,59861,11123,11300,1130,1130,1130.0,1130.0,0.0,-3.0,0.0,1130.0,1130.0,0.0,2192,1096,1096,1096.0,1096.0,0.0,-3.0,0.0,1096.0,1096.0,0.0,1634046383.390754,0.0,5.530109882354735
747,0,1,0,0,3,2,1096,2211110130,1130,64,1116,17,59861,29483,0,0,0,0,15,2211110130,17,59861,11123,12430,1130,1130,1130.0,1130.0,0.0,-3.0,0.0,1130.0,1130.0,0.0,3288,1096,1096,1096.0,1096.0,0.0,-3.0,0.0,1096.0,1096.0,0.0,1634046383.390754,0.0,5.530109882354735
748,0,1,0,0,3,2,1096,2211110130,1130,64,1116,17,59861,29483,0,0,0,0,15,2211110130,17,59861,11123,13560,1130,1130,1130.0,1130.0,0.0,-3.0,0.0,1130.0,1130.0,0.0,4384,1096,1096,1096.0,1096.0,0.0,-3.0,0.0,1096.0,1096.0,0.0,1634046383.390754,0.0,5.530109882354735
749,0,1,0,0,3,2,1116,2211110130,1150,64,1136,17,59861,29483,0,0,0,0,15,2211110130,17,59861,11123,14710,1130,1150,1130.0,1131.5384615384614,3.1754264805430004,8.08333333333358,28.40236686390533,1130.0,1130.0,0.0,5500,1096,1116,1096.0,1100.0,1.5,0.25,64.0,1096.0,1096.0,0.0,1634046383.390754,0.0,5.530109882354735
750,0,1,0,0,3,2,1096,2211110130,1130,64,1116,17,59861,29483,0,0,0,0,15,2211110130,17,59861,11123,15840,1130,1150,1130.0,1131.428571428571,3.328201177351432,9.07692307692333,26.53061224489796,1130.0,1130.0,0.0,6596,1096,1116,1096.0,1099.3333333333333,1.788854381999862,1.200000000000072,55.55555555555557,1096.0,1096.0,0.0,1634046383.390754,0.0,5.530109882354735
751,0,1,0,0,3,2,1096,2211110130,1130,64,1116,17,59861,29483,0,0,0,0,15,2211110130,17,59861,11123,16970,1130,1150,1130.0,1131.3333333333333,3.474396144861562,10.071428571428775,24.888888888888896,1130.0,1130.0,0.0,7692,1096,1116,1096.0,1098.857142857143,2.041241452319301,2.166666666666627,48.9795918367347,1096.0,1096.0,0.0,1634046383.390754,0.0,5.530109882354735
752,0,1,0,0,3,2,1096,2211110130,1130,64,1116,17,59861,29483,0,0,0,0,15,2211110130,17,59861,11123,18100,1130,1150,1130.0,1131.25,3.614784456460256,11.066666666666666,23.4375,1130.0,1130.0,0.0,8788,1096,1116,1096.0,1098.5,2.2677868380553634,3.1428571428571432,43.75,1096.0,1096.0,0.0,1634046383.390754,0.0,5.530109882354735
753,0,1,0,0,3,2,1096,2211110130,1130,64,1116,17,59861,29483,0,0,0,0,15,2211110130,17,59861,11123,19230,1130,1150,1130.0,1131.1764705882354,3.749999999999957,12.06249999999979,22.14532871972318,1130.0,1130.0,0.0,9884,1096,1116,1096.0,1098.2222222222222,2.4748737341529403,4.125000000000078,39.50617283950618,1096.0,1096.0,0.0,1634046383.390754,0.0,5.530109882354735
754,0,1,0,0,3,2,1096,2211110130,1130,64,1116,17,59861,29483,0,0,0,0,15,2211110130,17,59861,11123,20360,1130,1150,1130.0,1131.111111111111,3.880570000581343,13.058823529411846,20.98765432098766,1130.0,1130.0,0.0,10980,1096,1116,1096.0,1098.0,2.6666666666666665,5.111111111111111,36.0,1096.0,1096.0,0.0,1634046383.390754,0.0,5.530109882354735
755,0,1,0,0,3,2,1096,2211110130,1130,64,1116,17,59861,29483,0,0,0,0,15,2211110130,17,59861,11123,21490,1130,1150,1130.0,1131.0526315789473,4.006938426723828,14.055555555555864,19.944598337950133,1130.0,1130.0,0.0,12076,1096,1116,1096.0,1097.8181818181818,2.8460498941515744,6.100000000000124,33.05785123966942,1096.0,1096.0,0.0,1634046383.390754,0.0,5.530109882354735
756,0,1,0,0,3,2,1096,2211110130,1130,64,1116,17,59861,29483,0,0,0,0,15,2211110130,17,59861,11123,22620,1130,1150,1130.0,1131.0,4.129483209670112,15.05263157894737,19.0,1130.0,1130.0,0.0,13172,1096,1116,1096.0,1097.6666666666667,3.015113445777593,7.090909090908916,30.555555555555568,1096.0,1096.0,0.0,1634046383.390754,0.0,5.530109882354735
757,0,1,0,0,3,2,1096,2211110130,1130,64,1116,17,59861,29483,0,0,0,0,15,2211110130,17,59861,11123,1130,1130,1130,1130.0,1130.0,0.0,-3.0,0.0,1130.0,1130.0,0.0,14268,1096,1116,1096.0,1097.5384615384614,3.1754264805429995,8.083333333333577,28.40236686390534,1096.0,1096.0,0.0,1634046383.390754,0.0,5.530109882354735
758,0,1,0,0,3,2,1096,2211110130,1130,64,1116,17,59861,29483,0,0,0,0,15,2211110130,17,59861,11123,2260,1130,1130,1130.0,1130.0,0.0,-3.0,0.0,1130.0,1130.0,0.0,15364,1096,1116,1096.0,1097.428571428571,3.3282011773514317,9.07692307692333,26.530612244897952,1096.0,1096.0,0.0,1634046383.391158,0.0004041194915771,5.530514001846313
759,0,1,0,0,3,2,1096,2211110130,1130,64,1116,17,59861,29483,0,0,0,0,15,2211110130,17,59861,11123,3390,1130,1130,1130.0,1130.0,0.0,-3.0,0.0,1130.0,1130.0,0.0,16460,1096,1116,1096.0,1097.3333333333333,3.474396144861561,10.071428571428772,24.888888888888903,1096.0,1096.0,0.0,1634046383.391158,0.0,5.530514001846313
760,0,1,0,0,3,2,1096,2211110130,1130,64,1116,17,59861,29483,0,0,0,0,15,2211110130,17,59861,11123,4520,1130,1130,1130.0,1130.0,0.0,-3.0,0.0,1130.0,1130.0,0.0,17556,1096,1116,1096.0,1097.25,3.614784456460256,11.066666666666666,23.4375,1096.0,1096.0,0.0,1634046383.391158,0.0,5.530514001846313
761,0,1,0,0,3,2,1096,2211110130,1130,64,1116,17,59861,29483,0,0,0,0,15,2211110130,17,59861,11123,5650,1130,1130,1130.0,1130.0,0.0,-3.0,0.0,1130.0,1130.0,0.0,18652,1096,1116,1096.0,1097.1764705882354,3.749999999999957,12.06249999999979,22.14532871972318,1096.0,1096.0,0.0,1634046383.391158,0.0,5.530514001846313
762,0,1,0,0,3,2,1096,2211110130,1130,64,1116,17,59861,29483,0,0,0,0,15,2211110130,17,59861,11123,6780,1130,1130,1130.0,1130.0,0.0,-3.0,0.0,1130.0,1130.0,0.0,19748,1096,1116,1096.0,1097.111111111111,3.880570000581343,13.058823529411846,20.98765432098766,1096.0,1096.0,0.0,1634046383.391158,0.0,5.530514001846313
763,0,1,0,0,3,2,1096,2211110130,1130,64,1116,17,59861,29483,0,0,0,0,15,2211110130,17,59861,11123,7910,1130,1130,1130.0,1130.0,0.0,-3.0,0.0,1130.0,1130.0,0.0,20844,1096,1116,1096.0,1097.0526315789473,4.006938426723828,14.055555555555864,19.944598337950133,1096.0,1096.0,0.0,1634046383.391158,0.0,5.530514001846313
764,0,1,0,0,3,2,1096,2211110130,1130,64,1116,17,59861,29483,0,0,0,0,15,2211110130,17,59861,11123,9040,1130,1130,1130.0,1130.0,0.0,-3.0,0.0,1130.0,1130.0,0.0,21940,1096,1116,1096.0,1097.0,4.129483209670112,15.05263157894737,19.0,1096.0,1096.0,0.0,1634046383.391158,0.0,5.530514001846313
765,0,1,0,0,3,2,1096,2211110130,1130,64,1116,17,59861,29483,0,0,0,0,15,2211110130,17,59861,11123,10170,1130,1130,1130.0,1130.0,0.0,-3.0,0.0,1130.0,1130.0,0.0,1096,1096,1096,1096.0,1096.0,0.0,-3.0,0.0,1096.0,1096.0,0.0,1634046383.391158,0.0,5.530514001846313
766,0,1,0,0,3,2,1096,2211110130,1130,64,1116,17,59861,29483,0,0,0,0,15,2211110130,17,59861,11123,11300,1130,1130,1130.0,1130.0,0.0,-3.0,0.0,1130.0,1130.0,0.0,2192,1096,1096,1096.0,1096.0,0.0,-3.0,0.0,1096.0,1096.0,0.0,1634046383.391158,0.0,5.530514001846313
767,0,1,0,0,3,2,1096,2211110130,1130,64,1116,17,59861,29483,0,0,0,0,15,2211110130,17,59861,11123,12430,1130,1130,1130.0,1130.0,0.0,-3.0,0.0,1130.0,1130.0,0.0,3288,1096,1096,1096.0,1096.0,0.0,-3.0,0.0,1096.0,1096.0,0.0,1634046383.391158,0.0,5.530514001846313
768,0,1,0,0,3,2,1096,2211110130,1130,64,1116,17,59861,29483,0,0,0,0,15,2211110130,17,59861,11123,13560,1130,1130,1130.0,1130.0,0.0,-3.0,0.0,1130.0,1130.0,0.0,4384,1096,1096,1096.0,1096.0,0.0,-3.0,0.0,1096.0,1096.0,0.0,1634046383.391158,0.0,5.530514001846313
769,0,1,0,0,3,2,1096,2211110130,1130,64,1116,17,59861,29483,0,0,0,0,15,2211110130,17,59861,11123,14690,1130,1130,1130.0,1130.0,0.0,-3.0,0.0,1130.0,1130.0,0.0,5480,1096,1096,1096.0,1096.0,0.0,-3.0,0.0,1096.0,1096.0,0.0,1634046383.391158,0.0,5.530514001846313
770,0,1,0,0,3,2,1116,2211110130,1150,64,1136,17,59861,29483,0,0,0,0,15,2211110130,17,59861,11123,15840,1130,1150,1130.0,1131.428571428571,3.328201177351432,9.07692307692333,26.53061224489796,1130.0,1130.0,0.0,6596,1096,1116,1096.0,1099.3333333333333,1.788854381999862,1.200000000000072,55.55555555555557,1096.0,1096.0,0.0,1634046383.391158,0.0,5.530514001846313
771,0,1,0,0,3,2,1096,2211110130,1130,64,1116,17,59861,29483,0,0,0,0,15,2211110130,17,59861,11123,16970,1130,1150,1130.0,1131.3333333333333,3.4743961448615623,10.07142857142878,24.888888888888893,1130.0,1130.0,0.0,7692,1096,1116,1096.0,1098.857142857143,2.041241452319301,2.166666666666627,48.9795918367347,1096.0,1096.0,0.0,1634046383.391559,0.0004007816314697,5.530914783477782
772,0,1,0,0,3,2,1096,2211110130,1130,64,1116,17,59861,29483,0,0,0,0,15,2211110130,17,59861,11123,18100,1130,1150,1130.0,1131.25,3.614784456460256,11.066666666666666,23.4375,1130.0,1130.0,0.0,8788,1096,1116,1096.0,1098.5,2.2677868380553634,3.1428571428571432,43.75,1096.0,1096.0,0.0,1634046383.391559,0.0,5.530914783477782
773,0,1,0,0,3,2,1096,2211110130,1130,64,1116,17,59861,29483,0,0,0,0,15,2211110130,17,59861,11123,19230,1130,1150,1130.0,1131.1764705882354,3.749999999999957,12.06249999999979,22.14532871972318,1130.0,1130.0,0.0,9884,1096,1116,1096.0,1098.2222222222222,2.4748737341529403,4.125000000000078,39.50617283950618,1096.0,1096.0,0.0,1634046383.391559,0.0,5.530914783477782
774,0,1,0,0,3,2,1096,2211110130,1130,64,1116,17,59861,29483,0,0,0,0,15,2211110130,17,59861,11123,20360,1130,1150,1130.0,1131.111111111111,3.880570000581343,13.058823529411846,20.98765432098766,1130.0,1130.0,0.0,10980,1096,1116,1096.0,1098.0,2.6666666666666665,5.111111111111111,36.0,1096.0,1096.0,0.0,1634046383.391559,0.0,5.530914783477782
775,0,1,0,0,3,2,1096,2211110130,1130,64,1116,17,59861,29483,0,0,0,0,15,2211110130,17,59861,11123,21490,1130,1150,1130.0,1131.0526315789473,4.006938426723828,14.055555555555864,19.944598337950133,1130.0,1130.0,0.0,12076,1096,1116,1096.0,1097.8181818181818,2.8460498941515744,6.100000000000124,33.05785123966942,1096.0,1096.0,0.0,1634046383.391559,0.0,5.530914783477782
776,0,1,0,0,3,2,1096,2211110130,1130,64,1116,17,59861,29483,0,0,0,0,15,2211110130,17,59861,11123,22620,1130,1150,1130.0,1131.0,4.129483209670112,15.05263157894737,19.0,1130.0,1130.0,0.0,13172,1096,1116,1096.0,1097.6666666666667,3.015113445777593,7.090909090908916,30.555555555555568,1096.0,1096.0,0.0,1634046383.391559,0.0,5.530914783477782
777,0,1,0,0,3,2,1096,2211110130,1130,64,1116,17,59861,29483,0,0,0,0,15,2211110130,17,59861,11123,1130,1130,1130,1130.0,1130.0,0.0,-3.0,0.0,1130.0,1130.0,0.0,14268,1096,1116,1096.0,1097.5384615384614,3.1754264805429995,8.083333333333577,28.40236686390534,1096.0,1096.0,0.0,1634046383.391559,0.0,5.530914783477782
778,0,1,0,0,3,2,1096,2211110130,1130,64,1116,17,59861,29483,0,0,0,0,15,2211110130,17,59861,11123,2260,1130,1130,1130.0,1130.0,0.0,-3.0,0.0,1130.0,1130.0,0.0,15364,1096,1116,1096.0,1097.428571428571,3.3282011773514317,9.07692307692333,26.530612244897952,1096.0,1096.0,0.0,1634046383.391559,0.0,5.530914783477782
779,0,1,0,0,3,2,1096,2211110130,1130,64,1116,17,59861,29483,0,0,0,0,15,2211110130,17,59861,11123,3390,1130,1130,1130.0,1130.0,0.0,-3.0,0.0,1130.0,1130.0,0.0,16460,1096,1116,1096.0,1097.3333333333333,3.474396144861561,10.071428571428772,24.888888888888903,1096.0,1096.0,0.0,1634046383.391559,0.0,5.530914783477782
780,0,1,0,0,3,2,1096,2211110130,1130,64,1116,17,59861,29483,0,0,0,0,15,2211110130,17,59861,11123,4520,1130,1130,1130.0,1130.0,0.0,-3.0,0.0,1130.0,1130.0,0.0,17556,1096,1116,1096.0,1097.25,3.614784456460256,11.066666666666666,23.4375,1096.0,1096.0,0.0,1634046383.391559,0.0,5.530914783477782
781,0,1,0,0,3,2,1096,2211110130,1130,64,1116,17,59861,29483,0,0,0,0,15,2211110130,17,59861,11123,5650,1130,1130,1130.0,1130.0,0.0,-3.0,0.0,1130.0,1130.0,0.0,18652,1096,1116,1096.0,1097.1764705882354,3.749999999999957,12.06249999999979,22.14532871972318,1096.0,1096.0,0.0,1634046383.391559,0.0,5.530914783477782
782,0,1,0,0,3,2,1096,2211110130,1130,64,1116,17,59861,29483,0,0,0,0,15,2211110130,17,59861,11123,6780,1130,1130,1130.0,1130.0,0.0,-3.0,0.0,1130.0,1130.0,0.0,19748,1096,1116,1096.0,1097.111111111111,3.880570000581343,13.058823529411846,20.98765432098766,1096.0,1096.0,0.0,1634046383.391559,0.0,5.530914783477782
783,0,1,0,0,3,2,1096,2211110130,1130,64,1116,17,59861,29483,0,0,0,0,15,2211110130,17,59861,11123,7910,1130,1130,1130.0,1130.0,0.0,-3.0,0.0,1130.0,1130.0,0.0,20844,1096,1116,1096.0,1097.0526315789473,4.006938426723828,14.055555555555864,19.944598337950133,1096.0,1096.0,0.0,1634046383.391559,0.0,5.530914783477782
784,0,1,0,0,3,2,1096,2211110130,1130,64,1116,17,59861,29483,0,0,0,0,15,2211110130,17,59861,11123,9040,1130,1130,1130.0,1130.0,0.0,-3.0,0.0,1130.0,1130.0,0.0,21940,1096,1116,1096.0,1097.0,4.129483209670112,15.05263157894737,19.0,1096.0,1096.0,0.0,1634046383.391936,0.0003771781921386,5.531291961669921
785,0,1,0,0,3,2,1096,2211110130,1130,64,1116,17,59861,29483,0,0,0,0,15,2211110130,17,59861,11123,10170,1130,1130,1130.0,1130.0,0.0,-3.0,0.0,1130.0,1130.0,0.0,1096,1096,1096,1096.0,1096.0,0.0,-3.0,0.0,1096.0,1096.0,0.0,1634046383.391936,0.0,5.531291961669921
786,0,1,0,0,3,2,1096,2211110130,1130,64,1116,17,59861,29483,0,0,0,0,15,2211110130,17,59861,11123,11300,1130,1130,1130.0,1130.0,0.0,-3.0,0.0,1130.0,1130.0,0.0,2192,1096,1096,1096.0,1096.0,0.0,-3.0,0.0,1096.0,1096.0,0.0,1634046383.395799,0.0038628578186035,5.5351548194885245
787,0,1,0,0,3,2,1096,2211110130,1130,64,1116,17,59861,29483,0,0,0,0,15,2211110130,17,59861,11123,12430,1130,1130,1130.0,1130.0,0.0,-3.0,0.0,1130.0,1130.0,0.0,3288,1096,1096,1096.0,1096.0,0.0,-3.0,0.0,1096.0,1096.0,0.0,1634046383.395799,0.0,5.5351548194885245
788,0,1,0,0,3,2,486,2211110130,520,64,506,17,59861,29483,0,0,0,0,15,2211110130,17,59861,11123,12950,520,1130,1130.0,1079.1666666666667,-3.0151134457776383,7.090909090909099,28424.30555555555,1130.0,1130.0,0.0,3774,486,1096,1096.0,943.5,-1.1547005383792517,-0.6666666666666665,69768.75,1096.0,943.5,152.5,1634046383.395799,0.0,5.5351548194885245
789,0,1,0,0,3,2,408,2211110130,442,64,428,17,59861,29483,0,0,0,0,15,2211110130,17,59861,11123,13392,442,1130,1130.0,1030.1538461538462,-1.9364229161417628,1.7818676391399286,55064.89940828402,1130.0,1130.0,0.0,4182,408,1096,1096.0,836.4,-0.4265055115958132,-1.7936408912944644,101696.63999999998,1096.0,486.0,610.0,1634046383.396367,0.000568151473999,5.5357229709625235
790,0,1,0,0,3,2,56,2211110130,90,64,76,17,59861,29483,0,0,0,0,15,2211110130,17,59861,11123,13482,90,1130,1130.0,963.0,-1.654915390651013,1.1599782395029674,109757.0,1130.0,1130.0,0.0,4238,56,1096,791.0,706.3333333333334,-0.3224100922514584,-1.4985378885406184,169333.8888888889,1096.0,427.5,668.5,1634046383.396367,0.0,5.5357229709625235
791,0,1,0,0,3,2,408,2211110130,442,64,428,17,59861,29483,0,0,0,0,15,2211110130,17,59861,11123,13924,90,1130,1130.0,928.2666666666668,-1.2885658409881626,0.0506504678550827,119329.5288888889,1130.0,825.0,305.0,4646,56,1096,486.0,663.7142857142857,-0.0490150983632088,-1.5290905365800187,156041.6326530612,1096.0,408.0,688.0,1634046383.396367,0.0,5.5357229709625235
792,0,1,0,0,3,2,1116,2211110130,1150,64,1136,17,59861,29483,0,0,0,0,15,2211110130,17,59861,11123,15074,90,1150,1130.0,942.125,-1.3862971047142183,0.3209789863151946,114752.234375,1130.0,977.5,152.5,5762,56,1116,791.0,720.25,-0.287487640180346,-1.5098659471106215,158910.4375,1096.0,408.0,688.0,1634046383.396367,0.0,5.5357229709625235
793,0,1,0,0,3,2,1096,2211110130,1130,64,1116,17,59861,29483,0,0,0,0,15,2211110130,17,59861,11123,16204,90,1150,1130.0,953.1764705882352,-1.480361070961382,0.6009811957016375,109956.26297577856,1130.0,1130.0,0.0,6858,56,1116,1096.0,762.0,-0.4874796461867338,-1.3802237515153986,155198.22222222222,1096.0,408.0,688.0,1634046383.397207,0.0008399486541748,5.536562919616698
794,0,1,0,0,3,2,1096,2211110130,1130,64,1116,17,59861,29483,0,0,0,0,15,2211110130,17,59861,11123,17334,90,1150,1130.0,963.0,-1.5696832918261083,0.8844305006125466,105488.11111111112,1130.0,1130.0,0.0,7954,56,1116,1096.0,795.4,-0.6583220185808635,-1.1954755332455678,149718.44000000003,1096.0,427.5,668.5,1634046383.397207,0.0,5.536562919616698
795,0,1,0,0,3,2,745,2211110130,779,64,765,17,59861,29483,0,0,0,0,15,2211110130,17,59861,11123,18113,90,1150,1130.0,953.3157894736842,-1.4916372962259323,0.7841921960146006,101624.21606648198,1130.0,954.5,175.5,8699,56,1116,1096.0,790.8181818181819,-0.651859794392098,-1.0543821968561091,136317.6033057851,1096.0,447.0,649.0,1634046383.397737,0.0005300045013427,5.537092924118041
796,0,1,0,0,3,2,1096,2211110130,1130,64,1116,17,59861,29483,0,0,0,0,15,2211110130,17,59861,11123,19243,90,1150,1130.0,962.15,-1.5714794577178348,1.0414178766347435,98025.8275,1130.0,1042.25,87.75,9795,56,1116,1096.0,816.25,-0.7875114289976972,-0.867547034903601,132072.35416666666,1096.0,466.5,629.5,1634046383.397737,0.0,5.537092924118041
797,0,1,0,0,3,2,1096,2211110130,1130,64,1116,17,59861,29483,0,0,0,0,15,2211110130,17,59861,11123,1130,1130,1130,1130.0,1130.0,0.0,-3.0,0.0,1130.0,1130.0,0.0,10891,56,1116,1096.0,837.7692307692307,-0.9106908246716,-0.6601254670901167,127469.86982248524,1096.0,486.0,610.0,1634046383.398333,0.0005960464477539,5.537688970565795
798,0,1,0,0,3,2,1096,2211110130,1130,64,1116,17,59861,29483,0,0,0,0,15,2211110130,17,59861,11123,2260,1130,1130,1130.0,1130.0,0.0,-3.0,0.0,1130.0,1130.0,0.0,11987,56,1116,1096.0,856.2142857142857,-1.0239428732397586,-0.4383697899245318,122787.73979591836,1096.0,550.75,545.25,1634046383.398333,0.0,5.537688970565795
799,0,1,0,0,3,2,1096,2211110130,1130,64,1116,17,59861,29483,0,0,0,0,15,2211110130,17,59861,11123,3390,1130,1130,1130.0,1130.0,0.0,-3.0,0.0,1130.0,1130.0,0.0,13083,56,1116,1096.0,872.2,-1.1290989140087702,-0.2062356401474248,118179.49333333332,1096.0,615.5,480.5,1634046383.398333,0.0,5.537688970565795
800,0,1,0,0,3,2,566,2211110130,600,64,586,17,59861,29483,0,0,0,0,15,2211110130,17,59861,11123,3990,600,1130,1130.0,997.5,-1.1547005383792517,-0.6666666666666665,52668.75,1130.0,997.5,132.5,13649,56,1116,1096.0,853.0625,-0.9611867439050512,-0.488944959889928,116286.93359375,1096.0,546.0,550.0,1634046383.398333,0.0,5.537688970565795
801,0,1,0,0,3,2,408,2211110130,442,64,428,17,59861,29483,0,0,0,0,15,2211110130,17,59861,11123,4432,442,1130,1130.0,886.4,-0.4905158578375797,-1.6554311176503826,91507.84,1130.0,600.0,530.0,14057,56,1116,1096.0,826.8823529411765,-0.7558921399123981,-0.8989616323419622,120412.92733564014,1096.0,486.0,610.0,1634046383.398333,0.0,5.537688970565795
802,0,1,0,0,3,2,1096,2211110130,1130,64,1116,17,59861,29483,0,0,0,0,15,2211110130,17,59861,11123,5562,442,1130,1130.0,927.0,-0.7843141241749185,-1.282967679796367,84498.33333333333,1130.0,732.5,397.5,15153,56,1116,1096.0,841.8333333333334,-0.8444316428584411,-0.7599165813036333,117523.36111111112,1096.0,506.0,590.0,1634046383.39893,0.0005970001220703,5.538285970687865
803,0,1,0,0,3,2,1096,2211110130,1130,64,1116,17,59861,29483,0,0,0,0,15,2211110130,17,59861,11123,6692,442,1130,1130.0,956.0,-1.0240317972433404,-0.8473033517929336,77473.14285714286,1130.0,865.0,265.0,16249,56,1116,1096.0,855.2105263157895,-0.9275823858792284,-0.612561517376291,114559.00831024932,1096.0,526.0,570.0,1634046383.39893,0.0,5.538285970687865
804,0,1,0,0,3,2,1096,2211110130,1130,64,1116,17,59861,29483,0,0,0,0,15,2211110130,17,59861,11123,7822,442,1130,1130.0,977.75,-1.2296690927816365,-0.3796939894907316,71100.4375,1130.0,997.5,132.5,17345,56,1116,1096.0,867.25,-1.0061096581172433,-0.4586763888508911,111585.0875,1096.0,546.0,550.0,1634046383.39893,0.0,5.538285970687865
805,0,1,0,0,3,2,1096,2211110130,1130,64,1116,17,59861,29483,0,0,0,0,15,2211110130,17,59861,11123,8952,442,1130,1130.0,994.6666666666666,-1.4116743233663704,0.1062974511866428,65489.77777777778,1130.0,1130.0,0.0,1096,1096,1096,1096.0,1096.0,0.0,-3.0,0.0,1096.0,1096.0,0.0,1634046383.400341,0.001410961151123,5.539696931838988
806,0,1,0,0,3,2,1096,2211110130,1130,64,1116,17,59861,29483,0,0,0,0,15,2211110130,17,59861,11123,10082,442,1130,1130.0,1008.2,-1.576213635882102,0.6038339361360268,60589.16000000001,1130.0,1130.0,0.0,2192,1096,1096,1096.0,1096.0,0.0,-3.0,0.0,1096.0,1096.0,0.0,1634046383.400341,0.0,5.539696931838988
807,0,1,0,0,3,2,1096,2211110130,1130,64,1116,17,59861,29483,0,0,0,0,15,2211110130,17,59861,11123,11212,442,1130,1130.0,1019.2727272727273,-1.72724381255491,1.109095014457762,56307.10743801652,1130.0,1130.0,0.0,3288,1096,1096,1096.0,1096.0,0.0,-3.0,0.0,1096.0,1096.0,0.0,1634046383.400341,0.0,5.539696931838988
808,0,1,0,0,3,2,472,2211110130,506,64,492,17,59861,29483,0,0,0,0,15,2211110130,17,59861,11123,11718,442,1130,1130.0,976.5,-1.204254203356853,-0.4786635709613289,71739.41666666667,1130.0,997.5,132.5,3760,472,1096,1096.0,940.0,-1.1547005383792517,-0.6666666666666665,73008.0,1096.0,940.0,156.0,1634046383.400341,0.0,5.539696931838988
809,0,1,0,0,3,2,60,2211110130,94,64,80,17,59861,29483,0,0,0,0,15,2211110130,17,59861,11123,11812,94,1130,1130.0,908.6153846153846,-1.1606523168279248,-0.1624698908800583,121520.85207100588,1130.0,600.0,530.0,3820,60,1096,1096.0,764.0,-0.6783631321190837,-1.2588534087841692,182310.4,1096.0,472.0,624.0,1634046383.400341,0.0,5.539696931838988
810,0,1,0,0,3,2,1096,2211110130,1130,64,1116,17,59861,29483,0,0,0,0,15,2211110130,17,59861,11123,12942,94,1130,1130.0,924.4285714285714,-1.27397016771978,0.1233699456644381,116091.5306122449,1130.0,732.5,397.5,4916,60,1096,1096.0,819.3333333333334,-0.9626639047151472,-0.7924026808065863,167234.22222222222,1096.0,628.0,468.0,1634046383.416693,0.0163519382476806,5.556048870086669
811,0,1,0,0,3,2,1096,2211110130,1130,64,1116,17,59861,29483,0,0,0,0,15,2211110130,17,59861,11123,14072,94,1130,1130.0,938.1333333333332,-1.3799175023179764,0.4163495445734155,110981.58222222222,1130.0,865.0,265.0,6012,60,1096,1096.0,858.8571428571429,-1.1993127418540186,-0.2713122692138925,152716.40816326533,1096.0,784.0,312.0,1634046383.416693,0.0,5.556048870086669
812,0,1,0,0,3,2,1096,2211110130,1130,64,1116,17,59861,29483,0,0,0,0,15,2211110130,17,59861,11123,15202,94,1130,1130.0,950.125,-1.4796612893103045,0.7147555812078061,106202.234375,1130.0,997.5,132.5,7108,60,1096,1096.0,888.5,-1.4048875699183112,0.2781130284681707,139777.75,1096.0,940.0,156.0,1634046383.421803,0.0051100254058837,5.561158895492553
813,0,1,0,0,3,2,1096,2211110130,1130,64,1116,17,59861,29483,0,0,0,0,15,2211110130,17,59861,11123,16332,94,1130,1130.0,960.7058823529412,-1.574102228547631,1.0173821596097472,101746.32525951558,1130.0,1130.0,0.0,8204,60,1096,1096.0,911.5555555555557,-1.5884208662812225,0.8441146488883904,128499.35802469136,1096.0,1096.0,0.0,1634046383.421803,0.0,5.561158895492553
814,0,1,0,0,3,2,1116,2211110130,1150,64,1136,17,59861,29483,0,0,0,0,15,2211110130,17,59861,11123,17482,94,1150,1130.0,971.2222222222222,-1.6618820554152052,1.3160095109931549,97973.83950617284,1130.0,1130.0,0.0,9320,60,1116,1096.0,932.0,-1.7528377017263508,1.4124191699067,119411.2,1096.0,1096.0,0.0,1634046383.423701,0.0018980503082275,5.56305694580078
815,0,1,0,0,3,2,1096,2211110130,1130,64,1116,17,59861,29483,0,0,0,0,15,2211110130,17,59861,11123,18612,94,1150,1130.0,979.578947368421,-1.7477704260969864,1.624654983343797,94074.34903047093,1130.0,1130.0,0.0,10416,60,1116,1096.0,946.9090909090908,-1.9069355437107576,1.9958298955257376,110778.44628099176,1096.0,1096.0,0.0,1634046383.42595,0.002249002456665,5.565305948257445
816,0,1,0,0,3,2,820,2211110130,854,64,840,17,59861,29483,0,0,0,0,15,2211110130,17,59861,11123,19466,94,1150,1130.0,973.3,-1.7117669178426915,1.643160572541226,90119.71,1130.0,1061.0,69.0,11236,60,1116,1096.0,936.3333333333334,-1.8622409612159672,2.070082271924342,102777.2222222222,1096.0,1027.0,69.0,1634046383.42595,0.0,5.565305948257445
817,0,1,0,0,3,2,408,2211110130,442,64,428,17,59861,29483,0,0,0,0,15,2211110130,17,59861,11123,442,442,442,442.0,442.0,0.0,-3.0,0.0,442.0,442.0,0.0,11644,60,1116,1096.0,895.6923076923077,-1.388540115553646,0.460733936506045,114691.5976331361,1096.0,820.0,276.0,1634046383.439839,0.0138888359069824,5.579194784164428
818,0,1,0,0,2,3,60,3232270721,94,47,80,17,29483,59861,0,0,0,0,15,2211110130,17,59861,11123,536,94,442,268.0,268.0,0.0,-2.0,30276.0,355.0,181.0,174.0,11704,60,1116,1096.0,836.0,-1.0744619577046906,-0.494942170958518,152820.57142857142,1096.0,559.0,537.0,1634046383.440981,0.0011420249938964,5.580336809158324
819,0,1,0,0,3,2,1096,2211110130,1130,64,1116,17,59861,29483,0,0,0,0,15,2211110130,17,59861,11123,1666,94,1130,442.0,555.3333333333334,0.3766675336035382,-1.5000000000000004,185304.8888888889,786.0,268.0,518.0,12800,60,1116,1096.0,853.3333333333334,-1.1796994008539168,-0.2522767969183439,146838.75555555554,1096.0,646.0,450.0,1634046383.44729,0.0063090324401855,5.58664584159851
820,0,1,0,0,3,2,1096,2211110130,1130,64,1116,17,59861,29483,0,0,0,0,15,2211110130,17,59861,11123,2796,94,1130,786.0,699.0,-0.2173703793443629,-1.715628269693377,200899.0,1130.0,355.0,775.0,13896,60,1116,1096.0,868.5,-1.278316204122212,-0.0031268949209319,141111.75,1096.0,733.0,363.0,1634046383.44729,0.0,5.58664584159851
821,0,1,0,0,3,2,1096,2211110130,1130,64,1116,17,59861,29483,0,0,0,0,15,2211110130,17,59861,11123,3926,94,1130,1130.0,785.2,-0.5960310217014525,-1.4309581812273606,190440.96,1130.0,442.0,688.0,14992,60,1116,1096.0,881.8823529411765,-1.3713197063311824,0.2510277783881487,135676.45674740482,1096.0,820.0,276.0,1634046383.447744,0.0004539489746093,5.587099790573119
822,0,1,0,0,3,2,1096,2211110130,1130,64,1116,17,59861,29483,0,0,0,0,15,2211110130,17,59861,11123,5056,94,1130,1130.0,842.6666666666666,-0.8841304010018901,-1.0064953845451037,175212.8888888889,1130.0,614.0,516.0,16088,60,1116,1096.0,893.7777777777778,-1.45949669763004,0.5091254450095843,130544.3950617284,1096.0,889.0,207.0,1634046383.447744,0.0,5.587099790573119
823,0,1,0,0,3,2,771,2211110130,805,64,791,17,59861,29483,0,0,0,0,15,2211110130,17,59861,11123,5861,94,1130,1130.0,837.2857142857143,-0.91181233508685,-0.7313720361528593,150356.20408163266,1130.0,623.5,506.5,16859,60,1116,1096.0,887.3157894736842,-1.4331786252364906,0.553199420648836,124425.26869806091,1096.0,795.5,300.5,1634046383.447744,0.0,5.587099790573119
824,0,1,0,0,2,3,64,3232270721,98,47,84,17,29483,59861,0,0,0,0,15,2211110130,17,59861,11123,5959,94,1130,967.5,744.875,-0.5159943703146832,-1.4601859310327978,191339.859375,1130.0,356.0,774.0,16923,60,1116,1096.0,846.15,-1.1832483784519616,-0.2442860241986015,150401.82749999998,1096.0,696.25,399.75,1634046383.457263,0.0095191001892089,5.596618890762328
825,0,1,0,0,3,2,1104,2211110130,1138,64,1124,17,59861,29483,0,0,0,0,15,2211110130,17,59861,11123,7097,94,1138,1130.0,788.5555555555555,-0.7019230776266231,-1.241030925169963,185343.80246913584,1130.0,442.0,688.0,1104,1104,1104,1104.0,1104.0,0.0,-3.0,0.0,1104.0,1104.0,0.0,1634046383.468519,0.0112559795379638,5.607874870300292
826,0,1,0,0,3,2,1096,2211110130,1130,64,1116,17,59861,29483,0,0,0,0,15,2211110130,17,59861,11123,8227,94,1138,1130.0,822.7,-0.8656750830676326,-0.9855375638466342,177302.01,1130.0,532.75,597.25,2200,1096,1104,1100.0,1100.0,0.0,-2.0,16.0,1102.0,1098.0,4.0,1634046383.468519,0.0,5.607874870300292
827,0,1,0,0,3,2,1096,2211110130,1130,64,1116,17,59861,29483,0,0,0,0,15,2211110130,17,59861,11123,9357,94,1138,1130.0,850.6363636363636,-1.0119753960701263,-0.7082948390266406,168988.04958677685,1130.0,623.5,506.5,3296,1096,1104,1096.0,1098.6666666666667,0.7071067811864872,-1.5000000000000566,14.222222222222223,1100.0,1096.0,4.0,1634046383.46905,0.0005309581756591,5.608405828475951
828,0,1,0,0,3,2,408,2211110130,442,64,428,17,59861,29483,0,0,0,0,15,2211110130,17,59861,11123,9799,94,1138,1130.0,816.5833333333334,-0.7714351551969186,-1.0814041127096403,167661.40972222225,1130.0,442.0,688.0,3704,408,1104,1096.0,926.0,-1.1542864182960662,-0.6669821638556779,89452.0,1098.0,924.0,174.0,1634046383.46905,0.0,5.608405828475951
829,0,1,0,0,3,2,1096,2211110130,1130,64,1116,17,59861,29483,0,0,0,0,15,2211110130,17,59861,11123,10929,94,1138,1130.0,840.6923076923077,-0.8952097142579565,-0.8754613713900592,161739.2899408284,1130.0,442.0,688.0,4800,408,1104,1096.0,960.0,-1.4995256645097723,0.2493736857223374,76185.6,1096.0,1096.0,0.0,1634046383.470292,0.0012421607971191,5.60964798927307
830,0,1,0,0,3,2,1096,2211110130,1130,64,1116,17,59861,29483,0,0,0,0,15,2211110130,17,59861,11123,12059,94,1138,1130.0,861.3571428571429,-1.008869194390049,-0.6567562810449599,155737.943877551,1130.0,532.75,597.25,5896,408,1104,1096.0,982.6666666666666,-1.7883320459704988,1.1990743232501728,66056.88888888889,1096.0,1096.0,0.0,1634046383.470292,0.0,5.60964798927307
831,0,1,0,0,3,2,1096,2211110130,1130,64,1116,17,59861,29483,0,0,0,0,15,2211110130,17,59861,11123,13189,94,1138,1130.0,879.2666666666667,-1.114304817541933,-0.4287675487269342,149845.92888888883,1130.0,623.5,506.5,6992,408,1104,1096.0,998.8571428571428,-2.040677347571531,2.16544956089354,58192.97959183672,1096.0,1096.0,0.0,1634046383.470292,0.0,5.60964798927307
832,0,1,0,0,3,2,1096,2211110130,1130,64,1116,17,59861,29483,0,0,0,0,15,2211110130,17,59861,11123,14319,94,1138,1130.0,894.9375,-1.2129133026102048,-0.1938165751523253,144164.18359375,1130.0,714.25,415.75,8088,408,1104,1096.0,1011.0,-2.267184891864773,3.1413538546052004,51951.0,1096.0,1096.0,0.0,1634046383.470292,0.0,5.60964798927307
833,0,1,0,0,3,2,658,2211110130,692,64,678,17,59861,29483,0,0,0,0,15,2211110130,17,59861,11123,15011,94,1138,1130.0,883.0,-1.1325216074334452,-0.2627142878524919,137964.0,1130.0,692.0,438.0,8746,408,1104,1096.0,971.7777777777778,-1.5418668563744868,0.6528478319943445,58485.72839506172,1096.0,1096.0,0.0,1634046383.470806,0.0005137920379638,5.610161781311034
834,0,1,0,0,2,3,64,3232270721,98,47,84,17,29483,59861,0,0,0,0,15,2211110130,17,59861,11123,15109,94,1138,1130.0,839.3888888888889,-0.91978961545711,-0.8101217867005439,162632.12654320986,1130.0,504.5,625.5,8810,64,1104,1096.0,881.0,-1.3100445491943495,0.1927725243139311,126802.6,1096.0,767.5,328.5,1634046383.491306,0.0205001831054687,5.630661964416503
835,0,1,0,0,3,2,408,2211110130,442,64,428,17,59861,29483,0,0,0,0,15,2211110130,17,59861,11123,15551,94,1138,1130.0,818.4736842105264,-0.7715397359512479,-1.0343416653294444,161946.5650969529,1130.0,442.0,688.0,9218,64,1104,1096.0,838.0,-0.9414931610635384,-0.6633509130266577,133765.0909090909,1096.0,533.0,563.0,1634046383.498429,0.0071229934692382,5.637784957885741
836,0,1,0,0,3,2,60,2211110130,94,64,80,17,59861,29483,0,0,0,0,15,2211110130,17,59861,11123,15645,94,1138,1130.0,782.25,-0.6257883634634145,-1.2953194893586228,178780.1875,1130.0,442.0,688.0,9278,60,1104,1096.0,773.1666666666666,-0.696830435310757,-1.1747532866263792,168854.97222222225,1096.0,408.0,688.0,1634046383.500742,0.0023128986358642,5.640097856521606
837,0,1,0,0,2,3,64,3232270721,98,47,84,17,29483,59861,0,0,0,0,15,2211110130,17,59861,11123,98,98,98,98.0,98.0,0.0,-3.0,0.0,98.0,98.0,0.0,9342,60,1104,1096.0,718.6153846153846,-0.4836052541030423,-1.495532333552058,191576.23668639053,1096.0,408.0,688.0,1634046383.506699,0.0059571266174316,5.646054983139037
838,0,1,0,0,2,3,52,3232270721,86,47,72,17,29483,59861,0,0,0,0,15,2211110130,17,59861,11123,184,86,98,92.0,92.0,0.0,-2.0,36.0,95.0,89.0,6.0,9394,52,1104,877.0,671.0,-0.3080017659185933,-1.6741692055612285,207366.14285714287,1096.0,150.0,946.0,1634046383.506754,5.4836273193359375e-05,5.646109819412231
839,0,1,0,0,3,2,1096,2211110130,1130,64,1116,17,59861,29483,0,0,0,0,15,2211110130,17,59861,11123,1314,86,1130,98.0,438.0,0.7067878735664246,-1.5,239456.0,614.0,92.0,522.0,10490,52,1104,1096.0,699.3333333333334,-0.4257834870659118,-1.5961476921880235,204780.62222222224,1096.0,236.0,860.0,1634046383.511394,0.0046401023864746,5.650749921798705
840,0,1,0,0,3,2,1096,2211110130,1130,64,1116,17,59861,29483,0,0,0,0,15,2211110130,17,59861,11123,2444,86,1130,614.0,611.0,-0.0002004543628876,-1.99973273198096,269379.0,1130.0,95.0,1035.0,11586,52,1104,1096.0,724.125,-0.5326277811777318,-1.499006172577287,201201.234375,1096.0,322.0,774.0,1634046383.511394,0.0,5.650749921798705
841,0,1,0,0,3,2,1096,2211110130,1130,64,1116,17,59861,29483,0,0,0,0,15,2211110130,17,59861,11123,3574,86,1130,1130.0,714.8,-0.4084187827350846,-1.832962121550324,258600.96,1130.0,98.0,1032.0,12682,52,1104,1096.0,746.0,-0.6307057789844797,-1.388000820677111,197022.11764705885,1096.0,408.0,688.0,1634046383.51202,0.0006260871887207,5.651376008987426
842,0,1,0,0,3,2,1096,2211110130,1130,64,1116,17,59861,29483,0,0,0,0,15,2211110130,17,59861,11123,4704,86,1130,1130.0,784.0,-0.7072662449855577,-1.4995489739164447,239444.0,1130.0,356.0,774.0,13778,52,1104,1096.0,765.4444444444445,-0.7215984130741452,-1.2666254201249258,192503.91358024688,1096.0,408.0,688.0,1634046383.51202,0.0,5.651376008987426
843,0,1,0,0,3,2,807,2211110130,841,64,827,17,59861,29483,0,0,0,0,15,2211110130,17,59861,11123,5545,86,1130,1130.0,792.1428571428571,-0.815311311901082,-1.1995783766678167,205635.55102040825,1130.0,469.5,660.5,14585,52,1104,1096.0,767.6315789473684,-0.7561596787703332,-1.15671890132831,182458.23268698057,1096.0,408.0,688.0,1634046383.518356,0.006335973739624,5.65771198272705
844,0,1,0,0,3,2,1116,2211110130,1150,64,1136,17,59861,29483,0,0,0,0,15,2211110130,17,59861,11123,6695,86,1150,1130.0,836.875,-1.0176072803595075,-0.8229106651217779,193937.859375,1130.0,655.25,474.75,15701,52,1116,1096.0,785.05,-0.834306724969385,-1.0324505615288804,179099.94749999995,1096.0,408.0,688.0,1634046383.531066,0.0127098560333251,5.670421838760375
845,0,1,0,0,2,3,56,3232270721,90,47,76,17,29483,59861,0,0,0,0,15,2211110130,17,59861,11123,6785,86,1150,1130.0,753.8888888888889,-0.6114418942445873,-1.5334472418573928,227482.7654320988,1130.0,98.0,1032.0,56,56,56,56.0,56.0,0.0,-3.0,0.0,56.0,56.0,0.0,1634046383.543039,0.0119731426239013,5.6823949813842765
846,0,1,0,0,2,3,60,3232270721,94,47,80,17,29483,59861,0,0,0,0,15,2211110130,17,59861,11123,6879,86,1150,985.5,687.9,-0.3309073930706608,-1.8176393716202803,243925.29,1130.0,95.0,1035.0,116,56,60,58.0,58.0,0.0,-2.0,4.0,59.0,57.0,2.0,1634046383.543093,5.3882598876953125e-05,5.682448863983153
847,0,1,0,0,3,2,56,2211110130,90,64,76,17,59861,29483,0,0,0,0,15,2211110130,17,59861,11123,6969,86,1150,841.0,633.5454545454545,-0.1153766613816686,-1.9239889424049703,251294.4297520661,1130.0,92.0,1038.0,172,56,60,56.0,57.333333333333336,0.7071067811865437,-1.5000000000000036,3.555555555555556,58.0,56.0,2.0,1634046383.550127,0.0070340633392333,5.689482927322387
848,0,1,0,0,3,2,408,2211110130,442,64,428,17,59861,29483,0,0,0,0,15,2211110130,17,59861,11123,7411,86,1150,641.5,617.5833333333334,-0.0243345841579284,-1.861932621164244,233155.90972222225,1130.0,93.0,1037.0,580,56,408,58.0,145.0,1.1543009638503072,-0.6669773680056985,23059.0,147.0,56.0,91.0,1634046383.552611,0.0024840831756591,5.691967010498046
849,0,1,0,0,2,3,60,3232270721,94,47,80,17,29483,59861,0,0,0,0,15,2211110130,17,59861,11123,7505,86,1150,442.0,577.3076923076923,0.1306306164857204,-1.8562508060583576,234686.3668639053,1130.0,94.0,1036.0,640,56,408,60.0,128.0,1.4993878900192996,0.2491838866660076,19603.2,60.0,56.0,4.0,1634046383.558784,0.0061728954315185,5.6981399059295645
850,0,1,0,0,3,2,1096,2211110130,1130,64,1116,17,59861,29483,0,0,0,0,15,2211110130,17,59861,11123,8635,86,1150,641.5,616.7857142857143,-0.0208219109118184,-1.88398835822526,238183.7397959184,1130.0,94.0,1036.0,1736,56,1096,60.0,289.3333333333333,1.4182436786765018,0.3796800982674915,146478.22222222225,321.0,57.0,264.0,1634046383.559002,0.0002179145812988,5.698357820510863
851,0,1,0,0,3,2,1096,2211110130,1130,64,1116,17,59861,29483,0,0,0,0,15,2211110130,17,59861,11123,9765,86,1150,841.0,651.0,-0.15253059243383,-1.868380519045025,238693.46666666667,1130.0,94.0,1036.0,2832,56,1096,60.0,404.57142857142856,0.7599294119284993,-1.253877141361201,205231.67346938772,752.0,58.0,694.0,1634046383.560234,0.0012321472167968,5.69958996772766
852,0,1,0,0,3,2,1096,2211110130,1130,64,1116,17,59861,29483,0,0,0,0,15,2211110130,17,59861,11123,10895,86,1150,985.5,680.9375,-0.2695140683174196,-1.8238268053241904,237218.93359375,1130.0,94.0,1036.0,3928,56,1096,234.0,491.0,0.379547805988191,-1.7384356643231318,231867.0,1096.0,59.0,1037.0,1634046383.561213,0.000978946685791,5.700568914413451
853,0,1,0,0,3,2,729,2211110130,763,64,749,17,59861,29483,0,0,0,0,15,2211110130,17,59861,11123,11658,86,1150,841.0,685.7647058823529,-0.3074307873481758,-1.7424985811217977,223637.70934256053,1130.0,94.0,1036.0,4657,56,1096,408.0,517.4444444444445,0.2294841707708796,-1.719395409335604,211698.4691358025,1096.0,60.0,1036.0,1634046383.561213,0.0,5.700568914413451
854,0,1,0,0,2,3,60,3232270721,94,47,80,17,29483,59861,0,0,0,0,15,2211110130,17,59861,11123,11752,86,1150,802.0,652.8888888888889,-0.1776314039735917,-1.8208858877703489,229587.3209876543,1130.0,94.0,1036.0,4717,56,1096,234.0,471.7,0.4110025812422635,-1.6173948167475536,209361.61,1004.25,60.0,944.25,1634046383.574739,0.0135259628295898,5.714094877243041
855,0,1,0,0,3,2,408,2211110130,442,64,428,17,59861,29483,0,0,0,0,15,2211110130,17,59861,11123,12194,86,1150,763.0,641.7894736842105,-0.1134856133373635,-1.7923326120018168,219721.32409972305,1130.0,94.0,1036.0,5125,56,1096,408.0,465.9090909090909,0.4694327825119697,-1.4605909892557754,190664.08264462807,912.5,60.0,852.5,1634046383.580157,0.005418062210083,5.719512939453124
856,0,1,0,0,2,3,32,3232270721,66,47,52,17,29483,59861,0,0,0,0,15,2211110130,17,59861,11123,12260,66,1150,602.5,613.0,-0.0116246617086153,-1.8168067036965123,224483.1,1130.0,94.0,1036.0,5157,32,1096,234.0,429.75,0.6027039121196414,-1.3248381166306362,189157.6875,820.75,59.0,761.75,1634046383.580958,0.0008008480072021,5.720313787460326
857,0,1,0,0,3,2,1096,2211110130,1130,64,1116,17,59861,29483,0,0,0,0,15,2211110130,17,59861,11123,1130,1130,1130,1130.0,1130.0,0.0,-3.0,0.0,1130.0,1130.0,0.0,6253,32,1096,408.0,481.0,0.3920839448888294,-1.5947245232138492,206125.84615384616,1096.0,60.0,1036.0,1634046383.601132,0.0201740264892578,5.740487813949584
858,0,1,0,0,3,2,1096,2211110130,1130,64,1116,17,59861,29483,0,0,0,0,15,2211110130,17,59861,11123,2260,1130,1130,1130.0,1130.0,0.0,-3.0,0.0,1130.0,1130.0,0.0,7349,32,1096,408.0,524.9285714285714,0.2191192082166669,-1.7353289334121178,216488.9234693877,1096.0,60.0,1036.0,1634046383.601132,0.0,5.740487813949584
859,0,1,0,0,3,2,1096,2211110130,1130,64,1116,17,59861,29483,0,0,0,0,15,2211110130,17,59861,11123,3390,1130,1130,1130.0,1130.0,0.0,-3.0,0.0,1130.0,1130.0,0.0,8445,32,1096,408.0,563.0,0.0721590605710686,-1.8000734365127284,222348.4,1096.0,60.0,1036.0,1634046383.601943,0.0008111000061035,5.741298913955688
860,0,1,0,0,3,2,1096,2211110130,1130,64,1116,17,59861,29483,0,0,0,0,15,2211110130,17,59861,11123,4520,1130,1130,1130.0,1130.0,0.0,-3.0,0.0,1130.0,1130.0,0.0,9541,32,1096,568.5,596.3125,-0.0559589539404592,-1.816714414246992,225097.46484375,1096.0,60.0,1036.0,1634046383.601943,0.0,5.741298913955688
861,0,1,0,0,3,2,765,2211110130,799,64,785,17,59861,29483,0,0,0,0,15,2211110130,17,59861,11123,5319,799,1130,1130.0,1063.8,-1.499999999999999,0.2499999999999977,17529.760000000002,1130.0,1130.0,0.0,10306,32,1096,729.0,606.2352941176471,-0.1186255953416571,-1.752781504927184,213431.82698961932,1096.0,60.0,1036.0,1634046383.601943,0.0,5.741298913955688
862,0,1,0,0,3,2,1096,2211110130,1130,64,1116,17,59861,29483,0,0,0,0,15,2211110130,17,59861,11123,6449,799,1130,1130.0,1074.8333333333333,-1.78885438199983,1.1999999999999955,15216.805555555557,1130.0,1130.0,0.0,11402,32,1096,747.0,633.4444444444445,-0.2222005972938247,-1.7288718383669095,214160.24691358025,1096.0,60.0,1036.0,1634046383.604083,0.0021400451660156,5.743438959121703
863,0,1,0,0,3,2,1096,2211110130,1130,64,1116,17,59861,29483,0,0,0,0,15,2211110130,17,59861,11123,7579,799,1130,1130.0,1082.7142857142858,-2.0412414523193174,2.166666666666673,13415.632653061222,1130.0,1130.0,0.0,12498,32,1096,765.0,657.7894736842105,-0.3168077680958746,-1.6860304915876223,213556.9030470914,1096.0,60.0,1036.0,1634046383.604083,0.0,5.743438959121703
864,0,1,0,0,3,2,1096,2211110130,1130,64,1116,17,59861,29483,0,0,0,0,15,2211110130,17,59861,11123,8709,799,1130,1130.0,1088.625,-2.2677868380553634,3.1428571428571432,11983.234375,1130.0,1130.0,0.0,13594,32,1096,930.5,679.7,-0.4040518850535829,-1.6289914322030574,212000.41,1096.0,60.0,1036.0,1634046383.604539,0.0004558563232421,5.743894815444945
865,0,1,0,0,3,2,1096,2211110130,1130,64,1116,17,59861,29483,0,0,0,0,15,2211110130,17,59861,11123,9839,799,1130,1130.0,1093.2222222222222,-2.474873734152914,4.124999999999993,10820.83950617284,1130.0,1130.0,0.0,1096,1096,1096,1096.0,1096.0,0.0,-3.0,0.0,1096.0,1096.0,0.0,1634046383.604539,0.0,5.743894815444945
866,0,1,0,0,3,2,509,2211110130,543,64,529,17,59861,29483,0,0,0,0,15,2211110130,17,59861,11123,10382,543,1130,1130.0,1038.2,-1.8126247423075144,1.676808114063956,36985.76,1130.0,1130.0,0.0,1605,509,1096,802.5,802.5,0.0,-2.0,86142.25,949.25,655.75,293.5,1634046383.604539,0.0,5.743894815444945
867,0,1,0,0,3,2,60,2211110130,94,64,80,17,59861,29483,0,0,0,0,15,2211110130,17,59861,11123,10476,94,1130,1130.0,952.3636363636364,-1.7064951845037195,1.575218768571073,107302.23140495869,1130.0,964.5,165.5,1665,60,1096,509.0,555.0,0.1613861673532517,-1.5,179940.66666666666,802.5,284.5,518.0,1634046383.616103,0.011564016342163,5.7554588317871085
868,0,1,0,0,3,2,408,2211110130,442,64,428,17,59861,29483,0,0,0,0,15,2211110130,17,59861,11123,10918,94,1130,1130.0,909.8333333333334,-1.251517651460175,0.1460384100699228,118257.47222222223,1130.0,735.0,395.0,2073,60,1096,458.5,518.25,0.459605659886154,-0.9860270454709849,139007.1875,655.75,321.0,334.75,1634046383.616103,0.0,5.7554588317871085
869,0,1,0,0,2,3,60,3232270721,94,47,80,17,29483,59861,0,0,0,0,15,2211110130,17,59861,11123,11012,94,1130,1130.0,847.0769230769231,-0.9545619921293492,-0.7049728094324892,156421.1479289941,1130.0,543.0,587.0,2133,60,1096,408.0,426.6,0.7330658226248249,-0.7398267399187786,144804.64,509.0,60.0,449.0,1634046383.621436,0.0053331851959228,5.760792016983031
870,0,1,0,0,3,2,1096,2211110130,1130,64,1116,17,59861,29483,0,0,0,0,15,2211110130,17,59861,11123,12142,94,1130,1130.0,867.2857142857143,-1.0673608757733657,-0.4734002108757171,150557.34693877553,1130.0,607.0,523.0,3229,60,1096,458.5,538.1666666666666,0.2690579059659525,-1.512878110529935,182906.13888888888,949.25,147.0,802.25,1634046383.647568,0.0261318683624267,5.786923885345458
871,0,1,0,0,3,2,1096,2211110130,1130,64,1116,17,59861,29483,0,0,0,0,15,2211110130,17,59861,11123,13272,94,1130,1130.0,884.8,-1.1722789556359383,-0.2328632616352517,144814.69333333333,1130.0,671.0,459.0,4325,60,1096,509.0,617.8571428571429,-0.0494967885206267,-1.6737576247314212,194880.1224489796,1096.0,234.0,862.0,1634046383.647568,0.0,5.786923885345458
872,0,1,0,0,3,2,1096,2211110130,1130,64,1116,17,59861,29483,0,0,0,0,15,2211110130,17,59861,11123,14402,94,1130,1130.0,900.125,-1.2706159494300044,0.0144206919460159,139286.609375,1130.0,735.0,395.0,5421,60,1096,802.5,677.625,-0.2930175280952319,-1.627817668835254,195525.484375,1096.0,321.0,775.0,1634046383.648301,0.0007328987121582,5.787656784057616
873,0,1,0,0,3,2,1116,2211110130,1150,64,1136,17,59861,29483,0,0,0,0,15,2211110130,17,59861,11123,15552,94,1150,1130.0,914.8235294117648,-1.361257057886493,0.261586340325318,134550.0276816609,1130.0,799.0,331.0,6537,60,1116,1096.0,726.3333333333334,-0.4896295495704013,-1.49161004086825,192780.44444444444,1096.0,408.0,688.0,1634046383.650107,0.0018060207366943,5.789462804794311
874,0,1,0,0,3,2,1096,2211110130,1130,64,1116,17,59861,29483,0,0,0,0,15,2211110130,17,59861,11123,16682,94,1150,1130.0,926.7777777777778,-1.4493089807398958,0.5181482614639901,129504.39506172838,1130.0,881.75,248.25,7633,60,1116,1096.0,763.3,-0.6605637731690466,-1.3020356236580486,185801.21,1096.0,433.25,662.75,1634046383.650107,0.0,5.789462804794311
875,0,1,0,0,3,2,446,2211110130,480,64,466,17,59861,29483,0,0,0,0,15,2211110130,17,59861,11123,17162,94,1150,1130.0,903.2631578947368,-1.2278109050439017,-0.0457283460005832,132641.24653739613,1130.0,671.0,459.0,8079,60,1116,1096.0,734.4545454545455,-0.4776398311245185,-1.4332599413219054,177230.79338842977,1096.0,427.0,669.0,1634046383.650107,0.0,5.789462804794311
876,0,1,0,0,3,2,408,2211110130,442,64,428,17,59861,29483,0,0,0,0,15,2211110130,17,59861,11123,17604,94,1150,1130.0,880.2,-1.031981570733094,-0.4942247143729648,136115.46000000002,1130.0,527.25,602.75,8487,60,1116,802.5,707.25,-0.3068652899597524,-1.5244303197996676,170602.52083333334,1096.0,408.0,688.0,1634046383.660174,0.0100669860839843,5.799529790878295
877,0,1,0,0,2,3,60,3232270721,94,47,80,17,29483,59861,0,0,0,0,15,2211110130,17,59861,11123,94,94,94,94.0,94.0,0.0,-3.0,0.0,94.0,94.0,0.0,8547,60,1116,509.0,657.4615384615385,-0.1571331851601847,-1.6358716640233308,187225.9408284024,1096.0,408.0,688.0,1634046383.664968,0.0047941207885742,5.804323911666869
878,0,1,0,0,3,2,1104,2211110130,1138,64,1124,17,59861,29483,0,0,0,0,15,2211110130,17,59861,11123,1232,94,1138,616.0,616.0,0.0,-2.0,272484.0,877.0,355.0,522.0,9651,60,1116,802.5,689.3571428571429,-0.2891133553793463,-1.5975368273707362,187077.94387755104,1096.0,408.0,688.0,1634046383.671717,0.0067489147186279,5.811072826385497
879,0,1,0,0,3,2,1096,2211110130,1130,64,1116,17,59861,29483,0,0,0,0,15,2211110130,17,59861,11123,2362,94,1138,1130.0,787.3333333333334,-0.7069655779110005,-1.4999999999999998,240366.22222222225,1134.0,612.0,522.0,10747,60,1116,1096.0,716.4666666666667,-0.4076366165072237,-1.5276866912785478,184895.04888888888,1096.0,408.0,688.0,1634046383.671717,0.0,5.811072826385497
880,0,1,0,0,3,2,1096,2211110130,1130,64,1116,17,59861,29483,0,0,0,0,15,2211110130,17,59861,11123,3492,94,1138,1130.0,873.0,-1.154517569640643,-0.6668065497241153,202291.0,1132.0,871.0,261.0,11843,60,1116,1096.0,740.1875,-0.515020521067681,-1.4367042580454812,181779.27734375,1096.0,408.0,688.0,1634046383.671717,0.0,5.811072826385497
881,0,1,0,0,3,2,1096,2211110130,1130,64,1116,17,59861,29483,0,0,0,0,15,2211110130,17,59861,11123,4622,94,1138,1130.0,924.4,-1.4997906516974402,0.2497226660843758,172400.63999999996,1130.0,1130.0,0.0,12939,60,1116,1096.0,761.1176470588235,-0.6134954438654324,-1.330498082267141,178095.51557093425,1096.0,408.0,688.0,1634046383.67247,0.0007531642913818,5.811825990676879
882,0,1,0,0,3,2,393,2211110130,427,64,413,17,59861,29483,0,0,0,0,15,2211110130,17,59861,11123,5049,94,1138,1130.0,841.5,-0.8670545573963012,-1.0530812326181334,178029.25,1130.0,602.75,527.25,13332,60,1116,1096.0,740.6666666666666,-0.4843762495674643,-1.4485320807898736,175311.44444444444,1096.0,408.0,688.0,1634046383.67247,0.0,5.811825990676879
883,0,1,0,0,2,3,52,3232270721,86,48,72,17,10001,59861,0,0,0,0,15,2211110130,17,59861,11123,5135,86,1138,1130.0,733.5714285714286,-0.4205448862990723,-1.693078914059029,222487.95918367343,1130.0,260.5,869.5,13384,52,1116,1096.0,704.421052631579,-0.3653620916804611,-1.5794723768997232,189731.9279778393,1096.0,400.5,695.5,1634046383.67384,0.0013699531555175,5.813195943832397
884,0,1,0,0,2,3,60,3232270721,94,47,80,17,29483,59861,0,0,0,0,15,2211110130,17,59861,11123,5229,86,1138,778.5,653.625,-0.1142731122525201,-1.8831326960628176,239416.984375,1130.0,94.0,1036.0,13444,52,1116,802.5,672.2,-0.2538780379911599,-1.673873958603186,199971.06,1096.0,309.75,786.25,1634046383.683254,0.0094139575958251,5.822609901428222
885,0,1,0,0,2,3,60,3232270721,94,47,80,17,29483,59861,0,0,0,0,15,2211110130,17,59861,11123,5323,86,1138,427.0,591.4444444444445,0.1191315148292403,-1.894163751986648,243746.46913580244,1130.0,94.0,1036.0,60,60,60,60.0,60.0,0.0,-3.0,0.0,60.0,60.0,0.0,1634046383.703439,0.0201849937438964,5.842794895172118
886,0,1,0,0,3,2,408,2211110130,442,64,428,17,59861,29483,0,0,0,0,15,2211110130,17,59861,11123,5765,86,1138,434.5,576.5,0.2159832885073103,-1.771099711965819,221381.85,1130.0,94.0,1036.0,468,60,408,234.0,234.0,0.0,-2.0,30276.0,321.0,147.0,174.0,1634046383.705714,0.0022749900817871,5.845069885253905
887,0,1,0,0,3,2,1096,2211110130,1130,64,1116,17,59861,29483,0,0,0,0,15,2211110130,17,59861,11123,6895,86,1138,442.0,626.8181818181819,0.0142589217154148,-1.840441544679462,226575.4214876033,1130.0,94.0,1036.0,1564,60,1096,408.0,521.3333333333334,0.3766675336035382,-1.5000000000000004,185304.8888888889,752.0,234.0,518.0,1634046383.714782,0.0090680122375488,5.854137897491454
888,0,1,0,0,3,2,1096,2211110130,1130,64,1116,17,59861,29483,0,0,0,0,15,2211110130,17,59861,11123,8025,86,1138,786.0,668.75,-0.1535175668213814,-1.830218052271693,227035.1875,1130.0,94.0,1036.0,2660,60,1096,752.0,665.0,-0.2173703793443629,-1.715628269693377,200899.0,1096.0,321.0,775.0,1634046383.714782,0.0,5.854137897491454
889,0,1,0,0,3,2,1096,2211110130,1130,64,1116,17,59861,29483,0,0,0,0,15,2211110130,17,59861,11123,9155,86,1138,1130.0,704.2307692307693,-0.2980449139195961,-1.772858141865803,224677.5621301776,1130.0,94.0,1036.0,3756,60,1096,1096.0,751.2,-0.5960310217014525,-1.4309581812273606,190440.96,1096.0,408.0,688.0,1634046383.717012,0.0022299289703369,5.856367826461791
890,0,1,0,0,3,2,1008,2211110130,1042,64,1028,17,59861,29483,0,0,0,0,15,2211110130,17,59861,11123,10197,86,1138,1086.0,728.3571428571429,-0.4216227066939915,-1.6781153592180476,216196.2295918367,1130.0,177.25,952.75,4764,60,1096,1052.0,794.0,-0.873709689494159,-0.9918026296899471,167860.0,1096.0,558.0,538.0,1634046383.717012,0.0,5.856367826461791
891,0,1,0,0,3,2,60,2211110130,94,64,80,17,59861,29483,0,0,0,0,15,2211110130,17,59861,11123,10291,86,1138,1042.0,686.0666666666667,-0.2566338707146186,-1.80781933853002,226821.92888888888,1130.0,94.0,1036.0,4824,60,1096,1008.0,689.1428571428571,-0.424739650003149,-1.6630237322312726,209850.1224489796,1096.0,234.0,862.0,1634046383.723315,0.006303071975708,5.862670898437499
892,0,1,0,0,2,3,52,3232270721,86,47,72,17,29483,59861,0,0,0,0,15,2211110130,17,59861,11123,10377,86,1138,742.0,648.5625,-0.1163012561344862,-1.8714570644541044,233743.99609375,1130.0,94.0,1036.0,4876,52,1096,708.0,609.5,-0.1200589789336975,-1.860734778107889,228019.75,1096.0,60.0,1036.0,1634046383.723554,0.0002388954162597,5.862909793853759
893,0,1,0,0,3,2,56,2211110130,90,64,76,17,59861,29483,0,0,0,0,15,2211110130,17,59861,11123,10467,86,1138,442.0,615.7058823529412,0.0069390445522465,-1.8928909935431608,237267.26643598612,1130.0,94.0,1036.0,4932,52,1096,408.0,548.0,0.1134003586012656,-1.8773617265429647,232942.22222222225,1096.0,60.0,1036.0,1634046383.734604,0.0110499858856201,5.873959779739379
894,0,1,0,0,3,2,408,2211110130,442,64,428,17,59861,29483,0,0,0,0,15,2211110130,17,59861,11123,10909,86,1138,442.0,606.0555555555555,0.0653008824505762,-1.8403337505373665,225668.9413580247,1130.0,94.0,1036.0,5340,52,1096,408.0,534.0,0.2065918256164006,-1.7528957040001647,211412.0,1074.0,60.0,1014.0,1634046383.735186,0.000582218170166,5.874541997909545
895,0,1,0,0,2,3,60,3232270721,94,47,80,17,29483,59861,0,0,0,0,15,2211110130,17,59861,11123,11003,86,1138,442.0,579.1052631578947,0.165907716568419,-1.8242920243620817,226865.3573407202,1130.0,94.0,1036.0,5400,52,1096,408.0,490.9090909090909,0.3710358209773972,-1.6695780278067516,210760.9917355372,1052.0,60.0,992.0,1634046383.739186,0.0039999485015869,5.878541946411132
896,0,1,0,0,3,2,1096,2211110130,1130,64,1116,17,59861,29483,0,0,0,0,15,2211110130,17,59861,11123,12133,86,1138,442.0,606.65,0.0577628841927451,-1.85870483396314,229937.62750000003,1130.0,94.0,1036.0,6496,52,1096,408.0,541.3333333333334,0.1710044321017914,-1.806568456602724,221166.22222222225,1096.0,60.0,1036.0,1634046383.754475,0.0152890682220458,5.893831014633178
897,0,1,0,0,3,2,1096,2211110130,1130,64,1116,17,59861,29483,0,0,0,0,15,2211110130,17,59861,11123,1130,1130,1130,1130.0,1130.0,0.0,-3.0,0.0,1130.0,1130.0,0.0,7592,52,1096,408.0,584.0,0.0050189237568909,-1.8526251086456085,225998.7692307692,1096.0,60.0,1036.0,1634046383.755074,0.0005989074707031,5.894429922103881
898,0,1,0,0,3,2,1096,2211110130,1130,64,1116,17,59861,29483,0,0,0,0,15,2211110130,17,59861,11123,2260,1130,1130,1130.0,1130.0,0.0,-3.0,0.0,1130.0,1130.0,0.0,8688,52,1096,708.0,620.5714285714286,-0.137482446832149,-1.844321506429122,227243.10204081627,1096.0,60.0,1036.0,1634046383.755074,0.0,5.894429922103881
899,0,1,0,0,2,3,60,3232270721,94,47,80,17,29483,59861,0,0,0,0,15,2211110130,17,59861,11123,2354,94,1130,1130.0,784.6666666666666,-0.7071067811865472,-1.5000000000000004,238510.22222222225,1130.0,612.0,518.0,8748,52,1096,408.0,583.2,0.0034018420200755,-1.8744550971366003,231646.2933333333,1096.0,60.0,1036.0,1634046383.75609,0.0010159015655517,5.895445823669433
900,0,1,0,0,3,2,891,2211110130,925,64,911,17,59861,29483,0,0,0,0,15,2211110130,17,59861,11123,3279,94,1130,1027.5,819.75,-1.029870154383377,-0.7794285903616731,182575.1875,1130.0,717.25,412.75,9639,52,1096,649.5,602.4375,-0.1016348151533778,-1.8406126012361568,222719.62109375,1096.0,60.0,1036.0,1634046383.756149,5.91278076171875e-05,5.89550495147705
901,0,1,0,0,2,3,56,3232270721,90,47,76,17,29483,59861,0,0,0,0,15,2211110130,17,59861,11123,3369,90,1130,925.0,673.8,-0.3383400554206112,-1.804210100291304,231265.75999999995,1130.0,94.0,1036.0,9695,52,1096,408.0,570.2941176470588,0.020351733803409,-1.8610445034926075,226149.6193771626,1096.0,60.0,1036.0,1634046383.775013,0.0188639163970947,5.914368867874145
902,0,1,0,0,2,3,60,3232270721,94,47,80,17,29483,59861,0,0,0,0,15,2211110130,17,59861,11123,3463,90,1130,509.5,577.1666666666666,0.05519199730795,-1.933505597643559,239411.47222222225,1078.75,94.0,984.75,9755,52,1096,408.0,541.9444444444445,0.129556408943248,-1.8521666043302556,227248.71913580247,1096.0,60.0,1036.0,1634046383.775069,5.602836608886719e-05,5.9144248962402335
903,0,1,0,0,3,2,408,2211110130,442,64,428,17,59861,29483,0,0,0,0,15,2211110130,17,59861,11123,3905,90,1130,442.0,557.8571428571429,0.18218083375535,-1.7612330074316147,207446.97959183672,1027.5,94.0,933.5,10163,52,1096,408.0,534.8947368421053,0.1765128068007541,-1.7887162756467148,216182.83102493075,1096.0,60.0,1036.0,1634046383.778911,0.0038421154022216,5.918267011642455
904,0,1,0,0,2,3,60,3232270721,94,47,80,17,29483,59861,0,0,0,0,15,2211110130,17,59861,11123,3999,90,1130,268.0,499.875,0.4140869712261842,-1.6395047788205497,205049.609375,976.25,94.0,882.25,10223,52,1096,408.0,511.15,0.2678624893117836,-1.7547187497548231,216086.1275,1096.0,60.0,1036.0,1634046383.791986,0.0130748748779296,5.931341886520385
905,0,1,0,0,3,2,1096,2211110130,1130,64,1116,17,59861,29483,0,0,0,0,15,2211110130,17,59861,11123,5129,90,1130,442.0,569.8888888888889,0.1449860700481804,-1.825924746413815,221481.87654320983,1130.0,94.0,1036.0,1096,1096,1096,1096.0,1096.0,0.0,-3.0,0.0,1096.0,1096.0,0.0,1634046383.796893,0.0049068927764892,5.936248779296874
906,0,1,0,0,3,2,1116,2211110130,1150,64,1136,17,59861,29483,0,0,0,0,15,2211110130,17,59861,11123,6279,90,1150,683.5,627.9,-0.0639215475204114,-1.8593191203058503,229621.29000000004,1130.0,94.0,1036.0,2212,1096,1116,1106.0,1106.0,0.0,-2.0,100.0,1111.0,1101.0,10.0,1634046383.798641,0.0017480850219726,5.937996864318847
907,0,1,0,0,3,2,1096,2211110130,1130,64,1116,17,59861,29483,0,0,0,0,15,2211110130,17,59861,11123,7409,90,1150,925.0,673.5454545454545,-0.2401724017475528,-1.8160533635889289,229581.70247933883,1130.0,94.0,1036.0,3308,1096,1116,1096.0,1102.6666666666667,0.7071067811865236,-1.5000000000000222,88.88888888888887,1106.0,1096.0,10.0,1634046383.798641,0.0,5.937996864318847
908,0,1,0,0,3,2,1096,2211110130,1130,64,1116,17,59861,29483,0,0,0,0,15,2211110130,17,59861,11123,8539,90,1150,1027.5,711.5833333333334,-0.3916374023939359,-1.7262085432244203,226365.57638888888,1130.0,94.0,1036.0,4404,1096,1116,1096.0,1101.0,1.1547005383792517,-0.6666666666666665,75.0,1101.0,1096.0,5.0,1634046383.799162,0.0005209445953369,5.938517808914184
909,0,1,0,0,3,2,1096,2211110130,1130,64,1116,17,59861,29483,0,0,0,0,15,2211110130,17,59861,11123,9669,90,1150,1130.0,743.7692307692307,-0.5252232653227128,-1.6069601871244454,221384.023668639,1130.0,94.0,1036.0,5500,1096,1116,1096.0,1100.0,1.5,0.25,64.0,1096.0,1096.0,0.0,1634046383.799162,0.0,5.938517808914184
910,0,1,0,0,3,2,1096,2211110130,1130,64,1116,17,59861,29483,0,0,0,0,15,2211110130,17,59861,11123,10799,90,1150,1130.0,771.3571428571429,-0.6453032651813501,-1.4679770876102725,215465.08673469396,1130.0,181.0,949.0,6596,1096,1116,1096.0,1099.3333333333333,1.7888543819998608,1.2000000000000697,55.55555555555558,1096.0,1096.0,0.0,1634046383.80006,0.0008981227874755,5.939415931701659
911,0,1,0,0,3,2,879,2211110130,913,64,899,17,59861,29483,0,0,0,0,15,2211110130,17,59861,11123,11712,90,1150,1130.0,780.8,-0.7226844873185807,-1.3200441046711204,202349.09333333332,1130.0,268.0,862.0,7475,879,1116,1096.0,1067.857142857143,-2.005894366726632,2.095294191072078,5992.122448979592,1096.0,1096.0,0.0,1634046383.80006,0.0,5.939415931701659
912,0,1,0,0,2,3,60,3232270721,94,47,80,17,29483,59861,0,0,0,0,15,2211110130,17,59861,11123,11806,90,1150,1027.5,737.875,-0.5314652090299524,-1.5871085274312329,217340.609375,1130.0,94.0,1036.0,7535,60,1116,1096.0,941.875,-2.0868081097884734,2.620072798653859,116343.609375,1096.0,1041.75,54.25,1634046383.812414,0.0123538970947265,5.951769828796386
913,0,1,0,0,3,2,1096,2211110130,1130,64,1116,17,59861,29483,0,0,0,0,15,2211110130,17,59861,11123,12936,90,1150,1130.0,760.9411764705883,-0.6292964723196522,-1.4749303772268094,213068.6435986159,1130.0,94.0,1036.0,8631,60,1116,1096.0,959.0,-2.2864478067511222,3.515745785821898,105762.66666666669,1096.0,1096.0,0.0,1634046383.821568,0.0091540813446044,5.96092391014099
914,0,1,0,0,3,2,1096,2211110130,1130,64,1116,17,59861,29483,0,0,0,0,15,2211110130,17,59861,11123,14066,90,1150,1130.0,781.4444444444445,-0.7199946544222556,-1.353098630814202,208378.024691358,1130.0,181.0,949.0,9727,60,1116,1096.0,972.7,-2.470971748440527,4.416619568085244,96875.61000000002,1096.0,1096.0,0.0,1634046383.821568,0.0,5.96092391014099
915,0,1,0,0,3,2,1096,2211110130,1130,64,1116,17,59861,29483,0,0,0,0,15,2211110130,17,59861,11123,15196,90,1150,1130.0,799.7894736842105,-0.8047286301261016,-1.2238255017794937,203468.4819944599,1130.0,268.0,862.0,10823,60,1116,1096.0,983.9090909090908,-2.643273659424945,5.321119373158856,89325.17355371901,1096.0,1096.0,0.0,1634046383.822144,0.0005760192871093,5.9614999294281
916,0,1,0,0,3,2,1073,2211110130,1107,64,1093,17,59861,29483,0,0,0,0,15,2211110130,17,59861,11123,16303,90,1150,1130.0,815.15,-0.8849001658911655,-1.087657194212584,197778.0275,1130.0,355.0,775.0,11896,60,1116,1096.0,991.3333333333334,-2.805505340940203,6.231477520836995,82487.72222222223,1096.0,1090.25,5.75,1634046383.822144,0.0,5.9614999294281
917,0,1,0,0,2,3,60,3232270721,94,47,80,17,29483,59861,0,0,0,0,15,2211110130,17,59861,11123,94,94,94,94.0,94.0,0.0,-3.0,0.0,94.0,94.0,0.0,11956,60,1116,1096.0,919.6923076923076,-1.829652814938162,1.4694844980121564,137731.75147928996,1096.0,1073.0,23.0,1634046383.825841,0.0036969184875488,5.9651968479156485
918,0,1,0,0,3,2,96,2211110130,130,64,116,17,59861,29483,0,0,0,0,15,2211110130,17,59861,11123,224,94,130,112.0,112.0,0.0,-2.0,324.0,121.0,103.0,18.0,12052,60,1116,1096.0,860.8571428571429,-1.3359286993580637,-0.1429216317513533,172894.26530612243,1096.0,927.5,168.5,1634046383.827051,0.0012099742889404,5.966406822204589
919,0,1,0,0,3,2,408,2211110130,442,64,428,17,59861,29483,0,0,0,0,15,2211110130,17,59861,11123,666,94,442,130.0,222.0,0.6790608666706782,-1.5,24416.0,286.0,112.0,174.0,12460,60,1116,1096.0,830.6666666666666,-1.101416072646156,-0.6287698827151345,174128.48888888888,1096.0,643.5,452.5,1634046383.828793,0.0017421245574951,5.968148946762084
920,0,1,0,0,3,2,60,2211110130,94,64,80,17,59861,29483,0,0,0,0,15,2211110130,17,59861,11123,760,94,442,112.0,190.0,1.1206713522158778,-0.6952691902186854,21384.0,208.0,94.0,114.0,12520,60,1116,1096.0,782.5,-0.8499093853478209,-1.1577658525921954,198045.875,1096.0,330.0,766.0,1634046383.853267,0.0244739055633544,5.992622852325439
921,0,1,0,0,3,2,1096,2211110130,1130,64,1116,17,59861,29483,0,0,0,0,15,2211110130,17,59861,11123,1890,94,1130,130.0,378.0,1.1553131556646672,-0.319695160307496,158483.2,442.0,94.0,348.0,13616,60,1116,1096.0,800.9411764705883,-0.943874840092919,-0.9883253864936128,191837.34948096887,1096.0,408.0,688.0,1634046383.859502,0.006235122680664,5.998857975006103
922,0,1,0,0,3,2,1096,2211110130,1130,64,1116,17,59861,29483,0,0,0,0,15,2211110130,17,59861,11123,3020,94,1130,286.0,503.3333333333333,0.5220679384052156,-1.5570450428962506,210611.5555555556,958.0,103.0,855.0,14712,60,1116,1096.0,817.3333333333334,-1.031964049500957,-0.8129442604228725,185747.66666666663,1096.0,525.75,570.25,1634046383.860413,0.000910997390747,5.99976897239685
923,0,1,0,0,3,2,1096,2211110130,1130,64,1116,17,59861,29483,0,0,0,0,15,2211110130,17,59861,11123,4150,94,1130,442.0,592.8571428571429,0.1490558043445415,-1.8519300012850088,228611.26530612243,1130.0,112.0,1018.0,15808,60,1116,1096.0,832.0,-1.115049034731641,-0.632887420381075,179843.47368421053,1096.0,643.5,452.5,1634046383.860413,0.0,5.99976897239685
924,0,1,0,0,3,2,563,2211110130,597,64,583,17,59861,29483,0,0,0,0,15,2211110130,17,59861,11123,4747,94,1130,519.5,593.375,0.1558716399154038,-1.68867457905772,200036.734375,1130.0,121.0,1009.0,16371,60,1116,1096.0,818.55,-1.027032654783492,-0.7355737453528493,174288.44749999995,1096.0,524.25,571.75,1634046383.861091,0.0006778240203857,6.000446796417235
925,0,1,0,0,2,3,60,3232270721,94,47,80,17,29483,59861,0,0,0,0,15,2211110130,17,59861,11123,4841,94,1130,442.0,537.8888888888889,0.3560178126618945,-1.609145953216893,202440.09876543208,1130.0,94.0,1036.0,60,60,60,60.0,60.0,0.0,-3.0,0.0,60.0,60.0,0.0,1634046383.861517,0.0004260540008544,6.00087285041809
926,0,1,0,0,2,3,60,3232270721,94,47,80,17,29483,59861,0,0,0,0,15,2211110130,17,59861,11123,4935,94,1130,286.0,493.5,0.5274330696840457,-1.4692550064049783,199929.45,996.75,94.0,902.75,120,60,60,60.0,60.0,0.0,-3.0,0.0,60.0,60.0,0.0,1634046383.87936,0.0178430080413818,6.018715858459472
927,0,1,0,0,3,2,416,2211110130,450,64,436,17,59861,29483,0,0,0,0,15,2211110130,17,59861,11123,5385,94,1130,442.0,489.54545454545456,0.58018328176063,-1.298062765594522,181910.42975206612,863.5,94.0,769.5,536,60,416,60.0,178.66666666666666,0.7071067811865475,-1.5000000000000002,28163.55555555556,238.0,60.0,178.0,1634046383.881419,0.002058982849121,6.020774841308593
928,0,1,0,0,3,2,1096,2211110130,1130,64,1116,17,59861,29483,0,0,0,0,15,2211110130,17,59861,11123,6515,94,1130,446.0,542.9166666666666,0.3548858763237063,-1.5836481945526446,198084.57638888888,1130.0,94.0,1036.0,1632,60,1096,238.0,408.0,0.7974404491234232,-1.0208255659037035,178904.0,586.0,60.0,526.0,1634046383.897145,0.015726089477539,6.036500930786132
929,0,1,0,0,3,2,1096,2211110130,1130,64,1116,17,59861,29483,0,0,0,0,15,2211110130,17,59861,11123,7645,94,1130,450.0,588.0769230769231,0.1723075816549121,-1.7213685933807157,207320.6863905326,1130.0,94.0,1036.0,2728,60,1096,416.0,545.6,0.1997983086729116,-1.7680817965558475,218858.24,1096.0,60.0,1036.0,1634046383.897145,0.0,6.036500930786132
930,0,1,0,0,2,3,60,3232270721,94,47,80,17,29483,59861,0,0,0,0,15,2211110130,17,59861,11123,7739,94,1130,446.0,552.7857142857143,0.3002685594441634,-1.6737129081416735,208703.16836734692,1130.0,94.0,1036.0,2788,60,1096,238.0,464.6666666666667,0.5083688150849753,-1.566086490110936,215132.88888888885,926.0,60.0,866.0,1634046383.897569,0.0004239082336425,6.0369248390197745
931,0,1,0,0,3,2,1096,2211110130,1130,64,1116,17,59861,29483,0,0,0,0,15,2211110130,17,59861,11123,8869,94,1130,450.0,591.2666666666667,0.1459603922131207,-1.76954958921119,215520.5955555556,1130.0,94.0,1036.0,3884,60,1096,416.0,554.8571428571429,0.1384871311357499,-1.8506938192991371,233205.5510204082,1096.0,60.0,1036.0,1634046383.897649,8.0108642578125e-05,6.037004947662353
932,0,1,0,0,3,2,1096,2211110130,1130,64,1116,17,59861,29483,0,0,0,0,15,2211110130,17,59861,11123,9999,94,1130,523.5,624.9375,0.0126595327382936,-1.8083998744361056,219056.43359375,1130.0,94.0,1036.0,4980,60,1096,756.0,622.5,-0.1286970307989144,-1.8714029477828196,236083.75,1096.0,60.0,1036.0,1634046383.897649,0.0,6.037004947662353
933,0,1,0,0,3,2,1116,2211110130,1150,64,1136,17,59861,29483,0,0,0,0,15,2211110130,17,59861,11123,11149,94,1150,597.0,655.8235294117648,-0.1037483026824769,-1.809894266602328,221433.91003460207,1130.0,94.0,1036.0,6096,60,1116,1096.0,677.3333333333334,-0.339538920036299,-1.7808863034505784,233905.77777777775,1096.0,60.0,1036.0,1634046383.899004,0.0013549327850341,6.038359880447387
934,0,1,0,0,3,2,1096,2211110130,1130,64,1116,17,59861,29483,0,0,0,0,15,2211110130,17,59861,11123,12279,94,1150,863.5,682.1666666666666,-0.2095945136298262,-1.78519926678472,220929.36111111112,1130.0,103.0,1027.0,7192,60,1116,1096.0,719.2,-0.5176812999411728,-1.6319990026619915,226290.56,1096.0,149.0,947.0,1634046383.901672,0.0026679039001464,6.041027784347533
935,0,1,0,0,3,2,762,2211110130,796,64,782,17,59861,29483,0,0,0,0,15,2211110130,17,59861,11123,13075,94,1150,796.0,688.1578947368421,-0.2527665111662672,-1.7131956982053085,209947.60664819943,1130.0,112.0,1018.0,7954,60,1116,1096.0,723.0909090909091,-0.5680004625060392,-1.47836198032103,205870.0826446281,1096.0,238.0,858.0,1634046383.901672,0.0,6.041027784347533
936,0,1,0,0,3,2,408,2211110130,442,64,428,17,59861,29483,0,0,0,0,15,2211110130,17,59861,11123,13517,94,1150,696.5,675.85,-0.1799056908317293,-1.7034314904338024,202328.42750000005,1130.0,121.0,1009.0,8362,60,1116,929.0,696.8333333333334,-0.4111824074420194,-1.5630640382091854,196298.3055555556,1096.0,321.0,775.0,1634046383.907011,0.0053391456604003,6.046366930007934
937,0,1,0,0,3,2,1096,2211110130,1130,64,1116,17,59861,29483,0,0,0,0,15,2211110130,17,59861,11123,1130,1130,1130,1130.0,1130.0,0.0,-3.0,0.0,1130.0,1130.0,0.0,9458,60,1116,1096.0,727.5384615384615,-0.5431711543208118,-1.4455781885950971,192512.09467455625,1096.0,408.0,688.0,1634046383.907011,0.0,6.046366930007934
938,0,1,0,0,3,2,1096,2211110130,1130,64,1116,17,59861,29483,0,0,0,0,15,2211110130,17,59861,11123,2260,1130,1130,1130.0,1130.0,0.0,-3.0,0.0,1130.0,1130.0,0.0,10554,60,1116,1096.0,753.8571428571429,-0.6621369432370275,-1.306656834129152,187765.9795918367,1096.0,410.0,686.0,1634046383.907648,0.0006370544433593,6.047003984451293
939,0,1,0,0,3,2,1096,2211110130,1130,64,1116,17,59861,29483,0,0,0,0,15,2211110130,17,59861,11123,3390,1130,1130,1130.0,1130.0,0.0,-3.0,0.0,1130.0,1130.0,0.0,11650,60,1116,1096.0,776.6666666666666,-0.7708426691904048,-1.1526860630876268,182532.0888888889,1096.0,412.0,684.0,1634046383.907648,0.0,6.047003984451293
940,0,1,0,0,3,2,1053,2211110130,1087,64,1073,17,59861,29483,0,0,0,0,15,2211110130,17,59861,11123,4477,1087,1130,1130.0,1119.25,-1.1547005383792517,-0.6666666666666665,346.6875,1130.0,1119.25,10.75,12703,60,1116,1096.0,793.9375,-0.8716817231151568,-0.9833384970974834,175598.05859375,1096.0,414.0,682.0,1634046383.907648,0.0,6.047003984451293
941,0,1,0,0,2,3,60,3232270721,94,47,80,17,29483,59861,0,0,0,0,15,2211110130,17,59861,11123,4571,94,1130,1130.0,914.2,-1.4939158351095958,0.2416083497441441,168459.36,1130.0,1087.0,43.0,12763,60,1116,1096.0,750.7647058823529,-0.6762861596416999,-1.3356879192546136,195091.00346020763,1096.0,408.0,688.0,1634046383.932393,0.0247449874877929,6.071748971939086
942,0,1,0,0,2,3,52,3232270721,86,47,72,17,29483,59861,0,0,0,0,15,2211110130,17,59861,11123,4657,86,1130,1108.5,776.1666666666666,-0.7041026049835033,-1.49991745788691,235648.8055555556,1130.0,342.25,787.75,12815,52,1116,1074.5,711.9444444444445,-0.5147642885564895,-1.5586677062709555,209871.8302469136,1096.0,147.0,949.0,1634046383.932448,5.4836273193359375e-05,6.071803808212279
943,0,1,0,0,3,2,56,2211110130,90,64,76,17,59861,29483,0,0,0,0,15,2211110130,17,59861,11123,4747,86,1130,1087.0,678.1428571428571,-0.2864487426071694,-1.9148948218991224,259636.69387755104,1130.0,92.0,1038.0,12871,52,1116,1053.0,677.421052631579,-0.3761275058673692,-1.7028697276485758,220279.50692520777,1096.0,60.0,1036.0,1634046383.947986,0.0155379772186279,6.087341785430907
944,0,1,0,0,3,2,408,2211110130,442,64,428,17,59861,29483,0,0,0,0,15,2211110130,17,59861,11123,5189,86,1130,764.5,648.625,-0.1253327735143538,-1.8697979404882827,233281.234375,1130.0,93.0,1037.0,13279,52,1116,907.5,663.95,-0.2988719442197737,-1.7127200323103775,212713.4475,1096.0,60.0,1036.0,1634046383.947986,0.0,6.087341785430907
945,0,1,0,0,3,2,1096,2211110130,1130,64,1116,17,59861,29483,0,0,0,0,15,2211110130,17,59861,11123,6319,86,1130,1087.0,702.1111111111111,-0.3372199556499531,-1.7805343399005218,230247.2098765432,1130.0,94.0,1036.0,1096,1096,1096,1096.0,1096.0,0.0,-3.0,0.0,1096.0,1096.0,0.0,1634046383.948934,0.0009481906890869,6.088289976119994
946,0,1,0,0,3,2,1096,2211110130,1130,64,1116,17,59861,29483,0,0,0,0,15,2211110130,17,59861,11123,7449,86,1130,1108.5,744.9,-0.5150195929580363,-1.633116999814576,223700.49,1130.0,181.0,949.0,2192,1096,1096,1096.0,1096.0,0.0,-3.0,0.0,1096.0,1096.0,0.0,1634046383.948934,0.0,6.088289976119994
947,0,1,0,0,3,2,1096,2211110130,1130,64,1116,17,59861,29483,0,0,0,0,15,2211110130,17,59861,11123,8579,86,1130,1130.0,779.9090909090909,-0.6695170514259676,-1.451726121497792,215620.44628099172,1130.0,268.0,862.0,3288,1096,1096,1096.0,1096.0,0.0,-3.0,0.0,1096.0,1096.0,0.0,1634046383.949458,0.0005238056182861,6.08881378173828
948,0,1,0,0,3,2,674,2211110130,708,64,694,17,59861,29483,0,0,0,0,15,2211110130,17,59861,11123,9287,86,1130,1108.5,773.9166666666666,-0.6571497446495096,-1.3541308666518734,198047.0763888889,1130.0,355.0,775.0,3962,674,1096,1096.0,990.5,-1.1547005383792517,-0.6666666666666665,33390.75,1096.0,990.5,105.5,1634046383.949458,0.0,6.08881378173828
949,0,1,0,0,2,3,56,3232270721,90,47,76,17,29483,59861,0,0,0,0,15,2211110130,17,59861,11123,9377,86,1130,1087.0,721.3076923076923,-0.43653524540878,-1.637138721166271,216025.13609467456,1130.0,94.0,1036.0,4018,56,1096,1096.0,803.6,-1.0162172106047491,-0.5843771886221796,166439.03999999998,1096.0,674.0,422.0,1634046383.949743,0.0002851486206054,6.089098930358886
950,0,1,0,0,2,3,60,3232270721,94,47,80,17,29483,59861,0,0,0,0,15,2211110130,17,59861,11123,9471,86,1130,897.5,676.5,-0.2572757918156985,-1.7856450760753686,226695.25,1130.0,94.0,1036.0,4078,56,1096,885.0,679.6666666666666,-0.4398906898680549,-1.6043654848747693,215496.55555555556,1096.0,213.5,882.5,1634046383.949798,5.507469177246094e-05,6.089154005050658
951,0,1,0,0,3,2,60,2211110130,94,64,80,17,59861,29483,0,0,0,0,15,2211110130,17,59861,11123,9565,86,1130,708.0,637.6666666666666,-0.1062535986004421,-1.85568385627892,232694.62222222227,1130.0,94.0,1036.0,4138,56,1096,674.0,591.1428571428571,-0.084949541761271,-1.839753868294347,231730.1224489796,1096.0,60.0,1036.0,1634046383.965955,0.0161569118499755,6.105310916900634
952,0,1,0,0,2,3,60,3232270721,94,47,80,17,29483,59861,0,0,0,0,15,2211110130,17,59861,11123,9659,86,1130,575.0,603.6875,0.0246604064115004,-1.876401951516591,235469.96484375,1130.0,94.0,1036.0,4198,56,1096,367.0,524.75,0.1753725111682844,-1.8360721402910227,233619.9375,1096.0,60.0,1036.0,1634046383.966189,0.0002338886260986,6.1055448055267325
953,0,1,0,0,3,2,1096,2211110130,1130,64,1116,17,59861,29483,0,0,0,0,15,2211110130,17,59861,11123,10789,86,1130,708.0,634.6470588235294,-0.0937169243748967,-1.875762952036595,236954.69896193768,1130.0,94.0,1036.0,5294,56,1096,674.0,588.2222222222222,-0.0648530858817099,-1.8806140899024728,239891.95061728396,1096.0,60.0,1036.0,1634046383.97062,0.0044310092926025,6.109975814819335
954,0,1,0,0,3,2,1096,2211110130,1130,64,1116,17,59861,29483,0,0,0,0,15,2211110130,17,59861,11123,11919,86,1130,897.5,662.1666666666666,-0.1999092977347221,-1.849876988972428,236665.13888888888,1130.0,94.0,1036.0,6390,56,1096,885.0,639.0,-0.2593260694596092,-1.8267568719267095,239108.2,1096.0,60.0,1036.0,1634046383.97062,0.0,6.109975814819335
955,0,1,0,0,3,2,1096,2211110130,1130,64,1116,17,59861,29483,0,0,0,0,15,2211110130,17,59861,11123,13049,86,1130,1087.0,686.7894736842105,-0.2964560038951593,-1.805718221172906,235122.1662049861,1130.0,94.0,1036.0,7486,56,1096,1096.0,680.5454545454545,-0.4241240842371114,-1.718982739414746,234631.3388429752,1096.0,60.0,1036.0,1634046383.971159,0.0005390644073486,6.110514879226684
956,0,1,0,0,3,2,1096,2211110130,1130,64,1116,17,59861,29483,0,0,0,0,15,2211110130,17,59861,11123,14179,86,1130,1108.5,708.95,-0.3851822936537014,-1.74791341104826,232696.7475,1130.0,94.0,1036.0,8582,56,1096,1096.0,715.1666666666666,-0.56814078334539,-1.578512090946826,228263.63888888896,1096.0,60.0,1036.0,1634046383.971159,0.0,6.110514879226684
957,0,1,0,0,3,2,1096,2211110130,1130,64,1116,17,59861,29483,0,0,0,0,15,2211110130,17,59861,11123,1130,1130,1130,1130.0,1130.0,0.0,-3.0,0.0,1130.0,1130.0,0.0,9678,56,1096,1096.0,744.4615384615385,-0.6967847233494027,-1.416732509152116,221003.1715976332,1096.0,60.0,1036.0,1634046383.971159,0.0,6.110514879226684
958,0,1,0,0,3,2,574,2211110130,608,64,594,17,59861,29483,0,0,0,0,15,2211110130,17,59861,11123,1738,608,1130,869.0,869.0,0.0,-2.0,68121.0,999.5,738.5,261.0,10252,56,1096,1096.0,732.2857142857143,-0.6364963752822252,-1.3975227846953584,207144.48979591843,1096.0,188.5,907.5,1634046383.971159,0.0,6.110514879226684
959,0,1,0,0,3,2,408,2211110130,442,64,428,17,59861,29483,0,0,0,0,15,2211110130,17,59861,11123,2180,442,1130,608.0,726.6666666666666,0.5408794290077268,-1.4999999999999996,85931.55555555556,869.0,525.0,344.0,10660,56,1096,1096.0,710.6666666666666,-0.507009679056996,-1.4872843703563885,199878.2222222223,1096.0,234.0,862.0,1634046383.975701,0.0045421123504638,6.1150569915771475
960,0,1,0,0,2,3,60,3232270721,94,47,80,17,29483,59861,0,0,0,0,15,2211110130,17,59861,11123,2274,94,1130,525.0,568.5,0.3274076109686291,-1.06841210700931,139498.75,738.5,355.0,383.5,10720,56,1096,885.0,670.0,-0.3451571197402457,-1.6615619164266084,212192.5,1096.0,60.0,1036.0,1634046384.018823,0.0431218147277832,6.158178806304931
961,0,1,0,0,3,2,1096,2211110130,1130,64,1116,17,59861,29483,0,0,0,0,15,2211110130,17,59861,11123,3404,94,1130,608.0,680.8,-0.1066346542309336,-1.4517136637498818,162044.15999999997,1130.0,442.0,688.0,11816,56,1096,1096.0,695.0588235294117,-0.4474961122256954,-1.5868818492325638,209757.70242214532,1096.0,60.0,1036.0,1634046384.019844,0.0010211467742919,6.159199953079223
962,0,1,0,0,3,2,1116,2211110130,1150,64,1136,17,59861,29483,0,0,0,0,15,2211110130,17,59861,11123,4554,94,1150,869.0,759.0,-0.4141407951722485,-1.3748552311958138,165613.0,1130.0,483.5,646.5,12932,56,1116,1096.0,718.4444444444445,-0.5401731169693831,-1.499219341974866,207401.5802469136,1096.0,147.0,949.0,1634046384.030216,0.0103719234466552,6.169571876525878
963,0,1,0,0,3,2,1096,2211110130,1130,64,1116,17,59861,29483,0,0,0,0,15,2211110130,17,59861,11123,5684,94,1150,1130.0,812.0,-0.6641087543037986,-1.13091294854453,158808.0,1130.0,525.0,605.0,14028,56,1116,1096.0,738.3157894736842,-0.6275379634772617,-1.3998140292381651,203593.37396121887,1096.0,234.0,862.0,1634046384.030216,0.0,6.169571876525878
964,0,1,0,0,3,2,1096,2211110130,1130,64,1116,17,59861,29483,0,0,0,0,15,2211110130,17,59861,11123,6814,94,1150,1130.0,851.75,-0.872697323243164,-0.8155232615383685,150017.4375,1130.0,566.5,563.5,15124,56,1116,1096.0,756.2,-0.7091545034774984,-1.2921299363825829,199490.76,1096.0,321.0,775.0,1634046384.030782,0.0005660057067871,6.170137882232665
965,0,1,0,0,3,2,632,2211110130,666,64,652,17,59861,29483,0,0,0,0,15,2211110130,17,59861,11123,7480,94,1150,1130.0,831.1111111111111,-0.7377308428824846,-0.8397287327262646,136756.54320987652,1130.0,608.0,522.0,632,632,632,632.0,632.0,0.0,-3.0,0.0,632.0,632.0,0.0,1634046384.030782,0.0,6.170137882232665
966,0,1,0,0,2,3,60,3232270721,94,47,80,17,29483,59861,0,0,0,0,15,2211110130,17,59861,11123,7574,94,1150,898.0,757.4,-0.4934992034214964,-1.3139416426975037,171980.84,1130.0,483.5,646.5,692,60,632,346.0,346.0,0.0,-2.0,81796.0,489.0,203.0,286.0,1634046384.036894,0.0061120986938476,6.176249980926513
967,0,1,0,0,3,2,408,2211110130,442,64,428,17,59861,29483,0,0,0,0,15,2211110130,17,59861,11123,8016,94,1150,666.0,728.7272727272727,-0.3096205769952488,-1.410330673269842,164567.47107438018,1130.0,442.0,688.0,1100,60,632,408.0,366.6666666666667,-0.2580309984628595,-1.4999999999999996,55384.88888888888,520.0,234.0,286.0,1634046384.046758,0.0098638534545898,6.186113834381103
968,0,1,0,0,3,2,1096,2211110130,1130,64,1116,17,59861,29483,0,0,0,0,15,2211110130,17,59861,11123,9146,94,1150,898.0,762.1666666666666,-0.4547393719107876,-1.3268541707524717,163153.6388888889,1130.0,442.0,688.0,2196,60,1096,520.0,549.0,0.2095356222086938,-1.1568421397252395,141275.0,748.0,321.0,427.0,1634046384.071053,0.0242950916290283,6.210408926010131
969,0,1,0,0,3,2,1096,2211110130,1130,64,1116,17,59861,29483,0,0,0,0,15,2211110130,17,59861,11123,10276,94,1150,1130.0,790.4615384615385,-0.584104359016476,-1.2082755842699928,160210.55621301776,1130.0,442.0,688.0,3292,60,1096,632.0,658.4,-0.1933773403560227,-1.412353498194643,160893.44,1096.0,408.0,688.0,1634046384.071053,0.0,6.210408926010131
970,0,1,0,0,3,2,1096,2211110130,1130,64,1116,17,59861,29483,0,0,0,0,15,2211110130,17,59861,11123,11406,94,1150,1130.0,814.7142857142857,-0.7012531034682778,-1.06625894236019,156413.48979591837,1130.0,483.5,646.5,4388,60,1096,864.0,731.3333333333334,-0.4965014856551032,-1.274988989429391,160674.22222222222,1096.0,464.0,632.0,1634046384.071629,0.0005760192871093,6.21098494529724
971,0,1,0,0,3,2,1096,2211110130,1130,64,1116,17,59861,29483,0,0,0,0,15,2211110130,17,59861,11123,12536,94,1150,1130.0,835.7333333333333,-0.8086681974373194,-0.9078269917079472,152171.1288888889,1130.0,525.0,605.0,5484,60,1096,1096.0,783.4285714285714,-0.7394761131933283,-0.9974377537636688,154004.2448979592,1096.0,520.0,576.0,1634046384.071629,0.0,6.21098494529724
972,0,1,0,0,3,2,1096,2211110130,1130,64,1116,17,59861,29483,0,0,0,0,15,2211110130,17,59861,11123,13666,94,1150,1130.0,854.125,-0.9081471552316288,-0.7374562979256369,147734.234375,1130.0,566.5,563.5,6580,60,1096,1096.0,822.5,-0.9446348274570738,-0.6548770187494704,145439.75,1096.0,576.0,520.0,1634046384.071629,0.0,6.21098494529724
973,0,1,0,0,3,2,500,2211110130,534,64,520,17,59861,29483,0,0,0,0,15,2211110130,17,59861,11123,14200,94,1150,1130.0,835.2941176470588,-0.768020765409862,-0.9181256609365094,144717.6193771626,1130.0,534.0,596.0,7080,60,1096,1096.0,786.6666666666666,-0.6762116632643359,-0.9888685358050666,139552.0,1096.0,500.0,596.0,1634046384.071629,0.0,6.21098494529724
974,0,1,0,0,3,2,408,2211110130,442,64,428,17,59861,29483,0,0,0,0,15,2211110130,17,59861,11123,14642,94,1150,1130.0,813.4444444444445,-0.6136709520858236,-1.1331935894602303,144793.6913580247,1130.0,465.0,665.0,7488,60,1096,864.0,748.8,-0.4145647908815312,-1.28619644317176,138501.75999999998,1096.0,431.0,665.0,1634046384.072137,0.0005080699920654,6.211493015289306
975,0,1,0,0,3,2,60,2211110130,94,64,80,17,59861,29483,0,0,0,0,15,2211110130,17,59861,11123,14736,94,1150,1130.0,775.578947368421,-0.5024906544466419,-1.3146878517071727,162981.29639889198,1130.0,442.0,688.0,7548,60,1096,632.0,686.1818181818181,-0.266339553232726,-1.4605108551194137,165121.05785123966,1096.0,408.0,688.0,1634046384.080444,0.0083069801330566,6.219799995422362
976,0,1,0,0,3,2,1104,2211110130,1138,64,1124,17,59861,29483,0,0,0,0,15,2211110130,17,59861,11123,15874,94,1150,1130.0,793.7,-0.5846094546403616,-1.2341599182884595,161071.31,1130.0,442.0,688.0,8652,60,1104,864.0,721.0,-0.4121674287782649,-1.3906579217255874,164696.33333333334,1096.0,408.0,688.0,1634046384.080444,0.0,6.219799995422362
977,0,1,0,0,3,2,1096,2211110130,1130,64,1116,17,59861,29483,0,0,0,0,15,2211110130,17,59861,11123,1130,1130,1130,1130.0,1130.0,0.0,-3.0,0.0,1130.0,1130.0,0.0,9748,60,1104,1096.0,749.8461538461538,-0.5431158030740639,-1.2820261626512106,162012.59171597633,1096.0,408.0,688.0,1634046384.080947,0.0005028247833251,6.220302820205688
978,0,1,0,0,3,2,1096,2211110130,1130,64,1116,17,59861,29483,0,0,0,0,15,2211110130,17,59861,11123,2260,1130,1130,1130.0,1130.0,0.0,-3.0,0.0,1130.0,1130.0,0.0,10844,60,1104,1096.0,774.5714285714286,-0.6613545119263097,-1.1488255864188834,158387.67346938772,1096.0,431.0,665.0,1634046384.080947,0.0,6.220302820205688
979,0,1,0,0,3,2,517,2211110130,551,64,537,17,59861,29483,0,0,0,0,15,2211110130,17,59861,11123,2811,551,1130,1130.0,937.0,-0.7071067811865476,-1.5,74498.0,1130.0,840.5,289.5,11361,60,1104,1096.0,757.4,-0.5438583072368216,-1.2176629982884364,151956.5066666667,1096.0,454.0,642.0,1634046384.080947,0.0,6.220302820205688
980,0,1,0,0,3,2,408,2211110130,442,64,428,17,59861,29483,0,0,0,0,15,2211110130,17,59861,11123,3253,442,1130,840.5,813.25,-0.0434389020851119,-1.9422926639924667,101815.6875,1130.0,523.75,606.25,11769,60,1104,864.0,735.5625,-0.3984132351502058,-1.3437821179695673,149612.37109375,1096.0,408.0,688.0,1634046384.09956,0.0186131000518798,6.2389159202575675
981,0,1,0,0,3,2,1096,2211110130,1130,64,1116,17,59861,29483,0,0,0,0,15,2211110130,17,59861,11123,4383,442,1130,1130.0,876.6,-0.4453061399853532,-1.7528921163708262,97505.44,1130.0,551.0,579.0,12865,60,1104,1096.0,756.7647058823529,-0.4982319823200147,-1.2702233110473644,148004.17993079586,1096.0,408.0,688.0,1634046384.103816,0.0042560100555419,6.2431719303131095
982,0,1,0,0,3,2,1096,2211110130,1130,64,1116,17,59861,29483,0,0,0,0,15,2211110130,17,59861,11123,5513,442,1130,1130.0,918.8333333333334,-0.7418200110902831,-1.402085581768379,90172.80555555556,1130.0,695.75,434.25,13961,60,1104,1096.0,775.6111111111111,-0.5903963604620017,-1.1804787030202055,145819.90432098764,1096.0,431.0,665.0,1634046384.104517,0.0007009506225585,6.243872880935668
983,0,1,0,0,3,2,1096,2211110130,1130,64,1116,17,59861,29483,0,0,0,0,15,2211110130,17,59861,11123,6643,442,1130,1130.0,949.0,-0.9825225113499224,-0.986149610261803,82751.14285714286,1130.0,840.5,289.5,15057,60,1104,1096.0,792.4736842105264,-0.6761809989737148,-1.0785689042170938,143263.40720221604,1096.0,454.0,642.0,1634046384.104517,0.0,6.243872880935668
984,0,1,0,0,2,3,60,3232270721,94,47,80,17,29483,59861,0,0,0,0,15,2211110130,17,59861,11123,6737,94,1130,1130.0,842.125,-0.8158512829183912,-0.951669089119465,152363.109375,1130.0,523.75,606.25,15117,60,1104,1096.0,755.85,-0.5647065525529894,-1.2695511411117646,161584.82749999998,1096.0,408.0,688.0,1634046384.105609,0.0010919570922851,6.244964838027953
985,0,1,0,0,3,2,1096,2211110130,1130,64,1116,17,59861,29483,0,0,0,0,15,2211110130,17,59861,11123,7867,94,1130,1130.0,874.1111111111111,-0.9975373940276504,-0.6198163819382709,143618.76543209876,1130.0,551.0,579.0,1096,1096,1096,1096.0,1096.0,0.0,-3.0,0.0,1096.0,1096.0,0.0,1634046384.105664,5.507469177246094e-05,6.245019912719726
986,0,1,0,0,3,2,1116,2211110130,1150,64,1136,17,59861,29483,0,0,0,0,15,2211110130,17,59861,11123,9017,94,1150,1130.0,901.7,-1.156063578283786,-0.2713675489544291,136107.21,1130.0,695.75,434.25,2212,1096,1116,1106.0,1106.0,0.0,-2.0,100.0,1111.0,1101.0,10.0,1634046384.106477,0.0008130073547363,6.245832920074462
987,0,1,0,0,3,2,1096,2211110130,1130,64,1116,17,59861,29483,0,0,0,0,15,2211110130,17,59861,11123,10147,94,1150,1130.0,922.4545454545456,-1.3024111180377578,0.0999764330880883,128041.3388429752,1130.0,840.5,289.5,3308,1096,1116,1096.0,1102.6666666666667,0.7071067811865236,-1.5000000000000222,88.88888888888887,1106.0,1096.0,10.0,1634046384.106477,0.0,6.245832920074462
988,0,1,0,0,3,2,588,2211110130,622,64,608,17,59861,29483,0,0,0,0,15,2211110130,17,59861,11123,10769,94,1150,1130.0,897.4166666666666,-1.0868379838774538,-0.278213508294086,124267.07638888888,1130.0,604.25,525.75,3896,588,1116,1096.0,974.0,-1.150019107005828,-0.6701447046444824,49732.0,1101.0,969.0,132.0,1634046384.106477,0.0,6.245832920074462
989,0,1,0,0,2,3,60,3232270721,94,47,80,17,29483,59861,0,0,0,0,15,2211110130,17,59861,11123,10863,94,1150,1130.0,835.6153846153846,-0.8369747607032084,-0.9108568083682154,160540.8520710059,1130.0,551.0,579.0,3956,60,1116,1096.0,791.2,-0.8539441496361647,-0.8995835079863159,173448.96000000002,1096.0,588.0,508.0,1634046384.124236,0.017759084701538,6.263592004776
990,0,1,0,0,3,2,408,2211110130,442,64,428,17,59861,29483,0,0,0,0,15,2211110130,17,59861,11123,11305,94,1150,1130.0,807.5,-0.6427555780483395,-1.1743198587303172,159349.82142857142,1130.0,469.25,660.75,4364,60,1116,842.0,727.3333333333334,-0.4317626259081636,-1.3527801682397766,164935.55555555556,1096.0,453.0,643.0,1634046384.134123,0.0098869800567626,6.273478984832763
991,0,1,0,0,2,3,56,3232270721,90,47,76,17,29483,59861,0,0,0,0,15,2211110130,17,59861,11123,11395,90,1150,1130.0,759.6666666666666,-0.4780250173211409,-1.4262465180292765,180758.8888888889,1130.0,442.0,688.0,4420,56,1116,588.0,631.4285714285714,-0.1213800743157081,-1.6427997047530776,196559.67346938772,1096.0,234.0,862.0,1634046384.148082,0.0139589309692382,6.287437915802001
992,0,1,0,0,2,3,60,3232270721,94,47,80,17,29483,59861,0,0,0,0,15,2211110130,17,59861,11123,11489,90,1150,876.0,718.0625,-0.3288807741575292,-1.593447469487635,195425.05859375,1130.0,355.0,775.0,4480,56,1116,498.0,560.0,0.1298685149732739,-1.6941016291558662,207704.0,1096.0,60.0,1036.0,1634046384.148137,5.507469177246094e-05,6.2874929904937735
993,0,1,0,0,2,3,52,3232270721,86,47,72,17,29483,59861,0,0,0,0,15,2211110130,17,59861,11123,11575,86,1150,622.0,680.8823529411765,-0.1984469755765429,-1.6933406908649,206047.2802768166,1130.0,94.0,1036.0,4532,52,1116,408.0,503.55555555555554,0.3335012442267889,-1.6250023284670947,210113.5802469136,1096.0,60.0,1036.0,1634046384.148168,3.0994415283203125e-05,6.287523984909057
994,0,1,0,0,3,2,1096,2211110130,1130,64,1116,17,59861,29483,0,0,0,0,15,2211110130,17,59861,11123,12705,86,1150,876.0,705.8333333333334,-0.2998729926454,-1.6539754927134178,205183.5833333333,1130.0,181.0,949.0,5628,52,1116,498.0,562.8,0.0990614165020648,-1.7709937405770142,220691.36,1096.0,60.0,1036.0,1634046384.157132,0.0089638233184814,6.296487808227538
995,0,1,0,0,3,2,1096,2211110130,1130,64,1116,17,59861,29483,0,0,0,0,15,2211110130,17,59861,11123,13835,86,1150,1130.0,728.1578947368421,-0.3927683585570609,-1.5975231309351496,203355.39612188368,1130.0,268.0,862.0,6724,52,1116,588.0,611.2727272727273,-0.090365077131538,-1.7964088897168584,224124.5619834711,1096.0,60.0,1036.0,1634046384.158339,0.0012071132659912,6.297694921493529
996,0,1,0,0,3,2,1096,2211110130,1130,64,1116,17,59861,29483,0,0,0,0,15,2211110130,17,59861,11123,14965,86,1150,1130.0,748.25,-0.4786535722658803,-1.528218845929496,200857.7875,1130.0,355.0,775.0,7820,52,1116,842.0,651.6666666666666,-0.250366470643959,-1.7556030218101342,223395.88888888888,1096.0,60.0,1036.0,1634046384.158339,0.0,6.297694921493529
997,0,1,0,0,3,2,444,2211110130,478,64,464,17,59861,29483,0,0,0,0,15,2211110130,17,59861,11123,478,478,478,478.0,478.0,0.0,-3.0,0.0,478.0,478.0,0.0,8264,52,1116,588.0,635.6923076923077,-0.1572863975968849,-1.7170866334926136,209273.75147928996,1096.0,60.0,1036.0,1634046384.158339,0.0,6.297694921493529
998,0,1,0,0,3,2,32,2211110130,66,64,52,17,59861,29483,0,0,0,0,15,2211110130,17,59861,11123,544,66,478,272.0,272.0,0.0,-2.0,42436.0,375.0,169.0,206.0,8296,32,1116,516.0,592.5714285714286,-0.0132356438916522,-1.7644800881075755,218497.95918367343,1096.0,60.0,1036.0,1634046384.159099,0.0007600784301757,6.298454999923705
999,0,1,0,0,2,3,60,3232270721,94,47,80,17,29483,59861,0,0,0,0,15,2211110130,17,59861,11123,638,66,478,94.0,212.66666666666663,0.6953570144616705,-1.5,35331.55555555556,286.0,80.0,206.0,8356,32,1116,444.0,557.0666666666667,0.1180620192500745,-1.7680132921352931,221579.66222222225,1096.0,60.0,1036.0,1634046384.160492,0.0013928413391113,6.2998478412628165
1000,0,1,0,0,3,2,56,2211110130,90,64,76,17,59861,29483,0,0,0,0,15,2211110130,17,59861,11123,728,66,478,92.0,182.0,1.1409886438012005,-0.6766355536778157,29320.0,190.0,84.0,106.0,8412,32,1116,426.0,525.75,0.2345877276185083,-1.7384950230132985,222441.9375,1096.0,59.0,1037.0,1634046384.172448,0.011955976486206,6.3118038177490225
1001,0,1,0,0,2,3,52,3232270721,86,48,72,17,10001,59861,0,0,0,0,15,2211110130,17,59861,11123,814,66,478,90.0,162.8,1.4858253052144594,0.2319173456272234,24930.56,94.0,86.0,8.0,8464,32,1116,408.0,497.88235294117646,0.3396214041069174,-1.68602664412381,221782.80968858133,1096.0,56.0,1040.0,1634046384.174058,0.0016100406646728,6.313413858413695
1002,0,1,0,0,2,3,93,3232270721,127,47,113,17,29483,59861,0,0,0,0,15,2211110130,17,59861,11123,941,66,478,92.0,156.83333333333334,1.728150901633405,1.0880473140252829,20953.472222222223,118.75,87.0,31.75,8557,32,1116,250.5,475.3888888888889,0.4374032161728487,-1.6145771586869997,218062.79320987652,1096.0,57.0,1039.0,1634046384.175433,0.0013749599456787,6.314788818359374
1003,0,1,0,0,2,3,60,3232270721,94,47,80,17,29483,59861,0,0,0,0,15,2211110130,17,59861,11123,1035,66,478,94.0,147.85714285714286,1.978135249230108,2.0259364967283275,18443.55102040816,110.5,88.0,22.5,8617,32,1116,93.0,453.5263157894737,0.526411996862423,-1.5324622035969395,215189.3019390581,1096.0,58.0,1038.0,1634046384.179101,0.0036680698394775,6.318456888198852
1004,0,1,0,0,3,2,60,2211110130,94,64,80,17,59861,29483,0,0,0,0,15,2211110130,17,59861,11123,1129,66,478,94.0,141.125,2.202190907581307,2.974222640436876,16455.359375,102.25,89.0,13.25,8677,32,1116,76.5,433.85,0.6092762167747016,-1.4407065200227096,211785.8275,1096.0,59.0,1037.0,1634046384.193348,0.0142469406127929,6.332703828811645
1005,0,1,0,0,3,2,408,2211110130,442,64,428,17,59861,29483,0,0,0,0,15,2211110130,17,59861,11123,1571,66,478,94.0,174.55555555555554,1.3148784927234147,-0.2039390948367208,23567.802469135804,127.0,90.0,37.0,408,408,408,408.0,408.0,0.0,-3.0,0.0,408.0,408.0,0.0,1634046384.193348,0.0,6.332703828811645
1006,0,1,0,0,3,2,1096,2211110130,1130,64,1116,17,59861,29483,0,0,0,0,15,2211110130,17,59861,11123,2701,66,1130,94.0,270.1,1.835446914728298,2.21029861413548,103369.69,363.25,91.0,272.25,1504,408,1096,752.0,752.0,0.0,-2.0,118336.0,924.0,580.0,344.0,1634046384.19582,0.0024721622467041,6.335175991058349
1007,0,1,0,0,3,2,1096,2211110130,1130,64,1116,17,59861,29483,0,0,0,0,15,2211110130,17,59861,11123,3831,66,1130,94.0,348.27272727272725,1.2511533460647395,-0.0603189144011935,155082.19834710742,460.0,92.0,368.0,2600,408,1096,1096.0,866.6666666666666,-0.7071067811865471,-1.5000000000000009,105187.55555555556,1096.0,752.0,344.0,1634046384.19582,0.0,6.335175991058349
1008,0,1,0,0,3,2,1096,2211110130,1130,64,1116,17,59861,29483,0,0,0,0,15,2211110130,17,59861,11123,4961,66,1130,110.5,413.4166666666667,0.8855610777888332,-0.9762863149367478,188839.74305555556,641.0,93.0,548.0,3696,408,1096,1096.0,924.0,-1.1547005383792517,-0.6666666666666665,88752.0,1096.0,924.0,172.0,1634046384.19582,0.0,6.335175991058349
1009,0,1,0,0,3,2,1096,2211110130,1130,64,1116,17,59861,29483,0,0,0,0,15,2211110130,17,59861,11123,6091,66,1130,127.0,468.5384615384616,0.6237955012545257,-1.4302657473847993,210774.55621301784,1130.0,94.0,1036.0,4792,408,1096,1096.0,958.4,-1.5,0.2499999999999982,75735.04000000001,1096.0,1096.0,0.0,1634046384.196426,0.000605821609497,6.335781812667846
1010,0,1,0,0,3,2,1096,2211110130,1130,64,1116,17,59861,29483,0,0,0,0,15,2211110130,17,59861,11123,7221,66,1130,284.5,515.7857142857143,0.4201462941467472,-1.6743662391941556,224739.1683673469,1130.0,94.0,1036.0,5888,408,1096,1096.0,981.3333333333334,-1.7888543819998322,1.2000000000000002,65742.22222222223,1096.0,1096.0,0.0,1634046384.196908,0.0004820823669433,6.336263895034789
1011,0,1,0,0,3,2,238,2211110130,272,64,258,17,59861,29483,0,0,0,0,15,2211110130,17,59861,11123,7493,66,1130,272.0,499.53333333333336,0.5194220021147445,-1.5576344903559125,213454.5155555556,1130.0,94.0,1036.0,6126,238,1096,1096.0,875.1428571428571,-1.0033942999584156,-0.9162220287359242,124008.97959183672,1096.0,752.0,344.0,1634046384.196908,0.0,6.336263895034789
1012,0,1,0,0,3,2,60,2211110130,94,64,80,17,59861,29483,0,0,0,0,15,2211110130,17,59861,11123,7587,66,1130,199.5,474.1875,0.6227204839325855,-1.4417058721995095,209749.77734375,1130.0,94.0,1036.0,6186,60,1096,1096.0,773.25,-0.6431733109536636,-1.4276341173383214,181182.9375,1096.0,365.5,730.5,1634046384.205741,0.0088329315185546,6.345096826553344
1013,0,1,0,0,2,3,60,3232270721,94,47,80,17,29483,59861,0,0,0,0,15,2211110130,17,59861,11123,7681,66,1130,127.0,451.8235294117647,0.7181745995069557,-1.3145401251527806,205413.91003460207,1130.0,94.0,1036.0,6246,60,1096,1096.0,694.0,-0.3467061754530366,-1.7465730761102316,211296.0,1096.0,238.0,858.0,1634046384.213261,0.0075199604034423,6.352616786956786
1014,0,1,0,0,3,2,408,2211110130,442,64,428,17,59861,29483,0,0,0,0,15,2211110130,17,59861,11123,8123,66,1130,199.5,451.27777777777777,0.7426831494275159,-1.2118169110016268,194007.08950617284,967.0,94.0,873.0,6654,60,1096,752.0,665.4,-0.1785510800444131,-1.762852053834555,197528.04,1096.0,280.5,815.5,1634046384.220933,0.0076720714569091,6.360288858413695
1015,0,1,0,0,3,2,1096,2211110130,1130,64,1116,17,59861,29483,0,0,0,0,15,2211110130,17,59861,11123,9253,66,1130,272.0,487.0,0.578350087444158,-1.4661033580992606,206765.57894736843,1130.0,94.0,1036.0,7750,60,1096,1096.0,704.5454545454545,-0.3479715656348119,-1.6862565831876588,194894.61157024797,1096.0,323.0,773.0,1634046384.227908,0.0069749355316162,6.367263793945312
1016,0,1,0,0,3,2,1096,2211110130,1130,64,1116,17,59861,29483,0,0,0,0,15,2211110130,17,59861,11123,10383,66,1130,357.0,519.15,0.4388649123919431,-1.632611166830004,216066.1275,1130.0,94.0,1036.0,8846,60,1096,1096.0,737.1666666666666,-0.4949754999003947,-1.5692034860612112,190358.97222222225,1096.0,365.5,730.5,1634046384.227908,0.0,6.367263793945312
1017,0,1,0,0,3,2,1096,2211110130,1130,64,1116,17,59861,29483,0,0,0,0,15,2211110130,17,59861,11123,1130,1130,1130,1130.0,1130.0,0.0,-3.0,0.0,1130.0,1130.0,0.0,9942,60,1096,1096.0,764.7692307692307,-0.6255877844469546,-1.4262796277152647,184858.79289940823,1096.0,408.0,688.0,1634046384.227908,0.0,6.367263793945312
1018,0,1,0,0,3,2,1096,2211110130,1130,64,1116,17,59861,29483,0,0,0,0,15,2211110130,17,59861,11123,2260,1130,1130,1130.0,1130.0,0.0,-3.0,0.0,1130.0,1130.0,0.0,11038,60,1096,1096.0,788.4285714285714,-0.7436803552458062,-1.2658138563749357,178931.5306122449,1096.0,408.0,688.0,1634046384.228535,0.0006270408630371,6.367890834808349
1019,0,1,0,0,3,2,1000,2211110130,1034,64,1020,17,59861,29483,0,0,0,0,15,2211110130,17,59861,11123,3294,1034,1130,1130.0,1098.0,-0.7071067811865475,-1.5,2048.0,1130.0,1082.0,48.0,12038,60,1096,1096.0,802.5333333333333,-0.8446257665258796,-1.0891534078559726,169787.98222222217,1096.0,408.0,688.0,1634046384.228535,0.0,6.367890834808349
1020,0,1,0,0,3,2,1116,2211110130,1150,64,1136,17,59861,29483,0,0,0,0,15,2211110130,17,59861,11123,4444,1034,1150,1130.0,1111.0,-1.0382412918312238,-0.7402677959839945,2043.0,1135.0,1106.0,29.0,13154,60,1116,1096.0,822.125,-0.9431452080729872,-0.911373349183271,164933.734375,1096.0,408.0,688.0,1634046384.230171,0.0016360282897949,6.369526863098144
1021,0,1,0,0,2,3,60,3232270721,94,47,80,17,29483,59861,0,0,0,0,15,2211110130,17,59861,11123,4538,94,1150,1130.0,907.6,-1.4645743444651589,0.1993044300416935,167120.64,1130.0,1034.0,96.0,13214,60,1116,1096.0,777.2941176470588,-0.742198006575868,-1.2838929922727118,187388.67820069203,1096.0,408.0,688.0,1634046384.2533,0.0231289863586425,6.392655849456786
1022,0,1,0,0,2,3,93,3232270721,127,47,113,17,29483,59861,0,0,0,0,15,2211110130,17,59861,11123,4665,94,1150,1082.0,777.5,-0.6896908688948857,-1.4980138743106697,223897.25,1130.0,353.75,776.25,13307,60,1116,1096.0,739.2777777777778,-0.570504990059451,-1.535390199386382,201547.31172839503,1096.0,280.5,815.5,1634046384.253355,5.507469177246094e-05,6.392710924148559
1023,0,1,0,0,3,2,1096,2211110130,1130,64,1116,17,59861,29483,0,0,0,0,15,2211110130,17,59861,11123,5795,94,1150,1130.0,827.8571428571429,-0.9313141780592796,-1.1056733396445817,207126.97959183672,1130.0,580.5,549.5,14403,60,1116,1096.0,758.0526315789474,-0.6577107526665305,-1.4294865641861585,197284.4709141274,1096.0,323.0,773.0,1634046384.260474,0.0071189403533935,6.399829864501952
1024,0,1,0,0,3,2,1096,2211110130,1130,64,1116,17,59861,29483,0,0,0,0,15,2211110130,17,59861,11123,6925,94,1150,1130.0,865.625,-1.1371788222193684,-0.6787016516703903,191220.984375,1130.0,807.25,322.75,15499,60,1116,1096.0,774.95,-0.7392279309408,-1.3161022897451538,192845.1475,1096.0,365.5,730.5,1634046384.260474,0.0,6.399829864501952
1025,0,1,0,0,3,2,1096,2211110130,1130,64,1116,17,59861,29483,0,0,0,0,15,2211110130,17,59861,11123,8055,94,1150,1130.0,895.0,-1.318521964361956,-0.2319712157077331,176877.33333333334,1130.0,1034.0,96.0,1096,1096,1096,1096.0,1096.0,0.0,-3.0,0.0,1096.0,1096.0,0.0,1634046384.260945,0.0004711151123046,6.400300979614257
1026,0,1,0,0,3,2,448,2211110130,482,64,468,17,59861,29483,0,0,0,0,15,2211110130,17,59861,11123,8537,94,1150,1130.0,853.7,-1.0096507771995349,-0.8040974490167221,174540.81,1130.0,620.0,510.0,1544,448,1096,772.0,772.0,0.0,-2.0,104976.0,934.0,610.0,324.0,1634046384.260945,0.0,6.400300979614257
1027,0,1,0,0,3,2,408,2211110130,442,64,428,17,59861,29483,0,0,0,0,15,2211110130,17,59861,11123,8979,94,1150,1130.0,816.2727272727273,-0.7502032873639896,-1.1919291045154476,172681.47107438016,1130.0,462.0,668.0,1952,408,1096,448.0,650.6666666666666,0.6985821895747399,-1.4999999999999991,99427.55555555556,772.0,428.0,344.0,1634046384.270659,0.0097138881683349,6.410014867782592
1028,0,1,0,0,2,3,60,3232270721,94,47,80,17,29483,59861,0,0,0,0,15,2211110130,17,59861,11123,9073,94,1150,1082.0,756.0833333333334,-0.507376502629444,-1.5479733909782716,198141.74305555556,1130.0,363.25,766.75,2012,60,1096,428.0,503.0,0.5754831090037508,-0.9299562641652526,139987.0,610.0,321.0,289.0,1634046384.282992,0.0123329162597656,6.4223477840423575
1029,0,1,0,0,3,2,52,2211110130,86,64,72,17,59861,29483,0,0,0,0,15,2211110130,17,59861,11123,9159,86,1150,1034.0,704.5384615384615,-0.3124596584502789,-1.7365130716509103,214782.55621301773,1130.0,127.0,1003.0,2064,52,1096,408.0,412.8,0.8300735156209376,-0.603574609679919,144533.76,448.0,60.0,388.0,1634046384.287255,0.004263162612915,6.4266109466552725
1030,0,1,0,0,3,2,1096,2211110130,1130,64,1116,17,59861,29483,0,0,0,0,15,2211110130,17,59861,11123,10289,86,1150,1082.0,734.9285714285714,-0.4390114194756183,-1.647278039871252,211447.20918367343,1130.0,205.75,924.25,3160,52,1096,428.0,526.6666666666666,0.3309482060536947,-1.5018095387037058,185272.8888888889,934.0,147.0,787.0,1634046384.296063,0.008807897567749,6.435418844223022
1031,0,1,0,0,3,2,1096,2211110130,1130,64,1116,17,59861,29483,0,0,0,0,15,2211110130,17,59861,11123,11419,86,1150,1130.0,761.2666666666667,-0.5530338755681766,-1.537614807339719,207062.46222222224,1130.0,284.5,845.5,4256,52,1096,448.0,608.0,0.0001625200085288,-1.7014699217324802,198496.0,1096.0,234.0,862.0,1634046384.296063,0.0,6.435418844223022
1032,0,1,0,0,3,2,1096,2211110130,1130,64,1116,17,59861,29483,0,0,0,0,15,2211110130,17,59861,11123,12549,86,1150,1130.0,784.3125,-0.6571702963872903,-1.4134092905093076,202087.71484375,1130.0,363.25,766.75,5352,52,1096,772.0,669.0,-0.2491352648215183,-1.676196984155128,199731.0,1096.0,321.0,775.0,1634046384.296063,0.0,6.435418844223022
1033,0,1,0,0,3,2,1096,2211110130,1130,64,1116,17,59861,29483,0,0,0,0,15,2211110130,17,59861,11123,13679,86,1150,1130.0,804.6470588235294,-0.7533023602655712,-1.2784865156673428,196816.1107266436,1130.0,442.0,688.0,6448,52,1096,1096.0,716.4444444444445,-0.4516674584896768,-1.5511494017256169,195546.46913580244,1096.0,408.0,688.0,1634046384.296778,0.0007150173187255,6.436133861541747
1034,0,1,0,0,3,2,1096,2211110130,1130,64,1116,17,59861,29483,0,0,0,0,15,2211110130,17,59861,11123,14809,86,1150,1130.0,822.7222222222222,-0.8428157319125067,-1.1354392365371646,191435.9783950617,1130.0,452.0,678.0,7544,52,1096,1096.0,754.4,-0.6239904770787242,-1.3732481626450777,188957.44,1096.0,418.0,678.0,1634046384.296778,0.0,6.436133861541747
1035,0,1,0,0,3,2,1096,2211110130,1130,64,1116,17,59861,29483,0,0,0,0,15,2211110130,17,59861,11123,15939,86,1150,1130.0,838.8947368421053,-0.9267597978914202,-0.9860868308179748,186068.30470914123,1130.0,462.0,668.0,8640,52,1096,1096.0,785.4545454545455,-0.7751830722416209,-1.1639996368008896,181423.3388429752,1096.0,428.0,668.0,1634046384.296778,0.0,6.436133861541747
1036,0,1,0,0,3,2,1096,2211110130,1130,64,1116,17,59861,29483,0,0,0,0,15,2211110130,17,59861,11123,17069,86,1150,1130.0,853.45,-1.0059481867087394,-0.8317434744148957,180790.1475,1130.0,472.0,658.0,9736,52,1096,1096.0,811.3333333333334,-0.9107382057875056,-0.9346413004894848,173671.55555555553,1096.0,438.0,658.0,1634046384.298329,0.0015511512756347,6.437685012817382
1037,0,1,0,0,3,2,1096,2211110130,1130,64,1116,17,59861,29483,0,0,0,0,15,2211110130,17,59861,11123,1130,1130,1130,1130.0,1130.0,0.0,-3.0,0.0,1130.0,1130.0,0.0,10832,52,1096,1096.0,833.2307692307693,-1.034226771635545,-0.6916146714851843,166066.1775147929,1096.0,448.0,648.0,1634046384.298329,0.0,6.437685012817382
1038,0,1,0,0,3,2,1096,2211110130,1130,64,1116,17,59861,29483,0,0,0,0,15,2211110130,17,59861,11123,2260,1130,1130,1130.0,1130.0,0.0,-3.0,0.0,1130.0,1130.0,0.0,11928,52,1096,1096.0,852.0,-1.148100156632541,-0.4388763742463104,158784.0,1096.0,610.0,486.0,1634046384.298329,0.0,6.437685012817382
1039,0,1,0,0,3,2,1096,2211110130,1130,64,1116,17,59861,29483,0,0,0,0,15,2211110130,17,59861,11123,3390,1130,1130,1130.0,1130.0,0.0,-3.0,0.0,1130.0,1130.0,0.0,13024,52,1096,1096.0,868.2666666666667,-1.2541145785283976,-0.1789906636684426,151902.86222222226,1096.0,772.0,324.0,1634046384.298329,0.0,6.437685012817382
1040,0,1,0,0,3,2,1096,2211110130,1130,64,1116,17,59861,29483,0,0,0,0,15,2211110130,17,59861,11123,4520,1130,1130,1130.0,1130.0,0.0,-3.0,0.0,1130.0,1130.0,0.0,14120,52,1096,1096.0,882.5,-1.353572098717143,0.0863077478881524,145447.75,1096.0,934.0,162.0,1634046384.299138,0.0008089542388916,6.4384939670562735
1041,0,1,0,0,3,2,1096,2211110130,1130,64,1116,17,59861,29483,0,0,0,0,15,2211110130,17,59861,11123,5650,1130,1130,1130.0,1130.0,0.0,-3.0,0.0,1130.0,1130.0,0.0,15216,52,1096,1096.0,895.0588235294117,-1.447465590550736,0.35580340101248,139415.5847750865,1096.0,1096.0,0.0,1634046384.299138,0.0,6.4384939670562735
1042,0,1,0,0,3,2,1096,2211110130,1130,64,1116,17,59861,29483,0,0,0,0,15,2211110130,17,59861,11123,6780,1130,1130,1130.0,1130.0,0.0,-3.0,0.0,1130.0,1130.0,0.0,16312,52,1096,1096.0,906.2222222222222,-1.536570127931501,0.6286193598026006,133788.83950617284,1096.0,1096.0,0.0,1634046384.299138,0.0,6.4384939670562735
1043,0,1,0,0,3,2,1096,2211110130,1130,64,1116,17,59861,29483,0,0,0,0,15,2211110130,17,59861,11123,7910,1130,1130,1130.0,1130.0,0.0,-3.0,0.0,1130.0,1130.0,0.0,17408,52,1096,1096.0,916.2105263157896,-1.6215028956616535,0.9041070444098472,128543.1135734072,1096.0,1096.0,0.0,1634046384.299634,0.0004959106445312,6.438989877700805
1044,0,1,0,0,3,2,1096,2211110130,1130,64,1116,17,59861,29483,0,0,0,0,15,2211110130,17,59861,11123,9040,1130,1130,1130.0,1130.0,0.0,-3.0,0.0,1130.0,1130.0,0.0,18504,52,1096,1096.0,925.2,-1.7027637859942573,1.181776452211401,123651.36000000004,1096.0,1096.0,0.0,1634046384.299634,0.0,6.438989877700805
1045,0,1,0,0,3,2,1116,2211110130,1150,64,1136,17,59861,29483,0,0,0,0,15,2211110130,17,59861,11123,10190,1130,1150,1130.0,1132.2222222222222,2.4748737341529408,4.125000000000081,39.50617283950617,1130.0,1130.0,0.0,1116,1116,1116,1116.0,1116.0,0.0,-3.0,0.0,1116.0,1116.0,0.0,1634046384.300379,0.0007450580596923,6.439734935760497
1046,0,1,0,0,3,2,1096,2211110130,1130,64,1116,17,59861,29483,0,0,0,0,15,2211110130,17,59861,11123,11320,1130,1150,1130.0,1132.0,2.6666666666666665,5.111111111111111,36.0,1130.0,1130.0,0.0,2212,1096,1116,1106.0,1106.0,0.0,-2.0,100.0,1111.0,1101.0,10.0,1634046384.302721,0.0023419857025146,6.442076921463012
1047,0,1,0,0,3,2,1096,2211110130,1130,64,1116,17,59861,29483,0,0,0,0,15,2211110130,17,59861,11123,12450,1130,1150,1130.0,1131.8181818181818,2.8460498941515744,6.100000000000124,33.05785123966942,1130.0,1130.0,0.0,3308,1096,1116,1096.0,1102.6666666666667,0.7071067811865236,-1.5000000000000222,88.88888888888887,1106.0,1096.0,10.0,1634046384.302721,0.0,6.442076921463012
1048,0,1,0,0,3,2,1096,2211110130,1130,64,1116,17,59861,29483,0,0,0,0,15,2211110130,17,59861,11123,13580,1130,1150,1130.0,1131.6666666666667,3.0151134457775943,7.090909090908921,30.55555555555556,1130.0,1130.0,0.0,4404,1096,1116,1096.0,1101.0,1.1547005383792517,-0.6666666666666665,75.0,1101.0,1096.0,5.0,1634046384.302721,0.0,6.442076921463012
1049,0,1,0,0,3,2,1096,2211110130,1130,64,1116,17,59861,29483,0,0,0,0,15,2211110130,17,59861,11123,14710,1130,1150,1130.0,1131.5384615384614,3.175426480543,8.08333333333358,28.402366863905332,1130.0,1130.0,0.0,5500,1096,1116,1096.0,1100.0,1.5,0.25,64.0,1096.0,1096.0,0.0,1634046384.302721,0.0,6.442076921463012
1050,0,1,0,0,3,2,1096,2211110130,1130,64,1116,17,59861,29483,0,0,0,0,15,2211110130,17,59861,11123,15840,1130,1150,1130.0,1131.428571428571,3.328201177351432,9.07692307692333,26.530612244897952,1130.0,1130.0,0.0,6596,1096,1116,1096.0,1099.3333333333333,1.7888543819998608,1.2000000000000697,55.55555555555558,1096.0,1096.0,0.0,1634046384.303189,0.0004680156707763,6.442544937133788
1051,0,1,0,0,3,2,1096,2211110130,1130,64,1116,17,59861,29483,0,0,0,0,15,2211110130,17,59861,11123,16970,1130,1150,1130.0,1131.3333333333333,3.474396144861562,10.071428571428774,24.8888888888889,1130.0,1130.0,0.0,7692,1096,1116,1096.0,1098.857142857143,2.041241452319301,2.166666666666627,48.9795918367347,1096.0,1096.0,0.0,1634046384.303189,0.0,6.442544937133788
1052,0,1,0,0,3,2,1096,2211110130,1130,64,1116,17,59861,29483,0,0,0,0,15,2211110130,17,59861,11123,18100,1130,1150,1130.0,1131.25,3.614784456460256,11.066666666666666,23.4375,1130.0,1130.0,0.0,8788,1096,1116,1096.0,1098.5,2.2677868380553634,3.1428571428571432,43.75,1096.0,1096.0,0.0,1634046384.303189,0.0,6.442544937133788
1053,0,1,0,0,3,2,1096,2211110130,1130,64,1116,17,59861,29483,0,0,0,0,15,2211110130,17,59861,11123,19230,1130,1150,1130.0,1131.1764705882354,3.749999999999957,12.06249999999979,22.14532871972318,1130.0,1130.0,0.0,9884,1096,1116,1096.0,1098.2222222222222,2.4748737341529403,4.125000000000078,39.50617283950618,1096.0,1096.0,0.0,1634046384.303189,0.0,6.442544937133788
1054,0,1,0,0,3,2,1096,2211110130,1130,64,1116,17,59861,29483,0,0,0,0,15,2211110130,17,59861,11123,20360,1130,1150,1130.0,1131.111111111111,3.880570000581343,13.058823529411846,20.98765432098766,1130.0,1130.0,0.0,10980,1096,1116,1096.0,1098.0,2.6666666666666665,5.111111111111111,36.0,1096.0,1096.0,0.0,1634046384.303753,0.0005638599395751,6.443108797073363
1055,0,1,0,0,3,2,1096,2211110130,1130,64,1116,17,59861,29483,0,0,0,0,15,2211110130,17,59861,11123,21490,1130,1150,1130.0,1131.0526315789473,4.006938426723828,14.055555555555864,19.944598337950133,1130.0,1130.0,0.0,12076,1096,1116,1096.0,1097.8181818181818,2.8460498941515744,6.100000000000124,33.05785123966942,1096.0,1096.0,0.0,1634046384.303753,0.0,6.443108797073363
1056,0,1,0,0,3,2,1096,2211110130,1130,64,1116,17,59861,29483,0,0,0,0,15,2211110130,17,59861,11123,22620,1130,1150,1130.0,1131.0,4.129483209670112,15.05263157894737,19.0,1130.0,1130.0,0.0,13172,1096,1116,1096.0,1097.6666666666667,3.015113445777593,7.090909090908916,30.555555555555568,1096.0,1096.0,0.0,1634046384.303753,0.0,6.443108797073363
1057,0,1,0,0,3,2,1096,2211110130,1130,64,1116,17,59861,29483,0,0,0,0,15,2211110130,17,59861,11123,1130,1130,1130,1130.0,1130.0,0.0,-3.0,0.0,1130.0,1130.0,0.0,14268,1096,1116,1096.0,1097.5384615384614,3.1754264805429995,8.083333333333577,28.40236686390534,1096.0,1096.0,0.0,1634046384.303753,0.0,6.443108797073363
1058,0,1,0,0,3,2,1096,2211110130,1130,64,1116,17,59861,29483,0,0,0,0,15,2211110130,17,59861,11123,2260,1130,1130,1130.0,1130.0,0.0,-3.0,0.0,1130.0,1130.0,0.0,15364,1096,1116,1096.0,1097.428571428571,3.3282011773514317,9.07692307692333,26.530612244897952,1096.0,1096.0,0.0,1634046384.304249,0.0004961490631103,6.443604946136474
1059,0,1,0,0,3,2,1096,2211110130,1130,64,1116,17,59861,29483,0,0,0,0,15,2211110130,17,59861,11123,3390,1130,1130,1130.0,1130.0,0.0,-3.0,0.0,1130.0,1130.0,0.0,16460,1096,1116,1096.0,1097.3333333333333,3.474396144861561,10.071428571428772,24.888888888888903,1096.0,1096.0,0.0,1634046384.304249,0.0,6.443604946136474
1060,0,1,0,0,3,2,1096,2211110130,1130,64,1116,17,59861,29483,0,0,0,0,15,2211110130,17,59861,11123,4520,1130,1130,1130.0,1130.0,0.0,-3.0,0.0,1130.0,1130.0,0.0,17556,1096,1116,1096.0,1097.25,3.614784456460256,11.066666666666666,23.4375,1096.0,1096.0,0.0,1634046384.304249,0.0,6.443604946136474
1061,0,1,0,0,3,2,1096,2211110130,1130,64,1116,17,59861,29483,0,0,0,0,15,2211110130,17,59861,11123,5650,1130,1130,1130.0,1130.0,0.0,-3.0,0.0,1130.0,1130.0,0.0,18652,1096,1116,1096.0,1097.1764705882354,3.749999999999957,12.06249999999979,22.14532871972318,1096.0,1096.0,0.0,1634046384.304773,0.0005240440368652,6.444128990173339
1062,0,1,0,0,3,2,1096,2211110130,1130,64,1116,17,59861,29483,0,0,0,0,15,2211110130,17,59861,11123,6780,1130,1130,1130.0,1130.0,0.0,-3.0,0.0,1130.0,1130.0,0.0,19748,1096,1116,1096.0,1097.111111111111,3.880570000581343,13.058823529411846,20.98765432098766,1096.0,1096.0,0.0,1634046384.304773,0.0,6.444128990173339
1063,0,1,0,0,3,2,1096,2211110130,1130,64,1116,17,59861,29483,0,0,0,0,15,2211110130,17,59861,11123,7910,1130,1130,1130.0,1130.0,0.0,-3.0,0.0,1130.0,1130.0,0.0,20844,1096,1116,1096.0,1097.0526315789473,4.006938426723828,14.055555555555864,19.944598337950133,1096.0,1096.0,0.0,1634046384.304773,0.0,6.444128990173339
1064,0,1,0,0,3,2,1096,2211110130,1130,64,1116,17,59861,29483,0,0,0,0,15,2211110130,17,59861,11123,9040,1130,1130,1130.0,1130.0,0.0,-3.0,0.0,1130.0,1130.0,0.0,21940,1096,1116,1096.0,1097.0,4.129483209670112,15.05263157894737,19.0,1096.0,1096.0,0.0,1634046384.304773,0.0,6.444128990173339
1065,0,1,0,0,3,2,1096,2211110130,1130,64,1116,17,59861,29483,0,0,0,0,15,2211110130,17,59861,11123,10170,1130,1130,1130.0,1130.0,0.0,-3.0,0.0,1130.0,1130.0,0.0,1096,1096,1096,1096.0,1096.0,0.0,-3.0,0.0,1096.0,1096.0,0.0,1634046384.30528,0.0005068778991699,6.444635868072509
1066,0,1,0,0,3,2,1116,2211110130,1150,64,1136,17,59861,29483,0,0,0,0,15,2211110130,17,59861,11123,11320,1130,1150,1130.0,1132.0,2.6666666666666665,5.111111111111111,36.0,1130.0,1130.0,0.0,2212,1096,1116,1106.0,1106.0,0.0,-2.0,100.0,1111.0,1101.0,10.0,1634046384.30528,0.0,6.444635868072509
1067,0,1,0,0,3,2,1096,2211110130,1130,64,1116,17,59861,29483,0,0,0,0,15,2211110130,17,59861,11123,12450,1130,1150,1130.0,1131.8181818181818,2.846049894151573,6.100000000000124,33.05785123966942,1130.0,1130.0,0.0,3308,1096,1116,1096.0,1102.6666666666667,0.7071067811865236,-1.5000000000000222,88.88888888888887,1106.0,1096.0,10.0,1634046384.30528,0.0,6.444635868072509
1068,0,1,0,0,3,2,1096,2211110130,1130,64,1116,17,59861,29483,0,0,0,0,15,2211110130,17,59861,11123,13580,1130,1150,1130.0,1131.6666666666667,3.0151134457775943,7.090909090908921,30.55555555555556,1130.0,1130.0,0.0,4404,1096,1116,1096.0,1101.0,1.1547005383792517,-0.6666666666666665,75.0,1101.0,1096.0,5.0,1634046384.30528,0.0,6.444635868072509
1069,0,1,0,0,3,2,1096,2211110130,1130,64,1116,17,59861,29483,0,0,0,0,15,2211110130,17,59861,11123,14710,1130,1150,1130.0,1131.5384615384614,3.175426480543,8.08333333333358,28.402366863905332,1130.0,1130.0,0.0,5500,1096,1116,1096.0,1100.0,1.5,0.25,64.0,1096.0,1096.0,0.0,1634046384.305815,0.0005350112915039,6.445170879364013
1070,0,1,0,0,3,2,1096,2211110130,1130,64,1116,17,59861,29483,0,0,0,0,15,2211110130,17,59861,11123,15840,1130,1150,1130.0,1131.428571428571,3.328201177351432,9.07692307692333,26.530612244897952,1130.0,1130.0,0.0,6596,1096,1116,1096.0,1099.3333333333333,1.7888543819998608,1.2000000000000697,55.55555555555558,1096.0,1096.0,0.0,1634046384.305815,0.0,6.445170879364013
1071,0,1,0,0,3,2,1096,2211110130,1130,64,1116,17,59861,29483,0,0,0,0,15,2211110130,17,59861,11123,16970,1130,1150,1130.0,1131.3333333333333,3.474396144861562,10.071428571428774,24.8888888888889,1130.0,1130.0,0.0,7692,1096,1116,1096.0,1098.857142857143,2.041241452319301,2.166666666666627,48.9795918367347,1096.0,1096.0,0.0,1634046384.305815,0.0,6.445170879364013
1072,0,1,0,0,3,2,1096,2211110130,1130,64,1116,17,59861,29483,0,0,0,0,15,2211110130,17,59861,11123,18100,1130,1150,1130.0,1131.25,3.614784456460256,11.066666666666666,23.4375,1130.0,1130.0,0.0,8788,1096,1116,1096.0,1098.5,2.2677868380553634,3.1428571428571432,43.75,1096.0,1096.0,0.0,1634046384.305815,0.0,6.445170879364013
1073,0,1,0,0,3,2,1096,2211110130,1130,64,1116,17,59861,29483,0,0,0,0,15,2211110130,17,59861,11123,19230,1130,1150,1130.0,1131.1764705882354,3.749999999999957,12.06249999999979,22.14532871972318,1130.0,1130.0,0.0,9884,1096,1116,1096.0,1098.2222222222222,2.4748737341529403,4.125000000000078,39.50617283950618,1096.0,1096.0,0.0,1634046384.306307,0.0004920959472656,6.445662975311278
1074,0,1,0,0,3,2,1096,2211110130,1130,64,1116,17,59861,29483,0,0,0,0,15,2211110130,17,59861,11123,20360,1130,1150,1130.0,1131.111111111111,3.880570000581343,13.058823529411846,20.98765432098766,1130.0,1130.0,0.0,10980,1096,1116,1096.0,1098.0,2.6666666666666665,5.111111111111111,36.0,1096.0,1096.0,0.0,1634046384.306307,0.0,6.445662975311278
1075,0,1,0,0,3,2,1096,2211110130,1130,64,1116,17,59861,29483,0,0,0,0,15,2211110130,17,59861,11123,21490,1130,1150,1130.0,1131.0526315789473,4.006938426723828,14.055555555555864,19.944598337950133,1130.0,1130.0,0.0,12076,1096,1116,1096.0,1097.8181818181818,2.8460498941515744,6.100000000000124,33.05785123966942,1096.0,1096.0,0.0,1634046384.306307,0.0,6.445662975311278
1076,0,1,0,0,3,2,1096,2211110130,1130,64,1116,17,59861,29483,0,0,0,0,15,2211110130,17,59861,11123,22620,1130,1150,1130.0,1131.0,4.129483209670112,15.05263157894737,19.0,1130.0,1130.0,0.0,13172,1096,1116,1096.0,1097.6666666666667,3.015113445777593,7.090909090908916,30.555555555555568,1096.0,1096.0,0.0,1634046384.306307,0.0,6.445662975311278
1077,0,1,0,0,3,2,1096,2211110130,1130,64,1116,17,59861,29483,0,0,0,0,15,2211110130,17,59861,11123,1130,1130,1130,1130.0,1130.0,0.0,-3.0,0.0,1130.0,1130.0,0.0,14268,1096,1116,1096.0,1097.5384615384614,3.1754264805429995,8.083333333333577,28.40236686390534,1096.0,1096.0,0.0,1634046384.306874,0.0005669593811035,6.446229934692382
1078,0,1,0,0,3,2,1096,2211110130,1130,64,1116,17,59861,29483,0,0,0,0,15,2211110130,17,59861,11123,2260,1130,1130,1130.0,1130.0,0.0,-3.0,0.0,1130.0,1130.0,0.0,15364,1096,1116,1096.0,1097.428571428571,3.3282011773514317,9.07692307692333,26.530612244897952,1096.0,1096.0,0.0,1634046384.306874,0.0,6.446229934692382
1079,0,1,0,0,3,2,1096,2211110130,1130,64,1116,17,59861,29483,0,0,0,0,15,2211110130,17,59861,11123,3390,1130,1130,1130.0,1130.0,0.0,-3.0,0.0,1130.0,1130.0,0.0,16460,1096,1116,1096.0,1097.3333333333333,3.474396144861561,10.071428571428772,24.888888888888903,1096.0,1096.0,0.0,1634046384.306874,0.0,6.446229934692382
1080,0,1,0,0,3,2,1096,2211110130,1130,64,1116,17,59861,29483,0,0,0,0,15,2211110130,17,59861,11123,4520,1130,1130,1130.0,1130.0,0.0,-3.0,0.0,1130.0,1130.0,0.0,17556,1096,1116,1096.0,1097.25,3.614784456460256,11.066666666666666,23.4375,1096.0,1096.0,0.0,1634046384.306874,0.0,6.446229934692382
1081,0,1,0,0,3,2,1096,2211110130,1130,64,1116,17,59861,29483,0,0,0,0,15,2211110130,17,59861,11123,5650,1130,1130,1130.0,1130.0,0.0,-3.0,0.0,1130.0,1130.0,0.0,18652,1096,1116,1096.0,1097.1764705882354,3.749999999999957,12.06249999999979,22.14532871972318,1096.0,1096.0,0.0,1634046384.306874,0.0,6.446229934692382
1082,0,1,0,0,3,2,1096,2211110130,1130,64,1116,17,59861,29483,0,0,0,0,15,2211110130,17,59861,11123,6780,1130,1130,1130.0,1130.0,0.0,-3.0,0.0,1130.0,1130.0,0.0,19748,1096,1116,1096.0,1097.111111111111,3.880570000581343,13.058823529411846,20.98765432098766,1096.0,1096.0,0.0,1634046384.30749,0.0006160736083984,6.44684600830078
1083,0,1,0,0,3,2,1096,2211110130,1130,64,1116,17,59861,29483,0,0,0,0,15,2211110130,17,59861,11123,7910,1130,1130,1130.0,1130.0,0.0,-3.0,0.0,1130.0,1130.0,0.0,20844,1096,1116,1096.0,1097.0526315789473,4.006938426723828,14.055555555555864,19.944598337950133,1096.0,1096.0,0.0,1634046384.30749,0.0,6.44684600830078
1084,0,1,0,0,3,2,1096,2211110130,1130,64,1116,17,59861,29483,0,0,0,0,15,2211110130,17,59861,11123,9040,1130,1130,1130.0,1130.0,0.0,-3.0,0.0,1130.0,1130.0,0.0,21940,1096,1116,1096.0,1097.0,4.129483209670112,15.05263157894737,19.0,1096.0,1096.0,0.0,1634046384.30749,0.0,6.44684600830078
1085,0,1,0,0,3,2,1096,2211110130,1130,64,1116,17,59861,29483,0,0,0,0,15,2211110130,17,59861,11123,10170,1130,1130,1130.0,1130.0,0.0,-3.0,0.0,1130.0,1130.0,0.0,1096,1096,1096,1096.0,1096.0,0.0,-3.0,0.0,1096.0,1096.0,0.0,1634046384.308018,0.0005278587341308,6.447373867034911
1086,0,1,0,0,3,2,1096,2211110130,1130,64,1116,17,59861,29483,0,0,0,0,15,2211110130,17,59861,11123,11300,1130,1130,1130.0,1130.0,0.0,-3.0,0.0,1130.0,1130.0,0.0,2192,1096,1096,1096.0,1096.0,0.0,-3.0,0.0,1096.0,1096.0,0.0,1634046384.308018,0.0,6.447373867034911
1087,0,1,0,0,3,2,1116,2211110130,1150,64,1136,17,59861,29483,0,0,0,0,15,2211110130,17,59861,11123,12450,1130,1150,1130.0,1131.8181818181818,2.846049894151573,6.100000000000126,33.05785123966942,1130.0,1130.0,0.0,3308,1096,1116,1096.0,1102.6666666666667,0.7071067811865238,-1.5000000000000222,88.88888888888887,1106.0,1096.0,10.0,1634046384.308018,0.0,6.447373867034911
1088,0,1,0,0,3,2,1096,2211110130,1130,64,1116,17,59861,29483,0,0,0,0,15,2211110130,17,59861,11123,13580,1130,1150,1130.0,1131.6666666666667,3.0151134457775943,7.090909090908923,30.55555555555556,1130.0,1130.0,0.0,4404,1096,1116,1096.0,1101.0,1.1547005383792517,-0.6666666666666665,75.0,1101.0,1096.0,5.0,1634046384.308018,0.0,6.447373867034911
1089,0,1,0,0,3,2,1096,2211110130,1130,64,1116,17,59861,29483,0,0,0,0,15,2211110130,17,59861,11123,14710,1130,1150,1130.0,1131.5384615384614,3.175426480543001,8.083333333333583,28.40236686390533,1130.0,1130.0,0.0,5500,1096,1116,1096.0,1100.0,1.5,0.25,64.0,1096.0,1096.0,0.0,1634046384.308534,0.0005159378051757,6.447889804840087
1090,0,1,0,0,3,2,1096,2211110130,1130,64,1116,17,59861,29483,0,0,0,0,15,2211110130,17,59861,11123,15840,1130,1150,1130.0,1131.428571428571,3.3282011773514317,9.076923076923327,26.53061224489796,1130.0,1130.0,0.0,6596,1096,1116,1096.0,1099.3333333333333,1.7888543819998612,1.2000000000000703,55.55555555555557,1096.0,1096.0,0.0,1634046384.308534,0.0,6.447889804840087
1091,0,1,0,0,3,2,1096,2211110130,1130,64,1116,17,59861,29483,0,0,0,0,15,2211110130,17,59861,11123,16970,1130,1150,1130.0,1131.3333333333333,3.474396144861561,10.071428571428774,24.8888888888889,1130.0,1130.0,0.0,7692,1096,1116,1096.0,1098.857142857143,2.041241452319301,2.166666666666627,48.9795918367347,1096.0,1096.0,0.0,1634046384.308534,0.0,6.447889804840087
1092,0,1,0,0,3,2,1096,2211110130,1130,64,1116,17,59861,29483,0,0,0,0,15,2211110130,17,59861,11123,18100,1130,1150,1130.0,1131.25,3.614784456460256,11.066666666666666,23.4375,1130.0,1130.0,0.0,8788,1096,1116,1096.0,1098.5,2.2677868380553634,3.1428571428571432,43.75,1096.0,1096.0,0.0,1634046384.308534,0.0,6.447889804840087
1093,0,1,0,0,3,2,1096,2211110130,1130,64,1116,17,59861,29483,0,0,0,0,15,2211110130,17,59861,11123,19230,1130,1150,1130.0,1131.1764705882354,3.749999999999957,12.06249999999979,22.14532871972318,1130.0,1130.0,0.0,9884,1096,1116,1096.0,1098.2222222222222,2.4748737341529403,4.125000000000078,39.50617283950618,1096.0,1096.0,0.0,1634046384.309043,0.0005090236663818,6.448398828506469
1094,0,1,0,0,3,2,1096,2211110130,1130,64,1116,17,59861,29483,0,0,0,0,15,2211110130,17,59861,11123,20360,1130,1150,1130.0,1131.111111111111,3.880570000581343,13.058823529411846,20.98765432098766,1130.0,1130.0,0.0,10980,1096,1116,1096.0,1098.0,2.6666666666666665,5.111111111111111,36.0,1096.0,1096.0,0.0,1634046384.309043,0.0,6.448398828506469
1095,0,1,0,0,3,2,1096,2211110130,1130,64,1116,17,59861,29483,0,0,0,0,15,2211110130,17,59861,11123,21490,1130,1150,1130.0,1131.0526315789473,4.006938426723828,14.055555555555864,19.944598337950133,1130.0,1130.0,0.0,12076,1096,1116,1096.0,1097.8181818181818,2.8460498941515744,6.100000000000124,33.05785123966942,1096.0,1096.0,0.0,1634046384.309043,0.0,6.448398828506469
1096,0,1,0,0,3,2,1096,2211110130,1130,64,1116,17,59861,29483,0,0,0,0,15,2211110130,17,59861,11123,22620,1130,1150,1130.0,1131.0,4.129483209670112,15.05263157894737,19.0,1130.0,1130.0,0.0,13172,1096,1116,1096.0,1097.6666666666667,3.015113445777593,7.090909090908916,30.555555555555568,1096.0,1096.0,0.0,1634046384.309043,0.0,6.448398828506469
1097,0,1,0,0,3,2,1096,2211110130,1130,64,1116,17,59861,29483,0,0,0,0,15,2211110130,17,59861,11123,1130,1130,1130,1130.0,1130.0,0.0,-3.0,0.0,1130.0,1130.0,0.0,14268,1096,1116,1096.0,1097.5384615384614,3.1754264805429995,8.083333333333577,28.40236686390534,1096.0,1096.0,0.0,1634046384.309573,0.0005300045013427,6.448928833007812
1098,0,1,0,0,3,2,1096,2211110130,1130,64,1116,17,59861,29483,0,0,0,0,15,2211110130,17,59861,11123,2260,1130,1130,1130.0,1130.0,0.0,-3.0,0.0,1130.0,1130.0,0.0,15364,1096,1116,1096.0,1097.428571428571,3.3282011773514317,9.07692307692333,26.530612244897952,1096.0,1096.0,0.0,1634046384.309573,0.0,6.448928833007812
1099,0,1,0,0,3,2,1096,2211110130,1130,64,1116,17,59861,29483,0,0,0,0,15,2211110130,17,59861,11123,3390,1130,1130,1130.0,1130.0,0.0,-3.0,0.0,1130.0,1130.0,0.0,16460,1096,1116,1096.0,1097.3333333333333,3.474396144861561,10.071428571428772,24.888888888888903,1096.0,1096.0,0.0,1634046384.309573,0.0,6.448928833007812
1100,0,1,0,0,3,2,1096,2211110130,1130,64,1116,17,59861,29483,0,0,0,0,15,2211110130,17,59861,11123,4520,1130,1130,1130.0,1130.0,0.0,-3.0,0.0,1130.0,1130.0,0.0,17556,1096,1116,1096.0,1097.25,3.614784456460256,11.066666666666666,23.4375,1096.0,1096.0,0.0,1634046384.309573,0.0,6.448928833007812
1101,0,1,0,0,3,2,1096,2211110130,1130,64,1116,17,59861,29483,0,0,0,0,15,2211110130,17,59861,11123,5650,1130,1130,1130.0,1130.0,0.0,-3.0,0.0,1130.0,1130.0,0.0,18652,1096,1116,1096.0,1097.1764705882354,3.749999999999957,12.06249999999979,22.14532871972318,1096.0,1096.0,0.0,1634046384.310076,0.0005030632019042,6.449431896209716
1102,0,1,0,0,3,2,1096,2211110130,1130,64,1116,17,59861,29483,0,0,0,0,15,2211110130,17,59861,11123,6780,1130,1130,1130.0,1130.0,0.0,-3.0,0.0,1130.0,1130.0,0.0,19748,1096,1116,1096.0,1097.111111111111,3.880570000581343,13.058823529411846,20.98765432098766,1096.0,1096.0,0.0,1634046384.310076,0.0,6.449431896209716
1103,0,1,0,0,3,2,1096,2211110130,1130,64,1116,17,59861,29483,0,0,0,0,15,2211110130,17,59861,11123,7910,1130,1130,1130.0,1130.0,0.0,-3.0,0.0,1130.0,1130.0,0.0,20844,1096,1116,1096.0,1097.0526315789473,4.006938426723828,14.055555555555864,19.944598337950133,1096.0,1096.0,0.0,1634046384.310076,0.0,6.449431896209716
1104,0,1,0,0,3,2,1096,2211110130,1130,64,1116,17,59861,29483,0,0,0,0,15,2211110130,17,59861,11123,9040,1130,1130,1130.0,1130.0,0.0,-3.0,0.0,1130.0,1130.0,0.0,21940,1096,1116,1096.0,1097.0,4.129483209670112,15.05263157894737,19.0,1096.0,1096.0,0.0,1634046384.310076,0.0,6.449431896209716
1105,0,1,0,0,3,2,1096,2211110130,1130,64,1116,17,59861,29483,0,0,0,0,15,2211110130,17,59861,11123,10170,1130,1130,1130.0,1130.0,0.0,-3.0,0.0,1130.0,1130.0,0.0,1096,1096,1096,1096.0,1096.0,0.0,-3.0,0.0,1096.0,1096.0,0.0,1634046384.310608,0.0005319118499755,6.4499638080596915
1106,0,1,0,0,3,2,1096,2211110130,1130,64,1116,17,59861,29483,0,0,0,0,15,2211110130,17,59861,11123,11300,1130,1130,1130.0,1130.0,0.0,-3.0,0.0,1130.0,1130.0,0.0,2192,1096,1096,1096.0,1096.0,0.0,-3.0,0.0,1096.0,1096.0,0.0,1634046384.310608,0.0,6.4499638080596915
1107,0,1,0,0,3,2,1096,2211110130,1130,64,1116,17,59861,29483,0,0,0,0,15,2211110130,17,59861,11123,12430,1130,1130,1130.0,1130.0,0.0,-3.0,0.0,1130.0,1130.0,0.0,3288,1096,1096,1096.0,1096.0,0.0,-3.0,0.0,1096.0,1096.0,0.0,1634046384.310608,0.0,6.4499638080596915
1108,0,1,0,0,3,2,1116,2211110130,1150,64,1136,17,59861,29483,0,0,0,0,15,2211110130,17,59861,11123,13580,1130,1150,1130.0,1131.6666666666667,3.015113445777595,7.090909090908927,30.55555555555556,1130.0,1130.0,0.0,4404,1096,1116,1096.0,1101.0,1.1547005383792517,-0.6666666666666665,75.0,1101.0,1096.0,5.0,1634046384.311544,0.0009360313415527,6.450899839401244
1109,0,1,0,0,3,2,1096,2211110130,1130,64,1116,17,59861,29483,0,0,0,0,15,2211110130,17,59861,11123,14710,1130,1150,1130.0,1131.5384615384614,3.1754264805430004,8.083333333333583,28.40236686390533,1130.0,1130.0,0.0,5500,1096,1116,1096.0,1100.0,1.5,0.25,64.0,1096.0,1096.0,0.0,1634046384.311544,0.0,6.450899839401244
1110,0,1,0,0,3,2,1096,2211110130,1130,64,1116,17,59861,29483,0,0,0,0,15,2211110130,17,59861,11123,15840,1130,1150,1130.0,1131.428571428571,3.3282011773514317,9.076923076923327,26.53061224489796,1130.0,1130.0,0.0,6596,1096,1116,1096.0,1099.3333333333333,1.788854381999862,1.2000000000000703,55.55555555555557,1096.0,1096.0,0.0,1634046384.311544,0.0,6.450899839401244
1111,0,1,0,0,3,2,1096,2211110130,1130,64,1116,17,59861,29483,0,0,0,0,15,2211110130,17,59861,11123,16970,1130,1150,1130.0,1131.3333333333333,3.4743961448615623,10.07142857142878,24.888888888888896,1130.0,1130.0,0.0,7692,1096,1116,1096.0,1098.857142857143,2.041241452319301,2.166666666666627,48.9795918367347,1096.0,1096.0,0.0,1634046384.311544,0.0,6.450899839401244
1112,0,1,0,0,3,2,1096,2211110130,1130,64,1116,17,59861,29483,0,0,0,0,15,2211110130,17,59861,11123,18100,1130,1150,1130.0,1131.25,3.614784456460256,11.066666666666666,23.4375,1130.0,1130.0,0.0,8788,1096,1116,1096.0,1098.5,2.2677868380553634,3.1428571428571432,43.75,1096.0,1096.0,0.0,1634046384.312074,0.0005300045013427,6.451429843902587
1113,0,1,0,0,3,2,1096,2211110130,1130,64,1116,17,59861,29483,0,0,0,0,15,2211110130,17,59861,11123,19230,1130,1150,1130.0,1131.1764705882354,3.749999999999957,12.06249999999979,22.14532871972318,1130.0,1130.0,0.0,9884,1096,1116,1096.0,1098.2222222222222,2.4748737341529403,4.125000000000078,39.50617283950618,1096.0,1096.0,0.0,1634046384.312074,0.0,6.451429843902587
1114,0,1,0,0,3,2,1096,2211110130,1130,64,1116,17,59861,29483,0,0,0,0,15,2211110130,17,59861,11123,20360,1130,1150,1130.0,1131.111111111111,3.880570000581343,13.058823529411846,20.98765432098766,1130.0,1130.0,0.0,10980,1096,1116,1096.0,1098.0,2.6666666666666665,5.111111111111111,36.0,1096.0,1096.0,0.0,1634046384.312074,0.0,6.451429843902587
1115,0,1,0,0,3,2,1096,2211110130,1130,64,1116,17,59861,29483,0,0,0,0,15,2211110130,17,59861,11123,21490,1130,1150,1130.0,1131.0526315789473,4.006938426723828,14.055555555555864,19.944598337950133,1130.0,1130.0,0.0,12076,1096,1116,1096.0,1097.8181818181818,2.8460498941515744,6.100000000000124,33.05785123966942,1096.0,1096.0,0.0,1634046384.312074,0.0,6.451429843902587
1116,0,1,0,0,2,3,60,3232270721,94,47,80,17,29483,59861,0,0,0,0,15,2211110130,17,59861,11123,21584,94,1150,1130.0,1079.2,-4.126902377109574,15.039394113983295,51104.16,1130.0,1130.0,0.0,12136,60,1116,1096.0,1011.3333333333334,-3.0130945037310863,7.08370744949432,82306.22222222223,1096.0,1096.0,0.0,1634046384.318924,0.0068500041961669,6.458279848098754
1117,0,1,0,0,3,2,1096,2211110130,1130,64,1116,17,59861,29483,0,0,0,0,15,2211110130,17,59861,11123,1130,1130,1130,1130.0,1130.0,0.0,-3.0,0.0,1130.0,1130.0,0.0,13232,60,1116,1096.0,1017.8461538461538,-3.1733286004817063,8.07537186237088,76483.97633136094,1096.0,1096.0,0.0,1634046384.319297,0.0003731250762939,6.458652973175048
1118,0,1,0,0,3,2,1096,2211110130,1130,64,1116,17,59861,29483,0,0,0,0,15,2211110130,17,59861,11123,2260,1130,1130,1130.0,1130.0,0.0,-3.0,0.0,1130.0,1130.0,0.0,14328,60,1116,1096.0,1023.4285714285714,-3.326027414504148,9.068203973225348,71425.95918367348,1096.0,1096.0,0.0,1634046384.319297,0.0,6.458652973175048
1119,0,1,0,0,3,2,1096,2211110130,1130,64,1116,17,59861,29483,0,0,0,0,15,2211110130,17,59861,11123,3390,1130,1130,1130.0,1130.0,0.0,-3.0,0.0,1130.0,1130.0,0.0,15424,60,1116,1096.0,1028.2666666666669,-3.472149200414126,10.061953585421174,66991.92888888888,1096.0,1096.0,0.0,1634046384.319297,0.0,6.458652973175048
1120,0,1,0,0,3,2,1096,2211110130,1130,64,1116,17,59861,29483,0,0,0,0,15,2211110130,17,59861,11123,4520,1130,1130,1130.0,1130.0,0.0,-3.0,0.0,1130.0,1130.0,0.0,16520,60,1116,1096.0,1032.5,-3.612466745270548,11.056437214953894,63073.75,1096.0,1096.0,0.0,1634046384.319939,0.0006418228149414,6.459294795989989
1121,0,1,0,0,3,2,1096,2211110130,1130,64,1116,17,59861,29483,0,0,0,0,15,2211110130,17,59861,11123,5650,1130,1130,1130.0,1130.0,0.0,-3.0,0.0,1130.0,1130.0,0.0,17616,60,1116,1096.0,1036.235294117647,-3.7476137006394223,12.051517244761014,59586.76816608997,1096.0,1096.0,0.0,1634046384.319939,0.0,6.459294795989989
1122,0,1,0,0,3,2,1096,2211110130,1130,64,1116,17,59861,29483,0,0,0,0,15,2211110130,17,59861,11123,6780,1130,1130,1130.0,1130.0,0.0,-3.0,0.0,1130.0,1130.0,0.0,18712,60,1116,1096.0,1039.5555555555557,-3.878117093396443,13.047088435632755,56463.8024691358,1096.0,1096.0,0.0,1634046384.319939,0.0,6.459294795989989
1123,0,1,0,0,3,2,1096,2211110130,1130,64,1116,17,59861,29483,0,0,0,0,15,2211110130,17,59861,11123,7910,1130,1130,1130.0,1130.0,0.0,-3.0,0.0,1130.0,1130.0,0.0,19808,60,1116,1096.0,1042.5263157894738,-4.004420723481373,14.043068933092917,53650.88088642659,1096.0,1096.0,0.0,1634046384.320572,0.0006330013275146,6.459927797317504
1124,0,1,0,0,3,2,1096,2211110130,1130,64,1116,17,59861,29483,0,0,0,0,15,2211110130,17,59861,11123,9040,1130,1130,1130.0,1130.0,0.0,-3.0,0.0,1130.0,1130.0,0.0,20904,60,1116,1096.0,1045.2,-4.126902377109574,15.039394113983292,51104.16,1096.0,1096.0,0.0,1634046384.320572,0.0,6.459927797317504
1125,0,1,0,0,3,2,1096,2211110130,1130,64,1116,17,59861,29483,0,0,0,0,15,2211110130,17,59861,11123,10170,1130,1130,1130.0,1130.0,0.0,-3.0,0.0,1130.0,1130.0,0.0,1096,1096,1096,1096.0,1096.0,0.0,-3.0,0.0,1096.0,1096.0,0.0,1634046384.320572,0.0,6.459927797317504
1126,0,1,0,0,3,2,1096,2211110130,1130,64,1116,17,59861,29483,0,0,0,0,15,2211110130,17,59861,11123,11300,1130,1130,1130.0,1130.0,0.0,-3.0,0.0,1130.0,1130.0,0.0,2192,1096,1096,1096.0,1096.0,0.0,-3.0,0.0,1096.0,1096.0,0.0,1634046384.321222,0.0006501674652099,6.460577964782714
1127,0,1,0,0,3,2,1096,2211110130,1130,64,1116,17,59861,29483,0,0,0,0,15,2211110130,17,59861,11123,12430,1130,1130,1130.0,1130.0,0.0,-3.0,0.0,1130.0,1130.0,0.0,3288,1096,1096,1096.0,1096.0,0.0,-3.0,0.0,1096.0,1096.0,0.0,1634046384.321222,0.0,6.460577964782714
1128,0,1,0,0,3,2,1096,2211110130,1130,64,1116,17,59861,29483,0,0,0,0,15,2211110130,17,59861,11123,13560,1130,1130,1130.0,1130.0,0.0,-3.0,0.0,1130.0,1130.0,0.0,4384,1096,1096,1096.0,1096.0,0.0,-3.0,0.0,1096.0,1096.0,0.0,1634046384.321222,0.0,6.460577964782714
1129,0,1,0,0,3,2,1096,2211110130,1130,64,1116,17,59861,29483,0,0,0,0,15,2211110130,17,59861,11123,14690,1130,1130,1130.0,1130.0,0.0,-3.0,0.0,1130.0,1130.0,0.0,5480,1096,1096,1096.0,1096.0,0.0,-3.0,0.0,1096.0,1096.0,0.0,1634046384.321864,0.0006418228149414,6.461219787597655
1130,0,1,0,0,3,2,1116,2211110130,1150,64,1136,17,59861,29483,0,0,0,0,15,2211110130,17,59861,11123,15840,1130,1150,1130.0,1131.428571428571,3.328201177351432,9.07692307692333,26.53061224489796,1130.0,1130.0,0.0,6596,1096,1116,1096.0,1099.3333333333333,1.788854381999862,1.200000000000072,55.55555555555557,1096.0,1096.0,0.0,1634046384.321864,0.0,6.461219787597655
1131,0,1,0,0,3,2,1096,2211110130,1130,64,1116,17,59861,29483,0,0,0,0,15,2211110130,17,59861,11123,16970,1130,1150,1130.0,1131.3333333333333,3.4743961448615623,10.07142857142878,24.888888888888893,1130.0,1130.0,0.0,7692,1096,1116,1096.0,1098.857142857143,2.041241452319301,2.166666666666627,48.9795918367347,1096.0,1096.0,0.0,1634046384.321864,0.0,6.461219787597655
1132,0,1,0,0,3,2,1096,2211110130,1130,64,1116,17,59861,29483,0,0,0,0,15,2211110130,17,59861,11123,18100,1130,1150,1130.0,1131.25,3.614784456460256,11.066666666666666,23.4375,1130.0,1130.0,0.0,8788,1096,1116,1096.0,1098.5,2.2677868380553634,3.1428571428571432,43.75,1096.0,1096.0,0.0,1634046384.33868,0.0168161392211914,6.478035926818847
1133,0,1,0,0,3,2,1096,2211110130,1130,64,1116,17,59861,29483,0,0,0,0,15,2211110130,17,59861,11123,19230,1130,1150,1130.0,1131.1764705882354,3.749999999999957,12.06249999999979,22.14532871972318,1130.0,1130.0,0.0,9884,1096,1116,1096.0,1098.2222222222222,2.4748737341529403,4.125000000000078,39.50617283950618,1096.0,1096.0,0.0,1634046384.33868,0.0,6.478035926818847
1134,0,1,0,0,3,2,1096,2211110130,1130,64,1116,17,59861,29483,0,0,0,0,15,2211110130,17,59861,11123,20360,1130,1150,1130.0,1131.111111111111,3.880570000581343,13.058823529411846,20.98765432098766,1130.0,1130.0,0.0,10980,1096,1116,1096.0,1098.0,2.6666666666666665,5.111111111111111,36.0,1096.0,1096.0,0.0,1634046384.33868,0.0,6.478035926818847
1135,0,1,0,0,3,2,1096,2211110130,1130,64,1116,17,59861,29483,0,0,0,0,15,2211110130,17,59861,11123,21490,1130,1150,1130.0,1131.0526315789473,4.006938426723828,14.055555555555864,19.944598337950133,1130.0,1130.0,0.0,12076,1096,1116,1096.0,1097.8181818181818,2.8460498941515744,6.100000000000124,33.05785123966942,1096.0,1096.0,0.0,1634046384.339324,0.0006439685821533,6.478679895401
1136,0,1,0,0,3,2,1096,2211110130,1130,64,1116,17,59861,29483,0,0,0,0,15,2211110130,17,59861,11123,22620,1130,1150,1130.0,1131.0,4.129483209670112,15.05263157894737,19.0,1130.0,1130.0,0.0,13172,1096,1116,1096.0,1097.6666666666667,3.015113445777593,7.090909090908916,30.555555555555568,1096.0,1096.0,0.0,1634046384.339324,0.0,6.478679895401
1137,0,1,0,0,3,2,1096,2211110130,1130,64,1116,17,59861,29483,0,0,0,0,15,2211110130,17,59861,11123,1130,1130,1130,1130.0,1130.0,0.0,-3.0,0.0,1130.0,1130.0,0.0,14268,1096,1116,1096.0,1097.5384615384614,3.1754264805429995,8.083333333333577,28.40236686390534,1096.0,1096.0,0.0,1634046384.339324,0.0,6.478679895401
1138,0,1,0,0,3,2,1096,2211110130,1130,64,1116,17,59861,29483,0,0,0,0,15,2211110130,17,59861,11123,2260,1130,1130,1130.0,1130.0,0.0,-3.0,0.0,1130.0,1130.0,0.0,15364,1096,1116,1096.0,1097.428571428571,3.3282011773514317,9.07692307692333,26.530612244897952,1096.0,1096.0,0.0,1634046384.339966,0.0006420612335205,6.479321956634521
1139,0,1,0,0,3,2,1096,2211110130,1130,64,1116,17,59861,29483,0,0,0,0,15,2211110130,17,59861,11123,3390,1130,1130,1130.0,1130.0,0.0,-3.0,0.0,1130.0,1130.0,0.0,16460,1096,1116,1096.0,1097.3333333333333,3.474396144861561,10.071428571428772,24.888888888888903,1096.0,1096.0,0.0,1634046384.339966,0.0,6.479321956634521
1140,0,1,0,0,3,2,1096,2211110130,1130,64,1116,17,59861,29483,0,0,0,0,15,2211110130,17,59861,11123,4520,1130,1130,1130.0,1130.0,0.0,-3.0,0.0,1130.0,1130.0,0.0,17556,1096,1116,1096.0,1097.25,3.614784456460256,11.066666666666666,23.4375,1096.0,1096.0,0.0,1634046384.339966,0.0,6.479321956634521
1141,0,1,0,0,3,2,1096,2211110130,1130,64,1116,17,59861,29483,0,0,0,0,15,2211110130,17,59861,11123,5650,1130,1130,1130.0,1130.0,0.0,-3.0,0.0,1130.0,1130.0,0.0,18652,1096,1116,1096.0,1097.1764705882354,3.749999999999957,12.06249999999979,22.14532871972318,1096.0,1096.0,0.0,1634046384.340599,0.0006330013275146,6.479954957962035
1142,0,1,0,0,3,2,1096,2211110130,1130,64,1116,17,59861,29483,0,0,0,0,15,2211110130,17,59861,11123,6780,1130,1130,1130.0,1130.0,0.0,-3.0,0.0,1130.0,1130.0,0.0,19748,1096,1116,1096.0,1097.111111111111,3.880570000581343,13.058823529411846,20.98765432098766,1096.0,1096.0,0.0,1634046384.340599,0.0,6.479954957962035
1143,0,1,0,0,3,2,1096,2211110130,1130,64,1116,17,59861,29483,0,0,0,0,15,2211110130,17,59861,11123,7910,1130,1130,1130.0,1130.0,0.0,-3.0,0.0,1130.0,1130.0,0.0,20844,1096,1116,1096.0,1097.0526315789473,4.006938426723828,14.055555555555864,19.944598337950133,1096.0,1096.0,0.0,1634046384.340599,0.0,6.479954957962035
1144,0,1,0,0,3,2,1096,2211110130,1130,64,1116,17,59861,29483,0,0,0,0,15,2211110130,17,59861,11123,9040,1130,1130,1130.0,1130.0,0.0,-3.0,0.0,1130.0,1130.0,0.0,21940,1096,1116,1096.0,1097.0,4.129483209670112,15.05263157894737,19.0,1096.0,1096.0,0.0,1634046384.341251,0.0006518363952636,6.480606794357299
1145,0,1,0,0,3,2,1096,2211110130,1130,64,1116,17,59861,29483,0,0,0,0,15,2211110130,17,59861,11123,10170,1130,1130,1130.0,1130.0,0.0,-3.0,0.0,1130.0,1130.0,0.0,1096,1096,1096,1096.0,1096.0,0.0,-3.0,0.0,1096.0,1096.0,0.0,1634046384.341251,0.0,6.480606794357299
1146,0,1,0,0,3,2,1096,2211110130,1130,64,1116,17,59861,29483,0,0,0,0,15,2211110130,17,59861,11123,11300,1130,1130,1130.0,1130.0,0.0,-3.0,0.0,1130.0,1130.0,0.0,2192,1096,1096,1096.0,1096.0,0.0,-3.0,0.0,1096.0,1096.0,0.0,1634046384.341251,0.0,6.480606794357299
1147,0,1,0,0,3,2,1096,2211110130,1130,64,1116,17,59861,29483,0,0,0,0,15,2211110130,17,59861,11123,12430,1130,1130,1130.0,1130.0,0.0,-3.0,0.0,1130.0,1130.0,0.0,3288,1096,1096,1096.0,1096.0,0.0,-3.0,0.0,1096.0,1096.0,0.0,1634046384.341905,0.0006542205810546,6.481261014938354
1148,0,1,0,0,3,2,1096,2211110130,1130,64,1116,17,59861,29483,0,0,0,0,15,2211110130,17,59861,11123,13560,1130,1130,1130.0,1130.0,0.0,-3.0,0.0,1130.0,1130.0,0.0,4384,1096,1096,1096.0,1096.0,0.0,-3.0,0.0,1096.0,1096.0,0.0,1634046384.341905,0.0,6.481261014938354
1149,0,1,0,0,3,2,1096,2211110130,1130,64,1116,17,59861,29483,0,0,0,0,15,2211110130,17,59861,11123,14690,1130,1130,1130.0,1130.0,0.0,-3.0,0.0,1130.0,1130.0,0.0,5480,1096,1096,1096.0,1096.0,0.0,-3.0,0.0,1096.0,1096.0,0.0,1634046384.341905,0.0,6.481261014938354
1150,0,1,0,0,3,2,1096,2211110130,1130,64,1116,17,59861,29483,0,0,0,0,15,2211110130,17,59861,11123,15820,1130,1130,1130.0,1130.0,0.0,-3.0,0.0,1130.0,1130.0,0.0,6576,1096,1096,1096.0,1096.0,0.0,-3.0,0.0,1096.0,1096.0,0.0,1634046384.342546,0.000640869140625,6.481901884078979
1151,0,1,0,0,3,2,1116,2211110130,1150,64,1136,17,59861,29483,0,0,0,0,15,2211110130,17,59861,11123,16970,1130,1150,1130.0,1131.3333333333333,3.474396144861561,10.07142857142878,24.888888888888893,1130.0,1130.0,0.0,7692,1096,1116,1096.0,1098.857142857143,2.041241452319302,2.1666666666666297,48.97959183673469,1096.0,1096.0,0.0,1634046384.342546,0.0,6.481901884078979
1152,0,1,0,0,3,2,1096,2211110130,1130,64,1116,17,59861,29483,0,0,0,0,15,2211110130,17,59861,11123,18100,1130,1150,1130.0,1131.25,3.614784456460256,11.066666666666666,23.4375,1130.0,1130.0,0.0,8788,1096,1116,1096.0,1098.5,2.2677868380553634,3.1428571428571432,43.75,1096.0,1096.0,0.0,1634046384.342546,0.0,6.481901884078979
1153,0,1,0,0,3,2,1096,2211110130,1130,64,1116,17,59861,29483,0,0,0,0,15,2211110130,17,59861,11123,19230,1130,1150,1130.0,1131.1764705882354,3.749999999999957,12.06249999999979,22.14532871972318,1130.0,1130.0,0.0,9884,1096,1116,1096.0,1098.2222222222222,2.4748737341529403,4.125000000000078,39.50617283950618,1096.0,1096.0,0.0,1634046384.343198,0.0006520748138427,6.482553958892821
1154,0,1,0,0,3,2,749,2211110130,783,64,769,17,59861,29483,0,0,0,0,15,2211110130,17,59861,11123,20013,783,1150,1130.0,1111.8333333333333,-3.858403590447117,12.955758968565677,6381.583333333333,1130.0,1130.0,0.0,10633,749,1116,1096.0,1063.3,-2.650059090477696,5.061680860639521,11011.61,1096.0,1096.0,0.0,1634046384.343198,0.0,6.482553958892821
1155,0,1,0,0,3,2,60,2211110130,94,64,80,17,59861,29483,0,0,0,0,15,2211110130,17,59861,11123,20107,94,1150,1130.0,1058.2631578947369,-3.458333568154982,10.765003360836564,57701.45706371191,1130.0,1130.0,0.0,10693,60,1116,1096.0,972.0909090909092,-2.401630083635711,4.293067786316292,93201.53719008264,1096.0,1096.0,0.0,1634046384.343198,0.0,6.482553958892821
1156,0,1,0,0,3,2,408,2211110130,442,64,428,17,59861,29483,0,0,0,0,15,2211110130,17,59861,11123,20549,94,1150,1130.0,1027.45,-2.566765756895292,5.310667487544086,72855.94750000001,1130.0,1130.0,0.0,11101,60,1116,1096.0,925.0833333333334,-1.7059255666331767,1.4330826973990165,109741.57638888888,1096.0,1009.25,86.75,1634046384.343198,0.0,6.482553958892821
1157,0,1,0,0,3,2,1096,2211110130,1130,64,1116,17,59861,29483,0,0,0,0,15,2211110130,17,59861,11123,1130,1130,1130,1130.0,1130.0,0.0,-3.0,0.0,1130.0,1130.0,0.0,12197,60,1116,1096.0,938.2307692307692,-1.8335983491430248,1.907732906739108,103374.1775147929,1096.0,1096.0,0.0,1634046384.346555,0.00335693359375,6.485910892486571
1158,0,1,0,0,3,2,1096,2211110130,1130,64,1116,17,59861,29483,0,0,0,0,15,2211110130,17,59861,11123,2260,1130,1130,1130.0,1130.0,0.0,-3.0,0.0,1130.0,1130.0,0.0,13293,60,1116,1096.0,949.5,-1.9538057751298383,2.3867201753244167,97641.25,1096.0,1096.0,0.0,1634046384.346555,0.0,6.485910892486571
1159,0,1,0,0,3,2,680,2211110130,714,64,700,17,59861,29483,0,0,0,0,15,2211110130,17,59861,11123,2974,714,1130,1130.0,991.3333333333334,-0.7071067811865481,-1.4999999999999991,38456.88888888888,1130.0,922.0,208.0,13973,60,1116,1096.0,931.5333333333332,-1.750397540922276,1.8504357444245516,95651.04888888888,1096.0,922.5,173.5,1634046384.346555,0.0,6.485910892486571
1160,0,1,0,0,3,2,408,2211110130,442,64,428,17,59861,29483,0,0,0,0,15,2211110130,17,59861,11123,3416,442,1130,922.0,854.0,-0.3066961346994076,-1.6021207706557057,85424.0,1130.0,646.0,484.0,14381,60,1116,1096.0,898.8125,-1.3699325874094477,0.5291749942993689,105732.65234375,1096.0,731.75,364.25,1634046384.346555,0.0,6.485910892486571
1161,0,1,0,0,2,3,56,3232270721,90,47,76,17,29483,59861,0,0,0,0,15,2211110130,17,59861,11123,3506,90,1130,714.0,701.2,-0.2707484173511998,-1.381445033834296,161730.56,1130.0,442.0,688.0,14437,56,1116,1096.0,849.2352941176471,-1.1360833197423372,-0.2450688843349189,138839.4740484429,1096.0,680.0,416.0,1634046384.353081,0.0065259933471679,6.492436885833739
1162,0,1,0,0,2,3,52,3232270721,86,47,72,17,29483,59861,0,0,0,0,15,2211110130,17,59861,11123,3592,86,1130,578.0,598.6666666666666,0.0644161095513012,-1.593366423577889,187340.88888888888,1026.0,178.0,848.0,14489,52,1116,1096.0,804.9444444444445,-0.9252519625530072,-0.7922588488370716,164474.71913580247,1096.0,476.0,620.0,1634046384.353136,5.507469177246094e-05,6.492491960525512
1163,0,1,0,0,3,2,1096,2211110130,1130,64,1116,17,59861,29483,0,0,0,0,15,2211110130,17,59861,11123,4722,86,1130,714.0,674.5714285714286,-0.2200392587484253,-1.616643527116357,195147.10204081636,1130.0,266.0,864.0,15585,52,1116,1096.0,820.2631578947369,-1.0078847673961902,-0.6306725323239721,160042.08864265928,1096.0,544.0,552.0,1634046384.362441,0.0093050003051757,6.501796960830688
1164,0,1,0,0,3,2,1096,2211110130,1130,64,1116,17,59861,29483,0,0,0,0,15,2211110130,17,59861,11123,5852,86,1130,922.0,731.5,-0.4467795608388779,-1.493872463762034,193439.75,1130.0,354.0,776.0,16681,52,1116,1096.0,834.05,-1.0860972633654051,-0.4639452535363957,155651.4475,1096.0,612.0,484.0,1634046384.362441,0.0,6.501796960830688
1165,0,1,0,0,3,2,1096,2211110130,1130,64,1116,17,59861,29483,0,0,0,0,15,2211110130,17,59861,11123,6982,86,1130,1130.0,775.7777777777778,-0.6369353764329034,-1.2998204658756838,187630.61728395065,1130.0,442.0,688.0,1096,1096,1096,1096.0,1096.0,0.0,-3.0,0.0,1096.0,1096.0,0.0,1634046384.362955,0.0005140304565429,6.502310991287231
1166,0,1,0,0,3,2,1096,2211110130,1130,64,1116,17,59861,29483,0,0,0,0,15,2211110130,17,59861,11123,8112,86,1130,1130.0,811.2,-0.8020846658513566,-1.0658918180615136,180160.16,1130.0,510.0,620.0,2192,1096,1096,1096.0,1096.0,0.0,-3.0,0.0,1096.0,1096.0,0.0,1634046384.362955,0.0,6.502310991287231
1167,0,1,0,0,3,2,381,2211110130,415,64,401,17,59861,29483,0,0,0,0,15,2211110130,17,59861,11123,8527,86,1130,1130.0,775.1818181818181,-0.5687805838163107,-1.340626364506663,176755.0578512397,1130.0,428.5,701.5,2573,381,1096,1096.0,857.6666666666666,-0.7071067811865472,-1.5000000000000002,113605.55555555556,1096.0,738.5,357.5,1634046384.362955,0.0,6.502310991287231
1168,0,1,0,0,3,2,56,2211110130,90,64,76,17,59861,29483,0,0,0,0,15,2211110130,17,59861,11123,8617,86,1130,922.0,718.0833333333334,-0.3574658564559091,-1.6000642537145675,197888.07638888888,1130.0,333.75,796.25,2629,56,1096,738.5,657.25,-0.1862725400381948,-1.7556196763237817,205704.6875,1096.0,299.75,796.25,1634046384.379598,0.0166428089141845,6.518953800201415
1169,0,1,0,0,2,3,60,3232270721,94,47,80,17,29483,59861,0,0,0,0,15,2211110130,17,59861,11123,8711,86,1130,714.0,670.0769230769231,-0.1798105221840933,-1.733382756852262,210321.301775148,1130.0,94.0,1036.0,2689,56,1096,381.0,537.8,0.2359175677208201,-1.7753981322810557,221636.96,1096.0,60.0,1036.0,1634046384.38892,0.009322166442871,6.528275966644286
1170,0,1,0,0,3,2,408,2211110130,442,64,428,17,59861,29483,0,0,0,0,15,2211110130,17,59861,11123,9153,86,1130,578.0,653.7857142857143,-0.0816477597461518,-1.6979543606923275,198748.59693877556,1130.0,174.25,955.75,3097,56,1096,394.5,516.1666666666666,0.3992846907404566,-1.500793068402177,187037.47222222225,924.0,140.25,783.75,1634046384.394112,0.0051920413970947,6.533468008041381
1171,0,1,0,0,3,2,1096,2211110130,1130,64,1116,17,59861,29483,0,0,0,0,15,2211110130,17,59861,11123,10283,86,1130,714.0,685.5333333333333,-0.2085169450078701,-1.6802194160827733,199609.4488888889,1130.0,254.5,875.5,4193,56,1096,408.0,599.0,0.0541289515968161,-1.740330667549742,201486.0,1096.0,220.5,875.5,1634046384.395109,0.0009968280792236,6.534464836120605
1172,0,1,0,0,3,2,1096,2211110130,1130,64,1116,17,59861,29483,0,0,0,0,15,2211110130,17,59861,11123,11413,86,1130,922.0,713.3125,-0.3220551755930529,-1.6327316499558682,198709.08984375,1130.0,334.75,795.25,5289,56,1096,752.0,661.125,-0.2018387345409043,-1.736075111708094,203316.859375,1096.0,300.75,795.25,1634046384.395109,0.0,6.534464836120605
1173,0,1,0,0,3,2,1096,2211110130,1130,64,1116,17,59861,29483,0,0,0,0,15,2211110130,17,59861,11123,12543,86,1130,1130.0,737.8235294117648,-0.4251108024302507,-1.5643256922744828,196632.96885813147,1130.0,415.0,715.0,6385,56,1096,1096.0,709.4444444444445,-0.4079819664881643,-1.6258515912793234,199404.24691358028,1096.0,381.0,715.0,1634046384.395109,0.0,6.534464836120605
1174,0,1,0,0,3,2,1096,2211110130,1130,64,1116,17,59861,29483,0,0,0,0,15,2211110130,17,59861,11123,13673,86,1130,1130.0,759.6111111111111,-0.5197172018481113,-1.4806625812804306,193778.79320987652,1130.0,421.75,708.25,7481,56,1096,1096.0,748.1,-0.5824156460625005,-1.4601290791589647,192912.09,1096.0,387.75,708.25,1634046384.395705,0.0005960464477539,6.5350608825683585
1175,0,1,0,0,3,2,1096,2211110130,1130,64,1116,17,59861,29483,0,0,0,0,15,2211110130,17,59861,11123,14803,86,1130,1130.0,779.1052631578947,-0.6073710271567266,-1.385533871052661,190420.3047091413,1130.0,428.5,701.5,8577,56,1096,1096.0,779.7272727272727,-0.734881512250677,-1.261731407030478,185377.47107438016,1096.0,394.5,701.5,1634046384.39623,0.0005249977111816,6.53558588027954
1176,0,1,0,0,3,2,1096,2211110130,1130,64,1116,17,59861,29483,0,0,0,0,15,2211110130,17,59861,11123,15933,86,1130,1130.0,796.65,-0.689203278621294,-1.2815730021427325,186747.82750000004,1130.0,435.25,694.75,9673,56,1096,1096.0,806.0833333333334,-0.8712000754014321,-1.0424799117428636,177570.40972222222,1096.0,401.25,694.75,1634046384.39623,0.0,6.53558588027954
1177,0,1,0,0,3,2,1116,2211110130,1150,64,1136,17,59861,29483,0,0,0,0,15,2211110130,17,59861,11123,1150,1150,1150,1150.0,1150.0,0.0,-3.0,0.0,1150.0,1150.0,0.0,10789,56,1116,1096.0,829.9230769230769,-0.9938090927825378,-0.8116754241602142,170731.1479289941,1096.0,408.0,688.0,1634046384.398777,0.0025470256805419,6.538132905960082
1178,0,1,0,0,3,2,246,2211110130,280,64,266,17,59861,29483,0,0,0,0,15,2211110130,17,59861,11123,1430,280,1150,715.0,715.0,0.0,-2.0,189225.0,932.5,497.5,435.0,11035,56,1116,1096.0,788.2142857142857,-0.7338774242116427,-1.2873537859875763,181151.16836734692,1096.0,387.75,708.25,1634046384.398777,0.0,6.538132905960082
1179,0,1,0,0,2,3,60,3232270721,94,47,80,17,29483,59861,0,0,0,0,15,2211110130,17,59861,11123,1524,94,1150,280.0,508.0,0.6214893111923577,-1.5,211848.0,715.0,187.0,528.0,11095,56,1116,1096.0,739.6666666666666,-0.539556155931369,-1.5594314502009985,202070.62222222227,1096.0,313.5,782.5,1634046384.405862,0.0070850849151611,6.545217990875243
1180,0,1,0,0,2,3,60,3232270721,94,47,80,17,29483,59861,0,0,0,0,15,2211110130,17,59861,11123,1618,94,1150,187.0,404.5,1.0556105889740623,-0.754772019119573,191022.75,497.5,94.0,403.5,11155,56,1116,1096.0,697.1875,-0.376234549768579,-1.7265267730640108,216508.40234375,1096.0,199.5,896.5,1634046384.423364,0.0175018310546875,6.562719821929931
1181,0,1,0,0,3,2,60,2211110130,94,64,80,17,59861,29483,0,0,0,0,15,2211110130,17,59861,11123,1712,94,1150,94.0,342.4,1.3925835726108686,0.08644771102789,168243.83999999997,280.0,94.0,186.0,11215,56,1116,1096.0,659.7058823529412,-0.2359983791440052,-1.8246873929803784,226250.5605536332,1096.0,60.0,1036.0,1634046384.455634,0.0322701930999755,6.594990015029906
1182,0,1,0,0,3,2,408,2211110130,442,64,428,17,59861,29483,0,0,0,0,15,2211110130,17,59861,11123,2154,94,1150,187.0,359.0,1.373939367473735,0.3786824142383147,141581.0,401.5,94.0,307.5,11623,56,1116,752.0,645.7222222222222,-0.1559639070727279,-1.81278488167568,217005.31172839503,1096.0,106.5,989.5,1634046384.456433,0.0007989406585693,6.595788955688476
1183,0,1,0,0,3,2,1096,2211110130,1130,64,1116,17,59861,29483,0,0,0,0,15,2211110130,17,59861,11123,3284,94,1150,280.0,469.1428571428572,0.7332462171128994,-1.2325617916776277,194143.8367346939,786.0,94.0,692.0,12719,56,1116,1096.0,669.421052631579,-0.2543563052143898,-1.7787546830257834,215693.40166204984,1096.0,153.0,943.0,1634046384.462125,0.0056920051574707,6.601480960845946
1184,0,1,0,0,3,2,1096,2211110130,1130,64,1116,17,59861,29483,0,0,0,0,15,2211110130,17,59861,11123,4414,94,1150,361.0,551.75,0.3590905008796807,-1.70954055291826,217643.4375,1130.0,94.0,1036.0,13815,56,1116,1096.0,690.75,-0.3445156014625737,-1.7293134108168025,213552.2875,1096.0,199.5,896.5,1634046384.462125,0.0,6.601480960845946
1185,0,1,0,0,3,2,1096,2211110130,1130,64,1116,17,59861,29483,0,0,0,0,15,2211110130,17,59861,11123,5544,94,1150,442.0,616.0,0.0925217796958911,-1.858214407219937,226485.3333333333,1130.0,94.0,1036.0,1096,1096,1096,1096.0,1096.0,0.0,-3.0,0.0,1096.0,1096.0,0.0,1634046384.462125,0.0,6.601480960845946
1186,0,1,0,0,3,2,1096,2211110130,1130,64,1116,17,59861,29483,0,0,0,0,15,2211110130,17,59861,11123,6674,94,1150,786.0,667.4,-0.1167577979246326,-1.8672977632745376,227614.44,1130.0,140.5,989.5,2192,1096,1096,1096.0,1096.0,0.0,-3.0,0.0,1096.0,1096.0,0.0,1634046384.462736,0.0006108283996582,6.602091789245605
1187,0,1,0,0,3,2,1096,2211110130,1130,64,1116,17,59861,29483,0,0,0,0,15,2211110130,17,59861,11123,7804,94,1150,1130.0,709.4545454545455,-0.2906439747649358,-1.8041407436443275,224608.06611570247,1130.0,187.0,943.0,3288,1096,1096,1096.0,1096.0,0.0,-3.0,0.0,1096.0,1096.0,0.0,1634046384.462736,0.0,6.602091789245605
1188,0,1,0,0,3,2,740,2211110130,774,64,760,17,59861,29483,0,0,0,0,15,2211110130,17,59861,11123,8578,94,1150,952.0,714.8333333333334,-0.3381622455479415,-1.6842357373732433,206208.97222222225,1130.0,233.5,896.5,4028,740,1096,1096.0,1007.0,-1.1547005383792517,-0.6666666666666665,23763.0,1096.0,1007.0,89.0,1634046384.462736,0.0,6.602091789245605
1189,0,1,0,0,3,2,1096,2211110130,1130,64,1116,17,59861,29483,0,0,0,0,15,2211110130,17,59861,11123,9708,94,1150,1130.0,746.7692307692307,-0.4734112807061396,-1.5818002369966786,202585.56213017757,1130.0,280.0,850.0,5124,740,1096,1096.0,1024.8,-1.499999999999999,0.2499999999999977,20277.76,1096.0,1096.0,0.0,1634046384.463492,0.000756025314331,6.602847814559936
1190,0,1,0,0,3,2,1096,2211110130,1130,64,1116,17,59861,29483,0,0,0,0,15,2211110130,17,59861,11123,10838,94,1150,1130.0,774.1428571428571,-0.5946240962865381,-1.4564013896386876,197856.2653061225,1130.0,320.5,809.5,6220,740,1096,1096.0,1036.6666666666667,-1.7888543819998337,1.2000000000000035,17602.222222222223,1096.0,1096.0,0.0,1634046384.463492,0.0,6.602847814559936
1191,0,1,0,0,3,2,1096,2211110130,1130,64,1116,17,59861,29483,0,0,0,0,15,2211110130,17,59861,11123,11968,94,1150,1130.0,797.8666666666667,-0.704897876533802,-1.315003365223845,192545.31555555548,1130.0,361.0,769.0,7316,740,1096,1096.0,1045.142857142857,-2.0412414523193148,2.166666666666668,15518.69387755102,1096.0,1096.0,0.0,1634046384.463492,0.0,6.602847814559936
1192,0,1,0,0,3,2,932,2211110130,966,64,952,17,59861,29483,0,0,0,0,15,2211110130,17,59861,11123,12934,94,1150,1130.0,808.375,-0.7881647125671287,-1.1597185010661852,182167.609375,1130.0,401.5,728.5,8248,740,1096,1096.0,1031.0,-1.6340229087286346,1.1081810281774152,14979.0,1096.0,1055.0,41.0,1634046384.463492,0.0,6.602847814559936
1193,0,1,0,0,2,3,60,3232270721,94,47,80,17,29483,59861,0,0,0,0,15,2211110130,17,59861,11123,13028,94,1150,1130.0,766.3529411764706,-0.603626787801686,-1.454870783302453,199705.5224913495,1130.0,280.0,850.0,8308,60,1096,1096.0,923.1111111111112,-1.9778916689602268,2.5068433539689075,106434.76543209876,1096.0,932.0,164.0,1634046384.469939,0.0064470767974853,6.609294891357421
1194,0,1,0,0,3,2,408,2211110130,442,64,428,17,59861,29483,0,0,0,0,15,2211110130,17,59861,11123,13470,94,1150,1048.0,748.3333333333334,-0.4942262025761019,-1.5302701166260588,194130.77777777775,1130.0,320.5,809.5,8716,60,1096,1096.0,871.6,-1.373217995103102,0.4605571519856131,119671.84,1096.0,788.0,308.0,1634046384.480743,0.0108039379119873,6.620098829269408
1195,0,1,0,0,3,2,52,2211110130,86,64,72,17,59861,29483,0,0,0,0,15,2211110130,17,59861,11123,13556,86,1150,966.0,713.4736842105264,-0.3618279118116148,-1.6683979554552697,205786.8808864266,1130.0,187.0,943.0,8768,52,1096,1096.0,797.0909090909091,-0.969804381058203,-0.7285979698726974,164308.62809917357,1096.0,574.0,522.0,1634046384.490913,0.0101699829101562,6.6302688121795645
1196,0,1,0,0,3,2,1096,2211110130,1130,64,1116,17,59861,29483,0,0,0,0,15,2211110130,17,59861,11123,14686,86,1150,1048.0,734.3,-0.4481605482943193,-1.603221830316329,203738.51000000004,1130.0,233.5,896.5,9864,52,1096,1096.0,822.0,-1.1007332453269163,-0.4527061431458361,157441.33333333334,1096.0,657.0,439.0,1634046384.495893,0.0049800872802734,6.635248899459838
1197,0,1,0,0,3,2,1096,2211110130,1130,64,1116,17,59861,29483,0,0,0,0,15,2211110130,17,59861,11123,1130,1130,1130,1130.0,1130.0,0.0,-3.0,0.0,1130.0,1130.0,0.0,10960,52,1096,1096.0,843.0769230769231,-1.22141823846832,-0.1655632719290096,150661.3017751479,1096.0,740.0,356.0,1634046384.495893,0.0,6.635248899459838
1198,0,1,0,0,3,2,1096,2211110130,1130,64,1116,17,59861,29483,0,0,0,0,15,2211110130,17,59861,11123,2260,1130,1130,1130.0,1130.0,0.0,-3.0,0.0,1130.0,1130.0,0.0,12056,52,1096,1096.0,861.1428571428571,-1.3337170961801883,0.1297468339076641,144142.693877551,1096.0,788.0,308.0,1634046384.495893,0.0,6.635248899459838
1199,0,1,0,0,3,2,1085,2211110130,1119,64,1105,17,59861,29483,0,0,0,0,15,2211110130,17,59861,11123,3379,1119,1130,1130.0,1126.3333333333333,-0.7071067811865037,-1.500000000000041,26.88888888888889,1130.0,1124.5,5.5,13141,52,1096,1096.0,876.0666666666667,-1.4399819085144758,0.433917191593248,137651.26222222223,1096.0,836.0,260.0,1634046384.496481,0.0005879402160644,6.635836839675902
1200,0,1,0,0,3,2,96,2211110130,130,64,116,17,59861,29483,0,0,0,0,15,2211110130,17,59861,11123,3509,130,1130,1124.5,877.25,-1.1543261842373242,-0.6669576638822967,186147.6875,1130.0,871.75,258.25,13237,52,1096,1096.0,827.3125,-1.1131554689658318,-0.5199498075002849,164702.58984375,1096.0,657.0,439.0,1634046384.496481,0.0,6.635836839675902
1201,0,1,0,0,3,2,408,2211110130,442,64,428,17,59861,29483,0,0,0,0,15,2211110130,17,59861,11123,3951,130,1130,1119.0,790.2,-0.5692305519781233,-1.486886202372434,179228.96,1130.0,442.0,688.0,13645,52,1096,1096.0,802.6470588235294,-0.9295628885722542,-0.8482567103838146,164748.34602076124,1096.0,408.0,688.0,1634046384.496481,0.0,6.635836839675902
1202,0,1,0,0,3,2,1096,2211110130,1130,64,1116,17,59861,29483,0,0,0,0,15,2211110130,17,59861,11123,5081,130,1130,1124.5,846.8333333333334,-0.8583555203206553,-1.076680592081594,165394.1388888889,1130.0,611.25,518.75,14741,52,1096,1096.0,818.9444444444445,-1.0167016189594853,-0.6766417244761436,160110.94135802472,1096.0,491.0,605.0,1634046384.514535,0.0180540084838867,6.653890848159789
1203,0,1,0,0,3,2,1116,2211110130,1150,64,1136,17,59861,29483,0,0,0,0,15,2211110130,17,59861,11123,6231,130,1150,1130.0,890.1428571428571,-1.093755812904245,-0.6118291559755451,153020.693877551,1130.0,780.5,349.5,15857,52,1116,1096.0,834.578947368421,-1.0971160768469796,-0.5027913143119154,156083.92797783937,1096.0,574.0,522.0,1634046384.521622,0.0070869922637939,6.660977840423583
1204,0,1,0,0,3,2,1096,2211110130,1130,64,1116,17,59861,29483,0,0,0,0,15,2211110130,17,59861,11123,7361,130,1150,1130.0,920.125,-1.299319446538236,-0.1114631673703407,140185.609375,1130.0,949.75,180.25,16953,52,1116,1096.0,847.65,-1.1752699839610177,-0.3215198687783789,151525.92750000002,1096.0,657.0,439.0,1634046384.521622,0.0,6.660977840423583
1205,0,1,0,0,3,2,1096,2211110130,1130,64,1116,17,59861,29483,0,0,0,0,15,2211110130,17,59861,11123,8491,130,1150,1130.0,943.4444444444443,-1.4818965702637392,0.40661827486189,128959.8024691358,1130.0,1119.0,11.0,1096,1096,1096,1096.0,1096.0,0.0,-3.0,0.0,1096.0,1096.0,0.0,1634046384.522935,0.0013129711151123,6.662290811538695
1206,0,1,0,0,3,2,1096,2211110130,1130,64,1116,17,59861,29483,0,0,0,0,15,2211110130,17,59861,11123,9621,130,1150,1130.0,962.1,-1.6473764879570905,0.935875293587094,119196.09,1130.0,1121.75,8.25,2192,1096,1096,1096.0,1096.0,0.0,-3.0,0.0,1096.0,1096.0,0.0,1634046384.522935,0.0,6.662290811538695
1207,0,1,0,0,3,2,175,2211110130,209,64,195,17,59861,29483,0,0,0,0,15,2211110130,17,59861,11123,9830,130,1150,1130.0,893.6363636363636,-1.1159980657656834,-0.6346194345043874,155232.7768595041,1130.0,780.5,349.5,2367,175,1096,1096.0,789.0,-0.7071067811865476,-1.5,188498.0,1096.0,635.5,460.5,1634046384.523899,0.0009641647338867,6.663254976272582
1208,0,1,0,0,2,3,60,3232270721,94,47,80,17,29483,59861,0,0,0,0,15,2211110130,17,59861,11123,9924,94,1150,1130.0,827.0,-0.7978025906173836,-1.2636389196818996,191141.16666666663,1130.0,383.75,746.25,2427,60,1096,635.5,606.75,-0.0205060356042834,-1.9727055019199848,241018.6875,1096.0,146.25,949.75,1634046384.530924,0.0070250034332275,6.67027997970581
1209,0,1,0,0,3,2,408,2211110130,442,64,428,17,59861,29483,0,0,0,0,15,2211110130,17,59861,11123,10366,94,1150,1130.0,797.3846153846154,-0.60976120845111,-1.4716397073690748,186962.8520710059,1130.0,442.0,688.0,2835,60,1096,408.0,567.0,0.2284228877556839,-1.75451274899858,199135.2,1096.0,175.0,921.0,1634046384.53454,0.0036158561706542,6.673895835876464
1210,0,1,0,0,3,2,1096,2211110130,1130,64,1116,17,59861,29483,0,0,0,0,15,2211110130,17,59861,11123,11496,94,1150,1130.0,821.1428571428571,-0.7282622400329146,-1.3141857307461031,180946.26530612243,1130.0,442.0,688.0,3931,60,1096,752.0,655.1666666666666,-0.1431683823722849,-1.8252940051741693,204812.8055555556,1096.0,233.25,862.75,1634046384.546665,0.012125015258789,6.686020851135253
1211,0,1,0,0,3,2,1096,2211110130,1130,64,1116,17,59861,29483,0,0,0,0,15,2211110130,17,59861,11123,12626,94,1150,1130.0,841.7333333333333,-0.836745351543873,-1.144221433827265,174818.7288888889,1130.0,442.0,688.0,5027,60,1096,1096.0,718.1428571428571,-0.4162464937190301,-1.6863287952323147,199349.8367346939,1096.0,291.5,804.5,1634046384.546665,0.0,6.686020851135253
1212,0,1,0,0,3,2,1096,2211110130,1130,64,1116,17,59861,29483,0,0,0,0,15,2211110130,17,59861,11123,13756,94,1150,1130.0,859.75,-0.9371184621598444,-0.9650720644790116,168761.5625,1130.0,442.0,688.0,6123,60,1096,1096.0,765.375,-0.6361920111680931,-1.45956105307997,190047.234375,1096.0,349.75,746.25,1634046384.546665,0.0,6.686020851135253
1213,0,1,0,0,3,2,1096,2211110130,1130,64,1116,17,59861,29483,0,0,0,0,15,2211110130,17,59861,11123,14886,94,1150,1130.0,875.6470588235294,-1.0307821038924847,-0.7789804199681263,162877.87543252597,1130.0,442.0,688.0,7219,60,1096,1096.0,802.1111111111111,-0.8228111652447573,-1.1877654253411412,179727.20987654323,1096.0,408.0,688.0,1634046384.547442,0.0007770061492919,6.686797857284545
1214,0,1,0,0,3,2,211,2211110130,245,64,231,17,59861,29483,0,0,0,0,15,2211110130,17,59861,11123,15131,94,1150,1130.0,840.6111111111111,-0.8151852796802843,-1.204195878868762,174696.90432098764,1130.0,442.0,688.0,7430,60,1096,1096.0,743.0,-0.5017648638343101,-1.64022929096861,193201.6,1096.0,260.25,835.75,1634046384.547442,0.0,6.686797857284545
1215,0,1,0,0,3,2,60,2211110130,94,64,80,17,59861,29483,0,0,0,0,15,2211110130,17,59861,11123,15225,94,1150,1130.0,801.3157894736842,-0.6524399237919245,-1.4539154414974482,193296.53185595563,1130.0,343.5,786.5,7490,60,1096,1096.0,680.9090909090909,-0.2780646274747854,-1.820573596895937,214190.6280991736,1096.0,193.0,903.0,1634046384.554061,0.0066189765930175,6.693416833877563
1216,0,1,0,0,2,3,56,3232270721,90,47,76,17,29483,59861,0,0,0,0,15,2211110130,17,59861,11123,15315,90,1150,1130.0,765.75,-0.5121576340658023,-1.627095569828125,207665.2875,1130.0,236.0,894.0,7546,56,1096,752.0,628.8333333333334,-0.094159136284822,-1.8952678973620436,226172.1388888889,1096.0,146.25,949.75,1634046384.565584,0.0115230083465576,6.70493984222412
1217,0,1,0,0,2,3,60,3232270721,94,47,80,17,29483,59861,0,0,0,0,15,2211110130,17,59861,11123,94,94,94,94.0,94.0,0.0,-3.0,0.0,94.0,94.0,0.0,7606,56,1096,408.0,585.0769230769231,0.0627274273320931,-1.9056200617263723,231749.76331360944,1096.0,60.0,1036.0,1634046384.565639,5.507469177246094e-05,6.704994916915893
1218,0,1,0,0,2,3,52,3232270721,86,47,72,17,29483,59861,0,0,0,0,15,2211110130,17,59861,11123,180,86,94,90.0,90.0,0.0,-2.0,16.0,92.0,88.0,4.0,7658,52,1096,309.5,547.0,0.198436669941106,-1.8730497999239308,234044.2857142857,1096.0,60.0,1036.0,1634046384.565671,3.1948089599609375e-05,6.705026865005492
1219,0,1,0,0,3,2,56,2211110130,90,64,76,17,59861,29483,0,0,0,0,15,2211110130,17,59861,11123,270,86,94,90.0,90.0,0.0,-1.5,10.666666666666666,92.0,88.0,4.0,7714,52,1096,211.0,514.2666666666667,0.3195161887745209,-1.812616690029056,233441.92888888883,1096.0,60.0,1036.0,1634046384.573793,0.0081219673156738,6.713148832321166
1220,0,1,0,0,3,2,1096,2211110130,1130,64,1116,17,59861,29483,0,0,0,0,15,2211110130,17,59861,11123,1400,86,1130,92.0,350.0,1.1545638948396435,-0.6667718528378468,202808.0,353.0,89.0,264.0,8810,52,1096,309.5,550.625,0.1715813764445619,-1.893852654990661,238680.734375,1096.0,60.0,1036.0,1634046384.573793,0.0,6.713148832321166
1221,0,1,0,0,3,2,1096,2211110130,1130,64,1116,17,59861,29483,0,0,0,0,15,2211110130,17,59861,11123,2530,86,1130,94.0,506.0,0.4081728034638198,-1.8332922431617744,259590.4,1130.0,90.0,1040.0,9906,52,1096,408.0,582.7058823529412,0.0433719660167374,-1.9272191352865429,241107.61937716263,1096.0,60.0,1036.0,1634046384.574264,0.0004711151123046,6.713619947433471
1222,0,1,0,0,3,2,1096,2211110130,1130,64,1116,17,59861,29483,0,0,0,0,15,2211110130,17,59861,11123,3660,86,1130,612.0,610.0,-5.91698470373136e-05,-1.999921106870613,270405.3333333333,1130.0,91.0,1039.0,11002,52,1096,752.0,611.2222222222222,-0.0701194805285022,-1.92824936205504,241536.83950617284,1096.0,60.0,1036.0,1634046384.575475,0.0012109279632568,6.714830875396728
1223,0,1,0,0,3,2,1096,2211110130,1130,64,1116,17,59861,29483,0,0,0,0,15,2211110130,17,59861,11123,4790,86,1130,1130.0,684.2857142857143,-0.2887274449006667,-1.91656599552298,264886.2040816327,1130.0,92.0,1038.0,12098,52,1096,1096.0,636.7368421052631,-0.172224294856454,-1.906412881833444,240542.299168975,1096.0,60.0,1036.0,1634046384.575475,0.0,6.714830875396728
1224,0,1,0,0,3,2,1096,2211110130,1130,64,1116,17,59861,29483,0,0,0,0,15,2211110130,17,59861,11123,5920,86,1130,1130.0,740.0,-0.5164466680195813,-1.7332155191453105,253504.0,1130.0,93.0,1037.0,13194,52,1096,1096.0,659.7,-0.2652643992323424,-1.8678109795643791,238534.01000000007,1096.0,60.0,1036.0,1634046384.576021,0.0005459785461425,6.71537685394287
1225,0,1,0,0,3,2,960,2211110130,994,64,980,17,59861,29483,0,0,0,0,15,2211110130,17,59861,11123,6914,86,1130,1130.0,768.2222222222222,-0.6851017923534609,-1.5035240409477646,231708.83950617287,1130.0,94.0,1036.0,960,960,960,960.0,960.0,0.0,-3.0,0.0,960.0,960.0,0.0,1634046384.576021,0.0,6.71537685394287
1226,0,1,0,0,3,2,408,2211110130,442,64,428,17,59861,29483,0,0,0,0,15,2211110130,17,59861,11123,7356,86,1130,1062.0,735.6,-0.4993078778139461,-1.6250724309041205,218115.84,1130.0,181.0,949.0,1368,408,960,684.0,684.0,0.0,-2.0,76176.0,822.0,546.0,276.0,1634046384.576021,0.0,6.71537685394287
1227,0,1,0,0,2,3,60,3232270721,94,47,80,17,29483,59861,0,0,0,0,15,2211110130,17,59861,11123,7450,86,1130,994.0,677.2727272727273,-0.2625843644211426,-1.8278558094642487,232307.83471074383,1130.0,94.0,1036.0,1428,60,960,408.0,476.0,0.2690821355058868,-1.5,137312.0,684.0,234.0,450.0,1634046384.581697,0.0056760311126708,6.721052885055541
1228,0,1,0,0,2,3,60,3232270721,94,47,80,17,29483,59861,0,0,0,0,15,2211110130,17,59861,11123,7544,86,1130,718.0,628.6666666666666,-0.0730426173011686,-1.9038616484066293,238936.8888888889,1130.0,94.0,1036.0,1488,60,960,234.0,372.0,0.7152898776782889,-1.112343107054767,135432.0,546.0,60.0,486.0,1634046384.600298,0.0186009407043457,6.739653825759887
1229,0,1,0,0,2,3,60,3232270721,94,47,80,17,29483,59861,0,0,0,0,15,2211110130,17,59861,11123,7638,86,1130,442.0,587.5384615384615,0.0859135227929994,-1.9092617844501345,240855.47928994085,1130.0,94.0,1036.0,1548,60,960,60.0,309.6,1.0518980656363928,-0.5165446508975844,123920.64,408.0,60.0,348.0,1634046384.616234,0.0159361362457275,6.755589962005614
1230,0,1,0,0,3,2,1096,2211110130,1130,64,1116,17,59861,29483,0,0,0,0,15,2211110130,17,59861,11123,8768,86,1130,718.0,626.2857142857143,-0.0624844445252704,-1.919196538997366,243169.0612244898,1130.0,94.0,1036.0,2644,60,1096,234.0,440.6666666666667,0.518595647096517,-1.5086513511416462,189159.55555555556,822.0,60.0,762.0,1634046384.625318,0.0090839862823486,6.764673948287963
1231,0,1,0,0,3,2,1096,2211110130,1130,64,1116,17,59861,29483,0,0,0,0,15,2211110130,17,59861,11123,9898,86,1130,994.0,659.8666666666667,-0.1920207052603658,-1.890433212344259,242745.31555555563,1130.0,94.0,1036.0,3740,60,1096,408.0,534.2857142857143,0.1572721565687229,-1.8101659104741292,214723.91836734692,1028.0,60.0,968.0,1634046384.626941,0.0016229152679443,6.766296863555907
1232,0,1,0,0,3,2,1096,2211110130,1130,64,1116,17,59861,29483,0,0,0,0,15,2211110130,17,59861,11123,11028,86,1130,1062.0,689.25,-0.3074167312900603,-1.8355828632986788,240524.4375,1130.0,94.0,1036.0,4836,60,1096,684.0,604.5,-0.1081750280601226,-1.8469334969348168,222393.75,1096.0,60.0,1036.0,1634046384.626941,0.0,6.766296863555907
1233,0,1,0,0,2,3,60,3232270721,94,47,80,17,29483,59861,0,0,0,0,15,2211110130,17,59861,11123,11122,86,1130,994.0,654.2352941176471,-0.1692829401518892,-1.9079492346098683,245992.4152249135,1130.0,94.0,1036.0,4896,60,1096,408.0,544.0,0.1238714368686765,-1.8604281863143812,226965.3333333333,1096.0,60.0,1036.0,1634046384.631482,0.0045409202575683,6.770837783813476
1234,0,1,0,0,3,2,1116,2211110130,1150,64,1136,17,59861,29483,0,0,0,0,15,2211110130,17,59861,11123,12272,86,1150,1062.0,681.7777777777778,-0.2719151394408553,-1.864395428515988,245222.17283950615,1130.0,94.0,1036.0,6012,60,1116,684.0,601.2,-0.0842851183664161,-1.881094761612076,233715.36,1096.0,60.0,1036.0,1634046384.632256,0.0007741451263427,6.7716119289398184
1235,0,1,0,0,3,2,1096,2211110130,1130,64,1116,17,59861,29483,0,0,0,0,15,2211110130,17,59861,11123,13402,86,1150,1130.0,705.3684210526316,-0.3663708214104423,-1.805740722412026,242333.07479224371,1130.0,94.0,1036.0,7108,60,1116,960.0,646.1818181818181,-0.2595708081122845,-1.82873561166378,232702.14876033057,1096.0,60.0,1036.0,1634046384.633634,0.001378059387207,6.7729899883270255
1236,0,1,0,0,3,2,323,2211110130,357,64,343,17,59861,29483,0,0,0,0,15,2211110130,17,59861,11123,13759,86,1150,1062.0,687.95,-0.273023727323722,-1.837203807893875,235981.0475,1130.0,94.0,1036.0,7431,60,1116,684.0,619.25,-0.1116638045418931,-1.8394178625552693,221288.85416666663,1096.0,60.0,1036.0,1634046384.633634,0.0,6.7729899883270255
1237,0,1,0,0,3,2,408,2211110130,442,64,428,17,59861,29483,0,0,0,0,15,2211110130,17,59861,11123,442,442,442,442.0,442.0,0.0,-3.0,0.0,442.0,442.0,0.0,7839,60,1116,408.0,603.0,-0.0141639954869799,-1.7869225790648136,207435.38461538465,1096.0,60.0,1036.0,1634046384.647259,0.0136249065399169,6.7866148948669425
1238,0,1,0,0,3,2,60,2211110130,94,64,80,17,59861,29483,0,0,0,0,15,2211110130,17,59861,11123,536,94,442,268.0,268.0,0.0,-2.0,30276.0,355.0,181.0,174.0,7899,60,1116,408.0,564.2142857142857,0.1234783071714972,-1.7863966415275985,212174.88265306124,1096.0,60.0,1036.0,1634046384.661291,0.0140318870544433,6.800646781921386
1239,0,1,0,0,3,2,1096,2211110130,1130,64,1116,17,59861,29483,0,0,0,0,15,2211110130,17,59861,11123,1666,94,1130,442.0,555.3333333333334,0.3766675336035382,-1.5000000000000004,185304.8888888889,786.0,268.0,518.0,8995,60,1116,408.0,599.6666666666666,-0.0168662446124345,-1.8184581798672357,215626.0888888889,1096.0,60.0,1036.0,1634046384.66588,0.0045890808105468,6.805235862731933
1240,0,1,0,0,3,2,1096,2211110130,1130,64,1116,17,59861,29483,0,0,0,0,15,2211110130,17,59861,11123,2796,94,1130,786.0,699.0,-0.2173703793443629,-1.715628269693377,200899.0,1130.0,355.0,775.0,10091,60,1116,684.0,630.6875,-0.1401559693858515,-1.8105307334179213,216583.83984375,1096.0,60.0,1036.0,1634046384.66588,0.0,6.805235862731933
1241,0,1,0,0,3,2,1096,2211110130,1130,64,1116,17,59861,29483,0,0,0,0,15,2211110130,17,59861,11123,3926,94,1130,1130.0,785.2,-0.5960310217014525,-1.4309581812273606,190440.96,1130.0,442.0,688.0,11187,60,1116,960.0,658.0588235294117,-0.2504537373638083,-1.7752902121040457,215830.6435986159,1096.0,60.0,1036.0,1634046384.666396,0.0005159378051757,6.8057518005371085
1242,0,1,0,0,3,2,1096,2211110130,1130,64,1116,17,59861,29483,0,0,0,0,15,2211110130,17,59861,11123,5056,94,1130,1130.0,842.6666666666666,-0.8841304010018901,-1.0064953845451037,175212.8888888889,1130.0,614.0,516.0,12283,60,1116,1028.0,682.3888888888889,-0.3505390805269063,-1.7205774533486733,213903.237654321,1096.0,125.75,970.25,1634046384.666396,0.0,6.8057518005371085
1243,0,1,0,0,3,2,398,2211110130,432,64,418,17,59861,29483,0,0,0,0,15,2211110130,17,59861,11123,5488,94,1130,1130.0,784.0,-0.4985989444944156,-1.4676923204585115,170833.14285714287,1130.0,437.0,693.0,12681,60,1116,960.0,667.421052631579,-0.2637318752567027,-1.7348635992259502,206677.82271468145,1096.0,191.5,904.5,1634046384.666396,0.0,6.8057518005371085
1244,0,1,0,0,3,2,408,2211110130,442,64,428,17,59861,29483,0,0,0,0,15,2211110130,17,59861,11123,5930,94,1130,786.0,741.25,-0.2281766759638132,-1.6136440661985534,162271.9375,1130.0,439.5,690.5,13089,60,1116,684.0,654.45,-0.1867635096388287,-1.7316698564663278,199540.6475,1096.0,257.25,838.75,1634046384.666396,0.0,6.8057518005371085
1245,0,1,0,0,3,2,1096,2211110130,1130,64,1116,17,59861,29483,0,0,0,0,15,2211110130,17,59861,11123,7060,94,1130,1130.0,784.4444444444445,-0.4320607901034154,-1.5023367528771572,159167.80246913582,1130.0,442.0,688.0,1096,1096,1096,1096.0,1096.0,0.0,-3.0,0.0,1096.0,1096.0,0.0,1634046384.673006,0.0066101551055908,6.812361955642699
1246,0,1,0,0,3,2,1096,2211110130,1130,64,1116,17,59861,29483,0,0,0,0,15,2211110130,17,59861,11123,8190,94,1130,1130.0,819.0,-0.6051736822872791,-1.3333837779353324,153997.8,1130.0,442.0,688.0,2192,1096,1096,1096.0,1096.0,0.0,-3.0,0.0,1096.0,1096.0,0.0,1634046384.673006,0.0,6.812361955642699
1247,0,1,0,0,2,3,52,3232270721,86,48,72,17,10001,59861,0,0,0,0,15,2211110130,17,59861,11123,8276,86,1130,1130.0,752.3636363636364,-0.402734587338404,-1.5665917009194892,184402.04958677685,1130.0,437.0,693.0,2244,52,1096,1096.0,748.0,-0.7071067811865475,-1.5,242208.0,1096.0,574.0,522.0,1634046384.674828,0.0018219947814941,6.8141839504241934
1248,0,1,0,0,3,2,1096,2211110130,1130,64,1116,17,59861,29483,0,0,0,0,15,2211110130,17,59861,11123,9406,86,1130,1130.0,783.8333333333334,-0.5472002941389591,-1.438219131643265,179928.97222222222,1130.0,439.5,690.5,3340,52,1096,1096.0,835.0,-1.1547005383792517,-0.6666666666666665,204363.0,1096.0,835.0,261.0,1634046384.676802,0.0019738674163818,6.816157817840575
1249,0,1,0,0,3,2,1096,2211110130,1130,64,1116,17,59861,29483,0,0,0,0,15,2211110130,17,59861,11123,10536,86,1130,1130.0,810.4615384615385,-0.6761236718474775,-1.2847592595453063,174597.01775147932,1130.0,442.0,688.0,4436,52,1096,1096.0,887.2,-1.5000000000000002,0.2500000000000009,174389.75999999998,1096.0,1096.0,0.0,1634046384.676802,0.0,6.816157817840575
1250,0,1,0,0,3,2,407,2211110130,441,64,427,17,59861,29483,0,0,0,0,15,2211110130,17,59861,11123,10977,86,1130,1130.0,784.0714285714286,-0.5059740792419902,-1.451146371865241,171179.49489795914,1130.0,441.25,688.75,4843,52,1096,1096.0,807.1666666666666,-0.8889187902870037,-0.9933532465146512,177351.47222222222,1096.0,579.25,516.75,1634046384.676802,0.0,6.816157817840575
1251,0,1,0,0,3,2,416,2211110130,450,64,436,17,59861,29483,0,0,0,0,15,2211110130,17,59861,11123,11427,86,1130,1130.0,761.8,-0.3640670971613845,-1.5433013491044074,166711.75999999998,1130.0,441.5,688.5,5259,52,1096,1096.0,751.2857142857143,-0.5195410791104926,-1.4208692665105025,170751.63265306124,1096.0,411.5,684.5,1634046384.696261,0.0194590091705322,6.8356168270111075
1252,0,1,0,0,2,3,60,3232270721,94,47,80,17,29483,59861,0,0,0,0,15,2211110130,17,59861,11123,11521,86,1130,790.0,720.0625,-0.2429801812125479,-1.6382934013349912,182422.55859375,1130.0,438.75,691.25,5319,52,1096,756.0,664.875,-0.2257207362629087,-1.7049187538497874,201675.359375,1096.0,320.25,775.75,1634046384.699491,0.0032300949096679,6.8388469219207755
1253,0,1,0,0,2,3,60,3232270721,94,47,80,17,29483,59861,0,0,0,0,15,2211110130,17,59861,11123,11615,86,1130,450.0,683.2352941176471,-0.1274176816179113,-1.702836618665407,193391.70934256056,1130.0,432.0,698.0,5379,52,1096,416.0,597.6666666666666,0.0097284005648502,-1.790925316369978,215402.66666666663,1096.0,60.0,1036.0,1634046384.716848,0.0173568725585937,6.856203794479369
1254,0,1,0,0,3,2,1096,2211110130,1130,64,1116,17,59861,29483,0,0,0,0,15,2211110130,17,59861,11123,12745,86,1130,790.0,708.0555555555555,-0.231837418276404,-1.678886064194654,193120.49691358025,1130.0,434.25,695.75,6475,52,1096,756.0,647.5,-0.1909447332297805,-1.7752394546122012,216212.65,1096.0,146.75,949.25,1634046384.728924,0.0120761394500732,6.8682799339294425
1255,0,1,0,0,3,2,1096,2211110130,1130,64,1116,17,59861,29483,0,0,0,0,15,2211110130,17,59861,11123,13875,86,1130,1130.0,730.2631578947369,-0.3270337436205372,-1.6353390150488385,191833.4570637119,1130.0,436.5,693.5,7571,52,1096,1096.0,688.2727272727273,-0.3595874912282519,-1.6935832503659816,213181.10743801657,1096.0,233.5,862.5,1634046384.728924,0.0,6.8682799339294425
1256,0,1,0,0,3,2,1096,2211110130,1130,64,1116,17,59861,29483,0,0,0,0,15,2211110130,17,59861,11123,15005,86,1130,1130.0,750.25,-0.4147117906488523,-1.5771949881720042,189831.7875,1130.0,438.75,691.25,8667,52,1096,1096.0,722.25,-0.5060883753999862,-1.572806614934929,208115.0208333333,1096.0,320.25,775.75,1634046384.729572,0.000648021697998,6.8689279556274405
1257,0,1,0,0,3,2,1096,2211110130,1130,64,1116,17,59861,29483,0,0,0,0,15,2211110130,17,59861,11123,1130,1130,1130,1130.0,1130.0,0.0,-3.0,0.0,1130.0,1130.0,0.0,9763,52,1096,1096.0,751.0,-0.6363668922525075,-1.4269364767812056,202024.92307692303,1096.0,407.0,689.0,1634046384.729572,0.0,6.8689279556274405
1258,0,1,0,0,3,2,280,2211110130,314,64,300,17,59861,29483,0,0,0,0,15,2211110130,17,59861,11123,1444,314,1130,722.0,722.0,0.0,-2.0,166464.0,926.0,518.0,408.0,10043,52,1096,1096.0,717.3571428571429,-0.4468785659455042,-1.624803784169338,202308.51530612243,1096.0,311.75,784.25,1634046384.729572,0.0,6.8689279556274405
1259,0,1,0,0,3,2,1116,2211110130,1150,64,1136,17,59861,29483,0,0,0,0,15,2211110130,17,59861,11123,2594,314,1150,1130.0,864.6666666666666,-0.70570852030125,-1.5000000000000002,151683.55555555556,1140.0,722.0,418.0,11159,52,1116,1096.0,743.9333333333333,-0.5598583064015016,-1.5147547013450355,198709.39555555556,1096.0,343.5,752.5,1634046384.733235,0.0036628246307373,6.872590780258178
1260,0,1,0,0,2,3,60,3232270721,94,47,80,17,29483,59861,0,0,0,0,15,2211110130,17,59861,11123,2688,94,1150,722.0,672.0,-0.0788652461460208,-1.8938417710906088,225124.0,1135.0,259.0,876.0,11219,52,1116,1096.0,701.1875,-0.3948345586797117,-1.6940183847427572,213698.15234375,1096.0,225.0,871.0,1634046384.733634,0.000399112701416,6.872989892959594
1261,0,1,0,0,3,2,1096,2211110130,1130,64,1116,17,59861,29483,0,0,0,0,15,2211110130,17,59861,11123,3818,94,1150,1130.0,763.6,-0.47596876241099,-1.6846850470810422,213661.44,1130.0,314.0,816.0,12315,52,1116,1096.0,724.4117647058823,-0.4967034631898281,-1.6064249879634955,209757.53633217997,1096.0,280.0,816.0,1634046384.738829,0.0051949024200439,6.878184795379638
1262,0,1,0,0,3,2,1096,2211110130,1130,64,1116,17,59861,29483,0,0,0,0,15,2211110130,17,59861,11123,4948,94,1150,1130.0,824.6666666666666,-0.7707522945709651,-1.318651978486325,196696.8888888889,1130.0,518.0,612.0,13411,52,1116,1096.0,745.0555555555555,-0.590425460163403,-1.5064786244453945,205349.1635802469,1096.0,311.75,784.25,1634046384.738829,0.0,6.878184795379638
1263,0,1,0,0,3,2,1096,2211110130,1130,64,1116,17,59861,29483,0,0,0,0,15,2211110130,17,59861,11123,6078,94,1150,1130.0,868.2857142857143,-1.0108500537039198,-0.888848872023769,180013.06122448976,1130.0,722.0,408.0,14507,52,1116,1096.0,763.5263157894736,-0.677435120761656,-1.397165663170682,200682.3545706371,1096.0,343.5,752.5,1634046384.739364,0.0005350112915039,6.878719806671142
1264,0,1,0,0,3,2,827,2211110130,861,64,847,17,59861,29483,0,0,0,0,15,2211110130,17,59861,11123,6939,94,1150,1130.0,867.375,-1.0737012025139443,-0.5973203993884839,157517.234375,1130.0,724.25,405.75,15334,52,1116,1096.0,766.7,-0.715630266689691,-1.2956865569313023,190839.61,1096.0,375.25,720.75,1634046384.739364,0.0,6.878719806671142
1265,0,1,0,0,2,3,56,3232270721,90,47,76,17,29483,59861,0,0,0,0,15,2211110130,17,59861,11123,7029,90,1150,1130.0,781.0,-0.6664039021416943,-1.394560065452024,199700.44444444444,1130.0,314.0,816.0,56,56,56,56.0,56.0,0.0,-3.0,0.0,56.0,56.0,0.0,1634046384.752014,0.0126500129699707,6.891369819641112
1266,0,1,0,0,2,3,60,3232270721,94,47,80,17,29483,59861,0,0,0,0,15,2211110130,17,59861,11123,7123,90,1150,995.5,712.3,-0.3802241203111394,-1.731392258019975,222207.61,1130.0,149.0,981.0,116,56,60,58.0,58.0,0.0,-2.0,4.0,59.0,57.0,2.0,1634046384.752069,5.507469177246094e-05,6.891424894332885
1267,0,1,0,0,3,2,408,2211110130,442,64,428,17,59861,29483,0,0,0,0,15,2211110130,17,59861,11123,7565,90,1150,861.0,687.7272727272727,-0.2386907755782401,-1.742005681906803,208045.1074380165,1130.0,204.0,926.0,524,56,408,60.0,174.66666666666666,0.7067951202245192,-1.4999999999999996,27224.888888888887,234.0,58.0,176.0,1634046384.754071,0.0020020008087158,6.893426895141601
1268,0,1,0,0,2,3,52,3232270721,86,47,72,17,29483,59861,0,0,0,0,15,2211110130,17,59861,11123,7651,86,1150,651.5,637.5833333333334,-0.0582427942881293,-1.8183836614789224,218366.5763888889,1130.0,94.0,1036.0,576,52,408,58.0,144.0,1.153508230493627,-0.6675843477178938,23240.0,147.0,55.0,92.0,1634046384.770298,0.0162270069122314,6.909653902053832
1269,0,1,0,0,3,2,60,2211110130,94,64,80,17,59861,29483,0,0,0,0,15,2211110130,17,59861,11123,7745,86,1150,442.0,595.7692307692307,0.0966669448777038,-1.827224751734496,222550.1775147929,1130.0,94.0,1036.0,636,52,408,60.0,127.2,1.4983217152300696,0.2477800218673649,19720.96,60.0,56.0,4.0,1634046384.772967,0.0026690959930419,6.912322998046874
1270,0,1,0,0,3,2,408,2211110130,442,64,428,17,59861,29483,0,0,0,0,15,2211110130,17,59861,11123,8187,86,1150,442.0,584.7857142857143,0.168675780321423,-1.7422801130849992,208222.025510204,1130.0,94.0,1036.0,1044,52,408,60.0,174.0,0.7062521472913884,-1.499992444006013,27385.33333333333,321.0,57.0,264.0,1634046384.772967,0.0,6.912322998046874
1271,0,1,0,0,2,3,60,3232270721,94,47,80,17,29483,59861,0,0,0,0,15,2211110130,17,59861,11123,8281,86,1150,442.0,552.0666666666667,0.2888010379932742,-1.6983271213333664,209328.0622222222,1130.0,94.0,1036.0,1104,52,408,60.0,157.71428571428572,0.9477094801776398,-1.1003957524396748,25064.48979591837,234.0,58.0,176.0,1634046384.789762,0.0167949199676513,6.9291179180145255
1272,0,1,0,0,3,2,56,2211110130,90,64,76,17,59861,29483,0,0,0,0,15,2211110130,17,59861,11123,8371,86,1150,378.0,523.1875,0.3970947447418907,-1.6311874329188627,208755.15234375,1130.0,94.0,1036.0,1160,52,408,60.0,145.0,1.153695749265481,-0.6674290427377607,23063.0,147.0,56.0,91.0,1634046384.795495,0.0057330131530761,6.934850931167602
1273,0,1,0,0,3,2,1096,2211110130,1130,64,1116,17,59861,29483,0,0,0,0,15,2211110130,17,59861,11123,9501,86,1150,442.0,558.8823529411765,0.2527255490822503,-1.7493987960536377,216861.3979238754,1130.0,94.0,1036.0,2256,52,1096,60.0,250.66666666666663,1.7354640193538486,1.7927052178339098,109824.0,408.0,56.0,352.0,1634046384.795495,0.0,6.934850931167602
1274,0,1,0,0,3,2,1096,2211110130,1130,64,1116,17,59861,29483,0,0,0,0,15,2211110130,17,59861,11123,10631,86,1150,442.0,590.6111111111111,0.1271877808644073,-1.8136837544304496,221927.68209876545,1130.0,94.0,1036.0,3352,52,1096,60.0,335.2,1.1421956546743364,-0.3481508924996359,163154.56,408.0,57.0,351.0,1634046384.795959,0.0004639625549316,6.935314893722533
1275,0,1,0,0,3,2,1096,2211110130,1130,64,1116,17,59861,29483,0,0,0,0,15,2211110130,17,59861,11123,11761,86,1150,442.0,619.0,0.0158839292498784,-1.841347991432456,224754.0,1130.0,94.0,1036.0,4448,52,1096,60.0,404.3636363636364,0.7761579249419914,-1.1724057358612945,196158.4132231405,752.0,58.0,694.0,1634046384.795959,0.0,6.935314893722533
1276,0,1,0,0,3,2,755,2211110130,789,64,775,17,59861,29483,0,0,0,0,15,2211110130,17,59861,11123,12550,86,1150,615.5,627.5,-0.0364084028052232,-1.7943417147251577,214889.05,1130.0,94.0,1036.0,5203,52,1096,234.0,433.5833333333333,0.5928871553269108,-1.350497249750139,189203.5763888889,840.25,59.0,781.25,1634046384.795959,0.0,6.935314893722533
1277,0,1,0,0,3,2,1096,2211110130,1130,64,1116,17,59861,29483,0,0,0,0,15,2211110130,17,59861,11123,1130,1130,1130,1130.0,1130.0,0.0,-3.0,0.0,1130.0,1130.0,0.0,6299,52,1096,408.0,484.5384615384616,0.3835065375398052,-1.6116229224285004,205806.55621301776,1096.0,60.0,1036.0,1634046384.801987,0.0060279369354248,6.941342830657958
1278,0,1,0,0,3,2,1096,2211110130,1130,64,1116,17,59861,29483,0,0,0,0,15,2211110130,17,59861,11123,2260,1130,1130,1130.0,1130.0,0.0,-3.0,0.0,1130.0,1130.0,0.0,7395,52,1096,408.0,528.2142857142857,0.2113796589304019,-1.7469298339949355,215904.59693877544,1096.0,60.0,1036.0,1634046384.801987,0.0,6.941342830657958
1279,0,1,0,0,3,2,1096,2211110130,1130,64,1116,17,59861,29483,0,0,0,0,15,2211110130,17,59861,11123,3390,1130,1130,1130.0,1130.0,0.0,-3.0,0.0,1130.0,1130.0,0.0,8491,52,1096,408.0,566.0666666666667,0.0650064512001838,-1.8081333994193156,221570.19555555552,1096.0,60.0,1036.0,1634046384.801987,0.0,6.941342830657958
1280,0,1,0,0,3,2,1096,2211110130,1130,64,1116,17,59861,29483,0,0,0,0,15,2211110130,17,59861,11123,4520,1130,1130,1130.0,1130.0,0.0,-3.0,0.0,1130.0,1130.0,0.0,9587,52,1096,581.5,599.1875,-0.0626864478855156,-1.822222813948728,224176.90234375,1096.0,60.0,1036.0,1634046384.802592,0.0006051063537597,6.941947937011718
1281,0,1,0,0,3,2,1096,2211110130,1130,64,1116,17,59861,29483,0,0,0,0,15,2211110130,17,59861,11123,5650,1130,1130,1130.0,1130.0,0.0,-3.0,0.0,1130.0,1130.0,0.0,10683,52,1096,755.0,628.4117647058823,-0.1762760858543756,-1.8045606947813144,224654.94809688575,1096.0,60.0,1036.0,1634046384.803388,0.0007960796356201,6.942744016647338
1282,0,1,0,0,3,2,583,2211110130,617,64,603,17,59861,29483,0,0,0,0,15,2211110130,17,59861,11123,6267,617,1130,1130.0,1044.5,-1.7888543819998317,1.2000000000000002,36551.25,1130.0,1130.0,0.0,11266,52,1096,669.0,625.8888888888889,-0.1648738862410336,-1.7393166092646766,212282.32098765436,1096.0,60.0,1036.0,1634046384.803388,0.0,6.942744016647338
1283,0,1,0,0,2,3,60,3232270721,94,47,80,17,29483,59861,0,0,0,0,15,2211110130,17,59861,11123,6361,94,1130,1130.0,908.7142857142856,-1.365990280541954,0.2596339383852548,141956.20408163263,1130.0,873.5,256.5,11326,52,1096,583.0,596.1052631578947,-0.0533158057425488,-1.7814736631658694,217076.72576177283,1096.0,60.0,1036.0,1634046384.824836,0.0214478969573974,6.964191913604735
1284,0,1,0,0,3,2,408,2211110130,442,64,428,17,59861,29483,0,0,0,0,15,2211110130,17,59861,11123,6803,94,1130,1130.0,850.375,-0.8871091734691368,-0.7831665016066984,148035.984375,1130.0,573.25,556.75,11734,52,1096,495.5,586.7,0.004340848790159,-1.738741886754554,207903.61,1096.0,60.0,1036.0,1634046384.829479,0.0046429634094238,6.968834877014159
1285,0,1,0,0,3,2,1096,2211110130,1130,64,1116,17,59861,29483,0,0,0,0,15,2211110130,17,59861,11123,7933,94,1130,1130.0,881.4444444444445,-1.0673593078820554,-0.426120247074659,139310.024691358,1130.0,617.0,513.0,1096,1096,1096,1096.0,1096.0,0.0,-3.0,0.0,1096.0,1096.0,0.0,1634046384.850123,0.0206439495086669,6.989478826522826
1286,0,1,0,0,3,2,1096,2211110130,1130,64,1116,17,59861,29483,0,0,0,0,15,2211110130,17,59861,11123,9063,94,1130,1130.0,906.3,-1.2281806092211685,-0.0464777543455214,130939.21,1130.0,745.25,384.75,2192,1096,1096,1096.0,1096.0,0.0,-3.0,0.0,1096.0,1096.0,0.0,1634046384.850123,0.0,6.989478826522826
1287,0,1,0,0,3,2,1096,2211110130,1130,64,1116,17,59861,29483,0,0,0,0,15,2211110130,17,59861,11123,10193,94,1130,1130.0,926.6363636363636,-1.374286654708523,0.3477470848280197,123171.32231404958,1130.0,873.5,256.5,3288,1096,1096,1096.0,1096.0,0.0,-3.0,0.0,1096.0,1096.0,0.0,1634046384.851847,0.0017240047454833,6.99120283126831
1288,0,1,0,0,3,2,1116,2211110130,1150,64,1136,17,59861,29483,0,0,0,0,15,2211110130,17,59861,11123,11343,94,1150,1130.0,945.25,-1.505990966772201,0.743093123245008,116718.1875,1130.0,1001.75,128.25,4404,1096,1116,1096.0,1101.0,1.1547005383792517,-0.6666666666666665,75.0,1101.0,1096.0,5.0,1634046384.851847,0.0,6.99120283126831
1289,0,1,0,0,3,2,1096,2211110130,1130,64,1116,17,59861,29483,0,0,0,0,15,2211110130,17,59861,11123,12473,94,1150,1130.0,959.4615384615385,-1.6313081433758234,1.1543339509308217,110163.4792899408,1130.0,1130.0,0.0,5500,1096,1116,1096.0,1100.0,1.5,0.25,64.0,1096.0,1096.0,0.0,1634046384.851847,0.0,6.99120283126831
1290,0,1,0,0,3,2,166,2211110130,200,64,186,17,59861,29483,0,0,0,0,15,2211110130,17,59861,11123,12673,94,1150,1130.0,905.2142857142856,-1.2078132470424765,-0.2523516552134377,140550.59693877547,1130.0,745.25,384.75,5666,166,1116,1096.0,944.3333333333334,-1.7870685364321104,1.196860504569286,121213.88888888888,1096.0,1096.0,0.0,1634046384.851847,0.0,6.99120283126831
1291,0,1,0,0,2,3,60,3232270721,94,47,80,17,29483,59861,0,0,0,0,15,2211110130,17,59861,11123,12767,94,1150,1130.0,851.1333333333333,-0.9368722653136368,-0.9064218415540406,172127.04888888888,1130.0,529.5,600.5,5726,60,1116,1096.0,818.0,-0.9612307666569652,-1.055451526803528,199658.2857142857,1096.0,631.0,465.0,1634046384.85889,0.0070431232452392,6.998245954513549
1292,0,1,0,0,3,2,408,2211110130,442,64,428,17,59861,29483,0,0,0,0,15,2211110130,17,59861,11123,13209,94,1150,1130.0,825.5625,-0.7604260984110265,-1.166586419078805,171177.12109375,1130.0,442.0,688.0,6134,60,1116,1096.0,766.75,-0.6344334297105654,-1.4637785060930937,193086.9375,1096.0,347.5,748.5,1634046384.869098,0.0102078914642333,7.008453845977782
1293,0,1,0,0,3,2,1096,2211110130,1130,64,1116,17,59861,29483,0,0,0,0,15,2211110130,17,59861,11123,14339,94,1150,1130.0,843.4705882352941,-0.8551831770664707,-1.013446303777201,166239.07266435985,1130.0,442.0,688.0,7230,60,1116,1096.0,803.3333333333334,-0.8212402820386592,-1.1921404126831896,182339.5555555556,1096.0,408.0,688.0,1634046384.869098,0.0,7.008453845977782
1294,0,1,0,0,3,2,1096,2211110130,1130,64,1116,17,59861,29483,0,0,0,0,15,2211110130,17,59861,11123,15469,94,1150,1130.0,859.3888888888889,-0.9437559627007568,-0.8528483944256786,161311.237654321,1130.0,485.75,644.25,8326,60,1116,1096.0,832.6,-0.9850337238166852,-0.8943613202758374,171814.44,1096.0,580.0,516.0,1634046384.869098,0.0,7.008453845977782
1295,0,1,0,0,3,2,1096,2211110130,1130,64,1116,17,59861,29483,0,0,0,0,15,2211110130,17,59861,11123,16599,94,1150,1130.0,873.6315789473684,-1.0270891918176708,-0.686432644676712,156472.5484764543,1130.0,529.5,600.5,9422,60,1116,1096.0,856.5454545454545,-1.131960523602843,-0.5800610179021737,161928.79338842974,1096.0,752.0,344.0,1634046384.870283,0.0011849403381347,7.009638786315917
1296,0,1,0,0,3,2,706,2211110130,740,64,726,17,59861,29483,0,0,0,0,15,2211110130,17,59861,11123,17339,94,1150,1130.0,866.95,-0.9950323416744368,-0.662081103022266,149497.1475,1130.0,573.25,556.75,10128,60,1116,1096.0,844.0,-1.069636385911223,-0.5634940072355028,150166.0,1096.0,631.5,464.5,1634046384.870283,0.0,7.009638786315917
1297,0,1,0,0,3,2,60,2211110130,94,64,80,17,59861,29483,0,0,0,0,15,2211110130,17,59861,11123,94,94,94,94.0,94.0,0.0,-3.0,0.0,94.0,94.0,0.0,10188,60,1116,1096.0,783.6923076923077,-0.7882027374701241,-1.163876068888865,182258.98224852077,1096.0,408.0,688.0,1634046384.894246,0.0239632129669189,7.033601999282836
1298,0,1,0,0,3,2,408,2211110130,442,64,428,17,59861,29483,0,0,0,0,15,2211110130,17,59861,11123,536,94,442,268.0,268.0,0.0,-2.0,30276.0,355.0,181.0,174.0,10596,60,1116,1096.0,756.8571428571429,-0.6139261877875555,-1.3600262036504935,178602.12244897962,1096.0,408.0,688.0,1634046384.894246,0.0,7.033601999282836
1299,0,1,0,0,2,3,60,3232270721,94,47,80,17,29483,59861,0,0,0,0,15,2211110130,17,59861,11123,630,94,442,94.0,210.0,0.7071067811865476,-1.5,26912.0,268.0,94.0,174.0,10656,60,1116,1096.0,710.4,-0.4379296787449684,-1.5845855330604146,196911.04000000004,1096.0,287.0,809.0,1634046384.895135,0.0008888244628906,7.034490823745727
1300,0,1,0,0,3,2,52,2211110130,86,64,72,17,59861,29483,0,0,0,0,15,2211110130,17,59861,11123,716,86,442,94.0,179.0,1.153090823479084,-0.6678805445104996,23067.0,181.0,92.0,89.0,10708,52,1116,901.0,669.25,-0.288014042610841,-1.718937581600853,210003.9375,1096.0,139.5,956.5,1634046384.903933,0.0087981224060058,7.0432889461517325
1301,0,1,0,0,3,2,1096,2211110130,1130,64,1116,17,59861,29483,0,0,0,0,15,2211110130,17,59861,11123,1846,86,1130,94.0,369.2,1.142121382070315,-0.3481986872288898,163157.75999999995,442.0,94.0,348.0,11804,52,1116,1096.0,694.3529411764706,-0.3926421676549551,-1.6542898080652713,207733.28719723184,1096.0,166.0,930.0,1634046384.910428,0.0064949989318847,7.049783945083617
1302,0,1,0,0,3,2,1096,2211110130,1130,64,1116,17,59861,29483,0,0,0,0,15,2211110130,17,59861,11123,2976,86,1130,268.0,496.0,0.5145145093840501,-1.5628577537293846,216356.0,958.0,94.0,864.0,12900,52,1116,1096.0,716.6666666666666,-0.4884341067137708,-1.5742728297553576,204656.88888888893,1096.0,226.5,869.5,1634046384.910428,0.0,7.049783945083617
1303,0,1,0,0,3,2,1096,2211110130,1130,64,1116,17,59861,29483,0,0,0,0,15,2211110130,17,59861,11123,4106,86,1130,442.0,586.5714285714286,0.14322923293727,-1.8518472116201723,234667.10204081636,1130.0,94.0,1036.0,13996,52,1116,1096.0,736.6315789473684,-0.5769965485306952,-1.482733644645208,201060.23268698063,1096.0,287.0,809.0,1634046384.910428,0.0,7.049783945083617
1304,0,1,0,0,3,2,1096,2211110130,1130,64,1116,17,59861,29483,0,0,0,0,15,2211110130,17,59861,11123,5236,86,1130,786.0,654.5,-0.1245904869168389,-1.8746840287084563,237633.75,1130.0,94.0,1036.0,15092,52,1116,1096.0,754.6,-0.6595330011581236,-1.382335523967397,197141.64,1096.0,347.5,748.5,1634046384.91113,0.000701904296875,7.050485849380492
1305,0,1,0,0,3,2,1096,2211110130,1130,64,1116,17,59861,29483,0,0,0,0,15,2211110130,17,59861,11123,6366,86,1130,1130.0,707.3333333333334,-0.33709933643712,-1.7848440402061825,233560.88888888888,1130.0,94.0,1036.0,1096,1096,1096,1096.0,1096.0,0.0,-3.0,0.0,1096.0,1096.0,0.0,1634046384.91113,0.0,7.050485849380492
1306,0,1,0,0,3,2,746,2211110130,780,64,766,17,59861,29483,0,0,0,0,15,2211110130,17,59861,11123,7146,86,1130,955.0,714.6,-0.4012340962218406,-1.6319435638412794,210680.04000000004,1130.0,181.0,949.0,1842,746,1096,921.0,921.0,0.0,-2.0,30625.0,1008.5,833.5,175.0,1634046384.91113,0.0,7.050485849380492
1307,0,1,0,0,2,3,60,3232270721,94,47,80,17,29483,59861,0,0,0,0,15,2211110130,17,59861,11123,7240,86,1130,780.0,658.1818181818181,-0.1801636766865803,-1.7949170430069743,223357.4214876033,1130.0,94.0,1036.0,1902,60,1096,746.0,634.0,-0.3727948437074663,-1.5,185154.66666666663,921.0,403.0,518.0,1634046384.912816,0.0016860961914062,7.0521719455718985
1308,0,1,0,0,2,3,60,3232270721,94,47,80,17,29483,59861,0,0,0,0,15,2211110130,17,59861,11123,7334,86,1130,611.0,611.1666666666666,0.0001221284001414,-1.8466775939712765,229058.97222222225,1130.0,94.0,1036.0,1962,60,1096,403.0,490.5,0.2200418587051344,-1.7122040193581252,200642.75,833.5,60.0,773.5,1634046384.929255,0.0164389610290527,7.068610906600951
1309,0,1,0,0,3,2,408,2211110130,442,64,428,17,59861,29483,0,0,0,0,15,2211110130,17,59861,11123,7776,86,1130,442.0,598.1538461538462,0.0808654688176543,-1.7685080510371491,213471.05325443784,1130.0,94.0,1036.0,2370,60,1096,408.0,474.0,0.3650068276823931,-1.3617067103266547,161603.2,746.0,60.0,686.0,1634046384.934583,0.0053279399871826,7.073938846588134
1310,0,1,0,0,3,2,1096,2211110130,1130,64,1116,17,59861,29483,0,0,0,0,15,2211110130,17,59861,11123,8906,86,1130,611.0,636.1428571428571,-0.0656172108287271,-1.7903634408353883,216984.26530612243,1130.0,94.0,1036.0,3466,60,1096,577.0,577.6666666666666,0.001954601440253,-1.6401038236748458,188403.22222222225,1008.5,147.0,861.5,1634046384.957771,0.0231881141662597,7.097126960754394
1311,0,1,0,0,3,2,1096,2211110130,1130,64,1116,17,59861,29483,0,0,0,0,15,2211110130,17,59861,11123,10036,86,1130,780.0,669.0666666666667,-0.1939310072752553,-1.7698415087317023,217694.32888888888,1130.0,94.0,1036.0,4562,60,1096,746.0,651.7142857142857,-0.2748571325412018,-1.6175181399057696,194386.77551020408,1096.0,234.0,862.0,1634046384.957771,0.0,7.097126960754394
1312,0,1,0,0,3,2,1096,2211110130,1130,64,1116,17,59861,29483,0,0,0,0,15,2211110130,17,59861,11123,11166,86,1130,955.0,697.875,-0.3084901031752751,-1.7208178285107425,216537.234375,1130.0,94.0,1036.0,5658,60,1096,921.0,707.25,-0.4975748037397447,-1.467670791363529,191677.9375,1096.0,321.0,775.0,1634046384.958468,0.0006968975067138,7.0978238582611075
1313,0,1,0,0,3,2,629,2211110130,663,64,649,17,59861,29483,0,0,0,0,15,2211110130,17,59861,11123,11829,86,1130,780.0,695.8235294117648,-0.3042232643806907,-1.6474173626231177,203867.0865051903,1130.0,94.0,1036.0,6287,60,1096,746.0,698.5555555555555,-0.4626251573579198,-1.3297216805840346,170985.13580246913,1096.0,408.0,688.0,1634046384.958468,0.0,7.0978238582611075
1314,0,1,0,0,2,3,56,3232270721,90,47,76,17,29483,59861,0,0,0,0,15,2211110130,17,59861,11123,11919,86,1130,721.5,662.1666666666666,-0.1782757619037213,-1.7338872508605945,211798.47222222225,1130.0,94.0,1036.0,6343,56,1096,687.5,634.3,-0.2260406739533559,-1.5918681894992084,191045.61,1096.0,147.0,949.0,1634046384.965112,0.0066440105438232,7.104467868804931
1315,0,1,0,0,2,3,60,3232270721,94,47,80,17,29483,59861,0,0,0,0,15,2211110130,17,59861,11123,12013,86,1130,663.0,632.2631578947369,-0.0658464163547062,-1.7796134362562377,216747.14127423824,1130.0,94.0,1036.0,6403,56,1096,629.0,582.0909090909091,-0.0306935203731025,-1.693737528256803,200935.7190082644,1096.0,60.0,1036.0,1634046384.965166,5.412101745605469e-05,7.104521989822387
1316,0,1,0,0,3,2,408,2211110130,442,64,428,17,59861,29483,0,0,0,0,15,2211110130,17,59861,11123,12455,86,1130,552.5,622.75,-0.007717640830247,-1.7383118897881298,207629.2875,1130.0,94.0,1036.0,6811,56,1096,518.5,567.5833333333334,0.0638945742364585,-1.6061311844167692,186506.2430555556,1096.0,60.0,1036.0,1634046384.976929,0.0117628574371337,7.116284847259521
1317,0,1,0,0,3,2,1116,2211110130,1150,64,1136,17,59861,29483,0,0,0,0,15,2211110130,17,59861,11123,1150,1150,1150,1150.0,1150.0,0.0,-3.0,0.0,1150.0,1150.0,0.0,7927,56,1116,629.0,609.7692307692307,-0.0837272153694285,-1.642205637390673,193515.4082840237,1096.0,60.0,1036.0,1634046384.981544,0.0046150684356689,7.1208999156951895
1318,0,1,0,0,2,3,52,3232270721,86,47,72,17,29483,59861,0,0,0,0,15,2211110130,17,59861,11123,1236,86,1150,618.0,618.0,0.0,-2.0,283024.0,884.0,352.0,532.0,7979,52,1116,518.5,569.9285714285714,0.0556938886396279,-1.678983509893243,200327.4948979592,1096.0,60.0,1036.0,1634046384.981878,0.0003340244293212,7.121233940124511
1319,0,1,0,0,3,2,1096,2211110130,1130,64,1116,17,59861,29483,0,0,0,0,15,2211110130,17,59861,11123,2366,86,1150,1130.0,788.6666666666666,-0.7062478241825706,-1.5000000000000009,246936.8888888889,1140.0,608.0,532.0,9075,52,1116,629.0,605.0,-0.0776017505820663,-1.702906719375772,204192.4,1096.0,60.0,1036.0,1634046384.994298,0.0124199390411376,7.1336538791656485
1320,0,1,0,0,3,2,1096,2211110130,1130,64,1116,17,59861,29483,0,0,0,0,15,2211110130,17,59861,11123,3496,86,1150,1130.0,874.0,-1.1535805615258157,-0.6675141626783967,207048.0,1135.0,869.0,266.0,10171,52,1116,687.5,635.6875,-0.1960124677520986,-1.6885281455312595,205556.21484375,1096.0,60.0,1036.0,1634046384.995825,0.0015270709991455,7.135180950164794
1321,0,1,0,0,3,2,1096,2211110130,1130,64,1116,17,59861,29483,0,0,0,0,15,2211110130,17,59861,11123,4626,86,1150,1130.0,925.2,-1.4987145269561066,0.2483134300230371,176124.16000000006,1130.0,1130.0,0.0,11267,52,1116,746.0,662.7647058823529,-0.3027832402737744,-1.6476623607055818,205195.4740484429,1096.0,60.0,1036.0,1634046384.995825,0.0,7.135180950164794
1322,0,1,0,0,3,2,1096,2211110130,1130,64,1116,17,59861,29483,0,0,0,0,15,2211110130,17,59861,11123,5756,86,1150,1130.0,959.3333333333334,-1.7874370676269369,1.197503589756903,152595.55555555556,1130.0,1130.0,0.0,12363,52,1116,921.0,686.8333333333334,-0.4002367193463589,-1.5877502660738532,203643.8055555556,1096.0,147.0,949.0,1634046384.996521,0.0006959438323974,7.1358768939971915
1323,0,1,0,0,3,2,1096,2211110130,1130,64,1116,17,59861,29483,0,0,0,0,15,2211110130,17,59861,11123,6886,86,1150,1130.0,983.7142857142856,-2.0397095323541925,2.1633810588977456,134362.77551020408,1130.0,1130.0,0.0,13459,52,1116,1096.0,708.3684210526316,-0.4900771913036058,-1.5136980926951042,201273.39058171745,1096.0,234.0,862.0,1634046384.996521,0.0,7.1358768939971915
1324,0,1,0,0,3,2,161,2211110130,195,64,181,17,59861,29483,0,0,0,0,15,2211110130,17,59861,11123,7081,86,1150,1130.0,885.125,-1.1677394947588808,-0.6141063225402488,185606.359375,1130.0,896.25,233.75,13620,52,1116,921.0,681.0,-0.3581717002963847,-1.646776762837894,205441.3,1096.0,135.75,960.25,1634046384.996521,0.0,7.1358768939971915
1325,0,1,0,0,2,3,60,3232270721,94,47,80,17,29483,59861,0,0,0,0,15,2211110130,17,59861,11123,7175,86,1150,1130.0,797.2222222222222,-0.7178045222178103,-1.468998498807724,226798.61728395065,1130.0,195.0,935.0,60,60,60,60.0,60.0,0.0,-3.0,0.0,60.0,60.0,0.0,1634046384.998981,0.0024600028991699,7.138336896896361
1326,0,1,0,0,3,2,56,2211110130,90,64,76,17,59861,29483,0,0,0,0,15,2211110130,17,59861,11123,7265,86,1150,1130.0,726.5,-0.4176708121687928,-1.8126108888392585,249133.45,1130.0,119.25,1010.75,116,56,60,58.0,58.0,0.0,-2.0,4.0,59.0,57.0,2.0,1634046385.003513,0.0045320987701416,7.142868995666503
1327,0,1,0,0,3,2,1096,2211110130,1130,64,1116,17,59861,29483,0,0,0,0,15,2211110130,17,59861,11123,8395,86,1150,1130.0,763.1818181818181,-0.5759931107043932,-1.6555428505046204,239940.51239669425,1130.0,144.5,985.5,1212,56,1096,60.0,404.0,0.7070713425338421,-1.4999999999999998,239434.66666666663,578.0,58.0,520.0,1634046385.003513,0.0,7.142868995666503
1328,0,1,0,0,3,2,1096,2211110130,1130,64,1116,17,59861,29483,0,0,0,0,15,2211110130,17,59861,11123,9525,86,1150,1130.0,793.75,-0.7159177178265534,-1.4748227062251729,230224.0208333333,1130.0,169.75,960.25,2308,56,1096,578.0,577.0,-2.2274691495062288e-05,-1.9999703004664693,269363.0,1096.0,59.0,1037.0,1634046385.004032,0.000518798828125,7.143387794494628
1329,0,1,0,0,3,2,1096,2211110130,1130,64,1116,17,59861,29483,0,0,0,0,15,2211110130,17,59861,11123,10655,86,1150,1130.0,819.6153846153846,-0.8419986358802256,-1.2783207880604566,220542.6982248521,1130.0,195.0,935.0,3404,56,1096,1096.0,680.8,-0.4082672355030085,-1.8332920839046392,258588.16,1096.0,60.0,1036.0,1634046385.004032,0.0,7.143387794494628
1330,0,1,0,0,3,2,475,2211110130,509,64,495,17,59861,29483,0,0,0,0,15,2211110130,17,59861,11123,11164,86,1150,1130.0,797.4285714285714,-0.7114769362518912,-1.3930264902312146,211188.95918367343,1130.0,273.5,856.5,3879,56,1096,785.5,646.5,-0.2243848180093371,-1.7646138596226473,221372.5833333333,1096.0,163.75,932.25,1634046385.004032,0.0,7.143387794494628
1331,0,1,0,0,2,3,60,3232270721,94,47,80,17,29483,59861,0,0,0,0,15,2211110130,17,59861,11123,11258,86,1150,1130.0,750.5333333333333,-0.5100070823669577,-1.6561432497845578,227897.9822222223,1130.0,144.5,985.5,3939,56,1096,475.0,562.7142857142857,0.0897148688438475,-1.840515946756836,231868.20408163263,1096.0,60.0,1036.0,1634046385.015107,0.0110750198364257,7.154462814331054
1332,0,1,0,0,3,2,60,2211110130,94,64,80,17,59861,29483,0,0,0,0,15,2211110130,17,59861,11123,11352,86,1150,1130.0,709.5,-0.3444760361926601,-1.8081719216120595,238910.375,1130.0,94.0,1036.0,3999,56,1096,267.5,499.875,0.330586310376601,-1.7533767598999332,230526.109375,1096.0,60.0,1036.0,1634046385.025408,0.0103011131286621,7.164763927459716
1333,0,1,0,0,3,2,408,2211110130,442,64,428,17,59861,29483,0,0,0,0,15,2211110130,17,59861,11123,11794,86,1150,1130.0,693.7647058823529,-0.2574629272223483,-1.8117692131501235,228818.4152249135,1130.0,94.0,1036.0,4407,56,1096,408.0,489.6666666666667,0.4151153958383003,-1.5743739280375229,205745.77777777772,1096.0,60.0,1036.0,1634046385.025408,0.0,7.164763927459716
1334,0,1,0,0,2,3,60,3232270721,94,47,80,17,29483,59861,0,0,0,0,15,2211110130,17,59861,11123,11888,86,1150,819.5,660.4444444444445,-0.1323469856381974,-1.8704335260748843,234980.35802469132,1130.0,94.0,1036.0,4467,56,1096,234.0,446.7,0.584969363150708,-1.413555509304025,201786.41,940.75,60.0,880.75,1634046385.031453,0.006044864654541,7.170808792114257
1335,0,1,0,0,2,3,60,3232270721,94,47,80,17,29483,59861,0,0,0,0,15,2211110130,17,59861,11123,11982,86,1150,509.0,630.6315789473684,-0.0212761198822989,-1.8945951576840177,238611.49584487535,1130.0,94.0,1036.0,4527,56,1096,60.0,411.54545454545456,0.7345276402921532,-1.2197132436524742,195800.611570248,785.5,60.0,725.5,1634046385.048976,0.0175230503082275,7.1883318424224845
1336,0,1,0,0,2,3,60,3232270721,94,47,80,17,29483,59861,0,0,0,0,15,2211110130,17,59861,11123,12076,86,1150,475.5,603.8,0.0787877660353969,-1.8940464611839531,240359.66,1130.0,94.0,1036.0,4587,56,1096,60.0,382.25,0.8688248264860304,-1.004498863234144,188924.35416666663,630.25,60.0,570.25,1634046385.063803,0.014827013015747,7.2031588554382315
1337,0,1,0,0,2,3,60,3232270721,94,47,80,17,29483,59861,0,0,0,0,15,2211110130,17,59861,11123,94,94,94,94.0,94.0,0.0,-3.0,0.0,94.0,94.0,0.0,4647,56,1096,60.0,357.46153846153845,0.9912432404933218,-0.7746964868597077,181765.325443787,475.0,60.0,415.0,1634046385.078976,0.0151729583740234,7.218331813812255
1338,0,1,0,0,3,2,1096,2211110130,1130,64,1116,17,59861,29483,0,0,0,0,15,2211110130,17,59861,11123,1224,94,1130,612.0,612.0,0.0,-2.0,268324.0,871.0,353.0,518.0,5743,56,1096,60.0,410.2142857142857,0.7276483530160741,-1.2897971349876045,204959.1683673469,940.75,60.0,880.75,1634046385.079971,0.0009951591491699,7.219326972961425
1339,0,1,0,0,3,2,1096,2211110130,1130,64,1116,17,59861,29483,0,0,0,0,15,2211110130,17,59861,11123,2354,94,1130,1130.0,784.6666666666666,-0.7071067811865472,-1.5,238510.22222222225,1130.0,612.0,518.0,6839,56,1096,60.0,455.9333333333333,0.5229876276122876,-1.579094008279187,220558.46222222212,1096.0,60.0,1036.0,1634046385.079971,0.0,7.219326972961425
1340,0,1,0,0,3,2,1096,2211110130,1130,64,1116,17,59861,29483,0,0,0,0,15,2211110130,17,59861,11123,3484,94,1130,1130.0,871.0,-1.1547005383792517,-0.6666666666666665,201243.0,1130.0,871.0,259.0,7935,56,1096,234.0,495.9375,0.3555261266230058,-1.7463864371980105,230778.55859375,1096.0,60.0,1036.0,1634046385.079971,0.0,7.219326972961425
1341,0,1,0,0,3,2,1096,2211110130,1130,64,1116,17,59861,29483,0,0,0,0,15,2211110130,17,59861,11123,4614,94,1130,1130.0,922.8,-1.5000000000000004,0.2500000000000004,171727.35999999996,1130.0,1130.0,0.0,9031,56,1096,408.0,531.2352941176471,0.2134696920345415,-1.8403869832345043,237138.29757785465,1096.0,60.0,1036.0,1634046385.08071,0.0007388591766357,7.220065832138061
1342,0,1,0,0,3,2,1096,2211110130,1130,64,1116,17,59861,29483,0,0,0,0,15,2211110130,17,59861,11123,5744,94,1130,1130.0,957.3333333333334,-1.7888543819998324,1.2000000000000002,149068.88888888888,1130.0,1130.0,0.0,10127,56,1096,441.5,562.6111111111111,0.0897792192479139,-1.8869451408015252,240699.45987654323,1096.0,60.0,1036.0,1634046385.08071,0.0,7.220065832138061
1343,0,1,0,0,3,2,345,2211110130,379,64,365,17,59861,29483,0,0,0,0,15,2211110130,17,59861,11123,6123,94,1130,1130.0,874.7142857142857,-1.0604502392000374,-0.7262354295289262,168728.77551020405,1130.0,754.5,375.5,10472,56,1096,408.0,551.1578947368421,0.1575180198003526,-1.8352257421202205,230392.2382271468,1096.0,60.0,1036.0,1634046385.081242,0.0005321502685546,7.220597982406615
1344,0,1,0,0,3,2,408,2211110130,442,64,428,17,59861,29483,0,0,0,0,15,2211110130,17,59861,11123,6565,94,1130,1130.0,820.625,-0.6818357122758871,-1.3054027293490915,168117.234375,1130.0,426.25,703.75,10880,56,1096,408.0,544.0,0.2049163790821868,-1.7732067145503942,219846.1,1096.0,60.0,1036.0,1634046385.081242,0.0,7.220597982406615
1345,0,1,0,0,3,2,1096,2211110130,1130,64,1116,17,59861,29483,0,0,0,0,15,2211110130,17,59861,11123,7695,94,1130,1130.0,855.0,-0.8670309953986516,-1.018950881687516,158890.66666666666,1130.0,442.0,688.0,1096,1096,1096,1096.0,1096.0,0.0,-3.0,0.0,1096.0,1096.0,0.0,1634046385.088724,0.0074818134307861,7.2280797958374015
1346,0,1,0,0,3,2,1096,2211110130,1130,64,1116,17,59861,29483,0,0,0,0,15,2211110130,17,59861,11123,8825,94,1130,1130.0,882.5,-1.03000182476987,-0.706405943019413,149807.85,1130.0,614.0,516.0,2192,1096,1096,1096.0,1096.0,0.0,-3.0,0.0,1096.0,1096.0,0.0,1634046385.088724,0.0,7.2280797958374015
1347,0,1,0,0,3,2,1116,2211110130,1150,64,1136,17,59861,29483,0,0,0,0,15,2211110130,17,59861,11123,9975,94,1150,1130.0,906.818181818182,-1.1748618786384284,-0.3814393918081169,142102.694214876,1130.0,786.0,344.0,3308,1096,1116,1096.0,1102.6666666666667,0.7071067811865238,-1.5000000000000222,88.88888888888887,1106.0,1096.0,10.0,1634046385.113378,0.0246541500091552,7.252733945846557
1348,0,1,0,0,3,2,1104,2211110130,1138,64,1124,17,59861,29483,0,0,0,0,15,2211110130,17,59861,11123,11113,94,1150,1130.0,926.0833333333334,-1.3085124605610154,-0.0426590379974438,134343.40972222222,1130.0,958.0,172.0,4412,1096,1116,1100.0,1103.0,0.6892544771146772,-1.1419024281577188,67.0,1107.0,1096.0,11.0,1634046385.127706,0.0143280029296875,7.267061948776244
1349,0,1,0,0,3,2,525,2211110130,559,64,545,17,59861,29483,0,0,0,0,15,2211110130,17,59861,11123,11672,94,1150,1130.0,897.8461538461538,-1.063960004959991,-0.5251231803005916,133577.36094674555,1130.0,559.0,571.0,4937,525,1116,1096.0,987.4,-1.4962203699580163,0.2450442403145318,53507.04,1104.0,1096.0,8.0,1634046385.127706,0.0,7.267061948776244
1350,0,1,0,0,3,2,408,2211110130,442,64,428,17,59861,29483,0,0,0,0,15,2211110130,17,59861,11123,12114,94,1150,1130.0,865.2857142857143,-0.8111550030029656,-1.0095770278965686,137818.48979591837,1130.0,471.25,658.75,5345,408,1116,1096.0,890.8333333333334,-0.7450396746904758,-1.3886647722352283,91214.80555555556,1102.0,667.75,434.25,1634046385.127706,0.0,7.267061948776244
1351,0,1,0,0,2,3,60,3232270721,94,47,80,17,29483,59861,0,0,0,0,15,2211110130,17,59861,11123,12208,94,1150,1130.0,813.8666666666667,-0.6472428451985938,-1.27729017336749,165645.4488888889,1130.0,442.0,688.0,5405,60,1116,1096.0,772.1428571428571,-0.6081599996782406,-1.237514875657418,162708.693877551,1100.0,466.5,633.5,1634046385.138119,0.0104129314422607,7.277474880218505
1352,0,1,0,0,3,2,60,2211110130,94,64,80,17,59861,29483,0,0,0,0,15,2211110130,17,59861,11123,12302,94,1150,1130.0,768.875,-0.4884403694788161,-1.4969644806089852,185656.359375,1130.0,426.25,703.75,5465,60,1116,810.5,683.125,-0.3015041291034759,-1.6187849007307704,197839.359375,1098.0,321.0,777.0,1634046385.146695,0.0085759162902832,7.286050796508788
1353,0,1,0,0,3,2,1096,2211110130,1130,64,1116,17,59861,29483,0,0,0,0,15,2211110130,17,59861,11123,13432,94,1150,1130.0,790.1176470588235,-0.5876352908472838,-1.3948595296331745,181955.39792387543,1130.0,442.0,688.0,6561,60,1116,1096.0,729.0,-0.501020024384033,-1.4750556024518666,192693.3333333333,1096.0,408.0,688.0,1634046385.146695,0.0,7.286050796508788
1354,0,1,0,0,3,2,1096,2211110130,1130,64,1116,17,59861,29483,0,0,0,0,15,2211110130,17,59861,11123,14562,94,1150,1130.0,809.0,-0.6793576508871115,-1.2812268613135205,177908.0,1130.0,442.0,688.0,7657,60,1116,1096.0,765.7,-0.6715932745360387,-1.2818124196940608,185546.01,1096.0,437.25,658.75,1634046385.14732,0.0006251335144042,7.2866759300231925
1355,0,1,0,0,3,2,1096,2211110130,1130,64,1116,17,59861,29483,0,0,0,0,15,2211110130,17,59861,11123,15692,94,1150,1130.0,825.8947368421053,-0.7648662526809925,-1.1587993638326846,173682.19944598342,1130.0,442.0,688.0,8753,60,1116,1096.0,795.7272727272727,-0.8217731696659382,-1.058982320051628,177694.56198347107,1096.0,466.5,629.5,1634046385.14732,0.0,7.2866759300231925
1356,0,1,0,0,3,2,1096,2211110130,1130,64,1116,17,59861,29483,0,0,0,0,15,2211110130,17,59861,11123,16822,94,1150,1130.0,841.1,-0.8451228957196312,-1.0295096316074603,169390.88999999998,1130.0,442.0,688.0,9849,60,1116,1096.0,820.75,-0.9567764480852758,-0.8170675641095935,169774.1875,1096.0,495.75,600.25,1634046385.14732,0.0,7.2866759300231925
1357,0,1,0,0,3,2,1096,2211110130,1130,64,1116,17,59861,29483,0,0,0,0,15,2211110130,17,59861,11123,1130,1130,1130,1130.0,1130.0,0.0,-3.0,0.0,1130.0,1130.0,0.0,10945,60,1116,1096.0,841.9230769230769,-1.0800169942049576,-0.5621269808410423,162094.224852071,1096.0,525.0,571.0,1634046385.14732,0.0,7.2866759300231925
1358,0,1,0,0,3,2,577,2211110130,611,64,597,17,59861,29483,0,0,0,0,15,2211110130,17,59861,11123,1741,611,1130,870.5,870.5,0.0,-2.0,67340.25,1000.25,740.75,259.5,11522,60,1116,1096.0,823.0,-0.9482344466034642,-0.7112020113175364,155171.14285714287,1096.0,538.0,558.0,1634046385.150104,0.0027840137481689,7.289459943771361
1359,0,1,0,0,3,2,408,2211110130,442,64,428,17,59861,29483,0,0,0,0,15,2211110130,17,59861,11123,2183,442,1130,611.0,727.6666666666666,0.5345026422546649,-1.5,85696.22222222223,870.5,526.5,344.0,11930,60,1116,1096.0,795.3333333333334,-0.7487274012283947,-1.0318922101180297,155542.62222222224,1096.0,466.5,629.5,1634046385.150104,0.0,7.289459943771361
1360,0,1,0,0,3,2,1096,2211110130,1130,64,1116,17,59861,29483,0,0,0,0,15,2211110130,17,59861,11123,3313,442,1130,870.5,828.25,-0.1110339001893065,-1.8533509723352253,94623.1875,1130.0,568.75,561.25,13026,60,1116,1096.0,814.125,-0.8491993425053539,-0.8727323497289134,151118.109375,1096.0,495.75,600.25,1634046385.156886,0.006782054901123,7.2962419986724845
1361,0,1,0,0,3,2,1096,2211110130,1130,64,1116,17,59861,29483,0,0,0,0,15,2211110130,17,59861,11123,4443,442,1130,1130.0,888.6,-0.5034274505849188,-1.6277355788225316,90267.04,1130.0,611.0,519.0,14122,60,1116,1096.0,830.7058823529412,-0.942762668142856,-0.7040470914681407,146627.61937716263,1096.0,525.0,571.0,1634046385.156886,0.0,7.2962419986724845
1362,0,1,0,0,3,2,1096,2211110130,1130,64,1116,17,59861,29483,0,0,0,0,15,2211110130,17,59861,11123,5573,442,1130,1130.0,928.8333333333334,-0.7964798326572159,-1.2490184571529666,83316.13888888888,1130.0,740.75,389.25,15218,60,1116,1096.0,845.4444444444445,-1.0305196202035,-0.5280678435439188,142174.4691358025,1096.0,538.0,558.0,1634046385.157361,0.0004749298095703,7.296716928482055
1363,0,1,0,0,3,2,485,2211110130,519,64,505,17,59861,29483,0,0,0,0,15,2211110130,17,59861,11123,6092,442,1130,1130.0,870.2857142857143,-0.3547235759003802,-1.7911399084436206,91980.77551020408,1130.0,565.0,565.0,15703,60,1116,1096.0,826.4736842105264,-0.881589852828293,-0.7734867515368267,141169.61772853188,1096.0,505.0,591.0,1634046385.157361,0.0,7.296716928482055
1364,0,1,0,0,3,2,408,2211110130,442,64,428,17,59861,29483,0,0,0,0,15,2211110130,17,59861,11123,6534,442,1130,870.5,816.75,-0.068274070020904,-1.9167084029518588,100545.6875,1130.0,499.75,630.25,16111,60,1116,1096.0,805.55,-0.728094735100845,-1.0263967410069177,142429.34749999997,1096.0,465.75,630.25,1634046385.174078,0.0167169570922851,7.31343388557434
1365,0,1,0,0,2,3,52,3232270721,86,48,72,17,10001,59861,0,0,0,0,15,2211110130,17,59861,11123,6620,86,1130,611.0,735.5555555555555,-0.1892771444770723,-1.392791820728383,142114.24691358025,1130.0,442.0,688.0,52,52,52,52.0,52.0,0.0,-3.0,0.0,52.0,52.0,0.0,1634046385.175943,0.0018649101257324,7.315298795700072
1366,0,1,0,0,2,3,56,3232270721,90,47,76,17,29483,59861,0,0,0,0,15,2211110130,17,59861,11123,6710,86,1130,565.0,671.0,-0.0553862807840848,-1.484455053399134,165409.6,1130.0,442.0,688.0,108,52,56,54.0,54.0,0.0,-2.0,4.0,55.0,53.0,2.0,1634046385.186168,0.0102250576019287,7.325523853302001
1367,0,1,0,0,2,3,60,3232270721,94,47,80,17,29483,59861,0,0,0,0,15,2211110130,17,59861,11123,6804,86,1130,519.0,618.5454545454545,0.0971169538857543,-1.5350309724088655,177887.15702479336,1130.0,268.0,862.0,168,52,60,56.0,56.0,0.0,-1.5,10.666666666666666,58.0,54.0,4.0,1634046385.186223,5.507469177246094e-05,7.3255789279937735
1368,0,1,0,0,2,3,52,3232270721,86,47,72,17,29483,59861,0,0,0,0,15,2211110130,17,59861,11123,6890,86,1130,480.5,574.1666666666666,0.2364673232403965,-1.524721484160838,184727.47222222225,1130.0,93.0,1037.0,220,52,60,54.0,55.0,0.4933822002181586,-1.371900826446281,11.0,57.0,52.0,5.0,1634046385.186254,3.0994415283203125e-05,7.325609922409057
1369,0,1,0,0,3,2,1096,2211110130,1130,64,1116,17,59861,29483,0,0,0,0,15,2211110130,17,59861,11123,8020,86,1130,519.0,616.9230769230769,0.0684087688730109,-1.6308869696692283,192454.99408284025,1130.0,94.0,1036.0,1316,52,1096,56.0,263.2,1.499809888936444,0.2497458590566199,173397.75999999998,60.0,52.0,8.0,1634046385.200197,0.0139429569244384,7.339552879333495
1370,0,1,0,0,3,2,1096,2211110130,1130,64,1116,17,59861,29483,0,0,0,0,15,2211110130,17,59861,11123,9150,86,1130,565.0,653.5714285714286,-0.0760341872696712,-1.663689127785477,196168.53061224488,1130.0,181.0,949.0,2412,52,1096,58.0,402.0,0.707009989978989,-1.5000002863144442,240825.3333333333,837.0,53.0,784.0,1634046385.200197,0.0,7.339552879333495
1371,0,1,0,0,3,2,1096,2211110130,1130,64,1116,17,59861,29483,0,0,0,0,15,2211110130,17,59861,11123,10280,86,1130,611.0,685.3333333333334,-0.2030143928734865,-1.6502917910623085,197214.0888888889,1130.0,268.0,862.0,3508,52,1096,60.0,501.1428571428572,0.2886034218622131,-1.916611664578291,265397.55102040817,1096.0,54.0,1042.0,1634046385.200794,0.0005970001220703,7.3401498794555655
1372,0,1,0,0,3,2,1096,2211110130,1130,64,1116,17,59861,29483,0,0,0,0,15,2211110130,17,59861,11123,11410,86,1130,870.5,713.125,-0.3166471817947067,-1.60598372683226,196473.859375,1130.0,355.0,775.0,4604,52,1096,578.0,575.5,-6.083785549017632e-05,-1.999919052941863,270925.75,1096.0,55.0,1041.0,1634046385.200794,0.0,7.3401498794555655
1373,0,1,0,0,3,2,1096,2211110130,1130,64,1116,17,59861,29483,0,0,0,0,15,2211110130,17,59861,11123,12540,86,1130,1130.0,737.6470588235294,-0.4197784814902244,-1.5400002344549475,194537.875432526,1130.0,442.0,688.0,5700,52,1096,1096.0,633.3333333333334,-0.2236618931098541,-1.9499015974873333,267580.44444444444,1096.0,56.0,1040.0,1634046385.200794,0.0,7.3401498794555655
1374,0,1,0,0,2,3,60,3232270721,94,47,80,17,29483,59861,0,0,0,0,15,2211110130,17,59861,11123,12634,86,1130,870.5,701.8888888888889,-0.2871564398108121,-1.6660349253433735,205467.20987654323,1130.0,181.0,949.0,5760,52,1096,578.0,576.0,-7.100339631420884e-05,-1.9999053290849969,270406.4,1096.0,57.0,1039.0,1634046385.202588,0.0017940998077392,7.341943979263305
1375,0,1,0,0,3,2,1116,2211110130,1150,64,1136,17,59861,29483,0,0,0,0,15,2211110130,17,59861,11123,13784,86,1150,1130.0,725.4736842105264,-0.3790336409739896,-1.6129337804149553,204665.512465374,1130.0,268.0,862.0,6876,52,1116,1096.0,625.0909090909091,-0.1822980589195031,-1.9662161654078416,269923.1735537189,1096.0,58.0,1038.0,1634046385.204619,0.0020308494567871,7.343974828720092
1376,0,1,0,0,3,2,111,2211110130,145,64,131,17,59861,29483,0,0,0,0,15,2211110130,17,59861,11123,13929,86,1150,870.5,696.45,-0.256614871399983,-1.71436656996913,210437.3475,1130.0,132.25,997.75,6987,52,1116,603.5,582.25,-0.0020450667696193,-1.9965716004375988,267618.3541666667,1096.0,59.0,1037.0,1634046385.204619,0.0,7.343974828720092
1377,0,1,0,0,3,2,1096,2211110130,1130,64,1116,17,59861,29483,0,0,0,0,15,2211110130,17,59861,11123,1130,1130,1130,1130.0,1130.0,0.0,-3.0,0.0,1130.0,1130.0,0.0,8083,52,1116,1096.0,621.7692307692307,-0.1562013033643725,-1.9723871171984249,265773.5621301775,1096.0,60.0,1036.0,1634046385.20547,0.0008511543273925,7.3448259830474845
1378,0,1,0,0,3,2,1096,2211110130,1130,64,1116,17,59861,29483,0,0,0,0,15,2211110130,17,59861,11123,2260,1130,1130,1130.0,1130.0,0.0,-3.0,0.0,1130.0,1130.0,0.0,9179,52,1116,1096.0,655.6428571428571,-0.2904719991165641,-1.9125414583214568,261706.22959183672,1096.0,60.0,1036.0,1634046385.20547,0.0,7.3448259830474845
1379,0,1,0,0,3,2,1096,2211110130,1130,64,1116,17,59861,29483,0,0,0,0,15,2211110130,17,59861,11123,3390,1130,1130,1130.0,1130.0,0.0,-3.0,0.0,1130.0,1130.0,0.0,10275,52,1116,1096.0,685.0,-0.4099733852935263,-1.8289157431918803,256324.9333333333,1096.0,60.0,1036.0,1634046385.205984,0.0005140304565429,7.345340013504027
1380,0,1,0,0,3,2,445,2211110130,479,64,465,17,59861,29483,0,0,0,0,15,2211110130,17,59861,11123,3869,479,1130,1130.0,967.25,-1.1547005383792517,-0.6666666666666665,79462.6875,1130.0,967.25,162.75,10720,52,1116,1096.0,670.0,-0.3306474932346567,-1.82744363991905,243679.625,1096.0,60.0,1036.0,1634046385.205984,0.0,7.345340013504027
1381,0,1,0,0,2,3,60,3232270721,94,47,80,17,29483,59861,0,0,0,0,15,2211110130,17,59861,11123,3963,94,1130,1130.0,792.6,-0.641828641869662,-1.334883696062631,185580.64,1130.0,479.0,651.0,10780,52,1116,1096.0,634.1176470588235,-0.1907299545247513,-1.9063823373221933,249946.2214532872,1096.0,60.0,1036.0,1634046385.213948,0.0079638957977294,7.353303909301757
1382,0,1,0,0,3,2,56,2211110130,90,64,76,17,59861,29483,0,0,0,0,15,2211110130,17,59861,11123,4053,90,1130,804.5,675.5,-0.1948237251958479,-1.79119569651678,223212.5833333333,1130.0,190.25,939.75,10836,52,1116,770.5,602.0,-0.0687191368460882,-1.9421178087531985,253596.5555555556,1096.0,60.0,1036.0,1634046385.226941,0.0129930973052978,7.366297006607055
1383,0,1,0,0,3,2,408,2211110130,442,64,428,17,59861,29483,0,0,0,0,15,2211110130,17,59861,11123,4495,90,1130,479.0,642.1428571428571,0.0047911269945559,-1.7047086134261,198001.26530612248,1130.0,268.0,862.0,11244,52,1116,445.0,591.7894736842105,-0.0107481637671858,-1.9027927814372485,242125.9556786704,1096.0,60.0,1036.0,1634046385.226941,0.0,7.366297006607055
1384,0,1,0,0,2,3,60,3232270721,94,47,80,17,29483,59861,0,0,0,0,15,2211110130,17,59861,11123,4589,90,1130,460.5,573.625,0.2401443595088418,-1.6806693981711405,206113.984375,1130.0,94.0,1036.0,11304,52,1116,426.5,565.2,0.089097965663013,-1.8997415453934836,243452.66,1096.0,60.0,1036.0,1634046385.229023,0.0020818710327148,7.36837887763977
1385,0,1,0,0,3,2,1096,2211110130,1130,64,1116,17,59861,29483,0,0,0,0,15,2211110130,17,59861,11123,5719,90,1130,479.0,635.4444444444445,-0.0078244399187779,-1.7803547443798182,213785.5802469136,1130.0,94.0,1036.0,1096,1096,1096,1096.0,1096.0,0.0,-3.0,0.0,1096.0,1096.0,0.0,1634046385.252237,0.0232141017913818,7.3915929794311515
1386,0,1,0,0,3,2,1096,2211110130,1130,64,1116,17,59861,29483,0,0,0,0,15,2211110130,17,59861,11123,6849,90,1130,804.5,684.9,-0.2068092274188007,-1.7589059247762224,214419.69000000003,1130.0,181.0,949.0,2192,1096,1096,1096.0,1096.0,0.0,-3.0,0.0,1096.0,1096.0,0.0,1634046385.252237,0.0,7.3915929794311515
1387,0,1,0,0,3,2,1096,2211110130,1130,64,1116,17,59861,29483,0,0,0,0,15,2211110130,17,59861,11123,7979,90,1130,1130.0,725.3636363636364,-0.3744163928732865,-1.67297192325432,211300.0495867769,1130.0,268.0,862.0,3288,1096,1096,1096.0,1096.0,0.0,-3.0,0.0,1096.0,1096.0,0.0,1634046385.252739,0.0005018711090087,7.39209485054016
1388,0,1,0,0,3,2,1096,2211110130,1130,64,1116,17,59861,29483,0,0,0,0,15,2211110130,17,59861,11123,9109,90,1130,1130.0,759.0833333333334,-0.5202480897652867,-1.5486704107775064,206198.90972222225,1130.0,355.0,775.0,4384,1096,1096,1096.0,1096.0,0.0,-3.0,0.0,1096.0,1096.0,0.0,1634046385.252739,0.0,7.39209485054016
1389,0,1,0,0,3,2,1096,2211110130,1130,64,1116,17,59861,29483,0,0,0,0,15,2211110130,17,59861,11123,10239,90,1130,1130.0,787.6153846153846,-0.650081895377205,-1.399700650248551,200106.3905325444,1130.0,442.0,688.0,5480,1096,1096,1096.0,1096.0,0.0,-3.0,0.0,1096.0,1096.0,0.0,1634046385.252739,0.0,7.39209485054016
1390,0,1,0,0,3,2,183,2211110130,217,64,203,17,59861,29483,0,0,0,0,15,2211110130,17,59861,11123,10456,90,1130,1130.0,746.8571428571429,-0.4433401662159495,-1.6476044848942235,207409.1224489796,1130.0,273.25,856.75,5663,183,1096,1096.0,943.8333333333334,-1.7888543819998322,1.200000000000001,115773.4722222222,1096.0,1096.0,0.0,1634046385.259238,0.0064990520477294,7.39859390258789
1391,0,1,0,0,3,2,60,2211110130,94,64,80,17,59861,29483,0,0,0,0,15,2211110130,17,59861,11123,10550,90,1130,1130.0,703.3333333333334,-0.279047727695061,-1.784420414730934,220102.3555555556,1130.0,155.5,974.5,5723,60,1096,1096.0,817.5714285714286,-0.9670327165718436,-1.0381914298354296,194886.81632653065,1096.0,639.5,456.5,1634046385.259238,0.0,7.39859390258789
1392,0,1,0,0,2,3,60,3232270721,94,47,80,17,29483,59861,0,0,0,0,15,2211110130,17,59861,11123,10644,90,1130,804.5,665.25,-0.1380375994232462,-1.855540929837815,228101.0625,1130.0,94.0,1036.0,5783,60,1096,1096.0,722.875,-0.5326318844693669,-1.6954838345795955,233297.859375,1096.0,152.25,943.75,1634046385.259521,0.0002830028533935,7.398876905441283
1393,0,1,0,0,3,2,408,2211110130,442,64,428,17,59861,29483,0,0,0,0,15,2211110130,17,59861,11123,11086,90,1130,479.0,652.1176470588235,-0.0615316574698805,-1.823278492261761,217442.6920415225,1130.0,94.0,1036.0,6191,60,1096,1096.0,687.8888888888889,-0.3357908821756443,-1.773312753683728,217168.09876543208,1096.0,183.0,913.0,1634046385.266459,0.0069379806518554,7.405814886093139
1394,0,1,0,0,2,3,60,3232270721,94,47,80,17,29483,59861,0,0,0,0,15,2211110130,17,59861,11123,11180,90,1130,460.5,621.1111111111111,0.0488740679275563,-1.8344835619223752,221706.43209876545,1130.0,94.0,1036.0,6251,60,1096,752.0,625.1,-0.1044483685549754,-1.8895376087809856,230933.29,1096.0,90.75,1005.25,1634046385.293577,0.0271179676055908,7.43293285369873
1395,0,1,0,0,3,2,408,2211110130,442,64,428,17,59861,29483,0,0,0,0,15,2211110130,17,59861,11123,11622,90,1130,442.0,611.6842105263158,0.1080219285949575,-1.780715691852219,211637.26869806097,1130.0,94.0,1036.0,6659,60,1096,408.0,605.3636363636364,0.012144667497291,-1.8270313979787536,213834.59504132232,1096.0,121.5,974.5,1634046385.295042,0.0014650821685791,7.434397935867309
1396,0,1,0,0,2,3,60,3232270721,94,47,80,17,29483,59861,0,0,0,0,15,2211110130,17,59861,11123,11716,90,1130,442.0,585.8,0.1990211025932236,-1.760513459871755,213785.26,1130.0,94.0,1036.0,6719,60,1096,408.0,559.9166666666666,0.1710677265881476,-1.8085925107201173,218734.74305555556,1096.0,60.0,1036.0,1634046385.328008,0.0329658985137939,7.467363834381103
1397,0,1,0,0,3,2,52,2211110130,86,64,72,17,59861,29483,0,0,0,0,15,2211110130,17,59861,11123,86,86,86,86.0,86.0,0.0,-3.0,0.0,86.0,86.0,0.0,6771,52,1096,408.0,520.8461538461538,0.3091227136965461,-1.748228883986336,220227.0532544379,1096.0,60.0,1036.0,1634046385.330166,0.0021581649780273,7.46952199935913
1398,0,1,0,0,3,2,408,2211110130,442,64,428,17,59861,29483,0,0,0,0,15,2211110130,17,59861,11123,528,86,442,264.0,264.0,0.0,-2.0,31684.0,353.0,175.0,178.0,7179,52,1096,408.0,512.7857142857143,0.3710803254150095,-1.6382269064176114,205341.16836734692,1096.0,60.0,1036.0,1634046385.334683,0.0045168399810791,7.474038839340209
1399,0,1,0,0,3,2,1096,2211110130,1130,64,1116,17,59861,29483,0,0,0,0,15,2211110130,17,59861,11123,1658,86,1130,442.0,552.6666666666666,0.3664188291786397,-1.4999999999999991,187779.55555555556,786.0,264.0,522.0,8275,52,1096,408.0,551.6666666666666,0.2095171663470125,-1.7597322354449874,212815.95555555556,1096.0,60.0,1036.0,1634046385.361784,0.0271010398864746,7.501139879226684
1400,0,1,0,0,3,2,1096,2211110130,1130,64,1116,17,59861,29483,0,0,0,0,15,2211110130,17,59861,11123,2788,86,1130,786.0,697.0,-0.2244469794710863,-1.706561534012037,203331.0,1130.0,353.0,777.0,9371,52,1096,408.0,585.6875,0.0711889704523274,-1.8165714510939348,216876.21484375,1096.0,60.0,1036.0,1634046385.361784,0.0,7.501139879226684
1401,0,1,0,0,3,2,1096,2211110130,1130,64,1116,17,59861,29483,0,0,0,0,15,2211110130,17,59861,11123,3918,86,1130,1130.0,783.6,-0.6022463491736642,-1.417870404863365,192663.04,1130.0,442.0,688.0,10467,52,1096,408.0,615.7058823529412,-0.0501457040923399,-1.8313899286925015,218536.4429065744,1096.0,60.0,1036.0,1634046385.362425,0.0006411075592041,7.501780986785888
1402,0,1,0,0,3,2,1096,2211110130,1130,64,1116,17,59861,29483,0,0,0,0,15,2211110130,17,59861,11123,5048,86,1130,1130.0,841.3333333333334,-0.8900387262070947,-0.9902811181777716,177218.22222222222,1130.0,614.0,516.0,11563,52,1096,752.0,642.3888888888889,-0.158541839232146,-1.817374417163809,218499.23765432095,1096.0,90.75,1005.25,1634046385.362425,0.0,7.501780986785888
1403,0,1,0,0,3,2,1096,2211110130,1130,64,1116,17,59861,29483,0,0,0,0,15,2211110130,17,59861,11123,6178,86,1130,1130.0,882.5714285714286,-1.1277245029791256,-0.5044859230934255,162104.81632653062,1130.0,786.0,344.0,12659,52,1096,1096.0,666.2631578947369,-0.2567705630817785,-1.7827205448211794,217258.9307479224,1096.0,121.5,974.5,1634046385.362425,0.0,7.501780986785888
1404,0,1,0,0,2,3,60,3232270721,94,47,80,17,29483,59861,0,0,0,0,15,2211110130,17,59861,11123,6272,86,1130,1130.0,784.0,-0.6520384859328419,-1.440665141454031,209856.0,1130.0,355.0,775.0,12719,52,1096,752.0,635.95,-0.1459577232986817,-1.837982304815219,223854.8475,1096.0,60.0,1036.0,1634046385.362731,0.0003058910369873,7.502086877822875
1405,0,1,0,0,3,2,1116,2211110130,1150,64,1136,17,59861,29483,0,0,0,0,15,2211110130,17,59861,11123,7422,86,1150,1130.0,824.6666666666666,-0.8367381221707625,-1.165666830936133,199768.88888888888,1130.0,442.0,688.0,1116,1116,1116,1116.0,1116.0,0.0,-3.0,0.0,1116.0,1116.0,0.0,1634046385.364884,0.0021529197692871,7.504239797592162
1406,0,1,0,0,3,2,1096,2211110130,1130,64,1116,17,59861,29483,0,0,0,0,15,2211110130,17,59861,11123,8552,86,1150,1130.0,855.2,-1.0003086373949357,-0.8631274169288785,188182.56,1130.0,614.0,516.0,2212,1096,1116,1106.0,1106.0,0.0,-2.0,100.0,1111.0,1101.0,10.0,1634046385.364884,0.0,7.504239797592162
1407,0,1,0,0,3,2,1096,2211110130,1130,64,1116,17,59861,29483,0,0,0,0,15,2211110130,17,59861,11123,9682,86,1150,1130.0,880.1818181818181,-1.1471569575751452,-0.5444053614014135,177315.96694214875,1130.0,786.0,344.0,3308,1096,1116,1096.0,1102.6666666666667,0.7071067811865236,-1.5000000000000222,88.88888888888887,1106.0,1096.0,10.0,1634046385.364884,0.0,7.504239797592162
1408,0,1,0,0,3,2,1096,2211110130,1130,64,1116,17,59861,29483,0,0,0,0,15,2211110130,17,59861,11123,10812,86,1150,1130.0,901.0,-1.2811560181295352,-0.2147891141365931,167307.0,1130.0,958.0,172.0,4404,1096,1116,1096.0,1101.0,1.1547005383792517,-0.6666666666666665,75.0,1101.0,1096.0,5.0,1634046385.36539,0.0005061626434326,7.504745960235595
1409,0,1,0,0,3,2,1096,2211110130,1130,64,1116,17,59861,29483,0,0,0,0,15,2211110130,17,59861,11123,11942,86,1150,1130.0,918.6153846153846,-1.4049382444799643,0.1225108145320525,158160.8520710059,1130.0,1130.0,0.0,5500,1096,1116,1096.0,1100.0,1.5,0.25,64.0,1096.0,1096.0,0.0,1634046385.36539,0.0,7.504745960235595
1410,0,1,0,0,3,2,1096,2211110130,1130,64,1116,17,59861,29483,0,0,0,0,15,2211110130,17,59861,11123,13072,86,1150,1130.0,933.7142857142856,-1.5203771681929217,0.4654325721460393,149827.34693877547,1130.0,1130.0,0.0,6596,1096,1116,1096.0,1099.3333333333333,1.7888543819998608,1.2000000000000697,55.55555555555558,1096.0,1096.0,0.0,1634046385.36539,0.0,7.504745960235595
1411,0,1,0,0,3,2,1096,2211110130,1130,64,1116,17,59861,29483,0,0,0,0,15,2211110130,17,59861,11123,14202,86,1150,1130.0,946.8,-1.62885573944463,0.8125914373751448,142236.16000000003,1130.0,1130.0,0.0,7692,1096,1116,1096.0,1098.857142857143,2.041241452319301,2.166666666666627,48.9795918367347,1096.0,1096.0,0.0,1634046385.36539,0.0,7.504745960235595
1412,0,1,0,0,3,2,1096,2211110130,1130,64,1116,17,59861,29483,0,0,0,0,15,2211110130,17,59861,11123,15332,86,1150,1130.0,958.25,-1.7314254591440226,1.1630229432159975,135312.9375,1130.0,1130.0,0.0,8788,1096,1116,1096.0,1098.5,2.2677868380553634,3.1428571428571432,43.75,1096.0,1096.0,0.0,1634046385.365907,0.0005168914794921,7.505262851715087
1413,0,1,0,0,3,2,1096,2211110130,1130,64,1116,17,59861,29483,0,0,0,0,15,2211110130,17,59861,11123,16462,86,1150,1130.0,968.3529411764706,-1.828905645749333,1.5160346911512723,128986.46366782003,1130.0,1130.0,0.0,9884,1096,1116,1096.0,1098.2222222222222,2.4748737341529403,4.125000000000078,39.50617283950618,1096.0,1096.0,0.0,1634046385.365907,0.0,7.505262851715087
1414,0,1,0,0,3,2,1096,2211110130,1130,64,1116,17,59861,29483,0,0,0,0,15,2211110130,17,59861,11123,17592,86,1150,1130.0,977.3333333333334,-1.921947990868895,1.871116736393274,123191.55555555556,1130.0,1130.0,0.0,10980,1096,1116,1096.0,1098.0,2.6666666666666665,5.111111111111111,36.0,1096.0,1096.0,0.0,1634046385.365907,0.0,7.505262851715087
1415,0,1,0,0,3,2,1096,2211110130,1130,64,1116,17,59861,29483,0,0,0,0,15,2211110130,17,59861,11123,18722,86,1150,1130.0,985.3684210526316,-2.011080034267833,2.2278852047816797,117869.91689750696,1130.0,1130.0,0.0,12076,1096,1116,1096.0,1097.8181818181818,2.8460498941515744,6.100000000000124,33.05785123966942,1096.0,1096.0,0.0,1634046385.365907,0.0,7.505262851715087
1416,0,1,0,0,3,2,1096,2211110130,1130,64,1116,17,59861,29483,0,0,0,0,15,2211110130,17,59861,11123,19852,86,1150,1130.0,992.6,-2.096735326312959,2.586045601177505,112970.03999999996,1130.0,1130.0,0.0,13172,1096,1116,1096.0,1097.6666666666667,3.015113445777593,7.090909090908916,30.555555555555568,1096.0,1096.0,0.0,1634046385.366527,0.0006201267242431,7.50588297843933
1417,0,1,0,0,3,2,1096,2211110130,1130,64,1116,17,59861,29483,0,0,0,0,15,2211110130,17,59861,11123,1130,1130,1130,1130.0,1130.0,0.0,-3.0,0.0,1130.0,1130.0,0.0,14268,1096,1116,1096.0,1097.5384615384614,3.1754264805429995,8.083333333333577,28.40236686390534,1096.0,1096.0,0.0,1634046385.366527,0.0,7.50588297843933
1418,0,1,0,0,3,2,1096,2211110130,1130,64,1116,17,59861,29483,0,0,0,0,15,2211110130,17,59861,11123,2260,1130,1130,1130.0,1130.0,0.0,-3.0,0.0,1130.0,1130.0,0.0,15364,1096,1116,1096.0,1097.428571428571,3.3282011773514317,9.07692307692333,26.530612244897952,1096.0,1096.0,0.0,1634046385.366527,0.0,7.50588297843933
1419,0,1,0,0,3,2,1096,2211110130,1130,64,1116,17,59861,29483,0,0,0,0,15,2211110130,17,59861,11123,3390,1130,1130,1130.0,1130.0,0.0,-3.0,0.0,1130.0,1130.0,0.0,16460,1096,1116,1096.0,1097.3333333333333,3.474396144861561,10.071428571428772,24.888888888888903,1096.0,1096.0,0.0,1634046385.366527,0.0,7.50588297843933
1420,0,1,0,0,3,2,1096,2211110130,1130,64,1116,17,59861,29483,0,0,0,0,15,2211110130,17,59861,11123,4520,1130,1130,1130.0,1130.0,0.0,-3.0,0.0,1130.0,1130.0,0.0,17556,1096,1116,1096.0,1097.25,3.614784456460256,11.066666666666666,23.4375,1096.0,1096.0,0.0,1634046385.367077,0.0005500316619873,7.5064330101013175
1421,0,1,0,0,3,2,1096,2211110130,1130,64,1116,17,59861,29483,0,0,0,0,15,2211110130,17,59861,11123,5650,1130,1130,1130.0,1130.0,0.0,-3.0,0.0,1130.0,1130.0,0.0,18652,1096,1116,1096.0,1097.1764705882354,3.749999999999957,12.06249999999979,22.14532871972318,1096.0,1096.0,0.0,1634046385.367077,0.0,7.5064330101013175
1422,0,1,0,0,3,2,1096,2211110130,1130,64,1116,17,59861,29483,0,0,0,0,15,2211110130,17,59861,11123,6780,1130,1130,1130.0,1130.0,0.0,-3.0,0.0,1130.0,1130.0,0.0,19748,1096,1116,1096.0,1097.111111111111,3.880570000581343,13.058823529411846,20.98765432098766,1096.0,1096.0,0.0,1634046385.367077,0.0,7.5064330101013175
1423,0,1,0,0,3,2,959,2211110130,993,64,979,17,59861,29483,0,0,0,0,15,2211110130,17,59861,11123,7773,993,1130,1130.0,1110.428571428571,-2.041241452319309,2.166666666666651,2298.244897959184,1130.0,1130.0,0.0,20707,959,1116,1096.0,1089.842105263158,-3.858479655320549,13.388895920691144,970.9750692520776,1096.0,1096.0,0.0,1634046385.369443,0.0023658275604248,7.508798837661742
1424,0,1,0,0,3,2,60,2211110130,94,64,80,17,59861,29483,0,0,0,0,15,2211110130,17,59861,11123,7867,94,1130,1130.0,983.375,-2.193961524738352,2.93888612793894,115009.234375,1130.0,1095.75,34.25,20767,60,1116,1096.0,1038.35,-4.015887719405608,14.411729309525697,51299.7275,1096.0,1096.0,0.0,1634046385.369443,0.0,7.508798837661742
1425,0,1,0,0,3,2,408,2211110130,442,64,428,17,59861,29483,0,0,0,0,15,2211110130,17,59861,11123,8309,94,1130,1130.0,923.2222222222222,-1.46923176385652,0.4702377508906417,131177.28395061727,1130.0,993.0,137.0,408,408,408,408.0,408.0,0.0,-3.0,0.0,408.0,408.0,0.0,1634046385.372978,0.0035350322723388,7.512333869934081
1426,0,1,0,0,2,3,56,3232270721,90,47,76,17,29483,59861,0,0,0,0,15,2211110130,17,59861,11123,8399,90,1130,1130.0,839.9,-0.9771756147125537,-0.871215310038409,180542.89,1130.0,579.75,550.25,464,56,408,232.0,232.0,0.0,-2.0,30976.0,320.0,144.0,176.0,1634046385.396693,0.0237150192260742,7.536048889160155
1427,0,1,0,0,2,3,60,3232270721,94,47,80,17,29483,59861,0,0,0,0,15,2211110130,17,59861,11123,8493,90,1130,1130.0,772.0909090909091,-0.6522708288038953,-1.451413550811384,210110.6280991736,1130.0,268.0,862.0,524,56,408,60.0,174.66666666666666,0.7067951202245192,-1.4999999999999996,27224.888888888887,234.0,58.0,176.0,1634046385.39677,7.700920104980469e-05,7.536125898361205
1428,0,1,0,0,2,3,52,3232270721,86,47,72,17,29483,59861,0,0,0,0,15,2211110130,17,59861,11123,8579,86,1130,1061.5,714.9166666666666,-0.4128183342796902,-1.7304054331606291,228559.24305555556,1130.0,94.0,1036.0,576,52,408,58.0,144.0,1.153508230493627,-0.6675843477178938,23240.0,147.0,55.0,92.0,1634046385.396803,3.2901763916015625e-05,7.536158800125121
1429,0,1,0,0,3,2,56,2211110130,90,64,76,17,59861,29483,0,0,0,0,15,2211110130,17,59861,11123,8669,86,1130,993.0,666.8461538461538,-0.2218672915742106,-1.8652029376920567,238707.0532544379,1130.0,94.0,1036.0,632,52,408,56.0,126.4,1.498789912737264,0.2483868106845563,19831.040000000005,60.0,56.0,4.0,1634046385.405621,0.0088181495666503,7.544976949691772
1430,0,1,0,0,3,2,408,2211110130,442,64,428,17,59861,29483,0,0,0,0,15,2211110130,17,59861,11123,9111,86,1130,717.5,650.7857142857143,-0.131110508573486,-1.835093480070968,225009.7397959184,1130.0,94.0,1036.0,1040,52,408,58.0,173.33333333333334,0.7064906059086474,-1.499999943743221,27539.55555555555,321.0,56.0,265.0,1634046385.425721,0.0200998783111572,7.565076828002929
1431,0,1,0,0,2,3,60,3232270721,94,47,80,17,29483,59861,0,0,0,0,15,2211110130,17,59861,11123,9205,86,1130,442.0,613.6666666666666,0.0092613873348501,-1.8644044687369352,229298.6222222222,1130.0,94.0,1036.0,1100,52,408,60.0,157.14285714285714,0.9478377278600832,-1.1003515618691806,25178.12244897959,234.0,56.0,178.0,1634046385.430388,0.004667043685913,7.569743871688842
1432,0,1,0,0,3,2,1116,2211110130,1150,64,1136,17,59861,29483,0,0,0,0,15,2211110130,17,59861,11123,10355,86,1150,717.5,647.1875,-0.1142701698859006,-1.859484836702451,231822.15234375,1130.0,94.0,1036.0,2216,52,1116,60.0,277.0,1.5774574688085976,1.224144946091302,122591.0,408.0,56.0,352.0,1634046385.431308,0.0009200572967529,7.570663928985595
1433,0,1,0,0,3,2,408,2211110130,442,64,428,17,59861,29483,0,0,0,0,15,2211110130,17,59861,11123,10797,86,1150,442.0,635.1176470588235,-0.0437061233469009,-1.819998623384252,220516.45674740485,1130.0,94.0,1036.0,2624,52,1116,60.0,291.55555555555554,1.5102930071651186,1.3345638914512064,110664.69135802466,408.0,56.0,352.0,1634046385.480349,0.0490410327911376,7.6197049617767325
1434,0,1,0,0,3,2,60,2211110130,94,64,80,17,59861,29483,0,0,0,0,15,2211110130,17,59861,11123,10891,86,1150,442.0,605.0555555555555,0.0673130828514838,-1.828263158331882,223628.94135802463,1130.0,94.0,1036.0,2684,52,1116,60.0,268.4,1.6614646715233763,1.8530870474424617,104423.84,408.0,57.0,351.0,1634046385.491596,0.011246919631958,7.6309518814086905
1435,0,1,0,0,2,3,60,3232270721,94,47,80,17,29483,59861,0,0,0,0,15,2211110130,17,59861,11123,10985,86,1150,442.0,578.1578947368421,0.1677062782712627,-1.8125388920344565,224881.71191135736,1130.0,94.0,1036.0,2744,52,1116,60.0,249.45454545454547,1.802892755165289,2.3875801587043224,98520.06611570246,408.0,58.0,350.0,1634046385.498541,0.0069451332092285,7.637897014617919
1436,0,1,0,0,3,2,408,2211110130,442,64,428,17,59861,29483,0,0,0,0,15,2211110130,17,59861,11123,11427,86,1150,442.0,571.35,0.2138337875506814,-1.7486326524884446,214518.22750000004,1130.0,94.0,1036.0,3152,52,1116,60.0,262.6666666666667,1.7058219518203577,2.3331690235783915,92230.2222222222,408.0,59.0,349.0,1634046385.506873,0.0083317756652832,7.646228790283202
1437,0,1,0,0,2,3,60,3232270721,94,47,80,17,29483,59861,0,0,0,0,15,2211110130,17,59861,11123,94,94,94,94.0,94.0,0.0,-3.0,0.0,94.0,94.0,0.0,3212,52,1116,60.0,247.07692307692307,1.821248920520833,2.7841089172117304,88052.07100591718,408.0,60.0,348.0,1634046385.530255,0.0233821868896484,7.669610977172851
1438,0,1,0,0,3,2,52,2211110130,86,64,72,17,59861,29483,0,0,0,0,15,2211110130,17,59861,11123,180,86,94,90.0,90.0,0.0,-2.0,16.0,92.0,88.0,4.0,3264,52,1116,60.0,233.14285714285717,1.9281677249092788,3.232461241681154,84286.69387755105,408.0,57.0,351.0,1634046385.533191,0.0029358863830566,7.672546863555907
1439,0,1,0,0,3,2,408,2211110130,442,64,428,17,59861,29483,0,0,0,0,15,2211110130,17,59861,11123,622,86,442,94.0,207.33333333333331,0.705874768647165,-1.5,27544.888888888887,268.0,90.0,178.0,3672,52,1116,60.0,244.8,1.817883330336636,3.0668605668368,80570.02666666669,408.0,58.0,350.0,1634046385.547932,0.0147409439086914,7.687287807464599
1440,0,1,0,0,2,3,60,3232270721,94,47,80,17,29483,59861,0,0,0,0,15,2211110130,17,59861,11123,716,86,442,94.0,179.0,1.153090823479084,-0.6678805445104996,23067.0,181.0,92.0,89.0,3732,52,1116,60.0,233.25,1.9115303746043328,3.4605592295161927,77535.4375,408.0,59.0,349.0,1634046385.560247,0.012315034866333,7.699602842330932
1441,0,1,0,0,3,2,408,2211110130,442,64,428,17,59861,29483,0,0,0,0,15,2211110130,17,59861,11123,1158,86,442,94.0,231.6,0.4073588472363629,-1.8328369386051289,29520.640000000003,442.0,94.0,348.0,4140,52,1116,60.0,243.52941176470588,1.8062929588768477,3.2865434005289824,74665.19031141869,408.0,60.0,348.0,1634046385.573021,0.0127739906311035,7.712376832962035
1442,0,1,0,0,2,3,32,3232270721,66,47,52,17,29483,59861,0,0,0,0,15,2211110130,17,59861,11123,1224,66,442,94.0,204.0,0.6971496167876207,-1.4994537578879052,28409.33333333333,355.0,88.0,267.0,4172,32,1116,60.0,231.77777777777777,1.8735119955684816,3.5701418909199454,72864.83950617284,408.0,57.0,351.0,1634046385.589947,0.0169260501861572,7.7293028831481925
1443,0,1,0,0,2,3,56,3232270721,90,47,76,17,29483,59861,0,0,0,0,15,2211110130,17,59861,11123,1314,66,442,94.0,187.7142857142857,0.9385118971511212,-1.10356572435699,25942.20408163265,268.0,88.0,180.0,4228,32,1116,60.0,222.52631578947367,1.951435653250932,3.9103054059463753,70570.45983379502,408.0,56.0,352.0,1634046385.607347,0.0174000263214111,7.746702909469604
1444,0,1,0,0,2,3,60,3232270721,94,47,80,17,29483,59861,0,0,0,0,15,2211110130,17,59861,11123,1408,66,442,94.0,176.0,1.1434790336399443,-0.6743340747944426,23660.0,181.0,89.0,92.0,4288,32,1116,60.0,214.4,2.028501309358042,4.263177726976039,68296.64,408.0,56.0,352.0,1634046385.607402,5.507469177246094e-05,7.746757984161376
1445,0,1,0,0,2,3,52,3232270721,86,47,72,17,29483,59861,0,0,0,0,15,2211110130,17,59861,11123,1494,66,442,94.0,166.0,1.3250297679833691,-0.2253615157720503,21831.11111111111,94.0,86.0,8.0,52,52,52,52.0,52.0,0.0,-3.0,0.0,52.0,52.0,0.0,1634046385.607437,3.4809112548828125e-05,7.746792793273925
1446,0,1,0,0,3,2,60,2211110130,94,64,80,17,59861,29483,0,0,0,0,15,2211110130,17,59861,11123,1588,66,442,94.0,158.8,1.4877383948489964,0.2348534336230141,20114.56,94.0,87.0,7.0,112,52,60,56.0,56.0,0.0,-2.0,16.0,58.0,54.0,4.0,1634046385.615635,0.0081980228424072,7.754990816116332
1447,0,1,0,0,2,3,60,3232270721,94,47,80,17,29483,59861,0,0,0,0,15,2211110130,17,59861,11123,1682,66,442,94.0,152.9090909090909,1.6367887576199112,0.7030169023331538,18632.99173553719,94.0,88.0,6.0,172,52,60,60.0,57.333333333333336,-0.7071067811865496,-1.4999999999999982,14.222222222222223,60.0,56.0,4.0,1634046385.624126,0.008491039276123,7.763481855392455
1448,0,1,0,0,3,2,56,2211110130,90,64,76,17,59861,29483,0,0,0,0,15,2211110130,17,59861,11123,1772,66,442,94.0,147.66666666666666,1.7754638536433331,1.177582639238972,17382.55555555556,94.0,89.0,5.0,228,52,60,58.0,57.0,-0.4933822002181586,-1.371900826446281,11.0,60.0,55.0,5.0,1634046385.631473,0.0073471069335937,7.770828962326049
1449,0,1,0,0,3,2,408,2211110130,442,64,428,17,59861,29483,0,0,0,0,15,2211110130,17,59861,11123,2214,66,442,94.0,170.30769230769232,1.2694553329355938,-0.3741422127452209,22196.828402366864,94.0,90.0,4.0,636,52,408,60.0,127.2,1.4983217152300696,0.2477800218673653,19720.96,60.0,56.0,4.0,1634046385.631473,0.0,7.770828962326049
1450,0,1,0,0,2,3,52,3232270721,86,48,72,17,10001,59861,0,0,0,0,15,2211110130,17,59861,11123,2300,66,442,94.0,164.28571428571428,1.383947709529806,-0.069820679669351,21082.775510204083,94.0,87.0,7.0,688,52,408,58.0,114.66666666666669,1.7863616556906303,1.195541681310174,17219.555555555555,60.0,53.0,7.0,1634046385.676616,0.0451428890228271,7.815971851348876
1451,0,1,0,0,3,2,408,2211110130,442,64,428,17,59861,29483,0,0,0,0,15,2211110130,17,59861,11123,2742,66,442,94.0,182.8,1.0488188464423058,-0.8896785656342074,24476.16,268.0,88.0,180.0,1096,52,408,60.0,156.57142857142858,0.947483347609108,-1.1005058520888025,25295.673469387755,234.0,54.0,180.0,1634046385.690882,0.014266014099121,7.830237865447997
1452,0,1,0,0,3,2,408,2211110130,442,64,428,17,59861,29483,0,0,0,0,15,2211110130,17,59861,11123,3184,66,442,94.0,199.0,0.8037699289777152,-1.345946766814047,26883.0,442.0,89.0,353.0,1504,52,408,60.0,188.0,0.515544567341422,-1.73303959197707,29048.0,408.0,55.0,353.0,1634046385.697208,0.0063259601593017,7.836563825607299
1453,0,1,0,0,2,3,60,3232270721,94,47,80,17,29483,59861,0,0,0,0,15,2211110130,17,59861,11123,3278,66,442,94.0,192.8235294117647,0.8982462500328644,-1.1847135155872872,25912.027681660897,442.0,90.0,352.0,1564,52,408,60.0,173.77777777777777,0.7061081921015306,-1.4999935613777904,27438.61728395061,408.0,56.0,352.0,1634046385.73404,0.0368320941925048,7.873395919799804
1454,0,1,0,0,3,2,60,2211110130,94,64,80,17,59861,29483,0,0,0,0,15,2211110130,17,59861,11123,3372,66,442,94.0,187.33333333333331,0.986665456639406,-1.0176336049475885,24984.88888888889,355.0,90.0,265.0,1624,52,408,60.0,162.4,0.8717679601719205,-1.23840361444049,25859.840000000004,321.0,57.0,264.0,1634046385.740478,0.0064380168914794,7.879833936691283
1455,0,1,0,0,3,2,416,2211110130,450,64,436,17,59861,29483,0,0,0,0,15,2211110130,17,59861,11123,3822,66,450,94.0,201.1578947368421,0.788209797275175,-1.3710490806190967,27110.027700831022,442.0,90.0,352.0,2040,52,416,60.0,185.45454545454547,0.566564825979504,-1.6771382216852757,28824.06611570248,408.0,58.0,350.0,1634046385.740478,0.0,7.879833936691283
1456,0,1,0,0,2,3,60,3232270721,94,47,80,17,29483,59861,0,0,0,0,15,2211110130,17,59861,11123,3916,66,450,94.0,195.8,0.8683860332027977,-1.2379581112224918,26299.96,442.0,90.0,352.0,2100,52,416,60.0,175.0,0.7066640767466371,-1.4986643151597414,27624.33333333333,408.0,59.0,349.0,1634046385.749873,0.009394884109497,7.88922882080078
1457,0,1,0,0,3,2,408,2211110130,442,64,428,17,59861,29483,0,0,0,0,15,2211110130,17,59861,11123,442,442,442,442.0,442.0,0.0,-3.0,0.0,442.0,442.0,0.0,2508,52,416,60.0,192.92307692307693,0.4739956943474027,-1.7736892961112196,29354.224852071005,408.0,60.0,348.0,1634046385.781243,0.0313701629638671,7.9205989837646475
1458,0,1,0,0,2,3,56,3232270721,90,47,76,17,29483,59861,0,0,0,0,15,2211110130,17,59861,11123,532,90,442,266.0,266.0,0.0,-2.0,30976.0,354.0,178.0,176.0,2564,52,416,60.0,183.14285714285717,0.5959338276659697,-1.643228097029132,28500.97959183673,408.0,57.0,351.0,1634046385.80413,0.0228869915008544,7.943485975265502
1459,0,1,0,0,2,3,60,3232270721,94,47,80,17,29483,59861,0,0,0,0,15,2211110130,17,59861,11123,626,90,442,94.0,208.66666666666663,0.7067951202245192,-1.4999999999999996,27224.888888888887,268.0,92.0,176.0,2624,52,416,60.0,174.93333333333334,0.7067120560872293,-1.4988533205001735,27544.462222222228,408.0,58.0,350.0,1634046385.804184,5.3882598876953125e-05,7.943539857864379
1460,0,1,0,0,2,3,52,3232270721,86,47,72,17,29483,59861,0,0,0,0,15,2211110130,17,59861,11123,712,86,442,92.0,178.0,1.153508230493627,-0.6675843477178938,23240.0,181.0,89.0,92.0,2676,52,416,60.0,167.25,0.8084362097167539,-1.3444175389051458,26708.4375,408.0,56.0,352.0,1634046385.821001,0.0168170928955078,7.960356950759887
1461,0,1,0,0,3,2,56,2211110130,90,64,76,17,59861,29483,0,0,0,0,15,2211110130,17,59861,11123,802,86,442,90.0,160.4,1.498789912737264,0.2483868106845563,19831.040000000005,94.0,90.0,4.0,2732,52,416,60.0,160.7058823529412,0.9030906661084852,-1.1823892217832646,25822.56055363322,408.0,56.0,352.0,1634046385.837317,0.0163159370422363,7.976672887802123
1462,0,1,0,0,3,2,408,2211110130,442,64,428,17,59861,29483,0,0,0,0,15,2211110130,17,59861,11123,1244,86,442,92.0,207.33333333333331,0.7064906059086474,-1.499999943743221,27539.55555555555,355.0,90.0,265.0,3140,52,416,60.0,174.44444444444446,0.7066037510252507,-1.49900705458356,27596.69135802469,408.0,56.0,352.0,1634046385.837317,0.0,7.976672887802123
1463,0,1,0,0,2,3,60,3232270721,94,47,80,17,29483,59861,0,0,0,0,15,2211110130,17,59861,11123,1338,86,442,94.0,191.14285714285717,0.9478377278600832,-1.1003515618691806,25178.12244897959,268.0,90.0,178.0,3200,52,416,60.0,168.42105263157896,0.7920427190957565,-1.3708792927722182,26797.29639889197,408.0,56.0,352.0,1634046385.854535,0.0172181129455566,7.99389100074768
1464,0,1,0,0,3,2,60,2211110130,94,64,80,17,59861,29483,0,0,0,0,15,2211110130,17,59861,11123,1432,86,442,94.0,179.0,1.153695749265481,-0.6674290427377607,23063.0,181.0,90.0,91.0,3260,52,416,60.0,163.0,0.8722788676927536,-1.2372597609923697,26015.8,408.0,56.0,352.0,1634046385.865131,0.0105957984924316,8.00448679924011
1465,0,1,0,0,3,2,408,2211110130,442,64,428,17,59861,29483,0,0,0,0,15,2211110130,17,59861,11123,1874,86,442,94.0,208.22222222222223,0.7064145003080629,-1.4999930033388151,27331.950617283943,442.0,90.0,352.0,408,408,408,408.0,408.0,0.0,-3.0,0.0,408.0,408.0,0.0,1634046385.87952,0.0143890380859375,8.018875837326048
1466,0,1,0,0,2,3,60,3232270721,94,47,80,17,29483,59861,0,0,0,0,15,2211110130,17,59861,11123,1968,86,442,94.0,196.8,0.8721132654137365,-1.2383052838650233,25772.96,355.0,91.0,264.0,468,60,408,234.0,234.0,0.0,-2.0,30276.0,321.0,147.0,174.0,1634046385.895058,0.0155379772186279,8.034413814544676
1467,0,1,0,0,3,2,408,2211110130,442,64,428,17,59861,29483,0,0,0,0,15,2211110130,17,59861,11123,2410,86,442,94.0,219.0909090909091,0.5663507212769799,-1.678413344326773,28398.80991735537,442.0,92.0,350.0,876,60,408,408.0,292.0,-0.7071067811865476,-1.5,26912.0,408.0,234.0,174.0,1634046385.89542,0.0003621578216552,8.034775972366331
1468,0,1,0,0,2,3,60,3232270721,94,47,80,17,29483,59861,0,0,0,0,15,2211110130,17,59861,11123,2504,86,442,94.0,208.66666666666663,0.7064799844579264,-1.4999898274266112,27227.55555555555,442.0,93.0,349.0,936,60,408,234.0,234.0,0.0,-2.0,30276.0,408.0,60.0,348.0,1634046385.928975,0.0335550308227539,8.068331003189085
1469,0,1,0,0,3,2,416,2211110130,450,64,436,17,59861,29483,0,0,0,0,15,2211110130,17,59861,11123,2954,86,450,94.0,227.23076923076923,0.4742387528119157,-1.7737909791470143,29268.639053254443,442.0,94.0,348.0,1352,60,416,408.0,270.4,-0.4073588472363625,-1.832836938605129,29520.640000000003,408.0,60.0,348.0,1634046385.958592,0.0296168327331542,8.09794783592224
1470,0,1,0,0,2,3,60,3232270721,94,47,80,17,29483,59861,0,0,0,0,15,2211110130,17,59861,11123,3048,86,450,94.0,217.7142857142857,0.5961560640608907,-1.643265515068764,28355.346938775507,442.0,94.0,348.0,1412,60,416,234.0,235.33333333333331,0.0006972286942312,-1.999060984917632,30748.88888888889,408.0,60.0,348.0,1634046385.965299,0.006706953048706,8.104654788970945
1471,0,1,0,0,3,2,60,2211110130,94,64,80,17,59861,29483,0,0,0,0,15,2211110130,17,59861,11123,3142,86,450,94.0,209.46666666666667,0.7069580010195764,-1.498848436332785,27417.31555555556,442.0,94.0,348.0,1472,60,416,60.0,210.28571428571428,0.2892915541888465,-1.915472002532274,30120.489795918365,408.0,60.0,348.0,1634046385.975637,0.0103380680084228,8.114992856979368
1472,0,1,0,0,3,2,408,2211110130,442,64,428,17,59861,29483,0,0,0,0,15,2211110130,17,59861,11123,3584,86,450,94.0,224.0,0.5162836091916245,-1.7322797997156365,28872.0,442.0,94.0,348.0,1880,60,416,234.0,235.0,0.0005920592347118,-1.9991985873065057,30631.0,408.0,60.0,348.0,1634046385.975637,0.0,8.114992856979368
1473,0,1,0,0,2,3,56,3232270721,90,47,76,17,29483,59861,0,0,0,0,15,2211110130,17,59861,11123,3674,86,450,94.0,216.11764705882356,0.6153119990081173,-1.6201853848248726,28167.7508650519,442.0,94.0,348.0,1936,56,416,60.0,215.11111111111111,0.2239986032799642,-1.9489058435410247,30392.098765432096,408.0,60.0,348.0,1634046386.009397,0.0337600708007812,8.14875292778015
1474,0,1,0,0,2,3,60,3232270721,94,47,80,17,29483,59861,0,0,0,0,15,2211110130,17,59861,11123,3768,86,450,94.0,209.33333333333331,0.7069436129528627,-1.4989977662411529,27385.33333333333,442.0,94.0,348.0,1996,56,416,60.0,199.6,0.408610920992303,-1.832153263104836,29518.24,408.0,60.0,348.0,1634046386.009455,5.793571472167969e-05,8.148810863494871
1475,0,1,0,0,3,2,408,2211110130,442,64,428,17,59861,29483,0,0,0,0,15,2211110130,17,59861,11123,4210,86,450,94.0,221.57894736842104,0.5454093190867599,-1.70144873617298,28643.19113573407,442.0,94.0,348.0,2404,56,416,60.0,218.54545454545453,0.1829186070402959,-1.9657438198762347,30424.06611570248,408.0,60.0,348.0,1634046386.022297,0.0128419399261474,8.161652803421019
1476,0,1,0,0,2,3,52,3232270721,86,47,72,17,29483,59861,0,0,0,0,15,2211110130,17,59861,11123,4296,86,450,94.0,214.8,0.6286300504504325,-1.6034607929761544,28084.16,442.0,93.0,349.0,2456,52,416,60.0,204.66666666666663,0.3379923448568523,-1.88446607270287,30007.55555555555,408.0,60.0,348.0,1634046386.026853,0.0045561790466308,8.16620898246765
1477,0,1,0,0,2,3,60,3232270721,94,47,80,17,29483,59861,0,0,0,0,15,2211110130,17,59861,11123,94,94,94,94.0,94.0,0.0,-3.0,0.0,94.0,94.0,0.0,2516,52,416,60.0,193.53846153846155,0.4742535074857116,-1.7737904830445037,29185.32544378698,408.0,60.0,348.0,1634046386.044228,0.0173749923706054,8.183583974838255
1478,0,1,0,0,3,2,56,2211110130,90,64,76,17,59861,29483,0,0,0,0,15,2211110130,17,59861,11123,184,90,94,92.0,92.0,0.0,-2.0,4.0,93.0,91.0,2.0,2572,52,416,60.0,183.7142857142857,0.5961560640608906,-1.6432655150687645,28355.34693877551,408.0,60.0,348.0,1634046386.044843,0.0006148815155029,8.184198856353758
1479,0,1,0,0,3,2,408,2211110130,442,64,428,17,59861,29483,0,0,0,0,15,2211110130,17,59861,11123,626,90,442,94.0,208.66666666666663,0.7067951202245192,-1.4999999999999996,27224.888888888887,268.0,92.0,176.0,2980,52,416,60.0,198.66666666666663,0.4081509225288719,-1.8322508260410808,29595.02222222222,408.0,60.0,348.0,1634046386.078685,0.0338420867919921,8.21804094314575
1480,0,1,0,0,2,3,60,3232270721,94,47,80,17,29483,59861,0,0,0,0,15,2211110130,17,59861,11123,720,90,442,94.0,180.0,1.1542958580519225,-0.6669750091361579,22884.0,181.0,93.0,88.0,3040,52,416,60.0,190.0,0.5162836091916245,-1.7322797997156365,28872.0,408.0,60.0,348.0,1634046386.080523,0.0018379688262939,8.219878911972044
1481,0,1,0,0,3,2,60,2211110130,94,64,80,17,59861,29483,0,0,0,0,15,2211110130,17,59861,11123,814,90,442,94.0,162.8,1.4995364938746345,0.2493879159228686,19490.56,94.0,94.0,0.0,3100,52,416,60.0,182.35294117647055,0.6153300113096681,-1.6201839794300676,28109.28719723183,408.0,60.0,348.0,1634046386.089363,0.0088400840759277,8.228718996047972
1482,0,1,0,0,3,2,408,2211110130,442,64,428,17,59861,29483,0,0,0,0,15,2211110130,17,59861,11123,1256,90,442,94.0,209.33333333333331,0.7068707878525105,-1.4999974487918637,27068.88888888889,355.0,94.0,261.0,3508,52,416,60.0,194.88888888888889,0.4557380374824802,-1.7912546682255808,29219.20987654321,408.0,60.0,348.0,1634046386.099629,0.010265827178955,8.238984823226927
1483,0,1,0,0,3,2,408,2211110130,442,64,428,17,59861,29483,0,0,0,0,15,2211110130,17,59861,11123,1698,90,442,94.0,242.57142857142856,0.2885002847115486,-1.9165302685017664,29830.530612244904,442.0,94.0,348.0,3916,52,416,60.0,206.10526315789477,0.3197122401674046,-1.8968302686488996,29945.883656509694,408.0,60.0,348.0,1634046386.137044,0.0374150276184082,8.276399850845335
1484,0,1,0,0,2,3,60,3232270721,94,47,80,17,29483,59861,0,0,0,0,15,2211110130,17,59861,11123,1792,90,442,94.0,224.0,0.5162231394044298,-1.7332710041573791,28516.0,442.0,94.0,348.0,3976,52,416,60.0,198.8,0.4081515266117598,-1.832462179738809,29462.56,408.0,60.0,348.0,1634046386.15315,0.0161061286926269,8.292505979537962
1485,0,1,0,0,3,2,32,2211110130,66,64,52,17,59861,29483,0,0,0,0,15,2211110130,17,59861,11123,1858,66,442,94.0,206.44444444444449,0.69885087413055,-1.4992242912744302,27813.135802469136,442.0,94.0,348.0,32,32,32,32.0,32.0,0.0,-3.0,0.0,32.0,32.0,0.0,1634046386.161495,0.0083448886871337,8.300850868225096
1486,0,1,0,0,3,2,52,2211110130,86,64,72,17,59861,29483,0,0,0,0,15,2211110130,17,59861,11123,1944,66,442,94.0,194.4,0.8647403044632268,-1.2397294968556136,26337.44,355.0,91.0,264.0,84,32,52,42.0,42.0,0.0,-2.0,100.0,47.0,37.0,10.0,1634046386.161495,0.0,8.300850868225096
1487,0,1,0,0,2,3,52,3232270721,86,48,72,17,10001,59861,0,0,0,0,15,2211110130,17,59861,11123,2030,66,442,94.0,184.54545454545453,1.012536116753496,-0.9620269186332092,24914.247933884304,268.0,88.0,180.0,136,32,52,52.0,45.333333333333336,-0.7071067811865483,-1.499999999999999,88.88888888888887,52.0,42.0,10.0,1634046386.177013,0.0155179500579833,8.31636881828308
1488,0,1,0,0,3,2,408,2211110130,442,64,428,17,59861,29483,0,0,0,0,15,2211110130,17,59861,11123,2472,66,442,94.0,206.0,0.7008541928513992,-1.4994850986535486,27901.33333333333,442.0,89.0,353.0,544,32,408,52.0,136.0,1.145256474241077,-0.6735754370213729,24728.0,141.0,47.0,94.0,1634046386.180823,0.003810167312622,8.320178985595701
1489,0,1,0,0,2,3,60,3232270721,94,47,80,17,29483,59861,0,0,0,0,15,2211110130,17,59861,11123,2566,66,442,94.0,197.3846153846154,0.8268401642967758,-1.3064166398502544,26645.775147928995,442.0,90.0,352.0,604,32,408,52.0,120.8,1.4842833082860445,0.2298786292054906,20706.56,60.0,52.0,8.0,1634046386.191722,0.0108988285064697,8.331077814102171
1490,0,1,0,0,3,2,60,2211110130,94,64,80,17,59861,29483,0,0,0,0,15,2211110130,17,59861,11123,2660,66,442,94.0,190.0,0.9419785288547472,-1.1021819370347468,25451.42857142857,355.0,91.0,264.0,664,32,408,56.0,110.66666666666669,1.7686723384269678,1.1654264951385145,17768.888888888887,60.0,52.0,8.0,1634046386.208055,0.0163331031799316,8.347410917282103
1491,0,1,0,0,3,2,408,2211110130,442,64,428,17,59861,29483,0,0,0,0,15,2211110130,17,59861,11123,3102,66,442,94.0,206.8,0.7015974608634986,-1.4994930808304976,27706.02666666667,442.0,92.0,350.0,1072,32,408,60.0,153.14285714285714,0.9389461395144392,-1.103511013714577,26055.83673469388,234.0,52.0,182.0,1634046386.221125,0.0130698680877685,8.360480785369871
1492,0,1,0,0,2,3,56,3232270721,90,47,76,17,29483,59861,0,0,0,0,15,2211110130,17,59861,11123,3192,66,442,94.0,199.5,0.8035972000780297,-1.345916930378645,26773.75,442.0,90.0,352.0,1128,32,408,58.0,141.0,1.144591708287809,-0.6736944126551014,23831.0,147.0,52.0,95.0,1634046386.221904,0.0007791519165039,8.361259937286375
1493,0,1,0,0,3,2,1116,2211110130,1150,64,1136,17,59861,29483,0,0,0,0,15,2211110130,17,59861,11123,4342,66,1150,94.0,255.41176470588235,1.989244325206575,3.810510382712376,75216.83044982699,442.0,90.0,352.0,2244,32,1116,60.0,249.33333333333331,1.743497954111345,1.8220747060904852,115072.0,408.0,52.0,356.0,1634046386.229234,0.0073299407958984,8.368589878082274
1494,0,1,0,0,2,3,60,3232270721,94,47,80,17,29483,59861,0,0,0,0,15,2211110130,17,59861,11123,4436,66,1150,94.0,246.44444444444449,2.077243132936525,4.2188350854218974,72405.13580246914,442.0,91.0,351.0,2304,32,1116,60.0,230.4,1.909716775002117,2.47271339742886,106791.04,321.0,53.0,268.0,1634046386.238903,0.0096690654754638,8.378258943557737
1495,0,1,0,0,2,3,52,3232270721,86,47,72,17,29483,59861,0,0,0,0,15,2211110130,17,59861,11123,4522,66,1150,94.0,238.0,2.159732047544689,4.619508447705472,69877.8947368421,442.0,90.0,352.0,2356,32,1116,60.0,214.1818181818182,2.0620237402895167,3.1236263455214406,99713.05785123966,234.0,52.0,182.0,1634046386.238958,5.4836273193359375e-05,8.37831377983093
1496,1,0,1,0,2,1,72,1746039393,106,64,92,6,33596,80,0,0,0,40,15,2211110130,17,59861,11123,4628,66,1150,94.0,231.4,2.244826369681059,5.052287684125284,67211.64,442.0,90.0,352.0,2428,32,1116,60.0,202.33333333333331,2.2084607283701745,3.7983800118762616,92947.88888888888,156.0,52.0,104.0,1634046386.242083,0.0031251907348632,8.381438970565794
1497,0,1,0,0,2,1,39,1920103026,73,64,59,17,43880,53,1,0,0,40,15,2211110130,17,59861,11123,73,73,73,73.0,73.0,0.0,-3.0,0.0,73.0,73.0,0.0,2467,32,1116,60.0,189.7692307692308,2.339014069134075,4.443435297718895,87692.33136094677,72.0,52.0,20.0,1634046386.242083,0.0,8.381438970565794
1498,0,1,0,0,3,1,35,1920103026,69,64,55,17,54037,53,2,0,0,40,15,2211110130,17,59861,11123,142,69,73,71.0,71.0,0.0,-2.0,4.0,72.0,70.0,2.0,2502,32,1116,58.0,178.71428571428572,2.462055346672663,5.087099580440418,83017.3469387755,69.0,52.0,17.0,1634046386.24298,0.00089693069458,8.382335901260374
1499,1,0,1,0,3,1,82,578108241,116,64,102,6,56412,80,2,0,0,41,15,2211110130,17,59861,11123,258,69,116,73.0,86.0,0.688407757381585,-1.5,452.6666666666667,94.5,71.0,23.5,2584,32,1116,60.0,172.26666666666668,2.586499817900928,5.772544746166799,78064.86222222225,77.0,52.0,25.0,1634046386.24298,0.0,8.382335901260374
1500,0,1,0,0,3,2,56,2211110130,90,64,76,17,59861,29483,2,0,0,41,15,2211110130,17,59861,11123,348,69,116,81.5,87.0,0.6247472054758729,-1.1868954126485165,342.5,96.5,72.0,24.5,2640,32,1116,58.0,165.0,2.7038260270400576,6.4448323272347565,73977.875,74.5,52.0,22.5,1634046386.262265,0.019284963607788,8.401620864868162
1501,0,1,0,0,3,2,408,2211110130,442,64,428,17,59861,29483,2,0,0,41,15,2211110130,17,59861,11123,790,69,442,90.0,158.0,1.4510468255206317,0.1815359652574275,20438.0,116.0,73.0,43.0,3048,32,1116,60.0,179.2941176470588,2.485581459655171,5.650622091151233,72895.384083045,82.0,52.0,30.0,1634046386.262265,0.0,8.401620864868162
1502,1,0,1,0,1,2,625,3232270721,659,60,645,6,80,33596,2,0,0,41,15,2211110130,17,59861,11123,1449,69,659,103.0,241.5,0.9229457261772296,-0.8668918364274356,51892.91666666666,360.5,77.25,283.25,3673,32,1116,60.0,204.05555555555557,2.0260253639006667,3.4987653559027114,79268.83024691358,326.5,52.0,274.5,1634046386.266263,0.0039980411529541,8.405618906021116
1503,1,0,1,0,2,1,20,1746039393,54,64,40,6,33596,80,2,0,0,41,15,2211110130,17,59861,11123,1503,54,659,90.0,214.7142857142857,1.1461050815403462,-0.3895036082336203,48784.489795918365,279.0,71.0,208.0,3693,20,1116,60.0,194.3684210526316,2.102733462465981,3.8582693107829966,76785.91689750693,245.0,52.0,193.0,1634046386.272333,0.0060698986053466,8.411688804626463
1504,1,0,1,0,1,3,32,3232270721,66,60,52,6,80,56412,2,0,0,41,15,2211110130,17,59861,11123,1569,54,659,81.5,196.125,1.348348825396559,0.1281122241367134,45105.359375,197.5,68.25,129.25,3725,20,1116,58.0,186.25,2.181823515407897,4.238696008030486,74198.8875,163.5,48.75,114.75,1634046386.273113,0.0007801055908203,8.412468910217283
1505,0,1,0,0,2,3,60,3232270721,94,47,80,17,29483,59861,2,0,0,41,15,2211110130,17,59861,11123,1663,54,659,90.0,184.77777777777777,1.5305949816179265,0.6759705169319501,41123.728395061735,116.0,69.0,47.0,60,60,60,60.0,60.0,0.0,-3.0,0.0,60.0,60.0,0.0,1634046386.278287,0.005173921585083,8.417642831802366
1506,0,1,0,0,1,2,130,3232270721,164,144,150,17,53,43880,3,0,0,41,15,2211110130,17,59861,11123,1827,54,659,92.0,182.7,1.643110573470195,1.1461104183540396,37050.21,152.0,70.0,82.0,190,60,130,95.0,95.0,0.0,-2.0,1225.0,112.5,77.5,35.0,1634046386.280692,0.0024051666259765,8.420047998428343
1507,0,1,0,0,1,3,51,3232270721,85,144,71,17,53,54037,4,0,0,41,15,2211110130,17,59861,11123,1912,54,659,90.0,173.8181818181818,1.7948692293142947,1.691054024733126,34470.876033057844,140.0,71.0,69.0,241,51,130,60.0,80.33333333333333,0.6728114581870202,-1.4999999999999998,1246.888888888889,95.0,55.5,39.5,1634046386.281742,0.0010499954223632,8.421097993850706
1508,1,0,1,0,1,3,245,3232270721,279,60,265,6,80,56412,4,0,0,41,15,2211110130,17,59861,11123,2191,54,659,92.0,182.58333333333331,1.6724002533421758,1.5243194615494255,32443.40972222222,192.75,72.0,120.75,486,51,245,95.0,121.5,0.6966091610789745,-1.1256218986982187,6019.25,158.75,57.75,101.0,1634046386.292496,0.0107538700103759,8.431851863861082
1509,1,0,1,0,3,1,32,578108241,66,64,52,6,56412,80,4,0,0,41,15,2211110130,17,59861,11123,2257,54,659,90.0,173.6153846153846,1.7905385299895094,1.964655017989923,30912.852071005917,164.0,69.0,95.0,518,32,245,60.0,103.6,0.9452519167147432,-0.6446138010033202,6097.040000000001,130.0,51.0,79.0,1634046386.294737,0.0022411346435546,8.434092998504637
1510,0,1,0,0,3,2,1096,2211110130,1130,64,1116,17,59861,29483,4,0,0,41,15,2211110130,17,59861,11123,3387,54,1130,92.0,241.92857142857144,1.9794361705513368,2.9079598236776443,89371.78061224488,250.25,70.0,180.25,1614,32,1096,95.0,269.0,1.6534563952740864,0.9372822630214236,141866.66666666666,216.25,53.25,163.0,1634046386.298215,0.0034778118133544,8.437570810317991
1511,0,1,0,0,3,2,1096,2211110130,1130,64,1116,17,59861,29483,4,0,0,41,15,2211110130,17,59861,11123,4517,54,1130,94.0,301.1333333333333,1.4995733426313045,0.7364966791778911,132486.51555555555,360.5,71.0,289.5,2710,32,1096,130.0,387.1428571428572,0.8823076926590651,-1.1370789340683816,205346.40816326533,670.5,55.5,615.0,1634046386.298215,0.0,8.437570810317991
1512,0,1,0,0,3,2,1096,2211110130,1130,64,1116,17,59861,29483,4,0,0,41,15,2211110130,17,59861,11123,5647,54,1130,105.0,352.9375,1.1648045088029906,-0.3294073261581283,164461.18359375,496.25,72.0,424.25,3806,32,1096,187.5,475.75,0.4689115676515956,-1.7232362948527518,234636.6875,1096.0,57.75,1038.25,1634046386.298215,0.0,8.437570810317991
1513,0,1,0,0,3,2,1096,2211110130,1130,64,1116,17,59861,29483,4,0,0,41,15,2211110130,17,59861,11123,6777,54,1130,116.0,398.6470588235294,0.9161901611412884,-0.9283668694969762,188216.8166089965,659.0,73.0,586.0,4902,32,1096,245.0,544.6666666666666,0.1844482940008019,-1.9200707163854875,246562.0,1096.0,60.0,1036.0,1634046386.298875,0.0006601810455322,8.438230991363524
1514,0,1,0,0,3,2,1096,2211110130,1130,64,1116,17,59861,29483,4,0,0,41,15,2211110130,17,59861,11123,7907,54,1130,140.0,439.27777777777777,0.7200056925487521,-1.2948358669438649,205824.86728395065,1012.25,76.0,936.25,5998,32,1096,670.5,599.8,-0.0346573084472273,-1.9583105392887337,249262.96,1096.0,77.5,1018.5,1634046386.298875,0.0,8.438230991363524
1515,0,1,0,0,3,2,1096,2211110130,1130,64,1116,17,59861,29483,4,0,0,41,15,2211110130,17,59861,11123,9037,54,1130,164.0,475.6315789473685,0.5582796496941411,-1.5297968781940865,218780.7590027701,1130.0,79.0,1051.0,7094,32,1096,1096.0,644.9090909090909,-0.214515659002165,-1.9164449151610208,246950.99173553725,1096.0,95.0,1001.0,1634046386.298875,0.0,8.438230991363524
1516,0,1,0,0,3,2,1096,2211110130,1130,64,1116,17,59861,29483,4,0,0,41,15,2211110130,17,59861,11123,10167,54,1130,221.5,508.35,0.4206619038954139,-1.683361519472539,228181.12750000003,1130.0,82.0,1048.0,8190,32,1096,1096.0,682.5,-0.3682544529248618,-1.8285052816264915,241915.5833333333,1096.0,112.5,983.5,1634046386.298875,0.0,8.438230991363524
1517,0,1,0,0,3,2,1096,2211110130,1130,64,1116,17,59861,29483,4,0,0,41,15,2211110130,17,59861,11123,1130,1130,1130,1130.0,1130.0,0.0,-3.0,0.0,1130.0,1130.0,0.0,9286,32,1096,1096.0,714.3076923076923,-0.5033639796801669,-1.7116376226940238,235447.4437869823,1096.0,130.0,966.0,1634046386.29947,0.0005948543548583,8.438825845718382
1518,0,1,0,0,3,2,1096,2211110130,1130,64,1116,17,59861,29483,4,0,0,41,15,2211110130,17,59861,11123,2260,1130,1130,1130.0,1130.0,0.0,-3.0,0.0,1130.0,1130.0,0.0,10382,32,1096,1096.0,741.5714285714286,-0.6245076602554884,-1.575419276496563,228292.81632653065,1096.0,158.75,937.25,1634046386.29947,0.0,8.438825845718382
1519,0,1,0,0,3,2,1096,2211110130,1130,64,1116,17,59861,29483,4,0,0,41,15,2211110130,17,59861,11123,3390,1130,1130,1130.0,1130.0,0.0,-3.0,0.0,1130.0,1130.0,0.0,11478,32,1096,1096.0,765.2,-0.7347809129064511,-1.4256200592129764,220889.6266666668,1096.0,187.5,908.5,1634046386.29947,0.0,8.438825845718382
1520,0,1,0,0,3,2,1096,2211110130,1130,64,1116,17,59861,29483,4,0,0,41,15,2211110130,17,59861,11123,4520,1130,1130,1130.0,1130.0,0.0,-3.0,0.0,1130.0,1130.0,0.0,12574,32,1096,1096.0,785.875,-0.8363416760696005,-1.2659233223764057,213495.859375,1096.0,216.25,879.75,1634046386.299971,0.0005011558532714,8.439327001571653
1521,0,1,0,0,3,2,1096,2211110130,1130,64,1116,17,59861,29483,4,0,0,41,15,2211110130,17,59861,11123,5650,1130,1130,1130.0,1130.0,0.0,-3.0,0.0,1130.0,1130.0,0.0,13670,32,1096,1096.0,804.1176470588235,-0.9307538590629936,-1.098790880408394,206261.98615916955,1096.0,245.0,851.0,1634046386.299971,0.0,8.439327001571653
1522,0,1,0,0,3,2,1096,2211110130,1130,64,1116,17,59861,29483,4,0,0,41,15,2211110130,17,59861,11123,6780,1130,1130,1130.0,1130.0,0.0,-3.0,0.0,1130.0,1130.0,0.0,14766,32,1096,1096.0,820.3333333333334,-1.019187095240239,-0.925930622650586,199273.11111111112,1096.0,457.75,638.25,1634046386.299971,0.0,8.439327001571653
1523,0,1,0,0,3,2,1096,2211110130,1130,64,1116,17,59861,29483,4,0,0,41,15,2211110130,17,59861,11123,7910,1130,1130,1130.0,1130.0,0.0,-3.0,0.0,1130.0,1130.0,0.0,15862,32,1096,1096.0,834.8421052631579,-1.1025392086969945,-0.7485645968147274,192574.13296398893,1096.0,670.5,425.5,1634046386.300746,0.00077486038208,8.440101861953734
1524,0,1,0,0,3,2,1096,2211110130,1130,64,1116,17,59861,29483,4,0,0,41,15,2211110130,17,59861,11123,9040,1130,1130,1130.0,1130.0,0.0,-3.0,0.0,1130.0,1130.0,0.0,16958,32,1096,1096.0,847.9,-1.1815146257093128,-0.5675902965632664,186185.09,1096.0,883.25,212.75,1634046386.300746,0.0,8.440101861953734
1525,0,1,0,0,3,2,1096,2211110130,1130,64,1116,17,59861,29483,4,0,0,41,15,2211110130,17,59861,11123,10170,1130,1130,1130.0,1130.0,0.0,-3.0,0.0,1130.0,1130.0,0.0,1096,1096,1096,1096.0,1096.0,0.0,-3.0,0.0,1096.0,1096.0,0.0,1634046386.300746,0.0,8.440101861953734
1526,0,1,0,0,3,2,1096,2211110130,1130,64,1116,17,59861,29483,4,0,0,41,15,2211110130,17,59861,11123,11300,1130,1130,1130.0,1130.0,0.0,-3.0,0.0,1130.0,1130.0,0.0,2192,1096,1096,1096.0,1096.0,0.0,-3.0,0.0,1096.0,1096.0,0.0,1634046386.300746,0.0,8.440101861953734
1527,0,1,0,0,3,2,1096,2211110130,1130,64,1116,17,59861,29483,4,0,0,41,15,2211110130,17,59861,11123,12430,1130,1130,1130.0,1130.0,0.0,-3.0,0.0,1130.0,1130.0,0.0,3288,1096,1096,1096.0,1096.0,0.0,-3.0,0.0,1096.0,1096.0,0.0,1634046386.301397,0.0006511211395263,8.44075298309326
1528,0,1,0,0,3,2,1096,2211110130,1130,64,1116,17,59861,29483,4,0,0,41,15,2211110130,17,59861,11123,13560,1130,1130,1130.0,1130.0,0.0,-3.0,0.0,1130.0,1130.0,0.0,4384,1096,1096,1096.0,1096.0,0.0,-3.0,0.0,1096.0,1096.0,0.0,1634046386.301397,0.0,8.44075298309326
1529,1,0,1,0,2,1,40,760003462,74,64,60,6,48090,80,4,0,0,41,15,2211110130,17,59861,11123,13634,74,1130,1130.0,1048.7692307692307,-3.175426480542941,8.08333333333333,79181.25443786982,1130.0,1130.0,0.0,4424,40,1096,1096.0,884.8,-1.4999999999999998,0.2499999999999986,178421.76,1096.0,1096.0,0.0,1634046386.305181,0.0037839412689208,8.44453692436218
1530,0,1,0,0,3,2,1116,2211110130,1150,64,1136,17,59861,29483,4,0,0,41,15,2211110130,17,59861,11123,14784,74,1150,1130.0,1056.0,-3.326109245098896,9.06852993977209,74205.14285714286,1130.0,1130.0,0.0,5540,40,1116,1096.0,923.3333333333334,-1.787469080384393,1.1975595422181833,156108.8888888889,1096.0,1096.0,0.0,1634046386.305181,0.0,8.44453692436218
1531,0,1,0,0,3,2,1096,2211110130,1130,64,1116,17,59861,29483,4,0,0,41,15,2211110130,17,59861,11123,15914,74,1150,1130.0,1060.9333333333334,-3.4722338003397293,10.062307883673364,69598.86222222222,1130.0,1130.0,0.0,6636,40,1116,1096.0,948.0,-2.039744169514352,2.163454791616052,137458.2857142857,1096.0,1096.0,0.0,1634046386.30572,0.0005390644073486,8.44507598876953
1532,0,1,0,0,3,2,1096,2211110130,1130,64,1116,17,59861,29483,4,0,0,41,15,2211110130,17,59861,11123,17044,74,1150,1130.0,1065.25,-3.612554022549309,11.056819793091536,65528.4375,1130.0,1130.0,0.0,7732,40,1116,1096.0,966.5,-2.266188193283845,3.138887312554949,122671.75,1096.0,1096.0,0.0,1634046386.30572,0.0,8.44507598876953
1533,0,1,0,0,3,2,1096,2211110130,1130,64,1116,17,59861,29483,4,0,0,41,15,2211110130,17,59861,11123,18174,74,1150,1130.0,1069.0588235294117,-3.7477035723522154,12.051928060239144,61905.937716262975,1130.0,1130.0,0.0,8828,40,1116,1096.0,980.8888888888888,-2.4731812999960137,4.120281396041908,110697.87654320987,1096.0,1096.0,0.0,1634046386.30572,0.0,8.44507598876953
1534,0,1,0,0,3,2,1096,2211110130,1130,64,1116,17,59861,29483,4,0,0,41,15,2211110130,17,59861,11123,19304,74,1150,1130.0,1072.4444444444443,-3.878209484215666,13.047527453102363,58661.5802469136,1130.0,1130.0,0.0,9924,40,1116,1096.0,992.4,-2.6648862688431056,5.105650208379956,100820.63999999998,1096.0,1096.0,0.0,1634046386.306233,0.0005128383636474,8.445588827133177
1535,0,1,0,0,3,2,1096,2211110130,1130,64,1116,17,59861,29483,4,0,0,41,15,2211110130,17,59861,11123,20434,74,1150,1130.0,1075.4736842105262,-4.004515564529504,14.043536122870956,55739.30193905817,1130.0,1130.0,0.0,11020,40,1116,1096.0,1001.818181818182,-2.844186241038642,6.093801511626346,92542.14876033056,1096.0,1096.0,0.0,1634046386.306233,0.0,8.445588827133177
1536,0,1,0,0,3,2,1096,2211110130,1130,64,1116,17,59861,29483,4,0,0,41,15,2211110130,17,59861,11123,21564,74,1150,1130.0,1078.2,-4.1269996050532205,15.039889450907197,53093.56,1130.0,1130.0,0.0,12116,40,1116,1096.0,1009.6666666666666,-3.013170473158873,7.083976544475874,85507.88888888889,1096.0,1096.0,0.0,1634046386.306233,0.0,8.445588827133177
1537,0,1,0,0,3,2,1096,2211110130,1130,64,1116,17,59861,29483,4,0,0,41,15,2211110130,17,59861,11123,1130,1130,1130,1130.0,1130.0,0.0,-3.0,0.0,1130.0,1130.0,0.0,13212,40,1116,1096.0,1016.3076923076924,-3.173407558778604,8.0756694332374,79459.59763313609,1096.0,1096.0,0.0,1634046386.306233,0.0,8.445588827133177
1538,0,1,0,0,3,2,1096,2211110130,1130,64,1116,17,59861,29483,4,0,0,41,15,2211110130,17,59861,11123,2260,1130,1130,1130.0,1130.0,0.0,-3.0,0.0,1130.0,1130.0,0.0,14308,40,1116,1096.0,1022.0,-3.326109245098896,9.06852993977209,74205.14285714286,1096.0,1096.0,0.0,1634046386.306746,0.0005130767822265,8.446101903915403
1539,0,1,0,0,3,2,1096,2211110130,1130,64,1116,17,59861,29483,4,0,0,41,15,2211110130,17,59861,11123,3390,1130,1130,1130.0,1130.0,0.0,-3.0,0.0,1130.0,1130.0,0.0,15404,40,1116,1096.0,1026.9333333333334,-3.472233800339732,10.062307883673371,69598.8622222222,1096.0,1096.0,0.0,1634046386.306746,0.0,8.446101903915403
1540,0,1,0,0,3,2,1096,2211110130,1130,64,1116,17,59861,29483,4,0,0,41,15,2211110130,17,59861,11123,4520,1130,1130,1130.0,1130.0,0.0,-3.0,0.0,1130.0,1130.0,0.0,16500,40,1116,1096.0,1031.25,-3.612554022549309,11.056819793091536,65528.4375,1096.0,1096.0,0.0,1634046386.306746,0.0,8.446101903915403
1541,0,1,0,0,3,2,1096,2211110130,1130,64,1116,17,59861,29483,4,0,0,41,15,2211110130,17,59861,11123,5650,1130,1130,1130.0,1130.0,0.0,-3.0,0.0,1130.0,1130.0,0.0,17596,40,1116,1096.0,1035.0588235294117,-3.7477035723522154,12.051928060239144,61905.937716262975,1096.0,1096.0,0.0,1634046386.307257,0.0005109310150146,8.446612834930418
1542,0,1,0,0,3,2,1096,2211110130,1130,64,1116,17,59861,29483,4,0,0,41,15,2211110130,17,59861,11123,6780,1130,1130,1130.0,1130.0,0.0,-3.0,0.0,1130.0,1130.0,0.0,18692,40,1116,1096.0,1038.4444444444443,-3.878209484215666,13.047527453102363,58661.5802469136,1096.0,1096.0,0.0,1634046386.307257,0.0,8.446612834930418
1543,0,1,0,0,3,2,1096,2211110130,1130,64,1116,17,59861,29483,4,0,0,41,15,2211110130,17,59861,11123,7910,1130,1130,1130.0,1130.0,0.0,-3.0,0.0,1130.0,1130.0,0.0,19788,40,1116,1096.0,1041.4736842105262,-4.004515564529504,14.043536122870956,55739.30193905817,1096.0,1096.0,0.0,1634046386.307257,0.0,8.446612834930418
1544,0,1,0,0,3,2,1096,2211110130,1130,64,1116,17,59861,29483,4,0,0,41,15,2211110130,17,59861,11123,9040,1130,1130,1130.0,1130.0,0.0,-3.0,0.0,1130.0,1130.0,0.0,20884,40,1116,1096.0,1044.2,-4.1269996050532205,15.039889450907197,53093.56,1096.0,1096.0,0.0,1634046386.307257,0.0,8.446612834930418
1545,0,1,0,0,3,2,1096,2211110130,1130,64,1116,17,59861,29483,4,0,0,41,15,2211110130,17,59861,11123,10170,1130,1130,1130.0,1130.0,0.0,-3.0,0.0,1130.0,1130.0,0.0,1096,1096,1096,1096.0,1096.0,0.0,-3.0,0.0,1096.0,1096.0,0.0,1634046386.307776,0.0005190372467041,8.447131872177122
1546,0,1,0,0,3,2,1096,2211110130,1130,64,1116,17,59861,29483,4,0,0,41,15,2211110130,17,59861,11123,11300,1130,1130,1130.0,1130.0,0.0,-3.0,0.0,1130.0,1130.0,0.0,2192,1096,1096,1096.0,1096.0,0.0,-3.0,0.0,1096.0,1096.0,0.0,1634046386.307776,0.0,8.447131872177122
1547,0,1,0,0,3,2,1096,2211110130,1130,64,1116,17,59861,29483,4,0,0,41,15,2211110130,17,59861,11123,12430,1130,1130,1130.0,1130.0,0.0,-3.0,0.0,1130.0,1130.0,0.0,3288,1096,1096,1096.0,1096.0,0.0,-3.0,0.0,1096.0,1096.0,0.0,1634046386.307776,0.0,8.447131872177122
1548,0,1,0,0,3,2,1096,2211110130,1130,64,1116,17,59861,29483,4,0,0,41,15,2211110130,17,59861,11123,13560,1130,1130,1130.0,1130.0,0.0,-3.0,0.0,1130.0,1130.0,0.0,4384,1096,1096,1096.0,1096.0,0.0,-3.0,0.0,1096.0,1096.0,0.0,1634046386.307776,0.0,8.447131872177122
1549,0,1,0,0,3,2,1096,2211110130,1130,64,1116,17,59861,29483,4,0,0,41,15,2211110130,17,59861,11123,14690,1130,1130,1130.0,1130.0,0.0,-3.0,0.0,1130.0,1130.0,0.0,5480,1096,1096,1096.0,1096.0,0.0,-3.0,0.0,1096.0,1096.0,0.0,1634046386.308396,0.0006201267242431,8.447751998901365
1550,0,1,0,0,3,2,1096,2211110130,1130,64,1116,17,59861,29483,4,0,0,41,15,2211110130,17,59861,11123,15820,1130,1130,1130.0,1130.0,0.0,-3.0,0.0,1130.0,1130.0,0.0,6576,1096,1096,1096.0,1096.0,0.0,-3.0,0.0,1096.0,1096.0,0.0,1634046386.308396,0.0,8.447751998901365
1551,0,1,0,0,3,2,1116,2211110130,1150,64,1136,17,59861,29483,4,0,0,41,15,2211110130,17,59861,11123,16970,1130,1150,1130.0,1131.3333333333333,3.474396144861561,10.07142857142878,24.888888888888893,1130.0,1130.0,0.0,7692,1096,1116,1096.0,1098.857142857143,2.041241452319302,2.1666666666666297,48.97959183673469,1096.0,1096.0,0.0,1634046386.308396,0.0,8.447751998901365
1552,0,1,0,0,3,2,1096,2211110130,1130,64,1116,17,59861,29483,4,0,0,41,15,2211110130,17,59861,11123,18100,1130,1150,1130.0,1131.25,3.614784456460256,11.066666666666666,23.4375,1130.0,1130.0,0.0,8788,1096,1116,1096.0,1098.5,2.2677868380553634,3.1428571428571432,43.75,1096.0,1096.0,0.0,1634046386.308396,0.0,8.447751998901365
1553,0,1,0,0,3,2,1096,2211110130,1130,64,1116,17,59861,29483,4,0,0,41,15,2211110130,17,59861,11123,19230,1130,1150,1130.0,1131.1764705882354,3.749999999999957,12.06249999999979,22.14532871972318,1130.0,1130.0,0.0,9884,1096,1116,1096.0,1098.2222222222222,2.4748737341529403,4.125000000000078,39.50617283950618,1096.0,1096.0,0.0,1634046386.30892,0.0005238056182861,8.448275804519652
1554,0,1,0,0,3,2,1096,2211110130,1130,64,1116,17,59861,29483,4,0,0,41,15,2211110130,17,59861,11123,20360,1130,1150,1130.0,1131.111111111111,3.880570000581343,13.058823529411846,20.98765432098766,1130.0,1130.0,0.0,10980,1096,1116,1096.0,1098.0,2.6666666666666665,5.111111111111111,36.0,1096.0,1096.0,0.0,1634046386.30892,0.0,8.448275804519652
1555,0,1,0,0,3,2,1096,2211110130,1130,64,1116,17,59861,29483,4,0,0,41,15,2211110130,17,59861,11123,21490,1130,1150,1130.0,1131.0526315789473,4.006938426723828,14.055555555555864,19.944598337950133,1130.0,1130.0,0.0,12076,1096,1116,1096.0,1097.8181818181818,2.8460498941515744,6.100000000000124,33.05785123966942,1096.0,1096.0,0.0,1634046386.30892,0.0,8.448275804519652
1556,0,1,0,0,3,2,1096,2211110130,1130,64,1116,17,59861,29483,4,0,0,41,15,2211110130,17,59861,11123,22620,1130,1150,1130.0,1131.0,4.129483209670112,15.05263157894737,19.0,1130.0,1130.0,0.0,13172,1096,1116,1096.0,1097.6666666666667,3.015113445777593,7.090909090908916,30.555555555555568,1096.0,1096.0,0.0,1634046386.30892,0.0,8.448275804519652
1557,0,1,0,0,3,2,1096,2211110130,1130,64,1116,17,59861,29483,4,0,0,41,15,2211110130,17,59861,11123,1130,1130,1130,1130.0,1130.0,0.0,-3.0,0.0,1130.0,1130.0,0.0,14268,1096,1116,1096.0,1097.5384615384614,3.1754264805429995,8.083333333333577,28.40236686390534,1096.0,1096.0,0.0,1634046386.309555,0.0006351470947265,8.448910951614378
1558,0,1,0,0,3,2,1096,2211110130,1130,64,1116,17,59861,29483,4,0,0,41,15,2211110130,17,59861,11123,2260,1130,1130,1130.0,1130.0,0.0,-3.0,0.0,1130.0,1130.0,0.0,15364,1096,1116,1096.0,1097.428571428571,3.3282011773514317,9.07692307692333,26.530612244897952,1096.0,1096.0,0.0,1634046386.309555,0.0,8.448910951614378
1559,0,1,0,0,3,2,1096,2211110130,1130,64,1116,17,59861,29483,4,0,0,41,15,2211110130,17,59861,11123,3390,1130,1130,1130.0,1130.0,0.0,-3.0,0.0,1130.0,1130.0,0.0,16460,1096,1116,1096.0,1097.3333333333333,3.474396144861561,10.071428571428772,24.888888888888903,1096.0,1096.0,0.0,1634046386.309555,0.0,8.448910951614378
1560,0,1,0,0,3,2,1096,2211110130,1130,64,1116,17,59861,29483,4,0,0,41,15,2211110130,17,59861,11123,4520,1130,1130,1130.0,1130.0,0.0,-3.0,0.0,1130.0,1130.0,0.0,17556,1096,1116,1096.0,1097.25,3.614784456460256,11.066666666666666,23.4375,1096.0,1096.0,0.0,1634046386.309555,0.0,8.448910951614378
1561,0,1,0,0,3,2,1096,2211110130,1130,64,1116,17,59861,29483,4,0,0,41,15,2211110130,17,59861,11123,5650,1130,1130,1130.0,1130.0,0.0,-3.0,0.0,1130.0,1130.0,0.0,18652,1096,1116,1096.0,1097.1764705882354,3.749999999999957,12.06249999999979,22.14532871972318,1096.0,1096.0,0.0,1634046386.310073,0.0005178451538085,8.449428796768187
1562,0,1,0,0,3,2,1096,2211110130,1130,64,1116,17,59861,29483,4,0,0,41,15,2211110130,17,59861,11123,6780,1130,1130,1130.0,1130.0,0.0,-3.0,0.0,1130.0,1130.0,0.0,19748,1096,1116,1096.0,1097.111111111111,3.880570000581343,13.058823529411846,20.98765432098766,1096.0,1096.0,0.0,1634046386.310073,0.0,8.449428796768187
1563,0,1,0,0,3,2,1096,2211110130,1130,64,1116,17,59861,29483,4,0,0,41,15,2211110130,17,59861,11123,7910,1130,1130,1130.0,1130.0,0.0,-3.0,0.0,1130.0,1130.0,0.0,20844,1096,1116,1096.0,1097.0526315789473,4.006938426723828,14.055555555555864,19.944598337950133,1096.0,1096.0,0.0,1634046386.310073,0.0,8.449428796768187
1564,0,1,0,0,3,2,1096,2211110130,1130,64,1116,17,59861,29483,4,0,0,41,15,2211110130,17,59861,11123,9040,1130,1130,1130.0,1130.0,0.0,-3.0,0.0,1130.0,1130.0,0.0,21940,1096,1116,1096.0,1097.0,4.129483209670112,15.05263157894737,19.0,1096.0,1096.0,0.0,1634046386.310073,0.0,8.449428796768187
1565,0,1,0,0,3,2,1096,2211110130,1130,64,1116,17,59861,29483,4,0,0,41,15,2211110130,17,59861,11123,10170,1130,1130,1130.0,1130.0,0.0,-3.0,0.0,1130.0,1130.0,0.0,1096,1096,1096,1096.0,1096.0,0.0,-3.0,0.0,1096.0,1096.0,0.0,1634046386.310934,0.0008611679077148,8.450289964675902
1566,0,1,0,0,3,2,1096,2211110130,1130,64,1116,17,59861,29483,4,0,0,41,15,2211110130,17,59861,11123,11300,1130,1130,1130.0,1130.0,0.0,-3.0,0.0,1130.0,1130.0,0.0,2192,1096,1096,1096.0,1096.0,0.0,-3.0,0.0,1096.0,1096.0,0.0,1634046386.310934,0.0,8.450289964675902
1567,0,1,0,0,3,2,1096,2211110130,1130,64,1116,17,59861,29483,4,0,0,41,15,2211110130,17,59861,11123,12430,1130,1130,1130.0,1130.0,0.0,-3.0,0.0,1130.0,1130.0,0.0,3288,1096,1096,1096.0,1096.0,0.0,-3.0,0.0,1096.0,1096.0,0.0,1634046386.310934,0.0,8.450289964675902
1568,0,1,0,0,3,2,1096,2211110130,1130,64,1116,17,59861,29483,4,0,0,41,15,2211110130,17,59861,11123,13560,1130,1130,1130.0,1130.0,0.0,-3.0,0.0,1130.0,1130.0,0.0,4384,1096,1096,1096.0,1096.0,0.0,-3.0,0.0,1096.0,1096.0,0.0,1634046386.310934,0.0,8.450289964675902
1569,0,1,0,0,2,3,60,3232270721,94,47,80,17,29483,59861,4,0,0,41,15,2211110130,17,59861,11123,13654,94,1130,1130.0,1050.3076923076924,-3.175426480542942,8.083333333333337,76210.36686390532,1130.0,1130.0,0.0,4444,60,1096,1096.0,888.8,-1.4999999999999996,0.2499999999999986,171727.36000000002,1096.0,1096.0,0.0,1634046386.315456,0.0045218467712402,8.454811811447142
1570,0,1,0,0,3,2,1096,2211110130,1130,64,1116,17,59861,29483,4,0,0,41,15,2211110130,17,59861,11123,14784,94,1130,1130.0,1056.0,-3.328201177351375,9.076923076923077,71188.0,1130.0,1130.0,0.0,5540,60,1096,1096.0,923.3333333333334,-1.788854381999832,1.200000000000001,149068.88888888888,1096.0,1096.0,0.0,1634046386.32932,0.0138640403747558,8.468675851821898
1571,0,1,0,0,3,2,1096,2211110130,1130,64,1116,17,59861,29483,4,0,0,41,15,2211110130,17,59861,11123,15914,94,1130,1130.0,1060.9333333333334,-3.474396144861517,10.071428571428571,66782.86222222222,1130.0,1130.0,0.0,6636,60,1096,1096.0,948.0,-2.0412414523193148,2.166666666666667,131424.0,1096.0,1096.0,0.0,1634046386.32932,0.0,8.468675851821898
1572,0,1,0,0,3,2,1096,2211110130,1130,64,1116,17,59861,29483,4,0,0,41,15,2211110130,17,59861,11123,17044,94,1130,1130.0,1065.25,-3.614784456460256,11.066666666666666,62888.4375,1130.0,1130.0,0.0,7732,60,1096,1096.0,966.5,-2.2677868380553634,3.1428571428571432,117391.75,1096.0,1096.0,0.0,1634046386.32932,0.0,8.468675851821898
1573,0,1,0,0,3,2,1116,2211110130,1150,64,1136,17,59861,29483,4,0,0,41,15,2211110130,17,59861,11123,18194,94,1150,1130.0,1070.235294117647,-3.7476137006394223,12.051517244761014,59586.76816608997,1130.0,1130.0,0.0,8848,60,1116,1096.0,983.1111111111112,-2.4731151991695586,4.120098479969196,106555.65432098764,1096.0,1096.0,0.0,1634046386.331955,0.0026350021362304,8.471310853958128
1574,0,1,0,0,3,2,1096,2211110130,1130,64,1116,17,59861,29483,4,0,0,41,15,2211110130,17,59861,11123,19324,94,1150,1130.0,1073.5555555555557,-3.878117093396443,13.047088435632755,56463.8024691358,1130.0,1130.0,0.0,9944,60,1116,1096.0,994.4,-2.664816701336019,5.105438403123673,97047.04,1096.0,1096.0,0.0,1634046386.331955,0.0,8.471310853958128
1575,0,1,0,0,3,2,1096,2211110130,1130,64,1116,17,59861,29483,4,0,0,41,15,2211110130,17,59861,11123,20454,94,1150,1130.0,1076.5263157894738,-4.004420723481373,14.043068933092917,53650.88088642659,1130.0,1130.0,0.0,11040,60,1116,1096.0,1003.6363636363636,-2.8441133943241,6.093560994871309,89077.68595041323,1096.0,1096.0,0.0,1634046386.331955,0.0,8.471310853958128
1576,0,1,0,0,3,2,1096,2211110130,1130,64,1116,17,59861,29483,4,0,0,41,15,2211110130,17,59861,11123,21584,94,1150,1130.0,1079.2,-4.126902377109574,15.039394113983292,51104.16,1130.0,1130.0,0.0,12136,60,1116,1096.0,1011.3333333333334,-3.013094503731086,7.083707449494314,82306.22222222225,1096.0,1096.0,0.0,1634046386.331955,0.0,8.471310853958128
1577,0,1,0,0,3,2,1096,2211110130,1130,64,1116,17,59861,29483,4,0,0,41,15,2211110130,17,59861,11123,1130,1130,1130,1130.0,1130.0,0.0,-3.0,0.0,1130.0,1130.0,0.0,13232,60,1116,1096.0,1017.8461538461538,-3.173328600481707,8.075371862370881,76483.97633136093,1096.0,1096.0,0.0,1634046386.332415,0.000460147857666,8.471771001815794
1578,0,1,0,0,3,2,1096,2211110130,1130,64,1116,17,59861,29483,4,0,0,41,15,2211110130,17,59861,11123,2260,1130,1130,1130.0,1130.0,0.0,-3.0,0.0,1130.0,1130.0,0.0,14328,60,1116,1096.0,1023.4285714285714,-3.3260274145041477,9.068203973225346,71425.95918367348,1096.0,1096.0,0.0,1634046386.332415,0.0,8.471771001815794
1579,0,1,0,0,3,2,1096,2211110130,1130,64,1116,17,59861,29483,4,0,0,41,15,2211110130,17,59861,11123,3390,1130,1130,1130.0,1130.0,0.0,-3.0,0.0,1130.0,1130.0,0.0,15424,60,1116,1096.0,1028.2666666666669,-3.472149200414124,10.061953585421172,66991.9288888889,1096.0,1096.0,0.0,1634046386.332415,0.0,8.471771001815794
1580,0,1,0,0,3,2,1096,2211110130,1130,64,1116,17,59861,29483,4,0,0,41,15,2211110130,17,59861,11123,4520,1130,1130,1130.0,1130.0,0.0,-3.0,0.0,1130.0,1130.0,0.0,16520,60,1116,1096.0,1032.5,-3.612466745270548,11.056437214953894,63073.75,1096.0,1096.0,0.0,1634046386.332415,0.0,8.471771001815794
1581,0,1,0,0,3,2,1096,2211110130,1130,64,1116,17,59861,29483,4,0,0,41,15,2211110130,17,59861,11123,5650,1130,1130,1130.0,1130.0,0.0,-3.0,0.0,1130.0,1130.0,0.0,17616,60,1116,1096.0,1036.235294117647,-3.7476137006394223,12.051517244761015,59586.76816608997,1096.0,1096.0,0.0,1634046386.332963,0.0005478858947753,8.47231888771057
1582,0,1,0,0,3,2,1096,2211110130,1130,64,1116,17,59861,29483,4,0,0,41,15,2211110130,17,59861,11123,6780,1130,1130,1130.0,1130.0,0.0,-3.0,0.0,1130.0,1130.0,0.0,18712,60,1116,1096.0,1039.5555555555557,-3.878117093396444,13.047088435632762,56463.80246913579,1096.0,1096.0,0.0,1634046386.332963,0.0,8.47231888771057
1583,0,1,0,0,3,2,1096,2211110130,1130,64,1116,17,59861,29483,4,0,0,41,15,2211110130,17,59861,11123,7910,1130,1130,1130.0,1130.0,0.0,-3.0,0.0,1130.0,1130.0,0.0,19808,60,1116,1096.0,1042.5263157894738,-4.004420723481373,14.043068933092911,53650.88088642659,1096.0,1096.0,0.0,1634046386.332963,0.0,8.47231888771057
1584,0,1,0,0,3,2,1096,2211110130,1130,64,1116,17,59861,29483,4,0,0,41,15,2211110130,17,59861,11123,9040,1130,1130,1130.0,1130.0,0.0,-3.0,0.0,1130.0,1130.0,0.0,20904,60,1116,1096.0,1045.2,-4.126902377109573,15.039394113983292,51104.16,1096.0,1096.0,0.0,1634046386.333462,0.0004990100860595,8.472817897796629
1585,0,1,0,0,3,2,1096,2211110130,1130,64,1116,17,59861,29483,4,0,0,41,15,2211110130,17,59861,11123,10170,1130,1130,1130.0,1130.0,0.0,-3.0,0.0,1130.0,1130.0,0.0,1096,1096,1096,1096.0,1096.0,0.0,-3.0,0.0,1096.0,1096.0,0.0,1634046386.333462,0.0,8.472817897796629
1586,0,1,0,0,3,2,1096,2211110130,1130,64,1116,17,59861,29483,4,0,0,41,15,2211110130,17,59861,11123,11300,1130,1130,1130.0,1130.0,0.0,-3.0,0.0,1130.0,1130.0,0.0,2192,1096,1096,1096.0,1096.0,0.0,-3.0,0.0,1096.0,1096.0,0.0,1634046386.333462,0.0,8.472817897796629
1587,0,1,0,0,3,2,1096,2211110130,1130,64,1116,17,59861,29483,4,0,0,41,15,2211110130,17,59861,11123,12430,1130,1130,1130.0,1130.0,0.0,-3.0,0.0,1130.0,1130.0,0.0,3288,1096,1096,1096.0,1096.0,0.0,-3.0,0.0,1096.0,1096.0,0.0,1634046386.333462,0.0,8.472817897796629
1588,0,1,0,0,3,2,1096,2211110130,1130,64,1116,17,59861,29483,4,0,0,41,15,2211110130,17,59861,11123,13560,1130,1130,1130.0,1130.0,0.0,-3.0,0.0,1130.0,1130.0,0.0,4384,1096,1096,1096.0,1096.0,0.0,-3.0,0.0,1096.0,1096.0,0.0,1634046386.333986,0.0005240440368652,8.473341941833494
1589,0,1,0,0,3,2,1096,2211110130,1130,64,1116,17,59861,29483,4,0,0,41,15,2211110130,17,59861,11123,14690,1130,1130,1130.0,1130.0,0.0,-3.0,0.0,1130.0,1130.0,0.0,5480,1096,1096,1096.0,1096.0,0.0,-3.0,0.0,1096.0,1096.0,0.0,1634046386.333986,0.0,8.473341941833494
1590,0,1,0,0,3,2,1096,2211110130,1130,64,1116,17,59861,29483,4,0,0,41,15,2211110130,17,59861,11123,15820,1130,1130,1130.0,1130.0,0.0,-3.0,0.0,1130.0,1130.0,0.0,6576,1096,1096,1096.0,1096.0,0.0,-3.0,0.0,1096.0,1096.0,0.0,1634046386.333986,0.0,8.473341941833494
1591,0,1,0,0,3,2,1096,2211110130,1130,64,1116,17,59861,29483,4,0,0,41,15,2211110130,17,59861,11123,16950,1130,1130,1130.0,1130.0,0.0,-3.0,0.0,1130.0,1130.0,0.0,7672,1096,1096,1096.0,1096.0,0.0,-3.0,0.0,1096.0,1096.0,0.0,1634046386.334568,0.0005819797515869,8.473923921585081
1592,0,1,0,0,3,2,1096,2211110130,1130,64,1116,17,59861,29483,4,0,0,41,15,2211110130,17,59861,11123,18080,1130,1130,1130.0,1130.0,0.0,-3.0,0.0,1130.0,1130.0,0.0,8768,1096,1096,1096.0,1096.0,0.0,-3.0,0.0,1096.0,1096.0,0.0,1634046386.334568,0.0,8.473923921585081
1593,0,1,0,0,3,2,1096,2211110130,1130,64,1116,17,59861,29483,4,0,0,41,15,2211110130,17,59861,11123,19210,1130,1130,1130.0,1130.0,0.0,-3.0,0.0,1130.0,1130.0,0.0,9864,1096,1096,1096.0,1096.0,0.0,-3.0,0.0,1096.0,1096.0,0.0,1634046386.334568,0.0,8.473923921585081
1594,0,1,0,0,3,2,1116,2211110130,1150,64,1136,17,59861,29483,4,0,0,41,15,2211110130,17,59861,11123,20360,1130,1150,1130.0,1131.111111111111,3.880570000581344,13.05882352941185,20.98765432098765,1130.0,1130.0,0.0,10980,1096,1116,1096.0,1098.0,2.6666666666666665,5.111111111111111,36.0,1096.0,1096.0,0.0,1634046386.335115,0.0005469322204589,8.47447085380554
1595,0,1,0,0,3,2,1096,2211110130,1130,64,1116,17,59861,29483,4,0,0,41,15,2211110130,17,59861,11123,21490,1130,1150,1130.0,1131.0526315789473,4.006938426723826,14.05555555555586,19.944598337950136,1130.0,1130.0,0.0,12076,1096,1116,1096.0,1097.8181818181818,2.846049894151573,6.100000000000124,33.05785123966942,1096.0,1096.0,0.0,1634046386.335115,0.0,8.47447085380554
1596,0,1,0,0,3,2,1096,2211110130,1130,64,1116,17,59861,29483,4,0,0,41,15,2211110130,17,59861,11123,22620,1130,1150,1130.0,1131.0,4.129483209670112,15.05263157894737,19.0,1130.0,1130.0,0.0,13172,1096,1116,1096.0,1097.6666666666667,3.0151134457775943,7.090909090908921,30.55555555555556,1096.0,1096.0,0.0,1634046386.335115,0.0,8.47447085380554
1597,0,1,0,0,3,2,1096,2211110130,1130,64,1116,17,59861,29483,4,0,0,41,15,2211110130,17,59861,11123,1130,1130,1130,1130.0,1130.0,0.0,-3.0,0.0,1130.0,1130.0,0.0,14268,1096,1116,1096.0,1097.5384615384614,3.175426480543,8.08333333333358,28.402366863905332,1096.0,1096.0,0.0,1634046386.335115,0.0,8.47447085380554
1598,0,1,0,0,3,2,1096,2211110130,1130,64,1116,17,59861,29483,4,0,0,41,15,2211110130,17,59861,11123,2260,1130,1130,1130.0,1130.0,0.0,-3.0,0.0,1130.0,1130.0,0.0,15364,1096,1116,1096.0,1097.428571428571,3.328201177351432,9.07692307692333,26.530612244897952,1096.0,1096.0,0.0,1634046386.335115,0.0,8.47447085380554
1599,0,1,0,0,3,2,1096,2211110130,1130,64,1116,17,59861,29483,4,0,0,41,15,2211110130,17,59861,11123,3390,1130,1130,1130.0,1130.0,0.0,-3.0,0.0,1130.0,1130.0,0.0,16460,1096,1116,1096.0,1097.3333333333333,3.474396144861562,10.071428571428774,24.8888888888889,1096.0,1096.0,0.0,1634046386.335654,0.0005390644073486,8.475009918212889
1600,0,1,0,0,3,2,1096,2211110130,1130,64,1116,17,59861,29483,4,0,0,41,15,2211110130,17,59861,11123,4520,1130,1130,1130.0,1130.0,0.0,-3.0,0.0,1130.0,1130.0,0.0,17556,1096,1116,1096.0,1097.25,3.614784456460256,11.066666666666666,23.4375,1096.0,1096.0,0.0,1634046386.335654,0.0,8.475009918212889
1601,0,1,0,0,3,2,1096,2211110130,1130,64,1116,17,59861,29483,4,0,0,41,15,2211110130,17,59861,11123,5650,1130,1130,1130.0,1130.0,0.0,-3.0,0.0,1130.0,1130.0,0.0,18652,1096,1116,1096.0,1097.1764705882354,3.749999999999957,12.06249999999979,22.14532871972318,1096.0,1096.0,0.0,1634046386.335654,0.0,8.475009918212889
1602,0,1,0,0,3,2,1096,2211110130,1130,64,1116,17,59861,29483,4,0,0,41,15,2211110130,17,59861,11123,6780,1130,1130,1130.0,1130.0,0.0,-3.0,0.0,1130.0,1130.0,0.0,19748,1096,1116,1096.0,1097.111111111111,3.880570000581343,13.058823529411846,20.98765432098766,1096.0,1096.0,0.0,1634046386.335654,0.0,8.475009918212889
1603,0,1,0,0,3,2,1096,2211110130,1130,64,1116,17,59861,29483,4,0,0,41,15,2211110130,17,59861,11123,7910,1130,1130,1130.0,1130.0,0.0,-3.0,0.0,1130.0,1130.0,0.0,20844,1096,1116,1096.0,1097.0526315789473,4.006938426723828,14.055555555555864,19.944598337950133,1096.0,1096.0,0.0,1634046386.336135,0.0004808902740478,8.475490808486937
1604,0,1,0,0,3,2,1096,2211110130,1130,64,1116,17,59861,29483,4,0,0,41,15,2211110130,17,59861,11123,9040,1130,1130,1130.0,1130.0,0.0,-3.0,0.0,1130.0,1130.0,0.0,21940,1096,1116,1096.0,1097.0,4.129483209670112,15.05263157894737,19.0,1096.0,1096.0,0.0,1634046386.336135,0.0,8.475490808486937
1605,0,1,0,0,3,2,1096,2211110130,1130,64,1116,17,59861,29483,4,0,0,41,15,2211110130,17,59861,11123,10170,1130,1130,1130.0,1130.0,0.0,-3.0,0.0,1130.0,1130.0,0.0,1096,1096,1096,1096.0,1096.0,0.0,-3.0,0.0,1096.0,1096.0,0.0,1634046386.336135,0.0,8.475490808486937
1606,0,1,0,0,3,2,1096,2211110130,1130,64,1116,17,59861,29483,4,0,0,41,15,2211110130,17,59861,11123,11300,1130,1130,1130.0,1130.0,0.0,-3.0,0.0,1130.0,1130.0,0.0,2192,1096,1096,1096.0,1096.0,0.0,-3.0,0.0,1096.0,1096.0,0.0,1634046386.336135,0.0,8.475490808486937
1607,0,1,0,0,3,2,1096,2211110130,1130,64,1116,17,59861,29483,4,0,0,41,15,2211110130,17,59861,11123,12430,1130,1130,1130.0,1130.0,0.0,-3.0,0.0,1130.0,1130.0,0.0,3288,1096,1096,1096.0,1096.0,0.0,-3.0,0.0,1096.0,1096.0,0.0,1634046386.3368,0.0006651878356933,8.47615599632263
1608,0,1,0,0,3,2,1096,2211110130,1130,64,1116,17,59861,29483,4,0,0,41,15,2211110130,17,59861,11123,13560,1130,1130,1130.0,1130.0,0.0,-3.0,0.0,1130.0,1130.0,0.0,4384,1096,1096,1096.0,1096.0,0.0,-3.0,0.0,1096.0,1096.0,0.0,1634046386.3368,0.0,8.47615599632263
1609,0,1,0,0,3,2,1096,2211110130,1130,64,1116,17,59861,29483,4,0,0,41,15,2211110130,17,59861,11123,14690,1130,1130,1130.0,1130.0,0.0,-3.0,0.0,1130.0,1130.0,0.0,5480,1096,1096,1096.0,1096.0,0.0,-3.0,0.0,1096.0,1096.0,0.0,1634046386.3368,0.0,8.47615599632263
1610,0,1,0,0,3,2,1096,2211110130,1130,64,1116,17,59861,29483,4,0,0,41,15,2211110130,17,59861,11123,15820,1130,1130,1130.0,1130.0,0.0,-3.0,0.0,1130.0,1130.0,0.0,6576,1096,1096,1096.0,1096.0,0.0,-3.0,0.0,1096.0,1096.0,0.0,1634046386.3368,0.0,8.47615599632263
1611,0,1,0,0,3,2,1096,2211110130,1130,64,1116,17,59861,29483,4,0,0,41,15,2211110130,17,59861,11123,16950,1130,1130,1130.0,1130.0,0.0,-3.0,0.0,1130.0,1130.0,0.0,7672,1096,1096,1096.0,1096.0,0.0,-3.0,0.0,1096.0,1096.0,0.0,1634046386.337308,0.0005078315734863,8.476663827896116
1612,0,1,0,0,3,2,1096,2211110130,1130,64,1116,17,59861,29483,4,0,0,41,15,2211110130,17,59861,11123,18080,1130,1130,1130.0,1130.0,0.0,-3.0,0.0,1130.0,1130.0,0.0,8768,1096,1096,1096.0,1096.0,0.0,-3.0,0.0,1096.0,1096.0,0.0,1634046386.337308,0.0,8.476663827896116
1613,0,1,0,0,3,2,1096,2211110130,1130,64,1116,17,59861,29483,4,0,0,41,15,2211110130,17,59861,11123,19210,1130,1130,1130.0,1130.0,0.0,-3.0,0.0,1130.0,1130.0,0.0,9864,1096,1096,1096.0,1096.0,0.0,-3.0,0.0,1096.0,1096.0,0.0,1634046386.337308,0.0,8.476663827896116
1614,0,1,0,0,3,2,1096,2211110130,1130,64,1116,17,59861,29483,4,0,0,41,15,2211110130,17,59861,11123,20340,1130,1130,1130.0,1130.0,0.0,-3.0,0.0,1130.0,1130.0,0.0,10960,1096,1096,1096.0,1096.0,0.0,-3.0,0.0,1096.0,1096.0,0.0,1634046386.337308,0.0,8.476663827896116
1615,0,1,0,0,3,2,1116,2211110130,1150,64,1136,17,59861,29483,4,0,0,41,15,2211110130,17,59861,11123,21490,1130,1150,1130.0,1131.0526315789473,4.006938426723826,14.05555555555586,19.944598337950136,1130.0,1130.0,0.0,12076,1096,1116,1096.0,1097.8181818181818,2.846049894151573,6.100000000000126,33.05785123966942,1096.0,1096.0,0.0,1634046386.337839,0.0005309581756591,8.477194786071776
1616,0,1,0,0,3,2,1096,2211110130,1130,64,1116,17,59861,29483,4,0,0,41,15,2211110130,17,59861,11123,22620,1130,1150,1130.0,1131.0,4.129483209670112,15.05263157894737,19.0,1130.0,1130.0,0.0,13172,1096,1116,1096.0,1097.6666666666667,3.0151134457775943,7.090909090908923,30.55555555555556,1096.0,1096.0,0.0,1634046386.337839,0.0,8.477194786071776
1617,0,1,0,0,3,2,1096,2211110130,1130,64,1116,17,59861,29483,4,0,0,41,15,2211110130,17,59861,11123,1130,1130,1130,1130.0,1130.0,0.0,-3.0,0.0,1130.0,1130.0,0.0,14268,1096,1116,1096.0,1097.5384615384614,3.175426480543001,8.083333333333583,28.40236686390533,1096.0,1096.0,0.0,1634046386.337839,0.0,8.477194786071776
1618,0,1,0,0,3,2,1096,2211110130,1130,64,1116,17,59861,29483,4,0,0,41,15,2211110130,17,59861,11123,2260,1130,1130,1130.0,1130.0,0.0,-3.0,0.0,1130.0,1130.0,0.0,15364,1096,1116,1096.0,1097.428571428571,3.3282011773514317,9.076923076923327,26.53061224489796,1096.0,1096.0,0.0,1634046386.337839,0.0,8.477194786071776
1619,0,1,0,0,3,2,1096,2211110130,1130,64,1116,17,59861,29483,4,0,0,41,15,2211110130,17,59861,11123,3390,1130,1130,1130.0,1130.0,0.0,-3.0,0.0,1130.0,1130.0,0.0,16460,1096,1116,1096.0,1097.3333333333333,3.474396144861561,10.071428571428774,24.8888888888889,1096.0,1096.0,0.0,1634046386.338469,0.0006301403045654,8.477824926376341
1620,0,1,0,0,3,2,1096,2211110130,1130,64,1116,17,59861,29483,4,0,0,41,15,2211110130,17,59861,11123,4520,1130,1130,1130.0,1130.0,0.0,-3.0,0.0,1130.0,1130.0,0.0,17556,1096,1116,1096.0,1097.25,3.614784456460256,11.066666666666666,23.4375,1096.0,1096.0,0.0,1634046386.338469,0.0,8.477824926376341
1621,0,1,0,0,3,2,1096,2211110130,1130,64,1116,17,59861,29483,4,0,0,41,15,2211110130,17,59861,11123,5650,1130,1130,1130.0,1130.0,0.0,-3.0,0.0,1130.0,1130.0,0.0,18652,1096,1116,1096.0,1097.1764705882354,3.749999999999957,12.06249999999979,22.14532871972318,1096.0,1096.0,0.0,1634046386.338469,0.0,8.477824926376341
1622,0,1,0,0,3,2,1096,2211110130,1130,64,1116,17,59861,29483,4,0,0,41,15,2211110130,17,59861,11123,6780,1130,1130,1130.0,1130.0,0.0,-3.0,0.0,1130.0,1130.0,0.0,19748,1096,1116,1096.0,1097.111111111111,3.880570000581343,13.058823529411846,20.98765432098766,1096.0,1096.0,0.0,1634046386.338469,0.0,8.477824926376341
1623,0,1,0,0,3,2,1096,2211110130,1130,64,1116,17,59861,29483,4,0,0,41,15,2211110130,17,59861,11123,7910,1130,1130,1130.0,1130.0,0.0,-3.0,0.0,1130.0,1130.0,0.0,20844,1096,1116,1096.0,1097.0526315789473,4.006938426723828,14.055555555555864,19.944598337950133,1096.0,1096.0,0.0,1634046386.339012,0.0005428791046142,8.478367805480955
1624,0,1,0,0,3,2,1096,2211110130,1130,64,1116,17,59861,29483,4,0,0,41,15,2211110130,17,59861,11123,9040,1130,1130,1130.0,1130.0,0.0,-3.0,0.0,1130.0,1130.0,0.0,21940,1096,1116,1096.0,1097.0,4.129483209670112,15.05263157894737,19.0,1096.0,1096.0,0.0,1634046386.339012,0.0,8.478367805480955
1625,0,1,0,0,3,2,1096,2211110130,1130,64,1116,17,59861,29483,4,0,0,41,15,2211110130,17,59861,11123,10170,1130,1130,1130.0,1130.0,0.0,-3.0,0.0,1130.0,1130.0,0.0,1096,1096,1096,1096.0,1096.0,0.0,-3.0,0.0,1096.0,1096.0,0.0,1634046386.339012,0.0,8.478367805480955
1626,0,1,0,0,3,2,1096,2211110130,1130,64,1116,17,59861,29483,4,0,0,41,15,2211110130,17,59861,11123,11300,1130,1130,1130.0,1130.0,0.0,-3.0,0.0,1130.0,1130.0,0.0,2192,1096,1096,1096.0,1096.0,0.0,-3.0,0.0,1096.0,1096.0,0.0,1634046386.339012,0.0,8.478367805480955
1627,0,1,0,0,3,2,1096,2211110130,1130,64,1116,17,59861,29483,4,0,0,41,15,2211110130,17,59861,11123,12430,1130,1130,1130.0,1130.0,0.0,-3.0,0.0,1130.0,1130.0,0.0,3288,1096,1096,1096.0,1096.0,0.0,-3.0,0.0,1096.0,1096.0,0.0,1634046386.339507,0.0004951953887939,8.47886300086975
1628,0,1,0,0,3,2,1096,2211110130,1130,64,1116,17,59861,29483,4,0,0,41,15,2211110130,17,59861,11123,13560,1130,1130,1130.0,1130.0,0.0,-3.0,0.0,1130.0,1130.0,0.0,4384,1096,1096,1096.0,1096.0,0.0,-3.0,0.0,1096.0,1096.0,0.0,1634046386.339507,0.0,8.47886300086975
1629,0,1,0,0,3,2,1096,2211110130,1130,64,1116,17,59861,29483,4,0,0,41,15,2211110130,17,59861,11123,14690,1130,1130,1130.0,1130.0,0.0,-3.0,0.0,1130.0,1130.0,0.0,5480,1096,1096,1096.0,1096.0,0.0,-3.0,0.0,1096.0,1096.0,0.0,1634046386.339507,0.0,8.47886300086975
1630,0,1,0,0,3,2,1096,2211110130,1130,64,1116,17,59861,29483,4,0,0,41,15,2211110130,17,59861,11123,15820,1130,1130,1130.0,1130.0,0.0,-3.0,0.0,1130.0,1130.0,0.0,6576,1096,1096,1096.0,1096.0,0.0,-3.0,0.0,1096.0,1096.0,0.0,1634046386.339507,0.0,8.47886300086975
1631,0,1,0,0,3,2,1096,2211110130,1130,64,1116,17,59861,29483,4,0,0,41,15,2211110130,17,59861,11123,16950,1130,1130,1130.0,1130.0,0.0,-3.0,0.0,1130.0,1130.0,0.0,7672,1096,1096,1096.0,1096.0,0.0,-3.0,0.0,1096.0,1096.0,0.0,1634046386.340053,0.0005459785461425,8.479408979415892
1632,0,1,0,0,3,2,1096,2211110130,1130,64,1116,17,59861,29483,4,0,0,41,15,2211110130,17,59861,11123,18080,1130,1130,1130.0,1130.0,0.0,-3.0,0.0,1130.0,1130.0,0.0,8768,1096,1096,1096.0,1096.0,0.0,-3.0,0.0,1096.0,1096.0,0.0,1634046386.340053,0.0,8.479408979415892
1633,0,1,0,0,3,2,1096,2211110130,1130,64,1116,17,59861,29483,4,0,0,41,15,2211110130,17,59861,11123,19210,1130,1130,1130.0,1130.0,0.0,-3.0,0.0,1130.0,1130.0,0.0,9864,1096,1096,1096.0,1096.0,0.0,-3.0,0.0,1096.0,1096.0,0.0,1634046386.340053,0.0,8.479408979415892
1634,0,1,0,0,3,2,1096,2211110130,1130,64,1116,17,59861,29483,4,0,0,41,15,2211110130,17,59861,11123,20340,1130,1130,1130.0,1130.0,0.0,-3.0,0.0,1130.0,1130.0,0.0,10960,1096,1096,1096.0,1096.0,0.0,-3.0,0.0,1096.0,1096.0,0.0,1634046386.340053,0.0,8.479408979415892
1635,0,1,0,0,3,2,1096,2211110130,1130,64,1116,17,59861,29483,4,0,0,41,15,2211110130,17,59861,11123,21470,1130,1130,1130.0,1130.0,0.0,-3.0,0.0,1130.0,1130.0,0.0,12056,1096,1096,1096.0,1096.0,0.0,-3.0,0.0,1096.0,1096.0,0.0,1634046386.340556,0.0005028247833251,8.479911804199217
1636,0,1,0,0,3,2,1116,2211110130,1150,64,1136,17,59861,29483,4,0,0,41,15,2211110130,17,59861,11123,22620,1130,1150,1130.0,1131.0,4.129483209670112,15.05263157894737,19.0,1130.0,1130.0,0.0,13172,1096,1116,1096.0,1097.6666666666667,3.015113445777595,7.090909090908927,30.55555555555556,1096.0,1096.0,0.0,1634046386.340556,0.0,8.479911804199217
1637,0,1,0,0,3,2,782,2211110130,816,64,802,17,59861,29483,4,0,0,41,15,2211110130,17,59861,11123,816,816,816,816.0,816.0,0.0,-3.0,0.0,816.0,816.0,0.0,13954,782,1116,1096.0,1073.3846153846157,-3.1523161824991037,7.998549233051913,7103.621301775148,1096.0,1096.0,0.0,1634046386.340556,0.0,8.479911804199217
1638,0,1,0,0,3,2,60,2211110130,94,64,80,17,59861,29483,4,0,0,41,15,2211110130,17,59861,11123,910,94,816,455.0,455.0,0.0,-2.0,130321.0,635.5,274.5,361.0,14014,60,1116,1096.0,1001.0,-2.9129808922659404,7.077076569222383,74710.14285714286,1096.0,1096.0,0.0,1634046386.340556,0.0,8.479911804199217
1639,1,0,1,0,3,1,40,1746537030,74,64,60,6,55798,80,4,0,0,41,15,2211110130,17,59861,11123,984,74,816,94.0,328.0,0.7053266490583118,-1.5,119138.66666666669,455.0,84.0,371.0,14054,40,1116,1096.0,936.9333333333332,-1.983514566624888,2.1395923189674866,127192.99555555554,1096.0,1096.0,0.0,1634046386.346627,0.0060710906982421,8.48598289489746
1640,0,1,0,0,3,2,408,2211110130,442,64,428,17,59861,29483,4,0,0,41,15,2211110130,17,59861,11123,1426,74,816,268.0,356.5,0.5125059132520196,-1.345781340471745,91790.75,535.5,89.0,446.5,14462,40,1116,1096.0,903.875,-1.6037816350249097,0.8788251310509079,135636.234375,1096.0,1017.5,78.5,1634046386.3518,0.0051729679107666,8.491155862808226
1641,0,1,0,0,3,2,408,2211110130,442,64,428,17,59861,29483,4,0,0,41,15,2211110130,17,59861,11123,1868,74,816,442.0,373.6,0.3776460539706063,-1.1127419872435358,74602.24,442.0,94.0,348.0,14870,40,1116,1096.0,874.7058823529412,-1.3218316940594503,0.0969517635228638,141271.0311418685,1096.0,782.0,314.0,1634046386.3518,0.0,8.491155862808226
1642,0,1,0,0,3,2,1096,2211110130,1130,64,1116,17,59861,29483,4,0,0,41,15,2211110130,17,59861,11123,2998,74,1130,442.0,499.6666666666667,0.4309673065249213,-1.1072316055996754,141632.55555555553,722.5,181.0,541.5,15966,40,1116,1096.0,887.0,-1.4098337631612592,0.3449215807203898,135992.11111111112,1096.0,860.5,235.5,1634046386.3518,0.0,8.491155862808226
1643,0,1,0,0,3,2,1096,2211110130,1130,64,1116,17,59861,29483,4,0,0,41,15,2211110130,17,59861,11123,4128,74,1130,442.0,589.7142857142857,0.1254832018998551,-1.4926682725624598,170050.77551020408,973.0,268.0,705.0,17062,40,1116,1096.0,898.0,-1.49356403750377,0.5962017361418077,131012.63157894736,1096.0,939.0,157.0,1634046386.3518,0.0,8.491155862808226
1644,0,1,0,0,3,2,1024,2211110130,1058,64,1044,17,59861,29483,4,0,0,41,15,2211110130,17,59861,11123,5186,74,1130,629.0,648.25,-0.1393229209009458,-1.5619570498136013,172779.4375,1076.0,355.0,721.0,18086,40,1116,1096.0,904.3,-1.569701764776834,0.8507048826188086,125216.11000000002,1096.0,963.5,132.5,1634046386.352296,0.0004961490631103,8.491652011871336
1645,0,1,0,0,3,2,1096,2211110130,1130,64,1116,17,59861,29483,4,0,0,41,15,2211110130,17,59861,11123,6316,74,1130,816.0,701.7777777777778,-0.3367112814227385,-1.5090680935898713,176503.5061728395,1130.0,442.0,688.0,1096,1096,1096,1096.0,1096.0,0.0,-3.0,0.0,1096.0,1096.0,0.0,1634046386.352296,0.0,8.491652011871336
1646,0,1,0,0,3,2,1096,2211110130,1130,64,1116,17,59861,29483,4,0,0,41,15,2211110130,17,59861,11123,7446,74,1130,937.0,744.6,-0.506932306967172,-1.386698071267888,175356.84,1130.0,442.0,688.0,2192,1096,1096,1096.0,1096.0,0.0,-3.0,0.0,1096.0,1096.0,0.0,1634046386.352296,0.0,8.491652011871336
1647,0,1,0,0,3,2,1096,2211110130,1130,64,1116,17,59861,29483,4,0,0,41,15,2211110130,17,59861,11123,8576,74,1130,1058.0,779.6363636363636,-0.6568084975309807,-1.2228211083553584,171690.77685950414,1130.0,442.0,688.0,3288,1096,1096,1096.0,1096.0,0.0,-3.0,0.0,1096.0,1096.0,0.0,1634046386.352296,0.0,8.491652011871336
1648,0,1,0,0,3,2,1096,2211110130,1130,64,1116,17,59861,29483,4,0,0,41,15,2211110130,17,59861,11123,9706,74,1130,1094.0,808.8333333333334,-0.791200315872341,-1.032430276323476,166760.30555555556,1130.0,442.0,688.0,4384,1096,1096,1096.0,1096.0,0.0,-3.0,0.0,1096.0,1096.0,0.0,1634046386.352803,0.0005068778991699,8.492158889770506
1649,0,1,0,0,3,2,1096,2211110130,1130,64,1116,17,59861,29483,4,0,0,41,15,2211110130,17,59861,11123,10836,74,1130,1130.0,833.5384615384615,-0.913490513061316,-0.8241459278611889,161256.7100591716,1130.0,442.0,688.0,5480,1096,1096,1096.0,1096.0,0.0,-3.0,0.0,1096.0,1096.0,0.0,1634046386.352803,0.0,8.492158889770506
1650,0,1,0,0,3,2,570,2211110130,604,64,590,17,59861,29483,4,0,0,41,15,2211110130,17,59861,11123,11440,74,1130,1094.0,817.1428571428571,-0.8044056879333531,-0.8992842648162509,153232.97959183677,1130.0,482.5,647.5,6050,570,1096,1096.0,1008.3333333333334,-1.7888543819998322,1.200000000000001,38427.22222222223,1096.0,1096.0,0.0,1634046386.35401,0.0012071132659912,8.493366003036497
1651,0,1,0,0,3,2,52,2211110130,86,64,72,17,59861,29483,4,0,0,41,15,2211110130,17,59861,11123,11526,74,1130,1058.0,768.4,-0.6106770945626385,-1.270047425131111,176279.5733333333,1130.0,442.0,688.0,6102,52,1096,1096.0,871.7142857142857,-1.3512106294336346,0.2132660881858421,144926.20408163263,1096.0,833.0,263.0,1634046386.36576,0.0117499828338623,8.50511598587036
1652,1,0,1,0,1,3,32,3232270721,66,59,52,6,80,55798,4,0,0,41,15,2211110130,17,59861,11123,11592,66,1130,937.0,724.5,-0.4485076969772066,-1.4981433574259928,194170.25,1130.0,355.0,775.0,6134,32,1096,1096.0,766.75,-0.8021110945426699,-1.1584840607941918,203932.9375,1096.0,440.5,655.5,1634046386.37447,0.0087099075317382,8.513825893402098
1653,0,1,0,0,3,2,408,2211110130,442,64,428,17,59861,29483,4,0,0,41,15,2211110130,17,59861,11123,12034,66,1130,816.0,707.8823529411765,-0.3471264255666659,-1.5302204437678186,187166.80968858133,1130.0,442.0,688.0,6542,32,1096,1096.0,726.8888888888889,-0.5563238968168022,-1.3926050059933164,193984.987654321,1096.0,408.0,688.0,1634046386.380257,0.0057868957519531,8.519612789154051
1654,1,0,1,0,3,1,20,1746537030,54,64,40,6,55798,80,4,0,0,41,15,2211110130,17,59861,11123,12088,54,1130,710.0,671.5555555555555,-0.2285655802430566,-1.632812173430526,199202.46913580244,1130.0,181.0,949.0,6562,20,1096,833.0,656.2,-0.3031384065250944,-1.6727545246783937,219558.76,1096.0,141.0,955.0,1634046386.380257,0.0,8.519612789154051
1655,1,0,1,0,3,1,74,1746537030,108,64,94,6,55798,80,4,0,0,42,15,2211110130,17,59861,11123,12196,54,1130,604.0,641.8947368421053,-0.1128914924804692,-1.7002155678088149,204553.8836565097,1130.0,101.0,1029.0,6636,20,1096,570.0,603.2727272727273,-0.0921126648817797,-1.7905461339440911,227611.83471074383,1096.0,63.0,1033.0,1634046386.385573,0.0053160190582275,8.524928808212278
1656,0,1,0,0,2,3,60,3232270721,94,47,80,17,29483,59861,4,0,0,42,15,2211110130,17,59861,11123,12290,54,1130,523.0,614.5,-0.0103141616737262,-1.7329878297666423,208585.15,1130.0,94.0,1036.0,6696,20,1096,489.0,558.0,0.0806174902943246,-1.812478926956064,231190.0,1096.0,58.0,1038.0,1634046386.387169,0.0015959739685058,8.526524782180784
1657,0,1,0,0,3,2,1096,2211110130,1130,64,1116,17,59861,29483,4,0,0,42,15,2211110130,17,59861,11123,1130,1130,1130,1130.0,1130.0,0.0,-3.0,0.0,1130.0,1130.0,0.0,7792,20,1096,570.0,599.3846153846154,-0.0783552809277262,-1.829039297356241,233958.3905325444,1096.0,60.0,1036.0,1634046386.395934,0.0087652206420898,8.535290002822874
1658,0,1,0,0,3,2,1096,2211110130,1130,64,1116,17,59861,29483,4,0,0,42,15,2211110130,17,59861,11123,2260,1130,1130,1130.0,1130.0,0.0,-3.0,0.0,1130.0,1130.0,0.0,8888,20,1096,833.0,634.8571428571429,-0.2160126517724926,-1.798706052128137,233604.9795918367,1096.0,63.5,1032.5,1634046386.395934,0.0,8.535290002822874
1659,0,1,0,0,3,2,1096,2211110130,1130,64,1116,17,59861,29483,4,0,0,42,15,2211110130,17,59861,11123,3390,1130,1130,1130.0,1130.0,0.0,-3.0,0.0,1130.0,1130.0,0.0,9984,20,1096,1096.0,665.6,-0.3379437544801476,-1.7377214251415218,231263.04000000004,1096.0,67.0,1029.0,1634046386.395934,0.0,8.535290002822874
1660,0,1,0,0,3,2,1096,2211110130,1130,64,1116,17,59861,29483,4,0,0,42,15,2211110130,17,59861,11123,4520,1130,1130,1130.0,1130.0,0.0,-3.0,0.0,1130.0,1130.0,0.0,11080,20,1096,1096.0,692.5,-0.4478049059212723,-1.6556116343235967,227663.25,1096.0,70.5,1025.5,1634046386.396542,0.0006079673767089,8.535897970199583
1661,0,1,0,0,3,2,1096,2211110130,1130,64,1116,17,59861,29483,4,0,0,42,15,2211110130,17,59861,11123,5650,1130,1130,1130.0,1130.0,0.0,-3.0,0.0,1130.0,1130.0,0.0,12176,20,1096,1096.0,716.2352941176471,-0.5481110192042282,-1.558329418804355,223285.12110726643,1096.0,74.0,1022.0,1634046386.397117,0.0005748271942138,8.536472797393797
1662,0,1,0,0,3,2,119,2211110130,153,64,139,17,59861,29483,4,0,0,42,15,2211110130,17,59861,11123,5803,153,1130,1130.0,967.1666666666666,-1.7888543819998317,1.1999999999999984,132573.47222222222,1130.0,1130.0,0.0,12295,20,1096,1096.0,683.0555555555555,-0.3959741469784488,-1.7166247554550778,229595.60802469132,1096.0,85.25,1010.75,1634046386.397117,0.0,8.536472797393797
1663,1,0,1,0,1,3,20,3232270721,54,60,40,6,80,55798,4,0,0,42,15,2211110130,17,59861,11123,5857,54,1130,1130.0,836.7142857142857,-0.959436580635755,-1.0637575653730091,215741.34693877556,1130.0,641.5,488.5,12315,20,1096,1096.0,648.1578947368421,-0.2688887699271529,-1.811825285802738,239432.86980609415,1096.0,67.0,1029.0,1634046386.401034,0.0039172172546386,8.540390014648436
1664,0,1,0,0,3,2,1096,2211110130,1130,64,1116,17,59861,29483,4,0,0,42,15,2211110130,17,59861,11123,6987,54,1130,1130.0,873.375,-1.165387073572756,-0.6255659536129614,198181.734375,1130.0,885.75,244.25,13411,20,1096,1096.0,670.55,-0.3585691524367395,-1.7587388357001754,236987.94749999995,1096.0,70.5,1025.5,1634046386.402476,0.0014419555664062,8.541831970214842
1665,0,1,0,0,3,2,1116,2211110130,1150,64,1136,17,59861,29483,4,0,0,42,15,2211110130,17,59861,11123,8137,54,1150,1130.0,904.1111111111112,-1.346223660027028,-0.1694748178057876,183719.20987654323,1130.0,1130.0,0.0,1116,1116,1116,1116.0,1116.0,0.0,-3.0,0.0,1116.0,1116.0,0.0,1634046386.407022,0.0045459270477294,8.546377897262571
1666,0,1,0,0,3,2,1096,2211110130,1130,64,1116,17,59861,29483,4,0,0,42,15,2211110130,17,59861,11123,9267,54,1150,1130.0,926.7,-1.510013041462406,0.2993075831896048,169939.61000000002,1130.0,1130.0,0.0,2212,1096,1116,1106.0,1106.0,0.0,-2.0,100.0,1111.0,1101.0,10.0,1634046386.407022,0.0,8.546377897262571
1667,0,1,0,0,3,2,1096,2211110130,1130,64,1116,17,59861,29483,4,0,0,42,15,2211110130,17,59861,11123,10397,54,1150,1130.0,945.181818181818,-1.660062893151644,0.7760052166229747,157906.3305785124,1130.0,1130.0,0.0,3308,1096,1116,1096.0,1102.6666666666667,0.7071067811865236,-1.5000000000000222,88.88888888888887,1106.0,1096.0,10.0,1634046386.407022,0.0,8.546377897262571
1668,0,1,0,0,2,3,60,3232270721,94,47,80,17,29483,59861,4,0,0,42,15,2211110130,17,59861,11123,10491,54,1150,1130.0,874.25,-1.161286586512581,-0.6398475605433669,200092.0208333333,1130.0,885.75,244.25,3368,60,1116,1096.0,842.0,-1.1535632802536944,-0.6675271247646477,203908.0,1101.0,837.0,264.0,1634046386.407183,0.0001609325408935,8.546538829803465
1669,0,1,0,0,3,2,1096,2211110130,1130,64,1116,17,59861,29483,4,0,0,42,15,2211110130,17,59861,11123,11621,54,1150,1130.0,893.9230769230769,-1.284615436481054,-0.3378341065347685,189344.6863905325,1130.0,1130.0,0.0,4464,60,1116,1096.0,892.8,-1.498694639451965,0.2482875521764365,173448.96000000002,1096.0,1096.0,0.0,1634046386.407632,0.0004491806030273,8.546988010406492
1670,0,1,0,0,3,2,1096,2211110130,1130,64,1116,17,59861,29483,4,0,0,42,15,2211110130,17,59861,11123,12751,54,1150,1130.0,910.7857142857144,-1.3992493127874732,-0.0297728045475285,179516.59693877556,1130.0,1130.0,0.0,5560,60,1116,1096.0,926.6666666666666,-1.787415105428971,1.1974652125141088,150275.55555555553,1096.0,1096.0,0.0,1634046386.409399,0.0017669200897216,8.548754930496214
1671,0,1,0,0,3,2,914,2211110130,948,64,934,17,59861,29483,4,0,0,42,15,2211110130,17,59861,11123,13699,54,1150,1130.0,913.2666666666668,-1.465372634639398,0.2144172377493358,167634.99555555554,1130.0,1039.0,91.0,6474,60,1116,1096.0,924.8571428571428,-1.9150689814911368,1.8567776386207135,128827.26530612244,1096.0,1005.0,91.0,1634046386.409399,0.0,8.548754930496214
1672,0,1,0,0,3,2,408,2211110130,442,64,428,17,59861,29483,4,0,0,42,15,2211110130,17,59861,11123,14141,54,1150,1130.0,883.8125,-1.2218109603576368,-0.3487454657700577,170171.02734375,1130.0,821.5,308.5,6882,60,1116,1096.0,860.25,-1.252135709176723,-0.092794304975655,141942.4375,1096.0,787.5,308.5,1634046386.41523,0.0058310031890869,8.554585933685301
1673,0,1,0,0,2,3,56,3232270721,90,47,76,17,29483,59861,4,0,0,42,15,2211110130,17,59861,11123,14231,54,1150,1130.0,837.1176470588235,-0.9603240344593992,-0.959991777526723,195047.51557093425,1130.0,442.0,688.0,6938,56,1116,1096.0,770.8888888888889,-0.792436337821029,-1.1752064730024132,190054.3209876543,1096.0,408.0,688.0,1634046386.435744,0.0205140113830566,8.575099945068358
1674,0,1,0,0,2,3,60,3232270721,94,47,80,17,29483,59861,4,0,0,42,15,2211110130,17,59861,11123,14325,54,1150,1130.0,795.8333333333334,-0.7563730755393951,-1.333021826777644,213186.25,1130.0,225.25,904.75,6998,56,1116,1005.0,699.8,-0.4811381388924637,-1.6246561820690606,216531.56,1096.0,147.0,949.0,1634046386.435799,5.4836273193359375e-05,8.575154781341551
1675,0,1,0,0,3,2,1096,2211110130,1130,64,1116,17,59861,29483,4,0,0,42,15,2211110130,17,59861,11123,15455,54,1150,1130.0,813.421052631579,-0.8411422238810822,-1.1973727815857982,207533.82271468145,1130.0,297.5,832.5,8094,56,1116,1096.0,735.8181818181819,-0.6361062477519338,-1.4546000150052216,209819.96694214875,1096.0,234.0,862.0,1634046386.448073,0.0122740268707275,8.587428808212278
1676,0,1,0,0,3,2,1096,2211110130,1130,64,1116,17,59861,29483,4,0,0,42,15,2211110130,17,59861,11123,16585,54,1150,1130.0,829.25,-0.920892007272512,-1.056287397865027,201917.6875,1130.0,369.75,760.25,9190,56,1116,1096.0,765.8333333333334,-0.7738739730197913,-1.26113627694918,202244.97222222225,1096.0,321.0,775.0,1634046386.448635,0.0005621910095214,8.5879909992218
1677,0,1,0,0,3,2,1096,2211110130,1130,64,1116,17,59861,29483,4,0,0,42,15,2211110130,17,59861,11123,1130,1130,1130,1130.0,1130.0,0.0,-3.0,0.0,1130.0,1130.0,0.0,10286,56,1116,1096.0,791.2307692307693,-0.8985481422808944,-1.0519503381902473,194428.02366863907,1096.0,408.0,688.0,1634046386.448635,0.0,8.5879909992218
1678,0,1,0,0,3,2,1096,2211110130,1130,64,1116,17,59861,29483,4,0,0,42,15,2211110130,17,59861,11123,2260,1130,1130,1130.0,1130.0,0.0,-3.0,0.0,1130.0,1130.0,0.0,11382,56,1116,1096.0,813.0,-1.0129035528787729,-0.8316986758558826,186701.0,1096.0,534.5,561.5,1634046386.448635,0.0,8.5879909992218
1679,0,1,0,0,3,2,662,2211110130,696,64,682,17,59861,29483,4,0,0,42,15,2211110130,17,59861,11123,2956,696,1130,1130.0,985.3333333333334,-0.7071067811865481,-1.4999999999999991,41856.88888888888,1130.0,913.0,217.0,12044,56,1116,1096.0,802.9333333333333,-0.9668296139543734,-0.8094151918991557,175672.9955555555,1096.0,535.0,561.0,1634046386.448635,0.0,8.5879909992218
1680,0,1,0,0,2,3,60,3232270721,94,47,80,17,29483,59861,4,0,0,42,15,2211110130,17,59861,11123,3050,94,1130,913.0,762.5,-0.652053142793255,-1.184575027655651,180356.75,1130.0,545.5,584.5,12104,56,1116,1096.0,756.5,-0.7411419920245889,-1.2529191607683148,197034.25,1096.0,321.0,775.0,1634046386.453311,0.0046758651733398,8.59266686439514
1681,0,1,0,0,2,3,52,3232270721,86,47,72,17,29483,59861,4,0,0,42,15,2211110130,17,59861,11123,3136,86,1130,696.0,627.2,-0.1095340850699149,-1.7551908595104706,217509.76,1130.0,94.0,1036.0,12156,52,1116,1096.0,715.0588235294117,-0.5601396780178286,-1.5219845566756576,212921.93771626297,1096.0,60.0,1036.0,1634046386.453365,5.412101745605469e-05,8.592720985412596
1682,0,1,0,0,3,2,56,2211110130,90,64,76,17,59861,29483,4,0,0,42,15,2211110130,17,59861,11123,3226,86,1130,395.0,537.6666666666666,0.2407703297376054,-1.7502556212618026,221339.22222222225,1021.5,91.0,930.5,12212,52,1116,1005.0,678.4444444444445,-0.4081688369887939,-1.6906293515056503,223883.35802469132,1096.0,60.0,1036.0,1634046386.460969,0.0076038837432861,8.600324869155882
1683,0,1,0,0,3,2,60,2211110130,94,64,80,17,59861,29483,4,0,0,42,15,2211110130,17,59861,11123,3320,86,1130,94.0,474.2857142857143,0.5049472853576548,-1.5673132767446127,213822.2040816327,913.0,92.0,821.0,12272,52,1116,914.0,645.8947368421053,-0.2771479463606601,-1.7950152843807896,231170.7257617729,1096.0,60.0,1036.0,1634046386.460969,0.0,8.600324869155882
1684,0,1,0,0,3,2,408,2211110130,442,64,428,17,59861,29483,4,0,0,42,15,2211110130,17,59861,11123,3762,86,1130,268.0,470.25,0.56724920666407,-1.3439918477960917,187208.4375,804.5,93.0,711.5,12680,52,1116,788.0,634.0,-0.2099278834794555,-1.7838492769886645,222300.4,1096.0,60.0,1036.0,1634046386.460969,0.0,8.600324869155882
1685,0,1,0,0,3,2,1096,2211110130,1130,64,1116,17,59861,29483,4,0,0,42,15,2211110130,17,59861,11123,4892,86,1130,442.0,543.5555555555555,0.2745367375274508,-1.673877431387616,209397.1358024691,1130.0,94.0,1036.0,1096,1096,1096,1096.0,1096.0,0.0,-3.0,0.0,1096.0,1096.0,0.0,1634046386.47062,0.0096509456634521,8.609975814819334
1686,0,1,0,0,3,2,1096,2211110130,1130,64,1116,17,59861,29483,4,0,0,42,15,2211110130,17,59861,11123,6022,86,1130,569.0,602.2,0.0490502844493684,-1.786099758166794,219409.96,1130.0,94.0,1036.0,2192,1096,1096,1096.0,1096.0,0.0,-3.0,0.0,1096.0,1096.0,0.0,1634046386.47062,0.0,8.609975814819334
1687,0,1,0,0,2,3,60,3232270721,94,47,80,17,29483,59861,4,0,0,42,15,2211110130,17,59861,11123,6116,86,1130,442.0,556.0,0.2250761024883419,-1.7555900069857684,220808.0,1130.0,94.0,1036.0,2252,60,1096,1096.0,750.6666666666666,-0.7071067811865472,-1.5000000000000004,238510.22222222225,1096.0,578.0,518.0,1634046386.470991,0.000370979309082,8.610346794128416
1688,0,1,0,0,3,2,1096,2211110130,1130,64,1116,17,59861,29483,4,0,0,42,15,2211110130,17,59861,11123,7246,86,1130,569.0,603.8333333333334,0.0405356710000366,-1.8281407829020224,227575.63888888888,1130.0,94.0,1036.0,3348,60,1096,1096.0,837.0,-1.1547005383792517,-0.6666666666666665,201243.0,1096.0,837.0,259.0,1634046386.47327,0.0022790431976318,8.612625837326048
1689,0,1,0,0,3,2,1096,2211110130,1130,64,1116,17,59861,29483,4,0,0,42,15,2211110130,17,59861,11123,8376,86,1130,696.0,644.3076923076923,-0.1152769647891067,-1.8306379712387968,229727.9053254438,1130.0,94.0,1036.0,4444,60,1096,1096.0,888.8,-1.4999999999999998,0.25,171727.36,1096.0,1096.0,0.0,1634046386.47327,0.0,8.612625837326048
1690,0,1,0,0,3,2,843,2211110130,877,64,863,17,59861,29483,4,0,0,42,15,2211110130,17,59861,11123,9253,86,1130,786.5,660.9285714285714,-0.2148690107313703,-1.7545616686818752,216910.0663265306,1130.0,94.0,1036.0,5287,60,1096,1096.0,881.1666666666666,-1.5779758436706814,0.7545322193735431,143397.47222222222,1096.0,906.25,189.75,1634046386.47327,0.0,8.612625837326048
1691,0,1,0,0,2,3,60,3232270721,94,47,80,17,29483,59861,4,0,0,42,15,2211110130,17,59861,11123,9347,86,1130,696.0,623.1333333333333,-0.0679668171333214,-1.815929938086546,222448.1155555556,1130.0,94.0,1036.0,5347,60,1096,1096.0,763.8571428571429,-0.8440632406618886,-1.1743267913547408,205481.26530612248,1096.0,451.5,644.5,1634046386.488883,0.0156130790710449,8.628238916397093
1692,0,1,0,0,3,2,408,2211110130,442,64,428,17,59861,29483,4,0,0,42,15,2211110130,17,59861,11123,9789,86,1130,569.0,611.8125,0.0009618656447337,-1.7619995302168652,210467.52734375,1130.0,94.0,1036.0,5755,60,1096,969.5,719.375,-0.5691030814224495,-1.439378776234317,193646.734375,1096.0,321.0,775.0,1634046386.495394,0.0065109729766845,8.634749889373778
1693,0,1,0,0,2,3,60,3232270721,94,47,80,17,29483,59861,4,0,0,42,15,2211110130,17,59861,11123,9883,86,1130,442.0,581.3529411764706,0.1160838502899256,-1.7638724187034092,212931.64013840837,1130.0,94.0,1036.0,5815,60,1096,843.0,646.1111111111111,-0.2736771023548281,-1.7446303739518154,215071.2098765432,1096.0,60.0,1036.0,1634046386.509586,0.0141921043395996,8.648941993713377
1694,0,1,0,0,3,2,1096,2211110130,1130,64,1116,17,59861,29483,4,0,0,42,15,2211110130,17,59861,11123,11013,86,1130,569.0,611.8333333333334,0.0008490837140073,-1.7937711272391752,216896.02777777772,1130.0,94.0,1036.0,6911,60,1096,969.5,691.1,-0.4528581578313988,-1.623788388235564,211780.09,1096.0,147.0,949.0,1634046386.515509,0.005922794342041,8.654864788055418
1695,0,1,0,0,3,2,1096,2211110130,1130,64,1116,17,59861,29483,4,0,0,42,15,2211110130,17,59861,11123,12143,86,1130,696.0,639.1052631578947,-0.1027745006670258,-1.7949869304449886,218868.09418282556,1130.0,94.0,1036.0,8007,60,1096,1096.0,727.9090909090909,-0.6081797883817497,-1.4633843586241846,206076.44628099175,1096.0,234.0,862.0,1634046386.515509,0.0,8.654864788055418
1696,0,1,0,0,2,3,60,3232270721,94,47,80,17,29483,59861,4,0,0,42,15,2211110130,17,59861,11123,12237,86,1130,569.0,611.85,0.0007598994160731,-1.8180642154913589,222038.8275,1130.0,94.0,1036.0,8067,60,1096,969.5,672.25,-0.3758863545557047,-1.7241387222739006,222980.6875,1096.0,60.0,1036.0,1634046386.523281,0.0077722072601318,8.66263699531555
1697,0,1,0,0,3,2,1116,2211110130,1150,64,1136,17,59861,29483,4,0,0,42,15,2211110130,17,59861,11123,1150,1150,1150,1150.0,1150.0,0.0,-3.0,0.0,1150.0,1150.0,0.0,9183,60,1116,1096.0,706.3846153846154,-0.5080885347369856,-1.6101963628515352,219810.3905325444,1096.0,60.0,1036.0,1634046386.527661,0.0043799877166748,8.667016983032225
1698,0,1,0,0,3,2,1096,2211110130,1130,64,1116,17,59861,29483,4,0,0,42,15,2211110130,17,59861,11123,2280,1130,1150,1140.0,1140.0,0.0,-2.0,100.0,1145.0,1135.0,10.0,10279,60,1116,1096.0,734.2142857142857,-0.6285282108428101,-1.475344527577536,214178.0255102041,1096.0,147.0,949.0,1634046386.527661,0.0,8.667016983032225
1699,0,1,0,0,3,2,1096,2211110130,1130,64,1116,17,59861,29483,4,0,0,42,15,2211110130,17,59861,11123,3410,1130,1150,1130.0,1136.6666666666667,0.7071067811865236,-1.5000000000000222,88.88888888888887,1140.0,1130.0,10.0,11375,60,1116,1096.0,758.3333333333334,-0.7382787750518426,-1.326073079492158,208043.6888888889,1096.0,234.0,862.0,1634046386.528493,0.0008318424224853,8.66784882545471
1700,0,1,0,0,3,2,716,2211110130,750,64,736,17,59861,29483,4,0,0,42,15,2211110130,17,59861,11123,4160,750,1150,1130.0,1040.0,-1.1463949914121798,-0.6727625030078141,28100.0,1135.0,1035.0,100.0,12091,60,1116,1096.0,755.6875,-0.7439623014184777,-1.2344324781025369,195145.96484375,1096.0,321.0,775.0,1634046386.528493,0.0,8.66784882545471
1701,0,1,0,0,3,2,1096,2211110130,1130,64,1116,17,59861,29483,4,0,0,42,15,2211110130,17,59861,11123,5290,750,1150,1130.0,1058.0,-1.490381378390957,0.2377388601374153,23776.0,1130.0,1130.0,0.0,13187,60,1116,1096.0,775.7058823529412,-0.8382544234451866,-1.0853677991536554,190078.56055363323,1096.0,408.0,688.0,1634046386.537079,0.0085861682891845,8.676434993743895
1702,0,1,0,0,3,2,1096,2211110130,1130,64,1116,17,59861,29483,4,0,0,42,15,2211110130,17,59861,11123,6420,750,1150,1130.0,1070.0,-1.778191578703052,1.1817338505650197,20533.33333333333,1130.0,1130.0,0.0,14283,60,1116,1096.0,793.5,-0.9264227385832774,-0.92888513237008,184901.36111111112,1096.0,485.0,611.0,1634046386.537079,0.0,8.676434993743895
1703,0,1,0,0,3,2,1096,2211110130,1130,64,1116,17,59861,29483,4,0,0,42,15,2211110130,17,59861,11123,7550,750,1150,1130.0,1078.571428571429,-2.029674462858704,2.142521651890836,18040.81632653061,1130.0,1130.0,0.0,15379,60,1116,1096.0,809.421052631579,-1.0093921331609044,-0.7666034244214455,179732.34903047094,1096.0,562.0,534.0,1634046386.537079,0.0,8.676434993743895
1704,0,1,0,0,3,2,1096,2211110130,1130,64,1116,17,59861,29483,4,0,0,42,15,2211110130,17,59861,11123,8680,750,1150,1130.0,1085.0,-2.255404342870046,3.1129208197383478,16075.0,1130.0,1130.0,0.0,16475,60,1116,1096.0,823.75,-1.087889225981883,-0.5997035720579382,174646.7875,1096.0,639.0,457.0,1634046386.53783,0.0007510185241699,8.677186012268065
1705,0,1,0,0,3,2,471,2211110130,505,64,491,17,59861,29483,4,0,0,42,15,2211110130,17,59861,11123,9185,505,1150,1130.0,1020.5555555555557,-1.5749526549393251,0.7970636862400293,47513.58024691358,1130.0,1130.0,0.0,471,471,471,471.0,471.0,0.0,-3.0,0.0,471.0,471.0,0.0,1634046386.53783,0.0,8.677186012268065
1706,1,0,1,0,1,2,40,3232270721,74,45,60,6,80,48090,4,0,0,42,15,2211110130,17,59861,11123,9259,74,1150,1130.0,925.9,-1.4671794465739334,0.7561604895055072,123399.29,1130.0,845.0,285.0,511,40,471,255.5,255.5,0.0,-2.0,46440.25,363.25,147.75,215.5,1634046386.538261,0.0004308223724365,8.677616834640501
1707,1,0,1,0,2,1,32,760003462,66,64,52,6,48090,80,4,0,0,42,15,2211110130,17,59861,11123,9325,66,1150,1130.0,847.7272727272727,-1.0327859553786554,-0.6019084207904295,173290.92561983474,1130.0,627.5,502.5,543,32,471,40.0,181.0,0.7062999100287357,-1.4999999999999998,42060.66666666666,255.5,36.0,219.5,1634046386.539971,0.0017101764678955,8.679327011108397
1708,1,0,1,0,2,1,80,760003462,114,64,100,6,48090,80,4,0,0,43,15,2211110130,17,59861,11123,9439,66,1150,1130.0,786.5833333333334,-0.719049405383205,-1.251080412147994,199974.40972222225,1130.0,407.25,722.75,623,32,471,60.0,155.75,1.1213078009005764,-0.6944381586514501,33458.1875,177.75,38.0,139.75,1634046386.539971,0.0,8.679327011108397
1709,0,1,0,0,2,3,60,3232270721,94,47,80,17,29483,59861,4,0,0,43,15,2211110130,17,59861,11123,9533,66,1150,1130.0,733.3076923076923,-0.487202096972696,-1.5795164150576124,218651.2899408284,1130.0,114.0,1016.0,683,32,471,60.0,136.6,1.4636171957687114,0.2004786551796993,28233.439999999995,80.0,40.0,40.0,1634046386.542925,0.0029537677764892,8.682280778884886
1710,0,1,0,0,2,3,60,3232270721,94,47,80,17,29483,59861,4,0,0,43,15,2211110130,17,59861,11123,9627,66,1150,940.0,687.6428571428571,-0.3015663582281137,-1.753395811902737,230141.94387755104,1130.0,99.0,1031.0,743,32,471,60.0,123.83333333333331,1.749780456240964,1.129908856496832,24342.80555555556,75.0,45.0,30.0,1634046386.561238,0.0183131694793701,8.700593948364256
1711,0,1,0,0,3,2,408,2211110130,442,64,428,17,59861,29483,4,0,0,43,15,2211110130,17,59861,11123,10069,66,1150,750.0,671.2666666666667,-0.2086816852391073,-1.7413706779032347,218553.66222222225,1130.0,104.0,1026.0,1151,32,471,60.0,164.42857142857142,0.9571978785588982,-1.007785838347772,30753.102040816328,244.0,50.0,194.0,1634046386.562965,0.0017268657684326,8.702320814132689
1712,0,1,0,0,3,2,52,2211110130,86,64,72,17,59861,29483,4,0,0,43,15,2211110130,17,59861,11123,10155,66,1150,627.5,634.6875,-0.0729398267608112,-1.799652279002671,224964.58984375,1130.0,94.0,1036.0,1203,32,471,60.0,150.375,1.1631145846192672,-0.568527949339952,28291.484375,162.0,49.0,113.0,1634046386.581992,0.0190269947052001,8.721347808837889
1713,0,1,0,0,2,3,60,3232270721,94,47,80,17,29483,59861,4,0,0,43,15,2211110130,17,59861,11123,10249,66,1150,505.0,602.8823529411765,0.0473852019875092,-1.816577592433772,227916.45674740485,1130.0,94.0,1036.0,1263,32,471,60.0,140.33333333333334,1.3442221799114922,-0.1091663604584405,25954.666666666664,80.0,52.0,28.0,1634046386.59441,0.0124180316925048,8.733765840530394
1714,0,1,0,0,3,2,60,2211110130,94,64,80,17,59861,29483,4,0,0,43,15,2211110130,17,59861,11123,10343,66,1150,473.5,574.6111111111111,0.1551067370809551,-1.804504598914403,228841.90432098764,1130.0,94.0,1036.0,1323,32,471,60.0,132.3,1.5075877952175774,0.362253538752145,23940.01,75.0,54.0,21.0,1634046386.596228,0.0018179416656494,8.735583782196043
1715,0,1,0,0,3,2,1096,2211110130,1130,64,1116,17,59861,29483,4,0,0,43,15,2211110130,17,59861,11123,11473,66,1150,505.0,603.8421052631579,0.0421664397377268,-1.839167212772188,232177.7119113573,1130.0,94.0,1036.0,2419,32,1096,60.0,219.9090909090909,1.9363325664340147,2.623958223523375,98517.173553719,244.0,56.0,188.0,1634046386.596228,0.0,8.735583782196043
1716,0,1,0,0,3,2,1096,2211110130,1130,64,1116,17,59861,29483,4,0,0,43,15,2211110130,17,59861,11123,12603,66,1150,627.5,630.15,-0.0592931958560144,-1.846421186980812,233718.8275,1130.0,94.0,1036.0,3515,32,1096,60.0,292.9166666666667,1.3554732188709029,0.2270125389190758,148938.57638888888,423.75,58.0,365.75,1634046386.596228,0.0,8.735583782196043
1717,0,1,0,0,3,2,1096,2211110130,1130,64,1116,17,59861,29483,4,0,0,43,15,2211110130,17,59861,11123,1130,1130,1130,1130.0,1130.0,0.0,-3.0,0.0,1130.0,1130.0,0.0,4611,32,1096,60.0,354.6923076923077,0.9884799529805316,-0.7762114162002449,183276.5207100592,471.0,60.0,411.0,1634046386.596752,0.0005240440368652,8.736107826232908
1718,0,1,0,0,3,2,1096,2211110130,1130,64,1116,17,59861,29483,4,0,0,43,15,2211110130,17,59861,11123,2260,1130,1130,1130.0,1130.0,0.0,-3.0,0.0,1130.0,1130.0,0.0,5707,32,1096,70.0,407.6428571428572,0.725478346730569,-1.289934064019956,206634.2295918368,939.75,60.0,879.75,1634046386.596752,0.0,8.736107826232908
1719,0,1,0,0,3,2,1096,2211110130,1130,64,1116,17,59861,29483,4,0,0,43,15,2211110130,17,59861,11123,3390,1130,1130,1130.0,1130.0,0.0,-3.0,0.0,1130.0,1130.0,0.0,6803,32,1096,80.0,453.53333333333336,0.5211592907231325,-1.5785070777586716,222341.7155555556,1096.0,60.0,1036.0,1634046386.597449,0.0006971359252929,8.736804962158201
1720,0,1,0,0,3,2,1096,2211110130,1130,64,1116,17,59861,29483,4,0,0,43,15,2211110130,17,59861,11123,4520,1130,1130,1130.0,1130.0,0.0,-3.0,0.0,1130.0,1130.0,0.0,7899,32,1096,244.0,493.6875,0.3539163009716832,-1.7453529820322429,232630.71484375,1096.0,60.0,1036.0,1634046386.597449,0.0,8.736804962158201
1721,0,1,0,0,3,2,244,2211110130,278,64,264,17,59861,29483,4,0,0,43,15,2211110130,17,59861,11123,4798,278,1130,1130.0,959.6,-1.5,0.25,116144.64,1130.0,1130.0,0.0,8143,32,1096,244.0,479.0,0.4410823065564236,-1.6542431240761644,222398.11764705885,1096.0,60.0,1036.0,1634046386.597449,0.0,8.736804962158201
1722,0,1,0,0,3,2,408,2211110130,442,64,428,17,59861,29483,4,0,0,43,15,2211110130,17,59861,11123,5240,278,1130,1130.0,873.3333333333334,-0.7598093764866369,-1.3515575742987078,133996.88888888888,1130.0,614.0,516.0,8551,32,1096,326.0,475.05555555555554,0.4786120449211171,-1.5626082824584449,210307.1635802469,1096.0,60.0,1036.0,1634046386.597449,0.0,8.736804962158201
1723,0,1,0,0,3,2,1096,2211110130,1130,64,1116,17,59861,29483,4,0,0,43,15,2211110130,17,59861,11123,6370,278,1130,1130.0,910.0,-1.000083436255542,-0.9272994127903988,122921.14285714286,1130.0,786.0,344.0,9647,32,1096,408.0,507.7368421052632,0.3415676333960918,-1.6989880240831448,218463.5623268698,1096.0,60.0,1036.0,1634046386.601735,0.0042860507965087,8.74109101295471
1724,0,1,0,0,3,2,1096,2211110130,1130,64,1116,17,59861,29483,4,0,0,43,15,2211110130,17,59861,11123,7500,278,1130,1130.0,937.5,-1.2058191677437036,-0.4706431959635972,112849.75,1130.0,958.0,172.0,10743,32,1096,408.0,537.15,0.2219141134040616,-1.7831499890438751,223977.9275,1096.0,60.0,1036.0,1634046386.601735,0.0,8.74109101295471
1725,0,1,0,0,3,2,1096,2211110130,1130,64,1116,17,59861,29483,4,0,0,43,15,2211110130,17,59861,11123,8630,278,1130,1130.0,958.8888888888888,-1.3876812335997428,0.0046143719147435,103970.76543209876,1130.0,1130.0,0.0,1096,1096,1096,1096.0,1096.0,0.0,-3.0,0.0,1096.0,1096.0,0.0,1634046386.601735,0.0,8.74109101295471
1726,0,1,0,0,3,2,1116,2211110130,1150,64,1136,17,59861,29483,4,0,0,43,15,2211110130,17,59861,11123,9780,278,1150,1130.0,978.0,-1.550214783391294,0.4880650174943444,96860.8,1130.0,1130.0,0.0,2212,1096,1116,1106.0,1106.0,0.0,-2.0,100.0,1111.0,1101.0,10.0,1634046386.604993,0.0032579898834228,8.744349002838133
1727,0,1,0,0,3,2,1096,2211110130,1130,64,1116,17,59861,29483,4,0,0,43,15,2211110130,17,59861,11123,10910,278,1150,1130.0,991.818181818182,-1.7008683116027492,0.9824217184529052,89964.69421487603,1130.0,1130.0,0.0,3308,1096,1116,1096.0,1102.6666666666667,0.7071067811865236,-1.5000000000000222,88.88888888888887,1106.0,1096.0,10.0,1634046386.604993,0.0,8.744349002838133
1728,0,1,0,0,3,2,1085,2211110130,1119,64,1105,17,59861,29483,4,0,0,43,15,2211110130,17,59861,11123,12029,278,1150,1130.0,1002.4166666666666,-1.8401772391068985,1.4818462956381513,83703.24305555556,1130.0,1127.25,2.75,4393,1085,1116,1096.0,1098.25,0.5788895682772144,-0.9240273389217224,125.1875,1101.0,1093.25,7.75,1634046386.604993,0.0,8.744349002838133
1729,0,1,0,0,3,2,96,2211110130,130,64,116,17,59861,29483,4,0,0,43,15,2211110130,17,59861,11123,12159,130,1150,1130.0,935.3076923076924,-1.3760504142119585,0.0392517581955855,131307.90532544375,1130.0,1119.0,11.0,4489,96,1116,1096.0,897.8,-1.497655167743315,0.2469080837707209,160820.96,1096.0,1085.0,11.0,1634046386.604993,0.0,8.744349002838133
1730,0,1,0,0,3,2,408,2211110130,442,64,428,17,59861,29483,4,0,0,43,15,2211110130,17,59861,11123,12601,130,1150,1130.0,900.0714285714286,-1.0668571902075656,-0.6843018198611461,138069.4948979592,1130.0,611.25,518.75,4897,96,1116,1090.5,816.1666666666666,-0.8553323278590026,-1.081601014516661,167337.47222222222,1096.0,577.25,518.75,1634046386.621566,0.0165729522705078,8.76092195510864
1731,0,1,0,0,2,3,60,3232270721,94,47,80,17,29483,59861,4,0,0,43,15,2211110130,17,59861,11123,12695,94,1150,1130.0,846.3333333333334,-0.8405989631604135,-1.1221849640015973,169293.8222222222,1130.0,442.0,688.0,4957,60,1116,1085.0,708.1428571428571,-0.4210346122739813,-1.688981779332019,213446.97959183672,1096.0,252.0,844.0,1634046386.628402,0.0068359375,8.76775789260864
1732,0,1,0,0,2,3,56,3232270721,90,47,76,17,29483,59861,4,0,0,43,15,2211110130,17,59861,11123,12785,90,1150,1130.0,799.0625,-0.6474458982382008,-1.4302396245781246,192230.93359375,1130.0,401.0,729.0,5013,56,1116,746.5,626.625,-0.1189867271857784,-1.8762454322792224,233282.234375,1096.0,87.0,1009.0,1634046386.644668,0.0162661075592041,8.784024000167845
1733,0,1,0,0,3,2,1096,2211110130,1130,64,1116,17,59861,29483,4,0,0,43,15,2211110130,17,59861,11123,13915,90,1150,1130.0,818.5294117647059,-0.743954700390383,-1.2965604555543158,186986.60207612452,1130.0,442.0,688.0,6109,56,1116,1085.0,678.7777777777778,-0.3320510106617435,-1.7884183312463435,229121.28395061727,1096.0,96.0,1000.0,1634046386.647427,0.0027589797973632,8.786782979965208
1734,0,1,0,0,3,2,1096,2211110130,1130,64,1116,17,59861,29483,4,0,0,43,15,2211110130,17,59861,11123,15045,90,1150,1130.0,835.8333333333334,-0.8337566009310892,-1.1546684772641094,181688.69444444444,1130.0,442.0,688.0,7205,56,1116,1090.5,720.5,-0.5105314515150509,-1.641897506305383,221875.85,1096.0,174.0,922.0,1634046386.647427,0.0,8.786782979965208
1735,0,1,0,0,3,2,1096,2211110130,1130,64,1116,17,59861,29483,4,0,0,43,15,2211110130,17,59861,11123,16175,90,1150,1130.0,851.3157894736842,-0.9179242353344278,-1.0064108923791015,176440.84764542934,1130.0,442.0,688.0,8301,56,1116,1096.0,754.6363636363636,-0.6654608859402769,-1.4611939117057793,213358.23140495867,1096.0,252.0,844.0,1634046386.647427,0.0,8.786782979965208
1736,0,1,0,0,3,2,649,2211110130,683,64,669,17,59861,29483,4,0,0,43,15,2211110130,17,59861,11123,16858,90,1150,1130.0,842.9,-0.8725450322586996,-1.0073450641118755,168964.49,1130.0,442.0,688.0,8950,56,1116,1090.5,745.8333333333334,-0.6320657055217983,-1.38815564000616,196430.8055555556,1096.0,330.0,766.0,1634046386.647427,0.0,8.786782979965208
1737,0,1,0,0,2,3,60,3232270721,94,47,80,17,29483,59861,4,0,0,43,15,2211110130,17,59861,11123,94,94,94,94.0,94.0,0.0,-3.0,0.0,94.0,94.0,0.0,9010,56,1116,1085.0,693.0769230769231,-0.4168872402804857,-1.6534641418896332,214719.6094674556,1096.0,96.0,1000.0,1634046386.660983,0.0135560035705566,8.800338983535765
1738,0,1,0,0,2,3,52,3232270721,86,47,72,17,29483,59861,4,0,0,43,15,2211110130,17,59861,11123,180,86,94,90.0,90.0,0.0,-2.0,16.0,92.0,88.0,4.0,9062,52,1116,867.0,647.2857142857143,-0.2419414788013018,-1.7915356652197,226641.34693877556,1096.0,69.0,1027.0,1634046386.661011,2.789497375488281e-05,8.80036687850952
1739,0,1,0,0,3,2,408,2211110130,442,64,428,17,59861,29483,4,0,0,43,15,2211110130,17,59861,11123,622,86,442,94.0,207.33333333333331,0.705874768647165,-1.5,27544.888888888887,268.0,90.0,178.0,9470,52,1116,649.0,631.3333333333334,-0.1501638502890695,-1.7707897935357877,215094.6222222222,1096.0,78.0,1018.0,1634046386.6634,0.0023889541625976,8.802755832672117
1740,0,1,0,0,3,2,1096,2211110130,1130,64,1116,17,59861,29483,4,0,0,43,15,2211110130,17,59861,11123,1752,86,1130,268.0,438.0,0.8068770070569964,-1.010312693087089,180280.0,614.0,92.0,522.0,10566,52,1116,867.0,660.375,-0.2668041357109099,-1.7323141095606929,214302.484375,1096.0,87.0,1009.0,1634046386.673603,0.0102031230926513,8.812958955764769
1741,0,1,0,0,3,2,1096,2211110130,1130,64,1116,17,59861,29483,4,0,0,43,15,2211110130,17,59861,11123,2882,86,1130,442.0,576.4,0.2056277821717038,-1.769079447190631,220842.24,1130.0,94.0,1036.0,11662,52,1116,1085.0,686.0,-0.372153771156528,-1.6718795929076296,212202.70588235292,1096.0,96.0,1000.0,1634046386.673603,0.0,8.812958955764769
1742,0,1,0,0,3,2,1096,2211110130,1130,64,1116,17,59861,29483,4,0,0,43,15,2211110130,17,59861,11123,4012,86,1130,786.0,668.6666666666666,-0.1617496194897335,-1.8222586973094632,226600.88888888888,1130.0,181.0,949.0,12758,52,1116,1090.5,708.7777777777778,-0.4684913834881924,-1.5955227803189167,209233.7283950617,1096.0,174.0,922.0,1634046386.674114,0.0005109310150146,8.813469886779783
1743,0,1,0,0,3,2,1096,2211110130,1130,64,1116,17,59861,29483,4,0,0,43,15,2211110130,17,59861,11123,5142,86,1130,1130.0,734.5714285714286,-0.4330013432510903,-1.6739823289169846,220289.95918367343,1130.0,268.0,862.0,13854,52,1116,1096.0,729.1578947368421,-0.5574700395619534,-1.5072561328718572,205697.7119113574,1096.0,252.0,844.0,1634046386.674114,0.0,8.813469886779783
1744,0,1,0,0,3,2,1096,2211110130,1130,64,1116,17,59861,29483,4,0,0,43,15,2211110130,17,59861,11123,6272,86,1130,1130.0,784.0,-0.6520384859328419,-1.440665141454031,209856.0,1130.0,355.0,775.0,14950,52,1116,1096.0,747.5,-0.6403249798689769,-1.409849784674701,201805.05,1096.0,330.0,766.0,1634046386.674114,0.0,8.813469886779783
1745,0,1,0,0,3,2,527,2211110130,561,64,547,17,59861,29483,4,0,0,43,15,2211110130,17,59861,11123,6833,86,1130,1130.0,759.2222222222222,-0.509791630754264,-1.4618308058089329,191450.17283950615,1130.0,442.0,688.0,527,527,527,527.0,527.0,0.0,-3.0,0.0,527.0,527.0,0.0,1634046386.674114,0.0,8.813469886779783
1746,0,1,0,0,2,3,52,3232270721,86,48,72,17,10001,59861,4,0,0,43,15,2211110130,17,59861,11123,6919,86,1130,845.5,691.9,-0.260275555958027,-1.7101367151984723,213095.69,1130.0,181.0,949.0,579,52,527,289.5,289.5,0.0,-2.0,56406.25,408.25,170.75,237.5,1634046386.677553,0.0034389495849609,8.816908836364744
1747,0,1,0,0,2,3,60,3232270721,94,47,80,17,29483,59861,4,0,0,43,15,2211110130,17,59861,11123,7013,86,1130,561.0,637.5454545454545,-0.0581933624787913,-1.8050943399962316,223267.520661157,1130.0,94.0,1036.0,639,52,527,60.0,213.0,0.7064185032762312,-1.5,49308.66666666666,293.5,56.0,237.5,1634046386.679204,0.0016510486602783,8.818559885025023
1748,0,1,0,0,3,2,56,2211110130,90,64,76,17,59861,29483,4,0,0,43,15,2211110130,17,59861,11123,7103,86,1130,501.5,591.9166666666666,0.1099705697714267,-1.813898574420543,227563.7430555556,1130.0,93.0,1037.0,695,52,527,58.0,173.75,1.1540344640677902,-0.6671793616101676,41603.1875,176.75,55.0,121.75,1634046386.685448,0.0062439441680908,8.824803829193113
1749,0,1,0,0,3,2,408,2211110130,442,64,428,17,59861,29483,4,0,0,43,15,2211110130,17,59861,11123,7545,86,1130,442.0,580.3846153846154,0.1857222298747185,-1.718641877116028,211654.6982248521,1130.0,94.0,1036.0,1103,52,527,60.0,220.6,0.5089382054251231,-1.6147342942808864,42062.24,408.0,56.0,352.0,1634046386.695045,0.0095970630645751,8.834400892257689
1750,0,1,0,0,3,2,1096,2211110130,1130,64,1116,17,59861,29483,4,0,0,43,15,2211110130,17,59861,11123,8675,86,1130,501.5,619.6428571428571,0.0306041294768435,-1.7776990583366783,216572.2295918367,1130.0,94.0,1036.0,2199,52,1096,234.0,366.5,0.9476129091868428,-0.4042450914913562,141485.91666666666,497.25,57.0,440.25,1634046386.71044,0.0153949260711669,8.849795818328856
1751,0,1,0,0,3,2,1096,2211110130,1130,64,1116,17,59861,29483,4,0,0,43,15,2211110130,17,59861,11123,9805,86,1130,561.0,653.6666666666666,-0.1037490040883393,-1.7843421545927949,218340.75555555557,1130.0,94.0,1036.0,3295,52,1096,408.0,470.7142857142857,0.4877786492942322,-1.3784935702886556,186437.34693877556,811.5,58.0,753.5,1634046386.71044,0.0,8.849795818328856
1752,0,1,0,0,3,2,1096,2211110130,1130,64,1116,17,59861,29483,4,0,0,43,15,2211110130,17,59861,11123,10935,86,1130,845.5,683.4375,-0.2226822923009984,-1.7565445908617126,217988.99609375,1130.0,94.0,1036.0,4391,52,1096,467.5,548.875,0.1729810602745472,-1.684040116846285,205896.359375,1096.0,59.0,1037.0,1634046386.71044,0.0,8.849795818328856
1753,0,1,0,0,3,2,664,2211110130,698,64,684,17,59861,29483,4,0,0,43,15,2211110130,17,59861,11123,11633,86,1130,698.0,684.2941176470588,-0.2351873987955663,-1.677222137840646,205177.85467128028,1130.0,94.0,1036.0,5055,52,1096,527.0,561.6666666666666,0.0942564693713174,-1.5564831820992753,184328.0,1096.0,60.0,1036.0,1634046386.711056,0.0006160736083984,8.850411891937254
1754,0,1,0,0,2,3,60,3232270721,94,47,80,17,29483,59861,4,0,0,43,15,2211110130,17,59861,11123,11727,86,1130,629.5,651.5,-0.1144054610857229,-1.7435506337204196,212061.8055555556,1130.0,94.0,1036.0,5115,52,1096,467.5,511.5,0.275929338103113,-1.5328872546083854,188545.45,988.0,60.0,928.0,1634046386.714394,0.0033380985260009,8.853749990463255
1755,0,1,0,0,3,2,1116,2211110130,1150,64,1136,17,59861,29483,4,0,0,43,15,2211110130,17,59861,11123,12877,86,1150,698.0,677.7368421052631,-0.2118732665269171,-1.7231489565901423,213291.35180055405,1130.0,94.0,1036.0,6231,52,1116,527.0,566.4545454545455,0.0797031004364263,-1.663912218775875,201604.9752066116,1096.0,60.0,1036.0,1634046386.716641,0.0022468566894531,8.855996847152708
1756,0,1,0,0,3,2,60,2211110130,94,64,80,17,59861,29483,4,0,0,43,15,2211110130,17,59861,11123,12971,86,1150,629.5,648.55,-0.1034472490963787,-1.7753706018868105,218812.3475,1130.0,94.0,1036.0,6291,52,1116,467.5,524.25,0.2352911267193869,-1.6417714682596758,204398.0208333333,1096.0,60.0,1036.0,1634046386.716641,0.0,8.855996847152708
1757,0,1,0,0,3,2,408,2211110130,442,64,428,17,59861,29483,4,0,0,43,15,2211110130,17,59861,11123,442,442,442,442.0,442.0,0.0,-3.0,0.0,442.0,442.0,0.0,6699,52,1116,408.0,515.3076923076923,0.3031919982934458,-1.520674843332847,189634.674556213,1096.0,60.0,1036.0,1634046386.734921,0.018280029296875,8.874276876449583
1758,0,1,0,0,2,3,60,3232270721,94,47,80,17,29483,59861,4,0,0,43,15,2211110130,17,59861,11123,536,94,442,268.0,268.0,0.0,-2.0,30276.0,355.0,181.0,174.0,6759,52,1116,408.0,482.7857142857143,0.4239134167167083,-1.4510146582784882,189839.1683673469,988.0,60.0,928.0,1634046386.736156,0.001235008239746,8.87551188468933
1759,0,1,0,0,3,2,1096,2211110130,1130,64,1116,17,59861,29483,4,0,0,43,15,2211110130,17,59861,11123,1666,94,1130,442.0,555.3333333333334,0.3766675336035382,-1.5000000000000004,185304.8888888889,786.0,268.0,518.0,7855,52,1116,408.0,523.6666666666666,0.2608229319352665,-1.6159677168943496,200580.7555555556,1096.0,60.0,1036.0,1634046386.738552,0.0023961067199707,8.8779079914093
1760,0,1,0,0,3,2,1096,2211110130,1130,64,1116,17,59861,29483,4,0,0,43,15,2211110130,17,59861,11123,2796,94,1130,786.0,699.0,-0.2173703793443629,-1.715628269693377,200899.0,1130.0,355.0,775.0,8951,52,1116,467.5,559.4375,0.1208196004934964,-1.703400472800965,207237.74609375,1096.0,60.0,1036.0,1634046386.738552,0.0,8.8779079914093
1761,0,1,0,0,3,2,1096,2211110130,1130,64,1116,17,59861,29483,4,0,0,43,15,2211110130,17,59861,11123,3926,94,1130,1130.0,785.2,-0.5960310217014525,-1.4309581812273606,190440.96,1130.0,442.0,688.0,10047,52,1116,527.0,591.0,-0.0020076149146313,-1.7409215544630738,210986.35294117648,1096.0,60.0,1036.0,1634046386.738552,0.0,8.8779079914093
1762,0,1,0,0,3,2,1096,2211110130,1130,64,1116,17,59861,29483,4,0,0,43,15,2211110130,17,59861,11123,5056,94,1130,1130.0,842.6666666666666,-0.8841304010018901,-1.0064953845451037,175212.8888888889,1130.0,614.0,516.0,11143,52,1116,595.5,619.0555555555555,-0.1116543564293506,-1.7445023550452927,212645.8302469136,1096.0,60.0,1036.0,1634046386.739122,0.0005698204040527,8.878477811813353
1763,0,1,0,0,3,2,1096,2211110130,1130,64,1116,17,59861,29483,4,0,0,43,15,2211110130,17,59861,11123,6186,94,1130,1130.0,883.7142857142857,-1.1219136136324064,-0.5235409323099716,160291.91836734695,1130.0,786.0,344.0,12239,52,1116,664.0,644.1578947368421,-0.210906284738196,-1.723986885813664,212796.2382271468,1096.0,60.0,1036.0,1634046386.73976,0.0006380081176757,8.879115819931028
1764,0,1,0,0,3,2,655,2211110130,689,64,675,17,59861,29483,4,0,0,43,15,2211110130,17,59861,11123,6875,94,1130,1130.0,859.375,-0.9724882341026054,-0.5951462439472581,144402.234375,1130.0,627.25,502.75,12894,52,1116,659.5,644.7,-0.2199926733481237,-1.6558502339384906,202162.01,1096.0,60.0,1036.0,1634046386.73976,0.0,8.879115819931028
1765,0,1,0,0,2,3,60,3232270721,94,47,80,17,29483,59861,4,0,0,43,15,2211110130,17,59861,11123,6969,94,1130,1130.0,774.3333333333334,-0.611386777323595,-1.3314380020217276,186214.22222222225,1130.0,442.0,688.0,60,60,60,60.0,60.0,0.0,-3.0,0.0,60.0,60.0,0.0,1634046386.74914,0.0093801021575927,8.888495922088621
1766,1,0,1,0,1,2,32,3232270721,66,46,52,6,80,48090,4,0,0,43,15,2211110130,17,59861,11123,7035,66,1130,909.5,703.5,-0.348424882487288,-1.6494360982558862,212749.05,1130.0,181.0,949.0,92,32,60,46.0,46.0,0.0,-2.0,196.0,53.0,39.0,14.0,1634046386.760778,0.0116379261016845,8.900133848190306
1767,0,1,0,0,2,3,60,3232270721,94,47,80,17,29483,59861,4,0,0,43,15,2211110130,17,59861,11123,7129,66,1130,689.0,648.0909090909091,-0.1342513390574138,-1.7889847721319152,224109.90082644628,1130.0,94.0,1036.0,152,32,60,60.0,50.66666666666666,-0.7071067811865472,-1.5000000000000004,174.2222222222222,60.0,46.0,14.0,1634046386.767487,0.0067090988159179,8.906842947006224
1768,0,1,0,0,3,2,408,2211110130,442,64,428,17,59861,29483,4,0,0,43,15,2211110130,17,59861,11123,7571,66,1130,565.5,630.9166666666666,-0.0317751933374338,-1.7294627161816638,208678.5763888889,1130.0,94.0,1036.0,560,32,408,60.0,140.0,1.135608625324076,-0.6803209514030191,24072.0,147.0,53.0,94.0,1634046386.774203,0.0067160129547119,8.913558959960936
1769,0,1,0,0,2,3,60,3232270721,94,47,80,17,29483,59861,4,0,0,43,15,2211110130,17,59861,11123,7665,66,1130,442.0,589.6153846153846,0.1196656002100056,-1.7398049925638173,213095.92899408285,1130.0,94.0,1036.0,620,32,408,60.0,124.0,1.4777303264302302,0.2223018112610919,20281.6,60.0,60.0,0.0,1634046386.782844,0.0086410045623779,8.922199964523314
1770,0,1,0,0,3,2,1104,2211110130,1138,64,1124,17,59861,29483,4,0,0,43,15,2211110130,17,59861,11123,8803,66,1138,565.5,628.7857142857143,-0.0289813455397347,-1.776470195507358,217820.88265306127,1130.0,94.0,1036.0,1724,32,1104,60.0,287.3333333333333,1.4146542721128696,0.3742628582505656,150290.22222222225,321.0,60.0,261.0,1634046386.785493,0.0026488304138183,8.924848794937132
1771,0,1,0,0,3,2,1096,2211110130,1130,64,1116,17,59861,29483,4,0,0,43,15,2211110130,17,59861,11123,9933,66,1138,689.0,662.2,-0.1595034504998447,-1.766871012172574,218930.69333333336,1130.0,94.0,1036.0,2820,32,1104,60.0,402.8571428571428,0.7567937024465605,-1.2555044139278726,208894.69387755095,752.0,60.0,692.0,1634046386.785493,0.0,8.924848794937132
1772,0,1,0,0,3,2,1096,2211110130,1130,64,1116,17,59861,29483,4,0,0,43,15,2211110130,17,59861,11123,11063,66,1138,909.5,691.4375,-0.2756655015444287,-1.726355412325408,218069.99609375,1130.0,94.0,1036.0,3916,32,1104,234.0,489.5,0.3769269742371977,-1.7379560247719277,235331.75,1096.0,60.0,1036.0,1634046386.787096,0.0016031265258789,8.926451921463011
1773,0,1,0,0,3,2,638,2211110130,672,64,658,17,59861,29483,4,0,0,43,15,2211110130,17,59861,11123,11735,66,1138,689.0,690.2941176470588,-0.2765396237277249,-1.649858029517174,205263.26643598612,1130.0,94.0,1036.0,4554,32,1104,408.0,506.0,0.2896568154287225,-1.6574141885913751,211361.77777777775,1096.0,60.0,1036.0,1634046386.787096,0.0,8.926451921463011
1774,0,1,0,0,2,3,60,3232270721,94,47,80,17,29483,59861,4,0,0,43,15,2211110130,17,59861,11123,11829,66,1138,680.5,657.1666666666666,-0.1521997333358579,-1.729655795251389,212516.0277777778,1130.0,94.0,1036.0,4614,32,1104,234.0,461.4,0.4675755027447769,-1.5370806886170325,208128.04,981.5,60.0,921.5,1634046386.802969,0.0158729553222656,8.942324876785277
1775,0,1,0,0,3,2,1096,2211110130,1130,64,1116,17,59861,29483,4,0,0,43,15,2211110130,17,59861,11123,12959,66,1138,689.0,682.0526315789474,-0.2495420940531895,-1.7014288860106803,212478.5761772853,1130.0,94.0,1036.0,5710,32,1104,408.0,519.0909090909091,0.237213575417475,-1.744411967645645,222489.71900826448,1096.0,60.0,1036.0,1634046386.803514,0.0005450248718261,8.942869901657103
1776,0,1,0,0,3,2,1096,2211110130,1130,64,1116,17,59861,29483,4,0,0,43,15,2211110130,17,59861,11123,14089,66,1138,909.5,704.45,-0.3389228905956077,-1.6567192905143897,211385.8475,1130.0,94.0,1036.0,6806,32,1104,523.0,567.1666666666666,0.0512303805449749,-1.822762639079784,229372.97222222225,1096.0,60.0,1036.0,1634046386.803514,0.0,8.942869901657103
1777,0,1,0,0,3,2,1096,2211110130,1130,64,1116,17,59861,29483,4,0,0,43,15,2211110130,17,59861,11123,1130,1130,1130,1130.0,1130.0,0.0,-3.0,0.0,1130.0,1130.0,0.0,7902,32,1104,638.0,607.8461538461538,-0.1055049724826016,-1.829068908608084,231586.74556213015,1096.0,60.0,1036.0,1634046386.803514,0.0,8.942869901657103
1778,0,1,0,0,3,2,1096,2211110130,1130,64,1116,17,59861,29483,4,0,0,43,15,2211110130,17,59861,11123,2260,1130,1130,1130.0,1130.0,0.0,-3.0,0.0,1130.0,1130.0,0.0,8998,32,1104,867.0,642.7142857142857,-0.2416224573394856,-1.7911346722553765,230850.0612244897,1096.0,60.0,1036.0,1634046386.804155,0.0006411075592041,8.943511009216307
1779,0,1,0,0,3,2,1096,2211110130,1130,64,1116,17,59861,29483,4,0,0,43,15,2211110130,17,59861,11123,3390,1130,1130,1130.0,1130.0,0.0,-3.0,0.0,1130.0,1130.0,0.0,10094,32,1104,1096.0,672.9333333333333,-0.362457471132623,-1.7241115588531912,228244.72888888887,1096.0,60.0,1036.0,1634046386.804155,0.0,8.943511009216307
1780,0,1,0,0,3,2,575,2211110130,609,64,595,17,59861,29483,4,0,0,43,15,2211110130,17,59861,11123,3999,609,1130,1130.0,999.75,-1.1547005383792517,-0.6666666666666665,50895.1875,1130.0,999.75,130.25,10669,32,1104,867.0,666.8125,-0.3338191502548697,-1.6647407848012945,214541.40234375,1096.0,60.0,1036.0,1634046386.804155,0.0,8.943511009216307
1781,0,1,0,0,3,2,408,2211110130,442,64,428,17,59861,29483,4,0,0,43,15,2211110130,17,59861,11123,4441,442,1130,1130.0,888.2,-0.501002556606444,-1.6329322607990833,90489.75999999998,1130.0,609.0,521.0,11077,32,1104,638.0,651.5882352941177,-0.2450055366241064,-1.665422331549015,205629.7716262976,1096.0,60.0,1036.0,1634046386.817591,0.0134358406066894,8.956946849822996
1782,0,1,0,0,2,3,60,3232270721,94,47,80,17,29483,59861,4,0,0,43,15,2211110130,17,59861,11123,4535,94,1130,869.5,755.8333333333334,-0.4224475875503852,-1.3640743379195,163012.8055555556,1130.0,483.75,646.25,11137,32,1104,606.5,618.7222222222222,-0.1233043480159528,-1.7355939906317424,212568.86728395065,1096.0,60.0,1036.0,1634046386.836238,0.0186469554901123,8.975593805313109
1783,0,1,0,0,3,2,60,2211110130,94,64,80,17,59861,29483,4,0,0,43,15,2211110130,17,59861,11123,4629,94,1130,609.0,661.2857142857143,-0.1123815983353862,-1.6464773358837264,193360.77551020408,1130.0,268.0,862.0,11197,32,1104,575.0,589.3157894736842,-0.0144880685616511,-1.7686094971950148,216946.32132963988,1096.0,60.0,1036.0,1634046386.84541,0.0091722011566162,8.984766006469725
1784,0,1,0,0,3,2,1096,2211110130,1130,64,1116,17,59861,29483,4,0,0,43,15,2211110130,17,59861,11123,5759,94,1130,869.5,719.875,-0.3491244467366935,-1.573110326512621,193219.609375,1130.0,355.0,775.0,12293,32,1104,606.5,614.65,-0.1126954982779427,-1.768624289603247,218293.62750000003,1096.0,60.0,1036.0,1634046386.850043,0.0046329498291015,8.989398956298826
1785,0,1,0,0,2,3,56,3232270721,90,47,76,17,29483,59861,4,0,0,43,15,2211110130,17,59861,11123,5849,90,1130,609.0,649.8888888888889,-0.0979956043023394,-1.7422722793364958,210935.20987654323,1130.0,94.0,1036.0,56,56,56,56.0,56.0,0.0,-3.0,0.0,56.0,56.0,0.0,1634046386.853583,0.0035400390625,8.992938995361326
1786,0,1,0,0,2,3,60,3232270721,94,47,80,17,29483,59861,4,0,0,43,15,2211110130,17,59861,11123,5943,90,1130,525.5,594.3,0.1058390391023424,-1.7702131453127974,217652.81,1130.0,94.0,1036.0,116,56,60,58.0,58.0,0.0,-2.0,4.0,59.0,57.0,2.0,1634046386.853637,5.3882598876953125e-05,8.992992877960203
1787,0,1,0,0,3,2,1116,2211110130,1150,64,1136,17,59861,29483,4,0,0,43,15,2211110130,17,59861,11123,7093,90,1150,609.0,644.8181818181819,-0.0815863845723584,-1.7987465326055816,223387.0578512397,1130.0,94.0,1036.0,1232,56,1116,60.0,410.6666666666667,0.7070726696854742,-1.4999999999999998,248750.22222222216,588.0,58.0,530.0,1634046386.863578,0.0099411010742187,9.002933979034422
1788,0,1,0,0,3,2,1096,2211110130,1130,64,1116,17,59861,29483,4,0,0,43,15,2211110130,17,59861,11123,8223,90,1150,869.5,685.25,-0.2422043544704929,-1.7606043669966656,222753.5208333333,1130.0,94.0,1036.0,2328,56,1116,578.0,582.0,0.0005242960163108,-1.999242724684499,274628.0,1101.0,59.0,1042.0,1634046386.863578,0.0,9.002933979034422
1789,0,1,0,0,3,2,1096,2211110130,1130,64,1116,17,59861,29483,4,0,0,43,15,2211110130,17,59861,11123,9353,90,1150,1130.0,719.4615384615385,-0.3819504697592323,-1.6816342061975271,219663.7869822485,1130.0,94.0,1036.0,3424,56,1116,1096.0,684.8,-0.4076410534567114,-1.832944680077773,261973.75999999995,1096.0,60.0,1036.0,1634046386.864441,0.0008628368377685,9.00379681587219
1790,0,1,0,0,3,2,757,2211110130,791,64,777,17,59861,29483,4,0,0,43,15,2211110130,17,59861,11123,10144,90,1150,960.5,724.5714285714286,-0.4290140939647733,-1.566257421539266,204312.95918367343,1130.0,181.0,949.0,4181,56,1116,926.5,696.8333333333334,-0.5208760002428784,-1.5590789656957376,219035.47222222225,1096.0,234.25,861.75,1634046386.864441,0.0,9.00379681587219
1791,0,1,0,0,2,3,60,3232270721,94,47,80,17,29483,59861,4,0,0,43,15,2211110130,17,59861,11123,10238,90,1150,791.0,682.5333333333333,-0.2645243510892062,-1.7144335106408068,215432.91555555555,1130.0,94.0,1036.0,4241,56,1116,757.0,605.8571428571429,-0.1479700388600819,-1.852671966390508,237404.69387755104,1096.0,60.0,1036.0,1634046386.872495,0.0080540180206298,9.01185083389282
1792,0,1,0,0,2,3,52,3232270721,86,47,72,17,29483,59861,4,0,0,43,15,2211110130,17,59861,11123,10324,86,1150,700.0,645.25,-0.1244598562040521,-1.7907412307444932,222819.0625,1130.0,94.0,1036.0,4293,52,1116,408.5,536.625,0.1200729873180873,-1.8779264752285068,241280.734375,1096.0,59.0,1037.0,1634046386.872549,5.412101745605469e-05,9.011904954910277
1793,0,1,0,0,3,2,408,2211110130,442,64,428,17,59861,29483,4,0,0,43,15,2211110130,17,59861,11123,10766,86,1150,609.0,633.2941176470588,-0.0533625396154715,-1.7500901981221346,211999.14878892736,1130.0,94.0,1036.0,4701,52,1116,408.0,522.3333333333334,0.2158201008200175,-1.7351650735801951,216105.77777777775,1096.0,60.0,1036.0,1634046386.890967,0.0184178352355957,9.030322790145872
1794,0,1,0,0,3,2,1096,2211110130,1130,64,1116,17,59861,29483,4,0,0,43,15,2211110130,17,59861,11123,11896,86,1150,700.0,660.8888888888889,-0.1603268263951827,-1.7411193861088727,213166.4320987654,1130.0,94.0,1036.0,5797,52,1116,582.5,579.7,-0.0034525298791377,-1.8125654278013956,224113.61,1096.0,60.0,1036.0,1634046386.890967,0.0,9.030322790145872
1795,0,1,0,0,3,2,1096,2211110130,1130,64,1116,17,59861,29483,4,0,0,43,15,2211110130,17,59861,11123,13026,86,1150,791.0,685.578947368421,-0.2575248034261591,-1.710458355852544,212919.9279778393,1130.0,94.0,1036.0,6893,52,1116,757.0,626.6363636363636,-0.1837819579935451,-1.7955879323866195,225769.86776859505,1096.0,60.0,1036.0,1634046386.897483,0.0065162181854248,9.036839008331297
1796,0,1,0,0,3,2,1096,2211110130,1130,64,1116,17,59861,29483,4,0,0,43,15,2211110130,17,59861,11123,14156,86,1150,960.5,707.8,-0.3467851493571979,-1.663720175246181,211655.66,1130.0,94.0,1036.0,7989,52,1116,926.5,665.75,-0.3379305325761851,-1.7248187774496049,223784.35416666663,1096.0,60.0,1036.0,1634046386.897483,0.0,9.036839008331297
1797,0,1,0,0,3,2,1096,2211110130,1130,64,1116,17,59861,29483,4,0,0,43,15,2211110130,17,59861,11123,1130,1130,1130,1130.0,1130.0,0.0,-3.0,0.0,1130.0,1130.0,0.0,9085,52,1116,1096.0,698.8461538461538,-0.4733281369709722,-1.6205496315607386,219714.4378698225,1096.0,60.0,1036.0,1634046386.898133,0.0006499290466308,9.037488937377928
1798,0,1,0,0,3,2,1096,2211110130,1130,64,1116,17,59861,29483,4,0,0,43,15,2211110130,17,59861,11123,2260,1130,1130,1130.0,1130.0,0.0,-3.0,0.0,1130.0,1130.0,0.0,10181,52,1116,1096.0,727.2142857142857,-0.5946448052907783,-1.494024409178536,214482.3112244898,1096.0,147.0,949.0,1634046386.898133,0.0,9.037488937377928
1799,0,1,0,0,3,2,467,2211110130,501,64,487,17,59861,29483,4,0,0,43,15,2211110130,17,59861,11123,2761,501,1130,1130.0,920.3333333333334,-0.7071067811865481,-1.4999999999999991,87920.2222222222,1130.0,815.5,314.5,10648,52,1116,1096.0,709.8666666666667,-0.4941250161793057,-1.5296482985808888,204396.64888888889,1096.0,234.0,862.0,1634046386.898133,0.0,9.037488937377928
1800,0,1,0,0,3,2,56,2211110130,90,64,76,17,59861,29483,4,0,0,43,15,2211110130,17,59861,11123,2851,90,1130,815.5,712.75,-0.3064426407351217,-1.6024399516975725,195212.6875,1130.0,398.25,731.75,10704,52,1116,926.5,669.0,-0.3336119381865782,-1.6934398888814064,216673.125,1096.0,60.0,1036.0,1634046386.906432,0.0082988739013671,9.045787811279295
1801,0,1,0,0,3,2,408,2211110130,442,64,428,17,59861,29483,4,0,0,43,15,2211110130,17,59861,11123,3293,90,1130,501.0,658.6,0.0337192240193052,-1.537738697088149,167899.04,1130.0,442.0,688.0,11112,52,1116,757.0,653.6470588235294,-0.2445026311810581,-1.6951668655954004,207699.0519031142,1096.0,60.0,1036.0,1634046386.906432,0.0,9.045787811279295
1802,0,1,0,0,3,2,1096,2211110130,1130,64,1116,17,59861,29483,4,0,0,43,15,2211110130,17,59861,11123,4423,90,1130,815.5,737.1666666666666,-0.3024509402225261,-1.5281899799441798,170779.47222222225,1130.0,456.75,673.25,12208,52,1116,926.5,678.2222222222222,-0.3442109287279459,-1.6455953232281004,206427.17283950615,1096.0,147.0,949.0,1634046386.927059,0.0206270217895507,9.066414833068846
1803,0,1,0,0,3,2,1096,2211110130,1130,64,1116,17,59861,29483,4,0,0,43,15,2211110130,17,59861,11123,5553,90,1130,1130.0,793.2857142857143,-0.5601560082962552,-1.3339342445759326,165278.48979591837,1130.0,471.5,658.5,13304,52,1116,1096.0,700.2105263157895,-0.4357831317663265,-1.5805506304272534,204265.32409972296,1096.0,234.0,862.0,1634046386.927536,0.0004770755767822,9.066891908645628
1804,0,1,0,0,3,2,1096,2211110130,1130,64,1116,17,59861,29483,4,0,0,43,15,2211110130,17,59861,11123,6683,90,1130,1130.0,835.375,-0.7724681075650951,-1.059248566432932,157019.234375,1130.0,486.25,643.75,14400,52,1116,1096.0,720.0,-0.5206379208857489,-1.5037916730633891,201492.9,1096.0,321.0,775.0,1634046386.927536,0.0,9.066891908645628
1805,0,1,0,0,3,2,550,2211110130,584,64,570,17,59861,29483,4,0,0,43,15,2211110130,17,59861,11123,7267,90,1130,1130.0,807.4444444444445,-0.5791647993079178,-1.1802656172714678,145813.5802469136,1130.0,501.0,629.0,550,550,550,550.0,550.0,0.0,-3.0,0.0,550.0,550.0,0.0,1634046386.927536,0.0,9.066891908645628
1806,0,1,0,0,3,2,408,2211110130,442,64,428,17,59861,29483,4,0,0,43,15,2211110130,17,59861,11123,7709,90,1130,857.0,770.9,-0.3347454844894133,-1.4015307984103291,143251.69,1130.0,456.75,673.25,958,408,550,479.0,479.0,0.0,-2.0,5041.0,514.5,443.5,71.0,1634046386.933122,0.0055859088897705,9.072477817535399
1807,0,1,0,0,2,3,60,3232270721,94,47,80,17,29483,59861,4,0,0,43,15,2211110130,17,59861,11123,7803,90,1130,584.0,709.3636363636364,-0.1948679751275568,-1.521867116478567,168096.04958677685,1130.0,442.0,688.0,1018,60,550,408.0,339.3333333333333,-0.4632462830896887,-1.5,42374.22222222222,479.0,234.0,245.0,1634046386.939412,0.0062901973724365,9.078768014907835
1808,0,1,0,0,3,2,1096,2211110130,1130,64,1116,17,59861,29483,4,0,0,43,15,2211110130,17,59861,11123,8933,90,1130,857.0,744.4166666666666,-0.3465204559254256,-1.469567045656934,167603.90972222222,1130.0,442.0,688.0,2114,60,1096,479.0,528.5,0.3766823074723612,-1.0355829728754646,139132.75,686.5,321.0,365.5,1634046386.94972,0.0103077888488769,9.089075803756712
1809,0,1,0,0,3,2,1096,2211110130,1130,64,1116,17,59861,29483,4,0,0,43,15,2211110130,17,59861,11123,10063,90,1130,1130.0,774.0769230769231,-0.4803025081862447,-1.3766218917350213,165268.07100591715,1130.0,442.0,688.0,3210,60,1096,550.0,642.0,-0.071758095148059,-1.4705328630667638,162835.2,1096.0,408.0,688.0,1634046386.94972,0.0,9.089075803756712
1810,0,1,0,0,3,2,1096,2211110130,1130,64,1116,17,59861,29483,4,0,0,43,15,2211110130,17,59861,11123,11193,90,1130,1130.0,799.5,-0.6005001592845294,-1.2569768615766366,161865.5357142857,1130.0,456.75,673.25,4306,60,1096,823.0,717.6666666666666,-0.3913409258512887,-1.4042738777114734,164323.22222222222,1096.0,443.5,652.5,1634046386.94972,0.0,9.089075803756712
1811,0,1,0,0,3,2,1096,2211110130,1130,64,1116,17,59861,29483,4,0,0,43,15,2211110130,17,59861,11123,12323,90,1130,1130.0,821.5333333333333,-0.7100353858661567,-1.1188621359059097,157871.04888888885,1130.0,471.5,658.5,5402,60,1096,1096.0,771.7142857142857,-0.641701144591866,-1.1732918042602982,158375.34693877553,1096.0,479.0,617.0,1634046386.950396,0.000676155090332,9.089751958847044
1812,0,1,0,0,2,3,60,3232270721,94,47,80,17,29483,59861,4,0,0,43,15,2211110130,17,59861,11123,12417,90,1130,1130.0,776.0625,-0.5453707255321505,-1.385966526082731,179018.05859375,1130.0,442.0,688.0,5462,60,1096,823.0,682.75,-0.327460864062475,-1.5932542830949032,193980.9375,1096.0,321.0,775.0,1634046386.956762,0.0063660144805908,9.096117973327635
1813,0,1,0,0,3,2,1116,2211110130,1150,64,1136,17,59861,29483,4,0,0,43,15,2211110130,17,59861,11123,13567,90,1150,1130.0,798.0588235294117,-0.6412851260088455,-1.2774859420209406,176228.9965397924,1130.0,442.0,688.0,6578,60,1116,1096.0,730.8888888888889,-0.521530445504158,-1.4455721430313804,190966.3209876543,1096.0,408.0,688.0,1634046386.956843,8.082389831542969e-05,9.09619879722595
1814,0,1,0,0,3,2,1096,2211110130,1130,64,1116,17,59861,29483,4,0,0,43,15,2211110130,17,59861,11123,14697,90,1150,1130.0,816.5,-0.7318987703321886,-1.1555733384373823,172219.80555555556,1130.0,456.75,673.25,7674,60,1116,1096.0,767.4,-0.6911492200081476,-1.246490241590564,183867.24,1096.0,443.5,652.5,1634046386.956843,0.0,9.09619879722595
1815,0,1,0,0,3,2,285,2211110130,319,64,305,17,59861,29483,4,0,0,43,15,2211110130,17,59861,11123,15016,90,1150,1130.0,790.3157894736842,-0.5744438618502463,-1.3796820285758775,175496.63711911355,1130.0,442.0,688.0,7959,60,1116,1096.0,723.5454545454545,-0.4366716063506673,-1.5463956014512654,186384.24793388436,1096.0,346.5,749.5,1634046386.956843,0.0,9.09619879722595
1816,0,1,0,0,3,2,60,2211110130,94,64,80,17,59861,29483,4,0,0,43,15,2211110130,17,59861,11123,15110,90,1150,1130.0,755.5,-0.4493316749267091,-1.5388679914726209,189752.45,1130.0,411.25,718.75,8019,60,1116,823.0,668.25,-0.2429466304441143,-1.715417777165986,204485.6875,1096.0,228.75,867.25,1634046386.956843,0.0,9.09619879722595
1817,0,1,0,0,3,2,408,2211110130,442,64,428,17,59861,29483,4,0,0,43,15,2211110130,17,59861,11123,442,442,442,442.0,442.0,0.0,-3.0,0.0,442.0,442.0,0.0,8427,60,1116,550.0,648.2307692307693,-0.1228221480448373,-1.7020255728779388,193565.25443786985,1096.0,285.0,811.0,1634046386.978908,0.0220651626586914,9.118263959884642
1818,0,1,0,0,3,2,1096,2211110130,1130,64,1116,17,59861,29483,4,0,0,43,15,2211110130,17,59861,11123,1572,442,1130,786.0,786.0,0.0,-2.0,118336.0,958.0,614.0,344.0,9523,60,1116,823.0,680.2142857142857,-0.2576811118782899,-1.6678733849070355,193037.45408163263,1096.0,315.75,780.25,1634046386.978908,0.0,9.118263959884642
1819,0,1,0,0,3,2,1096,2211110130,1130,64,1116,17,59861,29483,4,0,0,43,15,2211110130,17,59861,11123,2702,442,1130,1130.0,900.6666666666666,-0.7071067811865471,-1.5000000000000009,105187.55555555556,1130.0,786.0,344.0,10619,60,1116,1096.0,707.9333333333333,-0.3776316285374294,-1.6026975127822227,190925.1288888889,1096.0,346.5,749.5,1634046386.981344,0.0024359226226806,9.120699882507322
1820,0,1,0,0,3,2,1096,2211110130,1130,64,1116,17,59861,29483,4,0,0,43,15,2211110130,17,59861,11123,3832,442,1130,1130.0,958.0,-1.1547005383792517,-0.6666666666666665,88752.0,1130.0,958.0,172.0,11715,60,1116,1096.0,732.1875,-0.4860531905247137,-1.5161143097646004,187816.27734375,1096.0,377.25,718.75,1634046386.981344,0.0,9.120699882507322
1821,0,1,0,0,3,2,453,2211110130,487,64,473,17,59861,29483,4,0,0,43,15,2211110130,17,59861,11123,4319,442,1130,1130.0,863.8,-0.4140642592392331,-1.820676103205711,106496.16,1130.0,487.0,643.0,12168,60,1116,1096.0,715.7647058823529,-0.3839858904330219,-1.5549365691178023,181083.5916955017,1096.0,408.0,688.0,1634046386.981344,0.0,9.120699882507322
1822,0,1,0,0,3,2,52,2211110130,86,64,72,17,59861,29483,4,0,0,43,15,2211110130,17,59861,11123,4405,86,1130,808.5,734.1666666666666,-0.2930859546292695,-1.5417566487822765,172770.80555555556,1130.0,453.25,676.75,12220,52,1116,823.0,678.8888888888889,-0.2649593932225113,-1.6572729038066352,194140.4320987654,1096.0,315.75,780.25,1634046386.983704,0.0023601055145263,9.123059988021849
1823,0,1,0,0,2,3,60,3232270721,94,47,80,17,29483,59861,4,0,0,43,15,2211110130,17,59861,11123,4499,86,1130,487.0,642.7142857142857,-0.0040474854304828,-1.698787880808433,198270.48979591837,1130.0,268.0,862.0,12280,52,1116,550.0,646.3157894736842,-0.1538605931739962,-1.7253309151393958,203020.63711911355,1096.0,172.5,923.5,1634046386.994106,0.010401964187622,9.13346195220947
1824,0,1,0,0,3,2,12,1054003247,46,64,32,17,59861,10001,4,0,0,43,15,2211110130,17,59861,11123,4545,46,1130,464.5,568.125,0.2152869832226263,-1.675454291373916,212431.609375,1130.0,92.0,1038.0,12292,12,1116,501.5,614.6,-0.0607645890044042,-1.7543807075273563,211981.54,1096.0,60.0,1036.0,1634046387.009472,0.0153658390045166,9.148827791213987
1825,0,1,0,0,3,2,12,2342665647,46,64,32,17,59861,10001,4,0,0,43,15,2211110130,17,59861,11123,4591,46,1130,442.0,510.1111111111111,0.4057909161261945,-1.572312242492085,215752.987654321,1130.0,86.0,1044.0,12,12,12,12.0,12.0,0.0,-3.0,0.0,12.0,12.0,0.0,1634046387.009472,0.0,9.148827791213987
1826,0,1,0,0,3,2,12,3338606794,46,64,32,17,59861,10001,4,0,0,43,15,2211110130,17,59861,11123,4637,46,1130,268.0,463.7,0.5718496200087624,-1.417771282978385,213563.61,969.25,56.0,913.25,24,12,12,12.0,12.0,0.0,-3.0,0.0,12.0,12.0,0.0,1634046387.009472,0.0,9.148827791213987
1827,0,1,0,0,3,2,408,2211110130,442,64,428,17,59861,29483,4,0,0,43,15,2211110130,17,59861,11123,5079,46,1130,442.0,461.7272727272728,0.6129999360663492,-1.249388824972258,194187.652892562,808.5,66.0,742.5,432,12,408,12.0,144.0,0.7071067811865476,-1.5,34848.0,210.0,12.0,198.0,1634046387.019396,0.0099241733551025,9.15875196456909
1828,0,1,0,0,3,2,1096,2211110130,1130,64,1116,17,59861,29483,4,0,0,43,15,2211110130,17,59861,11123,6209,46,1130,442.0,517.4166666666666,0.382246166550282,-1.5585608183922584,212119.74305555556,1130.0,76.0,1054.0,1528,12,1096,210.0,382.0,0.756484075100281,-1.0661091495424069,196068.0,580.0,12.0,568.0,1634046387.019396,0.0,9.15875196456909
1829,0,1,0,0,3,2,1096,2211110130,1130,64,1116,17,59861,29483,4,0,0,43,15,2211110130,17,59861,11123,7339,46,1130,442.0,564.5384615384615,0.1963714710551365,-1.7096946866999403,222448.40236686388,1130.0,86.0,1044.0,2624,12,1096,408.0,524.8,0.1742709613719162,-1.7636908583053557,238421.76,1096.0,12.0,1084.0,1634046387.019912,0.0005159378051757,9.159267902374266
1830,0,1,0,0,3,2,1096,2211110130,1130,64,1116,17,59861,29483,4,0,0,43,15,2211110130,17,59861,11123,8469,46,1130,464.5,604.9285714285714,0.0403041058881711,-1.7730629702734535,227766.92346938772,1130.0,88.0,1042.0,3720,12,1096,752.0,620.0,-0.187356223760661,-1.7981138575651707,244000.0,1096.0,111.0,985.0,1634046387.019912,0.0,9.159267902374266
1831,0,1,0,0,3,2,1096,2211110130,1130,64,1116,17,59861,29483,4,0,0,43,15,2211110130,17,59861,11123,9599,46,1130,487.0,639.9333333333333,-0.0947074078887367,-1.782768712823766,229737.12888888892,1130.0,90.0,1040.0,4816,12,1096,1096.0,688.0,-0.4561137916008688,-1.638922385260309,236886.85714285716,1096.0,210.0,886.0,1634046387.020422,0.0005099773406982,9.159777879714964
1832,0,1,0,0,3,2,488,2211110130,522,64,508,17,59861,29483,4,0,0,43,15,2211110130,17,59861,11123,10121,46,1130,504.5,632.5625,-0.0507194664340086,-1.715855247663793,216193.49609375,1130.0,92.0,1038.0,5304,12,1096,792.0,663.0,-0.3196514012229351,-1.5908686788051558,211651.0,1096.0,309.0,787.0,1634046387.020422,0.0,9.159777879714964
1833,0,1,0,0,2,3,60,3232270721,94,47,80,17,29483,59861,4,0,0,43,15,2211110130,17,59861,11123,10215,46,1130,487.0,600.8823529411765,0.0671686029107792,-1.7345015914193305,219534.339100346,1130.0,94.0,1036.0,5364,12,1096,488.0,596.0,-0.0631243496001443,-1.74590578502546,224046.22222222225,1096.0,60.0,1036.0,1634046387.029586,0.0091640949249267,9.16894197463989
1834,0,1,0,0,2,3,56,3232270721,90,47,76,17,29483,59861,4,0,0,43,15,2211110130,17,59861,11123,10305,46,1130,464.5,572.5,0.1728365314600575,-1.7236340266205936,221032.47222222225,1130.0,91.0,1039.0,5420,12,1096,448.0,542.0,0.1406762338286452,-1.7585782179301632,227885.6,1096.0,57.0,1039.0,1634046387.047343,0.0177569389343261,9.186698913574217
1835,0,1,0,0,3,2,1096,2211110130,1130,64,1116,17,59861,29483,4,0,0,43,15,2211110130,17,59861,11123,11435,46,1130,487.0,601.8421052631579,0.0591909159885446,-1.7691161909221256,224896.4487534626,1130.0,92.0,1038.0,6516,12,1096,488.0,592.3636363636364,-0.0525419630267348,-1.801347852559398,232533.68595041323,1096.0,58.0,1038.0,1634046387.048372,0.0010290145874023,9.18772792816162
1836,0,1,0,0,3,2,1096,2211110130,1130,64,1116,17,59861,29483,4,0,0,43,15,2211110130,17,59861,11123,12565,46,1130,504.5,628.25,-0.0428435488996533,-1.7846176131334537,226901.7875,1130.0,93.0,1037.0,7612,12,1096,792.0,634.3333333333334,-0.2149893691393188,-1.7727234099825555,232531.88888888885,1096.0,59.0,1037.0,1634046387.06175,0.0133779048919677,9.201105833053587
1837,0,1,0,0,3,2,1096,2211110130,1130,64,1116,17,59861,29483,4,0,0,43,15,2211110130,17,59861,11123,1130,1130,1130,1130.0,1130.0,0.0,-3.0,0.0,1130.0,1130.0,0.0,8708,12,1096,1096.0,669.8461538461538,-0.3559715805128174,-1.7011085366935847,229778.74556213012,1096.0,60.0,1036.0,1634046387.06175,0.0,9.201105833053587
1838,0,1,0,0,3,2,1056,2211110130,1090,64,1076,17,59861,29483,4,0,0,43,15,2211110130,17,59861,11123,2220,1090,1130,1110.0,1110.0,0.0,-2.0,400.0,1120.0,1100.0,20.0,9764,12,1096,1076.0,697.4285714285714,-0.4814716846420314,-1.5985518639689964,223256.2448979592,1096.0,147.0,949.0,1634046387.062397,0.0006470680236816,9.201752901077269
1839,0,1,0,0,3,2,408,2211110130,442,64,428,17,59861,29483,4,0,0,43,15,2211110130,17,59861,11123,2662,442,1130,1090.0,887.3333333333334,-0.6985821895747399,-1.4999999999999991,99427.55555555556,1110.0,766.0,344.0,10172,12,1096,1056.0,678.1333333333333,-0.3712886978828545,-1.6330547000215598,213584.7822222222,1096.0,234.0,862.0,1634046387.063065,0.0006680488586425,9.202420949935911
1840,0,1,0,0,3,2,60,2211110130,94,64,80,17,59861,29483,4,0,0,43,15,2211110130,17,59861,11123,2756,94,1130,766.0,689.0,-0.2232453464675871,-1.700775688281999,192579.0,1100.0,355.0,745.0,10232,12,1096,772.0,639.5,-0.2214424301121711,-1.7491322418464608,222623.75,1096.0,60.0,1036.0,1634046387.08108,0.018014907836914,9.220435857772825
1841,0,1,0,0,2,3,60,3232270721,94,47,80,17,29483,59861,4,0,0,43,15,2211110130,17,59861,11123,2850,94,1130,442.0,570.0,0.2035274334880588,-1.7638818678575368,210707.2,1090.0,94.0,996.0,10292,12,1096,488.0,605.4117647058823,-0.0915190590658396,-1.8080009725687445,228120.35986159169,1096.0,60.0,1036.0,1634046387.08184,0.0007600784301757,9.221195936203001
1842,0,1,0,0,2,3,52,3232270721,86,47,72,17,29483,59861,4,0,0,43,15,2211110130,17,59861,11123,2936,86,1130,268.0,489.3333333333333,0.5097408296895428,-1.5610753396996846,208124.88888888896,928.0,94.0,834.0,10344,12,1096,448.0,574.6666666666666,0.0228861976636725,-1.8284528984546824,231516.44444444447,1096.0,60.0,1036.0,1634046387.08188,4.00543212890625e-05,9.22123599052429
1843,0,1,0,0,3,2,1096,2211110130,1130,64,1116,17,59861,29483,4,0,0,43,15,2211110130,17,59861,11123,4066,86,1130,442.0,580.8571428571429,0.1417919627321344,-1.8475155558477812,228652.4081632653,1110.0,94.0,1016.0,11440,12,1096,488.0,602.1052631578947,-0.0829103846473943,-1.8319674251379103,232883.14681440443,1096.0,60.0,1036.0,1634046387.094571,0.0126910209655761,9.233927011489866
1844,0,1,0,0,3,2,1096,2211110130,1130,64,1116,17,59861,29483,4,0,0,43,15,2211110130,17,59861,11123,5196,86,1130,766.0,649.5,-0.1248882866340155,-1.8707047337209053,233053.75,1130.0,94.0,1036.0,12536,12,1096,772.0,626.8,-0.1788440291120952,-1.8140484121739056,232825.75999999995,1096.0,60.0,1036.0,1634046387.094571,0.0,9.233927011489866
1845,0,1,0,0,3,2,1116,2211110130,1150,64,1136,17,59861,29483,4,0,0,43,15,2211110130,17,59861,11123,6346,86,1150,1090.0,705.1111111111111,-0.3350814086911064,-1.7819262709885615,231899.65432098764,1130.0,94.0,1036.0,1116,1116,1116,1116.0,1116.0,0.0,-3.0,0.0,1116.0,1116.0,0.0,1634046387.096307,0.0017359256744384,9.235662937164305
1846,0,1,0,0,3,2,1096,2211110130,1130,64,1116,17,59861,29483,4,0,0,43,15,2211110130,17,59861,11123,7476,86,1150,1110.0,747.6,-0.5132167874865711,-1.6349387475145047,224957.44,1130.0,181.0,949.0,2212,1096,1116,1106.0,1106.0,0.0,-2.0,100.0,1111.0,1101.0,10.0,1634046387.097382,0.0010750293731689,9.236737966537474
1847,0,1,0,0,3,2,1096,2211110130,1130,64,1116,17,59861,29483,4,0,0,43,15,2211110130,17,59861,11123,8606,86,1150,1130.0,782.3636363636364,-0.6679277560459155,-1.453825041933973,216591.86776859508,1130.0,268.0,862.0,3308,1096,1116,1096.0,1102.6666666666667,0.7071067811865236,-1.5000000000000222,88.88888888888887,1106.0,1096.0,10.0,1634046387.097382,0.0,9.236737966537474
1848,0,1,0,0,3,2,1096,2211110130,1130,64,1116,17,59861,29483,4,0,0,43,15,2211110130,17,59861,11123,9736,86,1150,1130.0,811.3333333333334,-0.8056080129159068,-1.2510795517903437,207774.22222222225,1130.0,355.0,775.0,4404,1096,1116,1096.0,1101.0,1.1547005383792517,-0.6666666666666665,75.0,1101.0,1096.0,5.0,1634046387.102766,0.0053839683532714,9.242121934890745
1849,0,1,0,0,3,2,610,2211110130,644,64,630,17,59861,29483,4,0,0,43,15,2211110130,17,59861,11123,10380,86,1150,1130.0,798.4615384615385,-0.7421105124369044,-1.2343389882862998,193779.7869822485,1130.0,442.0,688.0,5014,610,1116,1096.0,1002.8,-1.494100108535514,0.2424037752270766,38632.96,1096.0,1096.0,0.0,1634046387.102766,0.0,9.242121934890745
1850,0,1,0,0,3,2,56,2211110130,90,64,76,17,59861,29483,4,0,0,43,15,2211110130,17,59861,11123,10470,86,1150,1110.0,747.8571428571429,-0.5248825136627737,-1.5524239643767144,213228.83673469388,1130.0,181.0,949.0,5070,56,1116,1096.0,845.0,-1.1736523333634388,-0.2314283685289693,156698.33333333334,1096.0,731.5,364.5,1634046387.114615,0.0118489265441894,9.253970861434935
1851,0,1,0,0,3,2,408,2211110130,442,64,428,17,59861,29483,4,0,0,43,15,2211110130,17,59861,11123,10912,86,1150,1090.0,727.4666666666667,-0.4056364235269659,-1.6073002297027783,204834.38222222225,1130.0,268.0,862.0,5478,56,1116,1096.0,782.5714285714286,-0.7113180737507391,-1.0435872032687767,157696.81632653062,1096.0,509.0,587.0,1634046387.114615,0.0,9.253970861434935
1852,0,1,0,0,3,2,1096,2211110130,1130,64,1116,17,59861,29483,4,0,0,43,15,2211110130,17,59861,11123,12042,86,1150,1110.0,752.625,-0.5129291852542198,-1.5145953314769782,201526.359375,1130.0,355.0,775.0,6574,56,1116,1096.0,821.75,-0.9182501777596984,-0.7098440459765434,148729.4375,1096.0,559.5,536.5,1634046387.128208,0.0135929584503173,9.267563819885252
1853,0,1,0,0,3,2,1096,2211110130,1130,64,1116,17,59861,29483,4,0,0,43,15,2211110130,17,59861,11123,13172,86,1150,1130.0,774.8235294117648,-0.6113343777786067,-1.407493881439286,197556.26297577852,1130.0,442.0,688.0,7670,56,1116,1096.0,852.2222222222222,-1.0985324086472126,-0.3397899635807873,139632.39506172843,1096.0,610.0,486.0,1634046387.128208,0.0,9.267563819885252
1854,0,1,0,0,3,2,1096,2211110130,1130,64,1116,17,59861,29483,4,0,0,43,15,2211110130,17,59861,11123,14302,86,1150,1130.0,794.5555555555555,-0.7024631889633611,-1.289644786511443,193199.91358024688,1130.0,442.0,688.0,8766,56,1116,1096.0,876.6,-1.2595805795471031,0.0520512868896929,131017.64,1096.0,731.5,364.5,1634046387.129531,0.0013229846954345,9.268886804580687
1855,0,1,0,0,3,2,987,2211110130,1021,64,1007,17,59861,29483,4,0,0,43,15,2211110130,17,59861,11123,15323,86,1150,1130.0,806.4736842105264,-0.7822226738992971,-1.1580395388884257,185588.2493074792,1130.0,442.0,688.0,9753,56,1116,1096.0,886.6363636363636,-1.3884383314902575,0.4579173744756724,120114.2314049587,1096.0,798.5,297.5,1634046387.129531,0.0,9.268886804580687
1856,0,1,0,0,2,3,60,3232270721,94,47,80,17,29483,59861,4,0,0,43,15,2211110130,17,59861,11123,15417,86,1150,1110.0,770.85,-0.6244810702850702,-1.4156113052403574,200420.7275,1130.0,355.0,775.0,9813,56,1116,1096.0,817.75,-1.01221651933945,-0.6554115319501581,162303.35416666666,1096.0,559.5,536.5,1634046387.133999,0.0044682025909423,9.273355007171629
1857,0,1,0,0,3,2,408,2211110130,442,64,428,17,59861,29483,4,0,0,43,15,2211110130,17,59861,11123,442,442,442,442.0,442.0,0.0,-3.0,0.0,442.0,442.0,0.0,10221,56,1116,1096.0,786.2307692307693,-0.7849943665858236,-1.0207547576633078,161740.02366863904,1096.0,408.0,688.0,1634046387.147879,0.0138797760009765,9.287234783172606
1858,0,1,0,0,3,2,1096,2211110130,1130,64,1116,17,59861,29483,4,0,0,43,15,2211110130,17,59861,11123,1572,442,1130,786.0,786.0,0.0,-2.0,118336.0,958.0,614.0,344.0,11317,56,1116,1096.0,808.3571428571429,-0.8991219980152534,-0.82910657072166,156551.6581632653,1096.0,458.5,637.5,1634046387.156726,0.0088469982147216,9.296081781387327
1859,0,1,0,0,3,2,1096,2211110130,1130,64,1116,17,59861,29483,4,0,0,43,15,2211110130,17,59861,11123,2702,442,1130,1130.0,900.6666666666666,-0.7071067811865471,-1.5000000000000009,105187.55555555556,1130.0,786.0,344.0,12413,56,1116,1096.0,827.5333333333333,-1.0046406130238208,-0.6261828296008534,151263.04888888894,1096.0,509.0,587.0,1634046387.158495,0.0017690658569335,9.297850847244261
1860,0,1,0,0,3,2,1096,2211110130,1130,64,1116,17,59861,29483,4,0,0,43,15,2211110130,17,59861,11123,3832,442,1130,1130.0,958.0,-1.1547005383792517,-0.6666666666666665,88752.0,1130.0,958.0,172.0,13509,56,1116,1096.0,844.3125,-1.1030447374846517,-0.4148765062661028,146032.21484375,1096.0,559.5,536.5,1634046387.158495,0.0,9.297850847244261
1861,0,1,0,0,3,2,1096,2211110130,1130,64,1116,17,59861,29483,4,0,0,43,15,2211110130,17,59861,11123,4962,442,1130,1130.0,992.4,-1.5,0.2499999999999982,75735.04000000001,1130.0,1130.0,0.0,14605,56,1116,1096.0,859.1176470588235,-1.195464844755461,-0.1971706312382877,140949.16262975775,1096.0,610.0,486.0,1634046387.158495,0.0,9.297850847244261
1862,0,1,0,0,3,2,1096,2211110130,1130,64,1116,17,59861,29483,4,0,0,43,15,2211110130,17,59861,11123,6092,442,1130,1130.0,1015.3333333333334,-1.7888543819998322,1.2000000000000002,65742.22222222223,1130.0,1130.0,0.0,15701,56,1116,1096.0,872.2777777777778,-1.2827761036736165,0.0255306230627523,136062.86728395062,1096.0,704.25,391.75,1634046387.159202,0.0007071495056152,9.298557996749876
1863,0,1,0,0,3,2,426,2211110130,460,64,446,17,59861,29483,4,0,0,43,15,2211110130,17,59861,11123,6552,442,1130,1130.0,936.0,-0.9494996757785296,-1.0972464486983349,94113.14285714286,1130.0,795.0,335.0,16127,56,1116,1096.0,848.7894736842105,-1.080147410543148,-0.4348282952021729,138832.27146814406,1096.0,518.0,578.0,1634046387.159952,0.0007498264312744,9.29930782318115
1864,0,1,0,0,2,3,60,3232270721,94,47,80,17,29483,59861,4,0,0,43,15,2211110130,17,59861,11123,6646,94,1130,1130.0,830.75,-0.7343969797592425,-1.1593199697603231,159891.9375,1130.0,455.5,674.5,16187,56,1116,1096.0,809.35,-0.901157901189298,-0.8670197730384981,161444.6275,1096.0,421.5,674.5,1634046387.166019,0.0060670375823974,9.305374860763548
1865,0,1,0,0,3,2,408,2211110130,442,64,428,17,59861,29483,4,0,0,43,15,2211110130,17,59861,11123,7088,94,1130,1130.0,787.5555555555555,-0.4471852222119742,-1.4676367583664494,157052.24691358025,1130.0,442.0,688.0,408,408,408,408.0,408.0,0.0,-3.0,0.0,408.0,408.0,0.0,1634046387.172654,0.0066349506378173,9.312009811401365
1866,0,1,0,0,2,3,60,3232270721,94,47,80,17,29483,59861,4,0,0,43,15,2211110130,17,59861,11123,7182,94,1130,795.0,718.2,-0.2477976727913092,-1.6404645748759086,184638.76,1130.0,442.0,688.0,468,60,408,234.0,234.0,0.0,-2.0,30276.0,321.0,147.0,174.0,1634046387.176525,0.003871202468872,9.315881013870237
1867,0,1,0,0,2,3,52,3232270721,86,48,72,17,10001,59861,4,0,0,43,15,2211110130,17,59861,11123,7268,86,1130,460.0,660.7272727272727,-0.0668301944564186,-1.7292269602332138,200884.56198347107,1130.0,268.0,862.0,520,52,408,60.0,173.33333333333334,0.7058747686471649,-1.5000000000000009,27544.88888888889,234.0,56.0,178.0,1634046387.178316,0.0017910003662109,9.317672014236448
1868,0,1,0,0,3,2,60,2211110130,94,64,80,17,59861,29483,4,0,0,43,15,2211110130,17,59861,11123,7362,86,1130,451.0,613.5,0.0942765741644588,-1.7483680677437647,208678.75,1130.0,94.0,1036.0,580,52,408,60.0,145.0,1.153090823479084,-0.6678805445104996,23067.0,147.0,58.0,89.0,1634046387.198033,0.0197169780731201,9.337388992309569
1869,0,1,0,0,3,2,1104,2211110130,1138,64,1124,17,59861,29483,4,0,0,43,15,2211110130,17,59861,11123,8500,86,1138,460.0,653.8461538461538,-0.0649815148335002,-1.7762479743702315,212160.28402366868,1130.0,94.0,1036.0,1684,52,1104,60.0,336.8,1.1467898548530036,-0.3396462431006348,165602.56,408.0,60.0,348.0,1634046387.198033,0.0,9.337388992309569
1870,0,1,0,0,3,2,1096,2211110130,1130,64,1116,17,59861,29483,4,0,0,43,15,2211110130,17,59861,11123,9630,86,1138,795.0,687.8571428571429,-0.2033987959691817,-1.7534180628569012,212043.693877551,1130.0,181.0,949.0,2780,52,1104,234.0,463.3333333333333,0.5159352465045549,-1.5619843848402126,218055.5555555556,924.0,60.0,864.0,1634046387.198524,0.0004909038543701,9.337879896163939
1871,0,1,0,0,3,2,1096,2211110130,1130,64,1116,17,59861,29483,4,0,0,43,15,2211110130,17,59861,11123,10760,86,1138,1130.0,717.3333333333334,-0.3258714358776401,-1.697843314385992,210071.28888888893,1130.0,268.0,862.0,3876,52,1104,408.0,553.7142857142857,0.1440003653993035,-1.851894702988236,235917.06122448976,1096.0,60.0,1036.0,1634046387.198524,0.0,9.337879896163939
1872,0,1,0,0,3,2,1116,2211110130,1150,64,1136,17,59861,29483,4,0,0,43,15,2211110130,17,59861,11123,11910,86,1150,1130.0,744.375,-0.4350062923533371,-1.6209762461546429,207910.609375,1130.0,355.0,775.0,4992,52,1116,752.0,624.0,-0.1225982293678024,-1.8754796012228956,241008.0,1098.0,60.0,1038.0,1634046387.202824,0.0043001174926757,9.342180013656614
1873,0,1,0,0,3,2,1096,2211110130,1130,64,1116,17,59861,29483,4,0,0,43,15,2211110130,17,59861,11123,13040,86,1150,1130.0,767.0588235294117,-0.5357084575968206,-1.526934074226134,203913.4671280277,1130.0,442.0,688.0,6088,52,1116,1096.0,676.4444444444445,-0.3355003124480076,-1.785974084351834,236232.69135802463,1096.0,60.0,1036.0,1634046387.203932,0.0011079311370849,9.3432879447937
1874,0,1,0,0,3,2,1078,2211110130,1112,64,1098,17,59861,29483,4,0,0,43,15,2211110130,17,59861,11123,14152,86,1150,1130.0,786.2222222222222,-0.6287728916812546,-1.419792180166002,198827.95061728396,1130.0,442.0,688.0,7166,52,1116,1087.0,716.6,-0.5138554073861452,-1.6370126051828937,227121.64,1096.0,147.0,949.0,1634046387.203932,0.0,9.3432879447937
1875,0,1,0,0,3,2,96,2211110130,130,64,116,17,59861,29483,4,0,0,43,15,2211110130,17,59861,11123,14282,86,1150,1130.0,751.6842105263158,-0.4775401476027525,-1.612398655411611,209835.0581717452,1130.0,286.0,844.0,7262,52,1116,1078.0,660.1818181818181,-0.2731745275659812,-1.843627657023497,238304.3305785124,1096.0,78.0,1018.0,1634046387.203932,0.0,9.3432879447937
1876,0,1,0,0,2,3,60,3232270721,94,47,80,17,29483,59861,4,0,0,43,15,2211110130,17,59861,11123,14376,86,1150,1121.0,718.8,-0.3501286585155931,-1.7338393887502817,219889.36,1130.0,121.0,1009.0,7322,52,1116,743.0,610.1666666666666,-0.0829316743214767,-1.9208135852654484,245962.3055555556,1096.0,60.0,1036.0,1634046387.20922,0.0052878856658935,9.348575830459593
1877,0,1,0,0,2,3,60,3232270721,94,47,80,17,29483,59861,4,0,0,43,15,2211110130,17,59861,11123,94,94,94,94.0,94.0,0.0,-3.0,0.0,94.0,94.0,0.0,7382,52,1116,408.0,567.8461538461538,0.0765298877922699,-1.9275504445314624,248534.43786982252,1096.0,60.0,1036.0,1634046387.227741,0.0185210704803466,9.36709690093994
1878,0,1,0,0,3,2,408,2211110130,442,64,428,17,59861,29483,4,0,0,43,15,2211110130,17,59861,11123,536,94,442,268.0,268.0,0.0,-2.0,30276.0,355.0,181.0,174.0,7790,52,1116,408.0,556.4285714285714,0.1470031069698747,-1.850409232599036,232476.6734693877,1096.0,60.0,1036.0,1634046387.227797,5.602836608886719e-05,9.367152929306028
1879,0,1,0,0,3,2,1096,2211110130,1130,64,1116,17,59861,29483,4,0,0,43,15,2211110130,17,59861,11123,1666,94,1130,442.0,555.3333333333334,0.3766675336035382,-1.5000000000000004,185304.8888888889,786.0,268.0,518.0,8886,52,1116,408.0,592.4,0.0038187297938061,-1.8827478168435376,235093.43999999997,1096.0,60.0,1036.0,1634046387.241361,0.0135638713836669,9.380716800689695
1880,0,1,0,0,3,2,1096,2211110130,1130,64,1116,17,59861,29483,4,0,0,43,15,2211110130,17,59861,11123,2796,94,1130,786.0,699.0,-0.2173703793443629,-1.715628269693377,200899.0,1130.0,355.0,775.0,9982,52,1116,743.0,623.875,-0.1214188517748106,-1.8751962405803329,235260.234375,1096.0,60.0,1036.0,1634046387.244354,0.002993106842041,9.383709907531737
1881,0,1,0,0,3,2,1096,2211110130,1130,64,1116,17,59861,29483,4,0,0,43,15,2211110130,17,59861,11123,3926,94,1130,1130.0,785.2,-0.5960310217014525,-1.4309581812273606,190440.96,1130.0,442.0,688.0,11078,52,1116,1078.0,651.6470588235294,-0.233116816560274,-1.840508461215236,233761.9930795848,1096.0,60.0,1036.0,1634046387.244354,0.0,9.383709907531737
1882,0,1,0,0,3,2,930,2211110130,964,64,950,17,59861,29483,4,0,0,43,15,2211110130,17,59861,11123,4890,94,1130,1047.0,815.0,-0.8337274216148408,-0.9984883226622818,163141.0,1130.0,572.5,557.5,12008,52,1116,1004.0,667.1111111111111,-0.3200332228304274,-1.7743344301589934,224840.5432098765,1096.0,69.0,1027.0,1634046387.245748,0.0013940334320068,9.385103940963743
1883,0,1,0,0,2,3,56,3232270721,90,47,76,17,29483,59861,4,0,0,43,15,2211110130,17,59861,11123,4980,90,1130,964.0,711.4285714285714,-0.4006685585039928,-1.6436588970709398,204197.38775510204,1130.0,268.0,862.0,12064,52,1116,930.0,634.9473684210526,-0.1969234142953209,-1.8485372304836007,231627.94459833796,1096.0,60.0,1036.0,1634046387.256356,0.0106079578399658,9.39571189880371
1884,0,1,0,0,2,3,60,3232270721,94,47,80,17,29483,59861,4,0,0,43,15,2211110130,17,59861,11123,5074,90,1130,703.0,634.25,-0.0994558831903061,-1.8352303459176869,220368.4375,1130.0,94.0,1036.0,12124,52,1116,669.0,606.2,-0.0873850097121532,-1.887447555835869,235748.36,1096.0,60.0,1036.0,1634046387.256411,5.507469177246094e-05,9.395766973495482
1885,0,1,0,0,3,2,1096,2211110130,1130,64,1116,17,59861,29483,4,0,0,43,15,2211110130,17,59861,11123,6204,90,1130,964.0,689.3333333333334,-0.3112863992336807,-1.7608933481901567,220156.4444444444,1130.0,94.0,1036.0,1096,1096,1096,1096.0,1096.0,0.0,-3.0,0.0,1096.0,1096.0,0.0,1634046387.259028,0.0026168823242187,9.3983838558197
1886,0,1,0,0,3,2,1096,2211110130,1130,64,1116,17,59861,29483,4,0,0,43,15,2211110130,17,59861,11123,7334,90,1130,1047.0,733.4,-0.489138001591,-1.6246900162594495,215617.64,1130.0,181.0,949.0,2192,1096,1096,1096.0,1096.0,0.0,-3.0,0.0,1096.0,1096.0,0.0,1634046387.26142,0.0023920536041259,9.400775909423826
1887,0,1,0,0,3,2,1096,2211110130,1130,64,1116,17,59861,29483,4,0,0,43,15,2211110130,17,59861,11123,8464,90,1130,1130.0,769.4545454545455,-0.6436368507201847,-1.4523201071581353,209015.3388429752,1130.0,268.0,862.0,3288,1096,1096,1096.0,1096.0,0.0,-3.0,0.0,1096.0,1096.0,0.0,1634046387.26142,0.0,9.400775909423826
1888,0,1,0,0,3,2,1096,2211110130,1130,64,1116,17,59861,29483,4,0,0,43,15,2211110130,17,59861,11123,9594,90,1130,1130.0,799.5,-0.7811010203501111,-1.257020110947512,201527.41666666663,1130.0,355.0,775.0,4384,1096,1096,1096.0,1096.0,0.0,-3.0,0.0,1096.0,1096.0,0.0,1634046387.26142,0.0,9.400775909423826
1889,0,1,0,0,3,2,1096,2211110130,1130,64,1116,17,59861,29483,4,0,0,43,15,2211110130,17,59861,11123,10724,90,1130,1130.0,824.9230769230769,-0.9055745999218744,-1.0462825093344932,193781.30177514796,1130.0,442.0,688.0,5480,1096,1096,1096.0,1096.0,0.0,-3.0,0.0,1096.0,1096.0,0.0,1634046387.262198,0.0007779598236083,9.401553869247435
1890,0,1,0,0,3,2,155,2211110130,189,64,175,17,59861,29483,4,0,0,43,15,2211110130,17,59861,11123,10913,90,1130,1130.0,779.5,-0.6576581705156794,-1.4559905970452105,206762.10714285716,1130.0,252.25,877.75,5635,155,1096,1096.0,939.1666666666666,-1.7888543819998317,1.1999999999999993,122983.4722222222,1096.0,1096.0,0.0,1634046387.262198,0.0,9.401553869247435
1891,0,1,0,0,3,2,408,2211110130,442,64,428,17,59861,29483,4,0,0,43,15,2211110130,17,59861,11123,11355,90,1130,1130.0,757.0,-0.5224921226967342,-1.559548925646848,200065.46666666667,1130.0,315.5,814.5,6043,155,1096,1096.0,863.2857142857143,-1.0549788484708285,-0.7443789525356803,139961.91836734692,1096.0,752.0,344.0,1634046387.274566,0.0123679637908935,9.413921833038328
1892,0,1,0,0,2,3,60,3232270721,94,47,80,17,29483,59861,4,0,0,43,15,2211110130,17,59861,11123,11449,90,1130,1047.0,715.5625,-0.3599072749880933,-1.72428353874414,213317.37109375,1130.0,165.25,964.75,6103,60,1096,1096.0,762.875,-0.6362469808580719,-1.4635869672150663,193042.859375,1096.0,344.75,751.25,1634046387.286689,0.0121231079101562,9.426044940948485
1893,0,1,0,0,2,3,52,3232270721,86,47,72,17,29483,59861,4,0,0,43,15,2211110130,17,59861,11123,11535,86,1130,964.0,678.5294117647059,-0.2212819224742062,-1.8186315773574868,222712.48442906572,1130.0,94.0,1036.0,6155,52,1096,1096.0,683.8888888888889,-0.3348066864367542,-1.7789381367041546,221504.0987654321,1096.0,155.0,941.0,1634046387.286744,5.507469177246094e-05,9.426100015640257
1894,0,1,0,0,3,2,408,2211110130,442,64,428,17,59861,29483,4,0,0,43,15,2211110130,17,59861,11123,11977,86,1130,703.0,665.3888888888889,-0.145091626665699,-1.8008845081959235,213275.0154320988,1130.0,117.75,1012.25,6563,52,1096,752.0,656.3,-0.1754131527900466,-1.783076779388299,206204.01,1096.0,218.25,877.75,1634046387.299786,0.0130419731140136,9.43914198875427
1895,0,1,0,0,2,3,60,3232270721,94,47,80,17,29483,59861,4,0,0,43,15,2211110130,17,59861,11123,12071,86,1130,442.0,635.3157894736842,-0.0356048149452812,-1.8323256637271488,218329.0581717452,1130.0,94.0,1036.0,6623,52,1096,408.0,602.0909090909091,0.0120511870906904,-1.831056816400688,216844.44628099172,1096.0,107.5,988.5,1634046387.301936,0.0021498203277587,9.44129180908203
1896,0,1,0,0,3,2,1096,2211110130,1130,64,1116,17,59861,29483,4,0,0,43,15,2211110130,17,59861,11123,13201,86,1130,703.0,660.05,-0.1333120705939909,-1.8240378165184656,219036.44749999995,1130.0,94.0,1036.0,7719,52,1096,752.0,643.25,-0.155454852416764,-1.8210300085368805,217408.85416666663,1096.0,131.25,964.75,1634046387.307038,0.0051021575927734,9.446393966674803
1897,0,1,0,0,3,2,1096,2211110130,1130,64,1116,17,59861,29483,4,0,0,43,15,2211110130,17,59861,11123,1130,1130,1130,1130.0,1130.0,0.0,-3.0,0.0,1130.0,1130.0,0.0,8815,52,1096,1096.0,678.0769230769231,-0.2998070848865397,-1.763731565493662,215240.07100591715,1096.0,155.0,941.0,1634046387.307038,0.0,9.446393966674803
1898,0,1,0,0,3,2,1096,2211110130,1130,64,1116,17,59861,29483,4,0,0,43,15,2211110130,17,59861,11123,2260,1130,1130,1130.0,1130.0,0.0,-3.0,0.0,1130.0,1130.0,0.0,9911,52,1096,1096.0,707.9285714285714,-0.4273144176032858,-1.6761263962985042,211450.35204081636,1096.0,218.25,877.75,1634046387.308106,0.0010678768157958,9.447461843490599
1899,0,1,0,0,3,2,1096,2211110130,1130,64,1116,17,59861,29483,4,0,0,43,15,2211110130,17,59861,11123,3390,1130,1130,1130.0,1130.0,0.0,-3.0,0.0,1130.0,1130.0,0.0,11007,52,1096,1096.0,733.8,-0.5420174768445637,-1.5679317900844305,206724.2933333333,1096.0,281.5,814.5,1634046387.308106,0.0,9.447461843490599
1900,0,1,0,0,3,2,1116,2211110130,1150,64,1136,17,59861,29483,4,0,0,43,15,2211110130,17,59861,11123,4540,1130,1150,1130.0,1135.0,1.1547005383792517,-0.6666666666666665,75.0,1135.0,1130.0,5.0,12123,52,1116,1096.0,757.6875,-0.6457779504925962,-1.4461387697575403,202363.21484375,1096.0,344.75,751.25,1634046387.308106,0.0,9.447461843490599
1901,0,1,0,0,3,2,1096,2211110130,1130,64,1116,17,59861,29483,4,0,0,43,15,2211110130,17,59861,11123,5670,1130,1150,1130.0,1134.0,1.5,0.25,64.0,1130.0,1130.0,0.0,13219,52,1116,1096.0,777.5882352941177,-0.7423432947100952,-1.312605208504586,196796.12456747403,1096.0,408.0,688.0,1634046387.308106,0.0,9.447461843490599
1902,0,1,0,0,3,2,1096,2211110130,1130,64,1116,17,59861,29483,4,0,0,43,15,2211110130,17,59861,11123,6800,1130,1150,1130.0,1133.3333333333333,1.788854381999862,1.2000000000000703,55.55555555555557,1130.0,1130.0,0.0,14315,52,1116,1096.0,795.2777777777778,-0.8321882312277615,-1.1709187988464589,191182.6450617284,1096.0,408.0,688.0,1634046387.308612,0.0005061626434326,9.447968006134031
1903,0,1,0,0,3,2,1096,2211110130,1130,64,1116,17,59861,29483,4,0,0,43,15,2211110130,17,59861,11123,7930,1130,1150,1130.0,1132.857142857143,2.041241452319301,2.166666666666627,48.9795918367347,1130.0,1130.0,0.0,15411,52,1116,1096.0,811.1052631578947,-0.9163889091106272,-1.022912521588145,185629.56786703604,1096.0,408.0,688.0,1634046387.308612,0.0,9.447968006134031
1904,0,1,0,0,3,2,1096,2211110130,1130,64,1116,17,59861,29483,4,0,0,43,15,2211110130,17,59861,11123,9060,1130,1150,1130.0,1132.5,2.2677868380553634,3.1428571428571432,43.75,1130.0,1130.0,0.0,16507,52,1116,1096.0,825.35,-0.9957772632767834,-0.8699082325646059,180203.4275,1096.0,408.0,688.0,1634046387.308612,0.0,9.447968006134031
1905,0,1,0,0,3,2,1096,2211110130,1130,64,1116,17,59861,29483,4,0,0,43,15,2211110130,17,59861,11123,10190,1130,1150,1130.0,1132.2222222222222,2.4748737341529403,4.125000000000078,39.50617283950618,1130.0,1130.0,0.0,1096,1096,1096,1096.0,1096.0,0.0,-3.0,0.0,1096.0,1096.0,0.0,1634046387.308612,0.0,9.447968006134031
1906,0,1,0,0,3,2,1096,2211110130,1130,64,1116,17,59861,29483,4,0,0,43,15,2211110130,17,59861,11123,11320,1130,1150,1130.0,1132.0,2.6666666666666665,5.111111111111111,36.0,1130.0,1130.0,0.0,2192,1096,1096,1096.0,1096.0,0.0,-3.0,0.0,1096.0,1096.0,0.0,1634046387.309245,0.0006330013275146,9.448601007461546
1907,0,1,0,0,3,2,1096,2211110130,1130,64,1116,17,59861,29483,4,0,0,43,15,2211110130,17,59861,11123,12450,1130,1150,1130.0,1131.8181818181818,2.8460498941515744,6.100000000000124,33.05785123966942,1130.0,1130.0,0.0,3288,1096,1096,1096.0,1096.0,0.0,-3.0,0.0,1096.0,1096.0,0.0,1634046387.309245,0.0,9.448601007461546
1908,0,1,0,0,3,2,1096,2211110130,1130,64,1116,17,59861,29483,4,0,0,43,15,2211110130,17,59861,11123,13580,1130,1150,1130.0,1131.6666666666667,3.015113445777593,7.090909090908916,30.555555555555568,1130.0,1130.0,0.0,4384,1096,1096,1096.0,1096.0,0.0,-3.0,0.0,1096.0,1096.0,0.0,1634046387.309245,0.0,9.448601007461546
1909,0,1,0,0,3,2,1096,2211110130,1130,64,1116,17,59861,29483,4,0,0,43,15,2211110130,17,59861,11123,14710,1130,1150,1130.0,1131.5384615384614,3.1754264805429995,8.083333333333577,28.40236686390534,1130.0,1130.0,0.0,5480,1096,1096,1096.0,1096.0,0.0,-3.0,0.0,1096.0,1096.0,0.0,1634046387.309245,0.0,9.448601007461546
1910,0,1,0,0,3,2,1096,2211110130,1130,64,1116,17,59861,29483,4,0,0,43,15,2211110130,17,59861,11123,15840,1130,1150,1130.0,1131.428571428571,3.3282011773514317,9.07692307692333,26.530612244897952,1130.0,1130.0,0.0,6576,1096,1096,1096.0,1096.0,0.0,-3.0,0.0,1096.0,1096.0,0.0,1634046387.309781,0.0005359649658203,9.449136972427366
1911,0,1,0,0,3,2,1096,2211110130,1130,64,1116,17,59861,29483,4,0,0,43,15,2211110130,17,59861,11123,16970,1130,1150,1130.0,1131.3333333333333,3.474396144861561,10.071428571428772,24.888888888888903,1130.0,1130.0,0.0,7672,1096,1096,1096.0,1096.0,0.0,-3.0,0.0,1096.0,1096.0,0.0,1634046387.309781,0.0,9.449136972427366
1912,0,1,0,0,3,2,1096,2211110130,1130,64,1116,17,59861,29483,4,0,0,43,15,2211110130,17,59861,11123,18100,1130,1150,1130.0,1131.25,3.614784456460256,11.066666666666666,23.4375,1130.0,1130.0,0.0,8768,1096,1096,1096.0,1096.0,0.0,-3.0,0.0,1096.0,1096.0,0.0,1634046387.309781,0.0,9.449136972427366
1913,0,1,0,0,3,2,1096,2211110130,1130,64,1116,17,59861,29483,4,0,0,43,15,2211110130,17,59861,11123,19230,1130,1150,1130.0,1131.1764705882354,3.749999999999957,12.06249999999979,22.14532871972318,1130.0,1130.0,0.0,9864,1096,1096,1096.0,1096.0,0.0,-3.0,0.0,1096.0,1096.0,0.0,1634046387.309781,0.0,9.449136972427366
1914,0,1,0,0,3,2,1096,2211110130,1130,64,1116,17,59861,29483,4,0,0,43,15,2211110130,17,59861,11123,20360,1130,1150,1130.0,1131.111111111111,3.880570000581343,13.058823529411846,20.98765432098766,1130.0,1130.0,0.0,10960,1096,1096,1096.0,1096.0,0.0,-3.0,0.0,1096.0,1096.0,0.0,1634046387.311043,0.0012619495391845,9.450398921966551
1915,0,1,0,0,3,2,1096,2211110130,1130,64,1116,17,59861,29483,4,0,0,43,15,2211110130,17,59861,11123,21490,1130,1150,1130.0,1131.0526315789473,4.006938426723828,14.055555555555864,19.944598337950133,1130.0,1130.0,0.0,12056,1096,1096,1096.0,1096.0,0.0,-3.0,0.0,1096.0,1096.0,0.0,1634046387.311043,0.0,9.450398921966551
1916,0,1,0,0,3,2,1096,2211110130,1130,64,1116,17,59861,29483,4,0,0,43,15,2211110130,17,59861,11123,22620,1130,1150,1130.0,1131.0,4.129483209670112,15.05263157894737,19.0,1130.0,1130.0,0.0,13152,1096,1096,1096.0,1096.0,0.0,-3.0,0.0,1096.0,1096.0,0.0,1634046387.311043,0.0,9.450398921966551
1917,0,1,0,0,3,2,1096,2211110130,1130,64,1116,17,59861,29483,4,0,0,43,15,2211110130,17,59861,11123,1130,1130,1130,1130.0,1130.0,0.0,-3.0,0.0,1130.0,1130.0,0.0,14248,1096,1096,1096.0,1096.0,0.0,-3.0,0.0,1096.0,1096.0,0.0,1634046387.311043,0.0,9.450398921966551
1918,0,1,0,0,3,2,1096,2211110130,1130,64,1116,17,59861,29483,4,0,0,43,15,2211110130,17,59861,11123,2260,1130,1130,1130.0,1130.0,0.0,-3.0,0.0,1130.0,1130.0,0.0,15344,1096,1096,1096.0,1096.0,0.0,-3.0,0.0,1096.0,1096.0,0.0,1634046387.311573,0.0005300045013427,9.450928926467894
1919,0,1,0,0,3,2,1096,2211110130,1130,64,1116,17,59861,29483,4,0,0,43,15,2211110130,17,59861,11123,3390,1130,1130,1130.0,1130.0,0.0,-3.0,0.0,1130.0,1130.0,0.0,16440,1096,1096,1096.0,1096.0,0.0,-3.0,0.0,1096.0,1096.0,0.0,1634046387.311573,0.0,9.450928926467894
1920,0,1,0,0,3,2,1096,2211110130,1130,64,1116,17,59861,29483,4,0,0,43,15,2211110130,17,59861,11123,4520,1130,1130,1130.0,1130.0,0.0,-3.0,0.0,1130.0,1130.0,0.0,17536,1096,1096,1096.0,1096.0,0.0,-3.0,0.0,1096.0,1096.0,0.0,1634046387.311573,0.0,9.450928926467894
1921,0,1,0,0,3,2,1116,2211110130,1150,64,1136,17,59861,29483,4,0,0,43,15,2211110130,17,59861,11123,5670,1130,1150,1130.0,1134.0,1.5,0.25,64.0,1130.0,1130.0,0.0,18652,1096,1116,1096.0,1097.1764705882354,3.7499999999999583,12.062499999999789,22.14532871972318,1096.0,1096.0,0.0,1634046387.314464,0.0028910636901855,9.45381999015808
1922,0,1,0,0,3,2,1096,2211110130,1130,64,1116,17,59861,29483,4,0,0,43,15,2211110130,17,59861,11123,6800,1130,1150,1130.0,1133.3333333333333,1.788854381999862,1.200000000000072,55.55555555555557,1130.0,1130.0,0.0,19748,1096,1116,1096.0,1097.111111111111,3.880570000581343,13.058823529411846,20.98765432098766,1096.0,1096.0,0.0,1634046387.314464,0.0,9.45381999015808
1923,0,1,0,0,3,2,60,2211110130,94,64,80,17,59861,29483,4,0,0,43,15,2211110130,17,59861,11123,6894,94,1150,1130.0,984.8571428571428,-2.0396857689846426,2.163330484531224,132318.69387755104,1130.0,1130.0,0.0,19808,60,1116,1096.0,1042.5263157894738,-4.004420723481371,14.043068933092917,53650.8808864266,1096.0,1096.0,0.0,1634046387.314941,0.0004768371582031,9.454296827316282
1924,0,1,0,0,3,2,1096,2211110130,1130,64,1116,17,59861,29483,4,0,0,43,15,2211110130,17,59861,11123,8024,94,1150,1130.0,1003.0,-2.2661257914347903,3.1387335290790803,118083.0,1130.0,1130.0,0.0,20904,60,1116,1096.0,1045.2,-4.126902377109574,15.039394113983295,51104.16,1096.0,1096.0,0.0,1634046387.314941,0.0,9.454296827316282
1925,0,1,0,0,3,2,1096,2211110130,1130,64,1116,17,59861,29483,4,0,0,43,15,2211110130,17,59861,11123,9154,94,1150,1130.0,1017.1111111111112,-2.473115199169559,4.120098479969199,106555.65432098764,1130.0,1130.0,0.0,1096,1096,1096,1096.0,1096.0,0.0,-3.0,0.0,1096.0,1096.0,0.0,1634046387.314941,0.0,9.454296827316282
1926,0,1,0,0,3,2,1096,2211110130,1130,64,1116,17,59861,29483,4,0,0,43,15,2211110130,17,59861,11123,10284,94,1150,1130.0,1028.4,-2.664816701336021,5.1054384031236815,97047.04,1130.0,1130.0,0.0,2192,1096,1096,1096.0,1096.0,0.0,-3.0,0.0,1096.0,1096.0,0.0,1634046387.315544,0.0006029605865478,9.45489978790283
1927,0,1,0,0,3,2,1096,2211110130,1130,64,1116,17,59861,29483,4,0,0,43,15,2211110130,17,59861,11123,11414,94,1150,1130.0,1037.6363636363635,-2.8441133943241006,6.093560994871305,89077.68595041324,1130.0,1130.0,0.0,3288,1096,1096,1096.0,1096.0,0.0,-3.0,0.0,1096.0,1096.0,0.0,1634046387.315544,0.0,9.45489978790283
1928,0,1,0,0,3,2,1096,2211110130,1130,64,1116,17,59861,29483,4,0,0,43,15,2211110130,17,59861,11123,12544,94,1150,1130.0,1045.3333333333333,-3.013094503731085,7.083707449494307,82306.22222222225,1130.0,1130.0,0.0,4384,1096,1096,1096.0,1096.0,0.0,-3.0,0.0,1096.0,1096.0,0.0,1634046387.315544,0.0,9.45489978790283
1929,0,1,0,0,3,2,1096,2211110130,1130,64,1116,17,59861,29483,4,0,0,43,15,2211110130,17,59861,11123,13674,94,1150,1130.0,1051.8461538461538,-3.173328600481708,8.07537186237088,76483.97633136093,1130.0,1130.0,0.0,5480,1096,1096,1096.0,1096.0,0.0,-3.0,0.0,1096.0,1096.0,0.0,1634046387.315986,0.0004420280456542,9.455341815948485
1930,0,1,0,0,3,2,1096,2211110130,1130,64,1116,17,59861,29483,4,0,0,43,15,2211110130,17,59861,11123,14804,94,1150,1130.0,1057.428571428571,-3.326027414504145,9.06820397322534,71425.95918367348,1130.0,1130.0,0.0,6576,1096,1096,1096.0,1096.0,0.0,-3.0,0.0,1096.0,1096.0,0.0,1634046387.315986,0.0,9.455341815948485
1931,0,1,0,0,3,2,1096,2211110130,1130,64,1116,17,59861,29483,4,0,0,43,15,2211110130,17,59861,11123,15934,94,1150,1130.0,1062.2666666666669,-3.472149200414124,10.061953585421172,66991.9288888889,1130.0,1130.0,0.0,7672,1096,1096,1096.0,1096.0,0.0,-3.0,0.0,1096.0,1096.0,0.0,1634046387.315986,0.0,9.455341815948485
1932,0,1,0,0,3,2,1096,2211110130,1130,64,1116,17,59861,29483,4,0,0,43,15,2211110130,17,59861,11123,17064,94,1150,1130.0,1066.5,-3.612466745270548,11.056437214953894,63073.75,1130.0,1130.0,0.0,8768,1096,1096,1096.0,1096.0,0.0,-3.0,0.0,1096.0,1096.0,0.0,1634046387.315986,0.0,9.455341815948485
1933,0,1,0,0,3,2,1096,2211110130,1130,64,1116,17,59861,29483,4,0,0,43,15,2211110130,17,59861,11123,18194,94,1150,1130.0,1070.235294117647,-3.7476137006394223,12.051517244761014,59586.76816608997,1130.0,1130.0,0.0,9864,1096,1096,1096.0,1096.0,0.0,-3.0,0.0,1096.0,1096.0,0.0,1634046387.316567,0.0005810260772705,9.455922842025755
1934,0,1,0,0,3,2,1096,2211110130,1130,64,1116,17,59861,29483,4,0,0,43,15,2211110130,17,59861,11123,19324,94,1150,1130.0,1073.5555555555557,-3.878117093396444,13.047088435632762,56463.80246913579,1130.0,1130.0,0.0,10960,1096,1096,1096.0,1096.0,0.0,-3.0,0.0,1096.0,1096.0,0.0,1634046387.316567,0.0,9.455922842025755
1935,0,1,0,0,3,2,1096,2211110130,1130,64,1116,17,59861,29483,4,0,0,43,15,2211110130,17,59861,11123,20454,94,1150,1130.0,1076.5263157894738,-4.004420723481373,14.043068933092917,53650.88088642659,1130.0,1130.0,0.0,12056,1096,1096,1096.0,1096.0,0.0,-3.0,0.0,1096.0,1096.0,0.0,1634046387.316567,0.0,9.455922842025755
1936,0,1,0,0,3,2,1096,2211110130,1130,64,1116,17,59861,29483,4,0,0,43,15,2211110130,17,59861,11123,21584,94,1150,1130.0,1079.2,-4.126902377109574,15.039394113983292,51104.16,1130.0,1130.0,0.0,13152,1096,1096,1096.0,1096.0,0.0,-3.0,0.0,1096.0,1096.0,0.0,1634046387.316567,0.0,9.455922842025755
1937,0,1,0,0,3,2,1096,2211110130,1130,64,1116,17,59861,29483,4,0,0,43,15,2211110130,17,59861,11123,1130,1130,1130,1130.0,1130.0,0.0,-3.0,0.0,1130.0,1130.0,0.0,14248,1096,1096,1096.0,1096.0,0.0,-3.0,0.0,1096.0,1096.0,0.0,1634046387.317163,0.0005960464477539,9.456518888473509
1938,0,1,0,0,3,2,1096,2211110130,1130,64,1116,17,59861,29483,4,0,0,43,15,2211110130,17,59861,11123,2260,1130,1130,1130.0,1130.0,0.0,-3.0,0.0,1130.0,1130.0,0.0,15344,1096,1096,1096.0,1096.0,0.0,-3.0,0.0,1096.0,1096.0,0.0,1634046387.317163,0.0,9.456518888473509
1939,0,1,0,0,3,2,1096,2211110130,1130,64,1116,17,59861,29483,4,0,0,43,15,2211110130,17,59861,11123,3390,1130,1130,1130.0,1130.0,0.0,-3.0,0.0,1130.0,1130.0,0.0,16440,1096,1096,1096.0,1096.0,0.0,-3.0,0.0,1096.0,1096.0,0.0,1634046387.317163,0.0,9.456518888473509
1940,0,1,0,0,3,2,1096,2211110130,1130,64,1116,17,59861,29483,4,0,0,43,15,2211110130,17,59861,11123,4520,1130,1130,1130.0,1130.0,0.0,-3.0,0.0,1130.0,1130.0,0.0,17536,1096,1096,1096.0,1096.0,0.0,-3.0,0.0,1096.0,1096.0,0.0,1634046387.317163,0.0,9.456518888473509
1941,0,1,0,0,3,2,1096,2211110130,1130,64,1116,17,59861,29483,4,0,0,43,15,2211110130,17,59861,11123,5650,1130,1130,1130.0,1130.0,0.0,-3.0,0.0,1130.0,1130.0,0.0,18632,1096,1096,1096.0,1096.0,0.0,-3.0,0.0,1096.0,1096.0,0.0,1634046387.317686,0.0005230903625488,9.457041978836058
1942,0,1,0,0,3,2,1096,2211110130,1130,64,1116,17,59861,29483,4,0,0,43,15,2211110130,17,59861,11123,6780,1130,1130,1130.0,1130.0,0.0,-3.0,0.0,1130.0,1130.0,0.0,19728,1096,1096,1096.0,1096.0,0.0,-3.0,0.0,1096.0,1096.0,0.0,1634046387.317686,0.0,9.457041978836058
1943,0,1,0,0,3,2,1116,2211110130,1150,64,1136,17,59861,29483,4,0,0,43,15,2211110130,17,59861,11123,7930,1130,1150,1130.0,1132.857142857143,2.041241452319302,2.1666666666666297,48.97959183673469,1130.0,1130.0,0.0,20844,1096,1116,1096.0,1097.0526315789473,4.006938426723826,14.05555555555586,19.944598337950136,1096.0,1096.0,0.0,1634046387.317686,0.0,9.457041978836058
1944,0,1,0,0,3,2,1096,2211110130,1130,64,1116,17,59861,29483,4,0,0,43,15,2211110130,17,59861,11123,9060,1130,1150,1130.0,1132.5,2.2677868380553634,3.1428571428571432,43.75,1130.0,1130.0,0.0,21940,1096,1116,1096.0,1097.0,4.129483209670112,15.05263157894737,19.0,1096.0,1096.0,0.0,1634046387.318213,0.0005269050598144,9.457568883895872
1945,0,1,0,0,3,2,1096,2211110130,1130,64,1116,17,59861,29483,4,0,0,43,15,2211110130,17,59861,11123,10190,1130,1150,1130.0,1132.2222222222222,2.4748737341529403,4.125000000000078,39.50617283950618,1130.0,1130.0,0.0,1096,1096,1096,1096.0,1096.0,0.0,-3.0,0.0,1096.0,1096.0,0.0,1634046387.318213,0.0,9.457568883895872
1946,0,1,0,0,3,2,1096,2211110130,1130,64,1116,17,59861,29483,4,0,0,43,15,2211110130,17,59861,11123,11320,1130,1150,1130.0,1132.0,2.6666666666666665,5.111111111111111,36.0,1130.0,1130.0,0.0,2192,1096,1096,1096.0,1096.0,0.0,-3.0,0.0,1096.0,1096.0,0.0,1634046387.318213,0.0,9.457568883895872
1947,0,1,0,0,3,2,1096,2211110130,1130,64,1116,17,59861,29483,4,0,0,43,15,2211110130,17,59861,11123,12450,1130,1150,1130.0,1131.8181818181818,2.8460498941515744,6.100000000000124,33.05785123966942,1130.0,1130.0,0.0,3288,1096,1096,1096.0,1096.0,0.0,-3.0,0.0,1096.0,1096.0,0.0,1634046387.318213,0.0,9.457568883895872
1948,0,1,0,0,3,2,1096,2211110130,1130,64,1116,17,59861,29483,4,0,0,43,15,2211110130,17,59861,11123,13580,1130,1150,1130.0,1131.6666666666667,3.015113445777593,7.090909090908916,30.555555555555568,1130.0,1130.0,0.0,4384,1096,1096,1096.0,1096.0,0.0,-3.0,0.0,1096.0,1096.0,0.0,1634046387.31873,0.0005171298980712,9.458086013793944
1949,0,1,0,0,3,2,1096,2211110130,1130,64,1116,17,59861,29483,4,0,0,43,15,2211110130,17,59861,11123,14710,1130,1150,1130.0,1131.5384615384614,3.1754264805429995,8.083333333333577,28.40236686390534,1130.0,1130.0,0.0,5480,1096,1096,1096.0,1096.0,0.0,-3.0,0.0,1096.0,1096.0,0.0,1634046387.31873,0.0,9.458086013793944
1950,0,1,0,0,3,2,1096,2211110130,1130,64,1116,17,59861,29483,4,0,0,43,15,2211110130,17,59861,11123,15840,1130,1150,1130.0,1131.428571428571,3.3282011773514317,9.07692307692333,26.530612244897952,1130.0,1130.0,0.0,6576,1096,1096,1096.0,1096.0,0.0,-3.0,0.0,1096.0,1096.0,0.0,1634046387.31873,0.0,9.458086013793944
1951,0,1,0,0,3,2,1096,2211110130,1130,64,1116,17,59861,29483,4,0,0,43,15,2211110130,17,59861,11123,16970,1130,1150,1130.0,1131.3333333333333,3.474396144861561,10.071428571428772,24.888888888888903,1130.0,1130.0,0.0,7672,1096,1096,1096.0,1096.0,0.0,-3.0,0.0,1096.0,1096.0,0.0,1634046387.31873,0.0,9.458086013793944
1952,0,1,0,0,3,2,1096,2211110130,1130,64,1116,17,59861,29483,4,0,0,43,15,2211110130,17,59861,11123,18100,1130,1150,1130.0,1131.25,3.614784456460256,11.066666666666666,23.4375,1130.0,1130.0,0.0,8768,1096,1096,1096.0,1096.0,0.0,-3.0,0.0,1096.0,1096.0,0.0,1634046387.319336,0.000605821609497,9.45869183540344
1953,0,1,0,0,3,2,1096,2211110130,1130,64,1116,17,59861,29483,4,0,0,43,15,2211110130,17,59861,11123,19230,1130,1150,1130.0,1131.1764705882354,3.749999999999957,12.06249999999979,22.14532871972318,1130.0,1130.0,0.0,9864,1096,1096,1096.0,1096.0,0.0,-3.0,0.0,1096.0,1096.0,0.0,1634046387.319336,0.0,9.45869183540344
1954,0,1,0,0,3,2,1096,2211110130,1130,64,1116,17,59861,29483,4,0,0,43,15,2211110130,17,59861,11123,20360,1130,1150,1130.0,1131.111111111111,3.880570000581343,13.058823529411846,20.98765432098766,1130.0,1130.0,0.0,10960,1096,1096,1096.0,1096.0,0.0,-3.0,0.0,1096.0,1096.0,0.0,1634046387.319336,0.0,9.45869183540344
1955,0,1,0,0,3,2,1096,2211110130,1130,64,1116,17,59861,29483,4,0,0,43,15,2211110130,17,59861,11123,21490,1130,1150,1130.0,1131.0526315789473,4.006938426723828,14.055555555555864,19.944598337950133,1130.0,1130.0,0.0,12056,1096,1096,1096.0,1096.0,0.0,-3.0,0.0,1096.0,1096.0,0.0,1634046387.319336,0.0,9.45869183540344
1956,0,1,0,0,3,2,1096,2211110130,1130,64,1116,17,59861,29483,4,0,0,43,15,2211110130,17,59861,11123,22620,1130,1150,1130.0,1131.0,4.129483209670112,15.05263157894737,19.0,1130.0,1130.0,0.0,13152,1096,1096,1096.0,1096.0,0.0,-3.0,0.0,1096.0,1096.0,0.0,1634046387.319865,0.0005290508270263,9.459220886230467
1957,0,1,0,0,3,2,1096,2211110130,1130,64,1116,17,59861,29483,4,0,0,43,15,2211110130,17,59861,11123,1130,1130,1130,1130.0,1130.0,0.0,-3.0,0.0,1130.0,1130.0,0.0,14248,1096,1096,1096.0,1096.0,0.0,-3.0,0.0,1096.0,1096.0,0.0,1634046387.319865,0.0,9.459220886230467
1958,0,1,0,0,3,2,1096,2211110130,1130,64,1116,17,59861,29483,4,0,0,43,15,2211110130,17,59861,11123,2260,1130,1130,1130.0,1130.0,0.0,-3.0,0.0,1130.0,1130.0,0.0,15344,1096,1096,1096.0,1096.0,0.0,-3.0,0.0,1096.0,1096.0,0.0,1634046387.319865,0.0,9.459220886230467
1959,0,1,0,0,3,2,1096,2211110130,1130,64,1116,17,59861,29483,4,0,0,43,15,2211110130,17,59861,11123,3390,1130,1130,1130.0,1130.0,0.0,-3.0,0.0,1130.0,1130.0,0.0,16440,1096,1096,1096.0,1096.0,0.0,-3.0,0.0,1096.0,1096.0,0.0,1634046387.319865,0.0,9.459220886230467
1960,0,1,0,0,2,3,60,3232270721,94,47,80,17,29483,59861,4,0,0,43,15,2211110130,17,59861,11123,3484,94,1130,1130.0,871.0,-1.1547005383792517,-0.6666666666666665,201243.0,1130.0,871.0,259.0,16500,60,1096,1096.0,1031.25,-3.614784456460256,11.066666666666666,62888.4375,1096.0,1096.0,0.0,1634046387.321177,0.0013120174407958,9.460532903671263
1961,0,1,0,0,3,2,1096,2211110130,1130,64,1116,17,59861,29483,4,0,0,43,15,2211110130,17,59861,11123,4614,94,1130,1130.0,922.8,-1.5,0.25,171727.36,1130.0,1130.0,0.0,17596,60,1096,1096.0,1035.0588235294117,-3.749999999999999,12.062499999999991,59421.231833910046,1096.0,1096.0,0.0,1634046387.325481,0.0043039321899414,9.464836835861204
1962,0,1,0,0,3,2,1096,2211110130,1130,64,1116,17,59861,29483,4,0,0,43,15,2211110130,17,59861,11123,5744,94,1130,1130.0,957.3333333333334,-1.7888543819998324,1.200000000000001,149068.88888888888,1130.0,1130.0,0.0,18692,60,1096,1096.0,1038.4444444444443,-3.8805700005813257,13.058823529411756,56314.91358024691,1096.0,1096.0,0.0,1634046387.325481,0.0,9.464836835861204
1963,0,1,0,0,3,2,1096,2211110130,1130,64,1116,17,59861,29483,4,0,0,43,15,2211110130,17,59861,11123,6874,94,1130,1130.0,982.0,-2.0412414523193148,2.166666666666667,131424.0,1130.0,1130.0,0.0,19788,60,1096,1096.0,1041.4736842105262,-4.006938426723766,14.055555555555546,53516.144044321336,1096.0,1096.0,0.0,1634046387.325481,0.0,9.464836835861204
1964,0,1,0,0,3,2,1096,2211110130,1130,64,1116,17,59861,29483,4,0,0,43,15,2211110130,17,59861,11123,8004,94,1130,1130.0,1000.5,-2.2677868380553634,3.1428571428571432,117391.75,1130.0,1130.0,0.0,20884,60,1096,1096.0,1044.2,-4.129483209670113,15.052631578947372,50981.56,1096.0,1096.0,0.0,1634046387.325481,0.0,9.464836835861204
1965,0,1,0,0,3,2,1116,2211110130,1150,64,1136,17,59861,29483,4,0,0,43,15,2211110130,17,59861,11123,9154,94,1150,1130.0,1017.1111111111112,-2.4731151991695586,4.120098479969196,106555.65432098764,1130.0,1130.0,0.0,1116,1116,1116,1116.0,1116.0,0.0,-3.0,0.0,1116.0,1116.0,0.0,1634046387.325981,0.0004999637603759,9.46533679962158
1966,0,1,0,0,3,2,1096,2211110130,1130,64,1116,17,59861,29483,4,0,0,43,15,2211110130,17,59861,11123,10284,94,1150,1130.0,1028.4,-2.664816701336021,5.1054384031236815,97047.04,1130.0,1130.0,0.0,2212,1096,1116,1106.0,1106.0,0.0,-2.0,100.0,1111.0,1101.0,10.0,1634046387.325981,0.0,9.46533679962158
1967,0,1,0,0,3,2,1096,2211110130,1130,64,1116,17,59861,29483,4,0,0,43,15,2211110130,17,59861,11123,11414,94,1150,1130.0,1037.6363636363635,-2.844113394324101,6.093560994871309,89077.68595041323,1130.0,1130.0,0.0,3308,1096,1116,1096.0,1102.6666666666667,0.7071067811865236,-1.5000000000000222,88.88888888888887,1106.0,1096.0,10.0,1634046387.325981,0.0,9.46533679962158
1968,0,1,0,0,3,2,1096,2211110130,1130,64,1116,17,59861,29483,4,0,0,43,15,2211110130,17,59861,11123,12544,94,1150,1130.0,1045.3333333333333,-3.013094503731086,7.083707449494312,82306.22222222223,1130.0,1130.0,0.0,4404,1096,1116,1096.0,1101.0,1.1547005383792517,-0.6666666666666665,75.0,1101.0,1096.0,5.0,1634046387.326505,0.0005240440368652,9.465860843658445
1969,0,1,0,0,3,2,1096,2211110130,1130,64,1116,17,59861,29483,4,0,0,43,15,2211110130,17,59861,11123,13674,94,1150,1130.0,1051.8461538461538,-3.173328600481707,8.075371862370881,76483.97633136093,1130.0,1130.0,0.0,5500,1096,1116,1096.0,1100.0,1.5,0.25,64.0,1096.0,1096.0,0.0,1634046387.326505,0.0,9.465860843658445
1970,0,1,0,0,3,2,1096,2211110130,1130,64,1116,17,59861,29483,4,0,0,43,15,2211110130,17,59861,11123,14804,94,1150,1130.0,1057.428571428571,-3.326027414504145,9.06820397322534,71425.95918367348,1130.0,1130.0,0.0,6596,1096,1116,1096.0,1099.3333333333333,1.7888543819998608,1.2000000000000697,55.55555555555558,1096.0,1096.0,0.0,1634046387.326505,0.0,9.465860843658445
1971,0,1,0,0,3,2,1096,2211110130,1130,64,1116,17,59861,29483,4,0,0,43,15,2211110130,17,59861,11123,15934,94,1150,1130.0,1062.2666666666669,-3.472149200414124,10.061953585421172,66991.9288888889,1130.0,1130.0,0.0,7692,1096,1116,1096.0,1098.857142857143,2.041241452319301,2.166666666666627,48.9795918367347,1096.0,1096.0,0.0,1634046387.326505,0.0,9.465860843658445
1972,0,1,0,0,3,2,1096,2211110130,1130,64,1116,17,59861,29483,4,0,0,43,15,2211110130,17,59861,11123,17064,94,1150,1130.0,1066.5,-3.612466745270548,11.056437214953894,63073.75,1130.0,1130.0,0.0,8788,1096,1116,1096.0,1098.5,2.2677868380553634,3.1428571428571432,43.75,1096.0,1096.0,0.0,1634046387.327024,0.0005190372467041,9.46637988090515
1973,0,1,0,0,3,2,1096,2211110130,1130,64,1116,17,59861,29483,4,0,0,43,15,2211110130,17,59861,11123,18194,94,1150,1130.0,1070.235294117647,-3.7476137006394223,12.051517244761014,59586.76816608997,1130.0,1130.0,0.0,9884,1096,1116,1096.0,1098.2222222222222,2.4748737341529403,4.125000000000078,39.50617283950618,1096.0,1096.0,0.0,1634046387.327024,0.0,9.46637988090515
1974,0,1,0,0,3,2,1096,2211110130,1130,64,1116,17,59861,29483,4,0,0,43,15,2211110130,17,59861,11123,19324,94,1150,1130.0,1073.5555555555557,-3.878117093396444,13.047088435632762,56463.80246913579,1130.0,1130.0,0.0,10980,1096,1116,1096.0,1098.0,2.6666666666666665,5.111111111111111,36.0,1096.0,1096.0,0.0,1634046387.327024,0.0,9.46637988090515
1975,0,1,0,0,3,2,1096,2211110130,1130,64,1116,17,59861,29483,4,0,0,43,15,2211110130,17,59861,11123,20454,94,1150,1130.0,1076.5263157894738,-4.004420723481373,14.043068933092917,53650.88088642659,1130.0,1130.0,0.0,12076,1096,1116,1096.0,1097.8181818181818,2.8460498941515744,6.100000000000124,33.05785123966942,1096.0,1096.0,0.0,1634046387.327524,0.0004999637603759,9.466879844665526
1976,0,1,0,0,3,2,1096,2211110130,1130,64,1116,17,59861,29483,4,0,0,43,15,2211110130,17,59861,11123,21584,94,1150,1130.0,1079.2,-4.126902377109574,15.039394113983292,51104.16,1130.0,1130.0,0.0,13172,1096,1116,1096.0,1097.6666666666667,3.015113445777593,7.090909090908916,30.555555555555568,1096.0,1096.0,0.0,1634046387.327524,0.0,9.466879844665526
1977,0,1,0,0,3,2,1096,2211110130,1130,64,1116,17,59861,29483,4,0,0,43,15,2211110130,17,59861,11123,1130,1130,1130,1130.0,1130.0,0.0,-3.0,0.0,1130.0,1130.0,0.0,14268,1096,1116,1096.0,1097.5384615384614,3.1754264805429995,8.083333333333577,28.40236686390534,1096.0,1096.0,0.0,1634046387.327524,0.0,9.466879844665526
1978,0,1,0,0,3,2,1096,2211110130,1130,64,1116,17,59861,29483,4,0,0,43,15,2211110130,17,59861,11123,2260,1130,1130,1130.0,1130.0,0.0,-3.0,0.0,1130.0,1130.0,0.0,15364,1096,1116,1096.0,1097.428571428571,3.3282011773514317,9.07692307692333,26.530612244897952,1096.0,1096.0,0.0,1634046387.327524,0.0,9.466879844665526
1979,0,1,0,0,3,2,1096,2211110130,1130,64,1116,17,59861,29483,4,0,0,43,15,2211110130,17,59861,11123,3390,1130,1130,1130.0,1130.0,0.0,-3.0,0.0,1130.0,1130.0,0.0,16460,1096,1116,1096.0,1097.3333333333333,3.474396144861561,10.071428571428772,24.888888888888903,1096.0,1096.0,0.0,1634046387.328084,0.0005600452423095,9.467439889907835
1980,0,1,0,0,3,2,1096,2211110130,1130,64,1116,17,59861,29483,4,0,0,43,15,2211110130,17,59861,11123,4520,1130,1130,1130.0,1130.0,0.0,-3.0,0.0,1130.0,1130.0,0.0,17556,1096,1116,1096.0,1097.25,3.614784456460256,11.066666666666666,23.4375,1096.0,1096.0,0.0,1634046387.328084,0.0,9.467439889907835
1981,0,1,0,0,3,2,1096,2211110130,1130,64,1116,17,59861,29483,4,0,0,43,15,2211110130,17,59861,11123,5650,1130,1130,1130.0,1130.0,0.0,-3.0,0.0,1130.0,1130.0,0.0,18652,1096,1116,1096.0,1097.1764705882354,3.749999999999957,12.06249999999979,22.14532871972318,1096.0,1096.0,0.0,1634046387.331354,0.0032699108123779,9.470709800720213
1982,0,1,0,0,3,2,1096,2211110130,1130,64,1116,17,59861,29483,4,0,0,43,15,2211110130,17,59861,11123,6780,1130,1130,1130.0,1130.0,0.0,-3.0,0.0,1130.0,1130.0,0.0,19748,1096,1116,1096.0,1097.111111111111,3.880570000581343,13.058823529411846,20.98765432098766,1096.0,1096.0,0.0,1634046387.331354,0.0,9.470709800720213
1983,0,1,0,0,3,2,1096,2211110130,1130,64,1116,17,59861,29483,4,0,0,43,15,2211110130,17,59861,11123,7910,1130,1130,1130.0,1130.0,0.0,-3.0,0.0,1130.0,1130.0,0.0,20844,1096,1116,1096.0,1097.0526315789473,4.006938426723828,14.055555555555864,19.944598337950133,1096.0,1096.0,0.0,1634046387.331354,0.0,9.470709800720213
1984,0,1,0,0,3,2,1096,2211110130,1130,64,1116,17,59861,29483,4,0,0,43,15,2211110130,17,59861,11123,9040,1130,1130,1130.0,1130.0,0.0,-3.0,0.0,1130.0,1130.0,0.0,21940,1096,1116,1096.0,1097.0,4.129483209670112,15.05263157894737,19.0,1096.0,1096.0,0.0,1634046387.331354,0.0,9.470709800720213
1985,0,1,0,0,3,2,1096,2211110130,1130,64,1116,17,59861,29483,4,0,0,43,15,2211110130,17,59861,11123,10170,1130,1130,1130.0,1130.0,0.0,-3.0,0.0,1130.0,1130.0,0.0,1096,1096,1096,1096.0,1096.0,0.0,-3.0,0.0,1096.0,1096.0,0.0,1634046387.331354,0.0,9.470709800720213
1986,0,1,0,0,3,2,1116,2211110130,1150,64,1136,17,59861,29483,4,0,0,43,15,2211110130,17,59861,11123,11320,1130,1150,1130.0,1132.0,2.6666666666666665,5.111111111111111,36.0,1130.0,1130.0,0.0,2212,1096,1116,1106.0,1106.0,0.0,-2.0,100.0,1111.0,1101.0,10.0,1634046387.331354,0.0,9.470709800720213
1987,0,1,0,0,3,2,1096,2211110130,1130,64,1116,17,59861,29483,4,0,0,43,15,2211110130,17,59861,11123,12450,1130,1150,1130.0,1131.8181818181818,2.846049894151573,6.100000000000124,33.05785123966942,1130.0,1130.0,0.0,3308,1096,1116,1096.0,1102.6666666666667,0.7071067811865236,-1.5000000000000222,88.88888888888887,1106.0,1096.0,10.0,1634046387.331354,0.0,9.470709800720213
1988,0,1,0,0,3,2,1096,2211110130,1130,64,1116,17,59861,29483,4,0,0,43,15,2211110130,17,59861,11123,13580,1130,1150,1130.0,1131.6666666666667,3.0151134457775943,7.090909090908921,30.55555555555556,1130.0,1130.0,0.0,4404,1096,1116,1096.0,1101.0,1.1547005383792517,-0.6666666666666665,75.0,1101.0,1096.0,5.0,1634046387.333334,0.0019800662994384,9.472689867019652
1989,0,1,0,0,3,2,1096,2211110130,1130,64,1116,17,59861,29483,4,0,0,43,15,2211110130,17,59861,11123,14710,1130,1150,1130.0,1131.5384615384614,3.175426480543,8.08333333333358,28.402366863905332,1130.0,1130.0,0.0,5500,1096,1116,1096.0,1100.0,1.5,0.25,64.0,1096.0,1096.0,0.0,1634046387.333334,0.0,9.472689867019652
1990,0,1,0,0,3,2,1096,2211110130,1130,64,1116,17,59861,29483,4,0,0,43,15,2211110130,17,59861,11123,15840,1130,1150,1130.0,1131.428571428571,3.328201177351432,9.07692307692333,26.530612244897952,1130.0,1130.0,0.0,6596,1096,1116,1096.0,1099.3333333333333,1.7888543819998608,1.2000000000000697,55.55555555555558,1096.0,1096.0,0.0,1634046387.335094,0.0017600059509277,9.47444987297058
1991,0,1,0,0,3,2,1096,2211110130,1130,64,1116,17,59861,29483,4,0,0,43,15,2211110130,17,59861,11123,16970,1130,1150,1130.0,1131.3333333333333,3.474396144861562,10.071428571428774,24.8888888888889,1130.0,1130.0,0.0,7692,1096,1116,1096.0,1098.857142857143,2.041241452319301,2.166666666666627,48.9795918367347,1096.0,1096.0,0.0,1634046387.335094,0.0,9.47444987297058
1992,0,1,0,0,3,2,1096,2211110130,1130,64,1116,17,59861,29483,4,0,0,43,15,2211110130,17,59861,11123,18100,1130,1150,1130.0,1131.25,3.614784456460256,11.066666666666666,23.4375,1130.0,1130.0,0.0,8788,1096,1116,1096.0,1098.5,2.2677868380553634,3.1428571428571432,43.75,1096.0,1096.0,0.0,1634046387.335094,0.0,9.47444987297058
1993,0,1,0,0,3,2,1096,2211110130,1130,64,1116,17,59861,29483,4,0,0,43,15,2211110130,17,59861,11123,19230,1130,1150,1130.0,1131.1764705882354,3.749999999999957,12.06249999999979,22.14532871972318,1130.0,1130.0,0.0,9884,1096,1116,1096.0,1098.2222222222222,2.4748737341529403,4.125000000000078,39.50617283950618,1096.0,1096.0,0.0,1634046387.335094,0.0,9.47444987297058
1994,0,1,0,0,3,2,1096,2211110130,1130,64,1116,17,59861,29483,4,0,0,43,15,2211110130,17,59861,11123,20360,1130,1150,1130.0,1131.111111111111,3.880570000581343,13.058823529411846,20.98765432098766,1130.0,1130.0,0.0,10980,1096,1116,1096.0,1098.0,2.6666666666666665,5.111111111111111,36.0,1096.0,1096.0,0.0,1634046387.337413,0.0023190975189208,9.4767689704895
1995,0,1,0,0,3,2,1096,2211110130,1130,64,1116,17,59861,29483,4,0,0,43,15,2211110130,17,59861,11123,21490,1130,1150,1130.0,1131.0526315789473,4.006938426723828,14.055555555555864,19.944598337950133,1130.0,1130.0,0.0,12076,1096,1116,1096.0,1097.8181818181818,2.8460498941515744,6.100000000000124,33.05785123966942,1096.0,1096.0,0.0,1634046387.337413,0.0,9.4767689704895
1996,0,1,0,0,3,2,1096,2211110130,1130,64,1116,17,59861,29483,4,0,0,43,15,2211110130,17,59861,11123,22620,1130,1150,1130.0,1131.0,4.129483209670112,15.05263157894737,19.0,1130.0,1130.0,0.0,13172,1096,1116,1096.0,1097.6666666666667,3.015113445777593,7.090909090908916,30.555555555555568,1096.0,1096.0,0.0,1634046387.337413,0.0,9.4767689704895
1997,0,1,0,0,3,2,1096,2211110130,1130,64,1116,17,59861,29483,4,0,0,43,15,2211110130,17,59861,11123,1130,1130,1130,1130.0,1130.0,0.0,-3.0,0.0,1130.0,1130.0,0.0,14268,1096,1116,1096.0,1097.5384615384614,3.1754264805429995,8.083333333333577,28.40236686390534,1096.0,1096.0,0.0,1634046387.337413,0.0,9.4767689704895
1998,0,1,0,0,3,2,1096,2211110130,1130,64,1116,17,59861,29483,4,0,0,43,15,2211110130,17,59861,11123,2260,1130,1130,1130.0,1130.0,0.0,-3.0,0.0,1130.0,1130.0,0.0,15364,1096,1116,1096.0,1097.428571428571,3.3282011773514317,9.07692307692333,26.530612244897952,1096.0,1096.0,0.0,1634046387.337907,0.0004940032958984,9.477262973785399
1999,0,1,0,0,3,2,1096,2211110130,1130,64,1116,17,59861,29483,4,0,0,43,15,2211110130,17,59861,11123,3390,1130,1130,1130.0,1130.0,0.0,-3.0,0.0,1130.0,1130.0,0.0,16460,1096,1116,1096.0,1097.3333333333333,3.474396144861561,10.071428571428772,24.888888888888903,1096.0,1096.0,0.0,1634046387.337907,0.0,9.477262973785399
2000,0,1,0,0,3,2,1096,2211110130,1130,64,1116,17,59861,29483,4,0,0,43,15,2211110130,17,59861,11123,4520,1130,1130,1130.0,1130.0,0.0,-3.0,0.0,1130.0,1130.0,0.0,17556,1096,1116,1096.0,1097.25,3.614784456460256,11.066666666666666,23.4375,1096.0,1096.0,0.0,1634046387.337907,0.0,9.477262973785399
2001,0,1,0,0,3,2,1096,2211110130,1130,64,1116,17,59861,29483,4,0,0,43,15,2211110130,17,59861,11123,5650,1130,1130,1130.0,1130.0,0.0,-3.0,0.0,1130.0,1130.0,0.0,18652,1096,1116,1096.0,1097.1764705882354,3.749999999999957,12.06249999999979,22.14532871972318,1096.0,1096.0,0.0,1634046387.338427,0.0005199909210205,9.47778296470642
2002,0,1,0,0,3,2,1096,2211110130,1130,64,1116,17,59861,29483,4,0,0,43,15,2211110130,17,59861,11123,6780,1130,1130,1130.0,1130.0,0.0,-3.0,0.0,1130.0,1130.0,0.0,19748,1096,1116,1096.0,1097.111111111111,3.880570000581343,13.058823529411846,20.98765432098766,1096.0,1096.0,0.0,1634046387.338427,0.0,9.47778296470642
2003,0,1,0,0,3,2,1096,2211110130,1130,64,1116,17,59861,29483,4,0,0,43,15,2211110130,17,59861,11123,7910,1130,1130,1130.0,1130.0,0.0,-3.0,0.0,1130.0,1130.0,0.0,20844,1096,1116,1096.0,1097.0526315789473,4.006938426723828,14.055555555555864,19.944598337950133,1096.0,1096.0,0.0,1634046387.338427,0.0,9.47778296470642
2004,0,1,0,0,3,2,1096,2211110130,1130,64,1116,17,59861,29483,4,0,0,43,15,2211110130,17,59861,11123,9040,1130,1130,1130.0,1130.0,0.0,-3.0,0.0,1130.0,1130.0,0.0,21940,1096,1116,1096.0,1097.0,4.129483209670112,15.05263157894737,19.0,1096.0,1096.0,0.0,1634046387.338427,0.0,9.47778296470642
2005,0,1,0,0,3,2,1096,2211110130,1130,64,1116,17,59861,29483,4,0,0,43,15,2211110130,17,59861,11123,10170,1130,1130,1130.0,1130.0,0.0,-3.0,0.0,1130.0,1130.0,0.0,1096,1096,1096,1096.0,1096.0,0.0,-3.0,0.0,1096.0,1096.0,0.0,1634046387.338935,0.0005078315734863,9.478290796279905
2006,0,1,0,0,3,2,1096,2211110130,1130,64,1116,17,59861,29483,4,0,0,43,15,2211110130,17,59861,11123,11300,1130,1130,1130.0,1130.0,0.0,-3.0,0.0,1130.0,1130.0,0.0,2192,1096,1096,1096.0,1096.0,0.0,-3.0,0.0,1096.0,1096.0,0.0,1634046387.338935,0.0,9.478290796279905
2007,0,1,0,0,3,2,1116,2211110130,1150,64,1136,17,59861,29483,4,0,0,43,15,2211110130,17,59861,11123,12450,1130,1150,1130.0,1131.8181818181818,2.846049894151573,6.100000000000126,33.05785123966942,1130.0,1130.0,0.0,3308,1096,1116,1096.0,1102.6666666666667,0.7071067811865238,-1.5000000000000222,88.88888888888887,1106.0,1096.0,10.0,1634046387.338935,0.0,9.478290796279905
2008,0,1,0,0,3,2,1096,2211110130,1130,64,1116,17,59861,29483,4,0,0,43,15,2211110130,17,59861,11123,13580,1130,1150,1130.0,1131.6666666666667,3.0151134457775943,7.090909090908923,30.55555555555556,1130.0,1130.0,0.0,4404,1096,1116,1096.0,1101.0,1.1547005383792517,-0.6666666666666665,75.0,1101.0,1096.0,5.0,1634046387.34303,0.0040950775146484,9.482385873794554
2009,0,1,0,0,3,2,1096,2211110130,1130,64,1116,17,59861,29483,4,0,0,43,15,2211110130,17,59861,11123,14710,1130,1150,1130.0,1131.5384615384614,3.175426480543001,8.083333333333583,28.40236686390533,1130.0,1130.0,0.0,5500,1096,1116,1096.0,1100.0,1.5,0.25,64.0,1096.0,1096.0,0.0,1634046387.34303,0.0,9.482385873794554
2010,0,1,0,0,3,2,1096,2211110130,1130,64,1116,17,59861,29483,4,0,0,43,15,2211110130,17,59861,11123,15840,1130,1150,1130.0,1131.428571428571,3.3282011773514317,9.076923076923327,26.53061224489796,1130.0,1130.0,0.0,6596,1096,1116,1096.0,1099.3333333333333,1.7888543819998612,1.2000000000000703,55.55555555555557,1096.0,1096.0,0.0,1634046387.34303,0.0,9.482385873794554
2011,0,1,0,0,3,2,1096,2211110130,1130,64,1116,17,59861,29483,4,0,0,43,15,2211110130,17,59861,11123,16970,1130,1150,1130.0,1131.3333333333333,3.474396144861561,10.071428571428774,24.8888888888889,1130.0,1130.0,0.0,7692,1096,1116,1096.0,1098.857142857143,2.041241452319301,2.166666666666627,48.9795918367347,1096.0,1096.0,0.0,1634046387.34303,0.0,9.482385873794554
2012,0,1,0,0,3,2,1096,2211110130,1130,64,1116,17,59861,29483,4,0,0,43,15,2211110130,17,59861,11123,18100,1130,1150,1130.0,1131.25,3.614784456460256,11.066666666666666,23.4375,1130.0,1130.0,0.0,8788,1096,1116,1096.0,1098.5,2.2677868380553634,3.1428571428571432,43.75,1096.0,1096.0,0.0,1634046387.343521,0.0004911422729492,9.482877016067503
2013,0,1,0,0,3,2,1096,2211110130,1130,64,1116,17,59861,29483,4,0,0,43,15,2211110130,17,59861,11123,19230,1130,1150,1130.0,1131.1764705882354,3.749999999999957,12.06249999999979,22.14532871972318,1130.0,1130.0,0.0,9884,1096,1116,1096.0,1098.2222222222222,2.4748737341529403,4.125000000000078,39.50617283950618,1096.0,1096.0,0.0,1634046387.343521,0.0,9.482877016067503
2014,0,1,0,0,3,2,1096,2211110130,1130,64,1116,17,59861,29483,4,0,0,43,15,2211110130,17,59861,11123,20360,1130,1150,1130.0,1131.111111111111,3.880570000581343,13.058823529411846,20.98765432098766,1130.0,1130.0,0.0,10980,1096,1116,1096.0,1098.0,2.6666666666666665,5.111111111111111,36.0,1096.0,1096.0,0.0,1634046387.343521,0.0,9.482877016067503
2015,0,1,0,0,2,3,60,3232270721,94,47,80,17,29483,59861,4,0,0,43,15,2211110130,17,59861,11123,20454,94,1150,1130.0,1076.5263157894738,-4.004420723481371,14.043068933092917,53650.8808864266,1130.0,1130.0,0.0,11040,60,1116,1096.0,1003.6363636363636,-2.844113394324101,6.093560994871309,89077.68595041322,1096.0,1096.0,0.0,1634046387.343655,0.000133991241455,9.483011007308958
2016,0,1,0,0,3,2,1096,2211110130,1130,64,1116,17,59861,29483,4,0,0,43,15,2211110130,17,59861,11123,21584,94,1150,1130.0,1079.2,-4.126902377109574,15.039394113983295,51104.16,1130.0,1130.0,0.0,12136,60,1116,1096.0,1011.3333333333334,-3.013094503731087,7.08370744949432,82306.22222222223,1096.0,1096.0,0.0,1634046387.347469,0.0038139820098876,9.486824989318846
2017,0,1,0,0,3,2,1096,2211110130,1130,64,1116,17,59861,29483,4,0,0,43,15,2211110130,17,59861,11123,1130,1130,1130,1130.0,1130.0,0.0,-3.0,0.0,1130.0,1130.0,0.0,13232,60,1116,1096.0,1017.8461538461538,-3.1733286004817063,8.07537186237088,76483.97633136094,1096.0,1096.0,0.0,1634046387.347469,0.0,9.486824989318846
2018,0,1,0,0,3,2,1096,2211110130,1130,64,1116,17,59861,29483,4,0,0,43,15,2211110130,17,59861,11123,2260,1130,1130,1130.0,1130.0,0.0,-3.0,0.0,1130.0,1130.0,0.0,14328,60,1116,1096.0,1023.4285714285714,-3.326027414504148,9.068203973225348,71425.95918367348,1096.0,1096.0,0.0,1634046387.348091,0.0006217956542968,9.487446784973143
2019,0,1,0,0,3,2,1096,2211110130,1130,64,1116,17,59861,29483,4,0,0,43,15,2211110130,17,59861,11123,3390,1130,1130,1130.0,1130.0,0.0,-3.0,0.0,1130.0,1130.0,0.0,15424,60,1116,1096.0,1028.2666666666669,-3.4721492004141243,10.061953585421172,66991.9288888889,1096.0,1096.0,0.0,1634046387.348091,0.0,9.487446784973143
2020,0,1,0,0,3,2,1096,2211110130,1130,64,1116,17,59861,29483,4,0,0,43,15,2211110130,17,59861,11123,4520,1130,1130,1130.0,1130.0,0.0,-3.0,0.0,1130.0,1130.0,0.0,16520,60,1116,1096.0,1032.5,-3.612466745270548,11.056437214953894,63073.75,1096.0,1096.0,0.0,1634046387.348814,0.000723123550415,9.488169908523558
2021,0,1,0,0,3,2,1096,2211110130,1130,64,1116,17,59861,29483,4,0,0,43,15,2211110130,17,59861,11123,5650,1130,1130,1130.0,1130.0,0.0,-3.0,0.0,1130.0,1130.0,0.0,17616,60,1116,1096.0,1036.235294117647,-3.7476137006394223,12.051517244761014,59586.76816608997,1096.0,1096.0,0.0,1634046387.348814,0.0,9.488169908523558
2022,0,1,0,0,3,2,1096,2211110130,1130,64,1116,17,59861,29483,4,0,0,43,15,2211110130,17,59861,11123,6780,1130,1130,1130.0,1130.0,0.0,-3.0,0.0,1130.0,1130.0,0.0,18712,60,1116,1096.0,1039.5555555555557,-3.878117093396443,13.047088435632755,56463.8024691358,1096.0,1096.0,0.0,1634046387.348814,0.0,9.488169908523558
2023,0,1,0,0,3,2,1096,2211110130,1130,64,1116,17,59861,29483,4,0,0,43,15,2211110130,17,59861,11123,7910,1130,1130,1130.0,1130.0,0.0,-3.0,0.0,1130.0,1130.0,0.0,19808,60,1116,1096.0,1042.5263157894738,-4.004420723481373,14.043068933092917,53650.88088642659,1096.0,1096.0,0.0,1634046387.349413,0.0005989074707031,9.488768815994261
2024,0,1,0,0,3,2,1050,2211110130,1084,64,1070,17,59861,29483,4,0,0,43,15,2211110130,17,59861,11123,8994,1084,1130,1130.0,1124.25,-2.2677868380553634,3.1428571428571432,231.4375,1130.0,1130.0,0.0,20858,60,1116,1096.0,1042.9,-4.113091905379025,14.965420091087127,50970.99,1096.0,1096.0,0.0,1634046387.349413,0.0,9.488768815994261
2025,0,1,0,0,3,2,1096,2211110130,1130,64,1116,17,59861,29483,4,0,0,43,15,2211110130,17,59861,11123,10124,1084,1130,1130.0,1124.888888888889,-2.474873734152921,4.125000000000017,208.98765432098764,1130.0,1130.0,0.0,1096,1096,1096,1096.0,1096.0,0.0,-3.0,0.0,1096.0,1096.0,0.0,1634046387.350044,0.0006310939788818,9.489399909973143
2026,0,1,0,0,3,2,1096,2211110130,1130,64,1116,17,59861,29483,4,0,0,43,15,2211110130,17,59861,11123,11254,1084,1130,1130.0,1125.4,-2.666666666666686,5.111111111111184,190.44,1130.0,1130.0,0.0,2192,1096,1096,1096.0,1096.0,0.0,-3.0,0.0,1096.0,1096.0,0.0,1634046387.350044,0.0,9.489399909973143
2027,0,1,0,0,3,2,1080,2211110130,1114,64,1100,17,59861,29483,4,0,0,43,15,2211110130,17,59861,11123,12368,1084,1130,1130.0,1124.3636363636365,-2.379663531453157,4.193128010342878,183.86776859504133,1130.0,1130.0,0.0,3272,1080,1096,1096.0,1090.6666666666667,-0.7071067811865777,-1.4999999999999716,56.888888888888886,1096.0,1088.0,8.0,1634046387.35072,0.0006759166717529,9.490075826644896
2028,0,1,0,0,3,2,96,2211110130,130,64,116,17,59861,29483,4,0,0,43,15,2211110130,17,59861,11123,12498,130,1130,1130.0,1041.5,-3.0032985967336945,7.0469598013008525,75698.75,1130.0,1126.0,4.0,3368,96,1096,1088.0,842.0,-1.1539068857983286,-0.6672863162532239,185548.0,1096.0,834.0,262.0,1634046387.35072,0.0,9.490075826644896
2029,0,1,0,0,3,2,1116,2211110130,1150,64,1136,17,59861,29483,4,0,0,43,15,2211110130,17,59861,11123,13648,130,1150,1130.0,1049.8461538461538,-3.1596325389370623,8.02129565535491,70711.66863905326,1130.0,1130.0,0.0,4484,96,1116,1096.0,896.8,-1.4969471498602562,0.2459513540790054,160450.56,1096.0,1080.0,16.0,1634046387.35072,0.0,9.490075826644896
2030,0,1,0,0,3,2,1096,2211110130,1130,64,1116,17,59861,29483,4,0,0,43,15,2211110130,17,59861,11123,14778,130,1150,1130.0,1055.571428571429,-3.311902377994981,9.009254514862349,66086.95918367348,1130.0,1130.0,0.0,5580,96,1116,1096.0,930.0,-1.785702246280949,1.19439030280987,139220.0,1096.0,1084.0,12.0,1634046387.351401,0.0006811618804931,9.490756988525389
2031,0,1,0,0,3,2,1096,2211110130,1130,64,1116,17,59861,29483,4,0,0,43,15,2211110130,17,59861,11123,15908,130,1150,1130.0,1060.5333333333333,-3.4576068506778146,9.99814563588658,62025.84888888889,1130.0,1130.0,0.0,6676,96,1116,1096.0,953.7142857142856,-2.0379731099637377,2.1595860225004744,122705.63265306124,1096.0,1088.0,8.0,1634046387.351401,0.0,9.490756988525389
2032,0,1,0,0,3,2,1096,2211110130,1130,64,1116,17,59861,29483,4,0,0,43,15,2211110130,17,59861,11123,17038,130,1150,1130.0,1064.875,-3.597517952477727,10.987782543658453,58431.984375,1130.0,1130.0,0.0,7772,96,1116,1096.0,971.5,-2.264395896542833,3.134354638798189,109581.75,1096.0,1092.0,4.0,1634046387.352048,0.0006468296051025,9.491403818130491
2033,0,1,0,0,2,3,60,3232270721,94,47,80,17,29483,59861,4,0,0,43,15,2211110130,17,59861,11123,17132,94,1150,1130.0,1007.7647058823528,-2.368458187542472,3.6262953453323,107180.17993079586,1130.0,1130.0,0.0,7832,60,1116,1096.0,870.2222222222222,-1.336289058462049,-0.2096523262300524,179463.5061728395,1096.0,1080.0,16.0,1634046387.356115,0.0040671825408935,9.495471000671385
2034,0,1,0,0,3,2,1096,2211110130,1130,64,1116,17,59861,29483,4,0,0,43,15,2211110130,17,59861,11123,18262,94,1150,1130.0,1014.5555555555557,-2.469763955012217,4.117179143234766,102009.6913580247,1130.0,1130.0,0.0,8928,60,1116,1096.0,892.8,-1.4999817977157963,0.2548627516143509,166104.96,1096.0,1084.0,12.0,1634046387.357762,0.0016469955444335,9.497117996215819
2035,0,1,0,0,3,2,1096,2211110130,1130,64,1116,17,59861,29483,4,0,0,43,15,2211110130,17,59861,11123,19392,94,1150,1130.0,1020.6315789473684,-2.567266800568849,4.609052177511562,97305.28531855954,1130.0,1130.0,0.0,10024,60,1116,1096.0,911.2727272727273,-1.649896677203688,0.7273329007346172,154416.9256198347,1096.0,1088.0,8.0,1634046387.357762,0.0,9.497117996215819
2036,0,1,0,0,3,2,515,2211110130,549,64,535,17,59861,29483,4,0,0,43,15,2211110130,17,59861,11123,19941,94,1150,1130.0,997.05,-2.177117102812731,3.011542388438839,103005.74749999998,1130.0,1126.0,4.0,10539,60,1116,1096.0,878.25,-1.3580825800051148,0.0423575145540624,153544.35416666666,1096.0,938.75,157.25,1634046387.357762,0.0,9.497117996215819
2037,0,1,0,0,3,2,56,2211110130,90,64,76,17,59861,29483,4,0,0,43,15,2211110130,17,59861,11123,90,90,90,90.0,90.0,0.0,-3.0,0.0,90.0,90.0,0.0,10595,56,1116,1096.0,815.0,-0.9913198097356172,-0.8869751216546269,189740.0,1096.0,515.0,581.0,1634046387.359037,0.001274824142456,9.498392820358275
2038,0,1,0,0,3,2,408,2211110130,442,64,428,17,59861,29483,4,0,0,43,15,2211110130,17,59861,11123,532,90,442,266.0,266.0,0.0,-2.0,30976.0,354.0,178.0,176.0,11003,56,1116,1096.0,785.9285714285714,-0.7970816418928711,-1.169151224652382,187174.06632653065,1096.0,434.75,661.25,1634046387.3616,0.0025629997253417,9.500955820083616
2039,0,1,0,0,3,2,1096,2211110130,1130,64,1116,17,59861,29483,4,0,0,43,15,2211110130,17,59861,11123,1662,90,1130,442.0,554.0,0.3715396642818891,-1.4999999999999998,186538.66666666663,786.0,266.0,520.0,12099,56,1116,1096.0,806.6,-0.9045533004238884,-0.98548487029778,180678.10666666663,1096.0,461.5,634.5,1634046387.368245,0.0066449642181396,9.507600784301756
2040,0,1,0,0,3,2,1096,2211110130,1130,64,1116,17,59861,29483,4,0,0,43,15,2211110130,17,59861,11123,2792,90,1130,786.0,698.0,-0.2209083806017051,-1.7110937129623651,202112.0,1130.0,354.0,776.0,13195,56,1116,1096.0,824.6875,-1.004279643887059,-0.7932764044860998,174293.08984375,1096.0,488.25,607.75,1634046387.368245,0.0,9.507600784301756
2041,0,1,0,0,3,2,1096,2211110130,1130,64,1116,17,59861,29483,4,0,0,43,15,2211110130,17,59861,11123,3922,90,1130,1130.0,784.4,-0.5991375832154536,-1.424414698912279,191549.44,1130.0,442.0,688.0,14291,56,1116,1096.0,840.6470588235294,-1.0975632785220717,-0.594581445292278,168115.87543252597,1096.0,515.0,581.0,1634046387.368245,0.0,9.507600784301756
2042,0,1,0,0,3,2,1096,2211110130,1130,64,1116,17,59861,29483,4,0,0,43,15,2211110130,17,59861,11123,5052,90,1130,1130.0,842.0,-0.8870831088785447,-0.9983900943313264,176213.33333333334,1130.0,614.0,516.0,15387,56,1116,1096.0,854.8333333333334,-1.1853958982347723,-0.3908451873747407,162197.36111111112,1096.0,656.25,439.75,1634046387.368834,0.0005891323089599,9.508189916610716
2043,0,1,0,0,3,2,1000,2211110130,1034,64,1020,17,59861,29483,4,0,0,43,15,2211110130,17,59861,11123,6086,90,1130,1130.0,869.4285714285714,-1.1092454081502492,-0.5108024595613609,155553.9591836734,1130.0,738.0,392.0,16387,56,1116,1096.0,862.4736842105264,-1.2611277493043678,-0.1864750247466329,154711.40720221604,1096.0,757.5,338.5,1634046387.368834,0.0,9.508189916610716
2044,0,1,0,0,3,2,408,2211110130,442,64,428,17,59861,29483,4,0,0,43,15,2211110130,17,59861,11123,6528,90,1130,1082.0,816.0,-0.7156843668760611,-1.162902001731581,156092.0,1130.0,442.0,688.0,16795,56,1116,1096.0,839.75,-1.0776096433593447,-0.5778109601398822,156786.7875,1096.0,488.25,607.75,1634046387.374034,0.005199909210205,9.513389825820921
2045,0,1,0,0,2,3,60,3232270721,94,47,80,17,29483,59861,4,0,0,43,15,2211110130,17,59861,11123,6622,90,1130,1034.0,735.7777777777778,-0.4188349500005373,-1.57851687986678,190233.28395061727,1130.0,442.0,688.0,60,60,60,60.0,60.0,0.0,-3.0,0.0,60.0,60.0,0.0,1634046387.37529,0.001255989074707,9.514645814895628
2046,0,1,0,0,2,3,60,3232270721,94,47,80,17,29483,59861,4,0,0,43,15,2211110130,17,59861,11123,6716,90,1130,738.0,671.6,-0.18247350365731,-1.7633706699968,208279.04,1130.0,181.0,949.0,120,60,60,60.0,60.0,0.0,-3.0,0.0,60.0,60.0,0.0,1634046387.389404,0.0141141414642333,9.528759956359862
2047,0,1,0,0,3,2,52,2211110130,86,64,72,17,59861,29483,4,0,0,43,15,2211110130,17,59861,11123,6802,86,1130,442.0,618.3636363636364,0.0087933321577595,-1.8195162209005784,217685.68595041323,1130.0,94.0,1036.0,172,52,60,60.0,57.333333333333336,-0.7071067811865493,-1.4999999999999982,14.222222222222223,60.0,56.0,4.0,1634046387.409393,0.019989013671875,9.548748970031737
2048,0,1,0,0,2,3,60,3232270721,94,47,80,17,29483,59861,4,0,0,43,15,2211110130,17,59861,11123,6896,86,1130,442.0,574.6666666666666,0.1718481051334109,-1.804344336211573,220548.8888888889,1130.0,94.0,1036.0,232,52,60,60.0,58.0,-1.1547005383792517,-0.6666666666666665,12.0,60.0,58.0,2.0,1634046387.410276,0.000882863998413,9.54963183403015
2049,0,1,0,0,3,2,1096,2211110130,1130,64,1116,17,59861,29483,4,0,0,43,15,2211110130,17,59861,11123,8026,86,1130,442.0,617.3846153846154,0.0058824054548179,-1.8509213529694848,225481.46745562128,1130.0,94.0,1036.0,1328,52,1096,60.0,265.6,1.49979065169744,0.249722666084375,172400.63999999998,60.0,60.0,0.0,1634046387.413557,0.0032811164855957,9.552912950515745
2050,0,1,0,0,3,2,1096,2211110130,1130,64,1116,17,59861,29483,4,0,0,43,15,2211110130,17,59861,11123,9156,86,1130,738.0,654.0,-0.1366151548882592,-1.843017524486726,226804.57142857145,1130.0,94.0,1036.0,2424,52,1096,60.0,404.0,0.7070001954623323,-1.4999992252777363,239440.0,837.0,60.0,777.0,1634046387.414735,0.0011780261993408,9.554090976715086
2051,0,1,0,0,3,2,1096,2211110130,1130,64,1116,17,59861,29483,4,0,0,43,15,2211110130,17,59861,11123,10286,86,1130,1034.0,685.7333333333333,-0.2620049797272923,-1.800002810794061,225782.3288888889,1130.0,94.0,1036.0,3520,52,1096,60.0,502.8571428571428,0.2885961650265224,-1.9166053294834795,263870.69387755095,1096.0,60.0,1036.0,1634046387.414735,0.0,9.554090976715086
2052,0,1,0,0,3,2,1096,2211110130,1130,64,1116,17,59861,29483,4,0,0,43,15,2211110130,17,59861,11123,11416,86,1130,1082.0,713.5,-0.3743924746714183,-1.7330568802366295,223235.75,1130.0,94.0,1036.0,4616,52,1096,578.0,577.0,-6.699425612061041e-05,-1.999910215718966,269367.0,1096.0,60.0,1036.0,1634046387.414735,0.0,9.554090976715086
2053,0,1,0,0,3,2,1096,2211110130,1130,64,1116,17,59861,29483,4,0,0,43,15,2211110130,17,59861,11123,12546,86,1130,1130.0,738.0,-0.4765696219497234,-1.6490760269358116,219708.23529411765,1130.0,94.0,1036.0,5712,52,1096,1096.0,634.6666666666666,-0.2236674684218594,-1.949891051186868,266040.8888888889,1096.0,60.0,1036.0,1634046387.415412,0.0006768703460693,9.554767847061155
2054,0,1,0,0,3,2,155,2211110130,189,64,175,17,59861,29483,4,0,0,43,15,2211110130,17,59861,11123,12735,86,1130,1082.0,707.5,-0.3324446693365955,-1.7746623319454369,223316.47222222225,1130.0,117.75,1012.25,5867,52,1096,625.5,586.7,-0.0083951301365318,-1.989649853214392,260144.01,1096.0,60.0,1036.0,1634046387.415412,0.0,9.554767847061155
2055,0,1,0,0,2,3,60,3232270721,94,47,80,17,29483,59861,4,0,0,43,15,2211110130,17,59861,11123,12829,86,1130,1034.0,675.2105263157895,-0.2084703167054133,-1.8515146620354863,230329.9556786704,1130.0,94.0,1036.0,5927,52,1096,155.0,538.8181818181819,0.1746644965628407,-1.9598426729196752,259421.2396694215,1096.0,60.0,1036.0,1634046387.425974,0.0105619430541992,9.565329790115355
2056,0,1,0,0,3,2,408,2211110130,442,64,428,17,59861,29483,4,0,0,43,15,2211110130,17,59861,11123,13271,86,1130,738.0,663.55,-0.1418805584003346,-1.8338486266553864,221396.8475,1130.0,94.0,1036.0,6335,52,1096,281.5,527.9166666666666,0.2462345313149901,-1.8582538548272185,239110.0763888889,1096.0,60.0,1036.0,1634046387.431368,0.0053942203521728,9.570724010467528
2057,0,1,0,0,3,2,1116,2211110130,1150,64,1136,17,59861,29483,4,0,0,43,15,2211110130,17,59861,11123,1150,1150,1150,1150.0,1150.0,0.0,-3.0,0.0,1150.0,1150.0,0.0,7451,52,1116,408.0,573.1538461538462,0.0727861499635607,-1.9221723638546424,245273.82248520709,1096.0,60.0,1036.0,1634046387.431368,0.0,9.570724010467528
2058,0,1,0,0,3,2,60,2211110130,94,64,80,17,59861,29483,4,0,0,43,15,2211110130,17,59861,11123,1244,94,1150,622.0,622.0,0.0,-2.0,278784.0,886.0,358.0,528.0,7511,52,1116,281.5,536.5,0.2105869552240038,-1.886905733764526,245219.82142857145,1096.0,60.0,1036.0,1634046387.431368,0.0,9.570724010467528
2059,0,1,0,0,3,2,1096,2211110130,1130,64,1116,17,59861,29483,4,0,0,43,15,2211110130,17,59861,11123,2374,94,1150,1130.0,791.3333333333334,-0.7062346401382238,-1.4999999999999996,243203.55555555556,1140.0,612.0,528.0,8607,52,1116,408.0,573.8,0.0622259400700379,-1.933487425419792,248349.89333333328,1096.0,60.0,1036.0,1634046387.437282,0.0059139728546142,9.576637983322142
2060,0,1,0,0,3,2,1096,2211110130,1130,64,1116,17,59861,29483,4,0,0,43,15,2211110130,17,59861,11123,3504,94,1150,1130.0,876.0,-1.1535632802536944,-0.6675271247646477,203908.0,1135.0,871.0,264.0,9703,52,1116,752.0,606.4375,-0.0666847689270758,-1.9369840099793427,248806.12109375,1096.0,60.0,1036.0,1634046387.437282,0.0,9.576637983322142
2061,0,1,0,0,3,2,1096,2211110130,1130,64,1116,17,59861,29483,4,0,0,43,15,2211110130,17,59861,11123,4634,94,1150,1130.0,926.8,-1.4986946394519651,0.2482875521764378,173448.96,1130.0,1130.0,0.0,10799,52,1116,1096.0,635.2352941176471,-0.1810799677407019,-1.9114318176184293,247439.47404844288,1096.0,60.0,1036.0,1634046387.437953,0.0006709098815917,9.577308893203734
2062,0,1,0,0,3,2,1096,2211110130,1130,64,1116,17,59861,29483,4,0,0,43,15,2211110130,17,59861,11123,5764,94,1150,1130.0,960.6666666666666,-1.787415105428971,1.1974652125141103,150275.55555555553,1130.0,1130.0,0.0,11895,52,1116,1096.0,660.8333333333334,-0.2842378684345045,-1.865367572643291,244832.25,1096.0,60.0,1036.0,1634046387.438922,0.0009689331054687,9.578277826309202
2063,0,1,0,0,3,2,1096,2211110130,1130,64,1116,17,59861,29483,4,0,0,43,15,2211110130,17,59861,11123,6894,94,1150,1130.0,984.8571428571428,-2.0396857689846426,2.163330484531224,132318.69387755104,1130.0,1130.0,0.0,12991,52,1116,1096.0,683.7368421052631,-0.3784417140423883,-1.804281539989265,241388.61495844868,1096.0,60.0,1036.0,1634046387.438922,0.0,9.578277826309202
2064,0,1,0,0,3,2,959,2211110130,993,64,979,17,59861,29483,4,0,0,43,15,2211110130,17,59861,11123,7887,94,1150,1130.0,985.875,-2.189283131491249,2.9263514212897297,115786.109375,1130.0,1095.75,34.25,13950,52,1116,1096.0,697.5,-0.4556080606989769,-1.7275632058358057,232918.25,1096.0,60.0,1036.0,1634046387.438922,0.0,9.578277826309202
2065,0,1,0,0,2,3,56,3232270721,90,47,76,17,29483,59861,4,0,0,43,15,2211110130,17,59861,11123,7977,90,1150,1130.0,886.3333333333334,-1.3009736034346129,-0.2589443063416405,182189.3333333333,1130.0,993.0,137.0,56,56,56,56.0,56.0,0.0,-3.0,0.0,56.0,56.0,0.0,1634046387.457491,0.018568992614746,9.596846818923948
2066,0,1,0,0,3,2,408,2211110130,442,64,428,17,59861,29483,4,0,0,43,15,2211110130,17,59861,11123,8419,90,1150,1130.0,841.9,-0.9746396815276266,-0.874439618621357,181739.29,1130.0,579.75,550.25,464,56,408,232.0,232.0,0.0,-2.0,30976.0,320.0,144.0,176.0,1634046387.468074,0.0105831623077392,9.607429981231688
2067,0,1,0,0,2,3,60,3232270721,94,47,80,17,29483,59861,4,0,0,43,15,2211110130,17,59861,11123,8513,90,1150,1130.0,773.9090909090909,-0.6503720525100044,-1.4526005849424106,211445.173553719,1130.0,268.0,862.0,524,56,408,60.0,174.66666666666666,0.7067951202245192,-1.4999999999999996,27224.888888888887,234.0,58.0,176.0,1634046387.474933,0.0068588256835937,9.614288806915281
2068,0,1,0,0,3,2,1096,2211110130,1130,64,1116,17,59861,29483,4,0,0,43,15,2211110130,17,59861,11123,9643,90,1150,1130.0,803.5833333333334,-0.7880129488445716,-1.255083320875069,203510.90972222225,1130.0,355.0,775.0,1620,56,1096,234.0,405.0,0.8093560462813357,-1.0077398532512167,179579.0,580.0,59.0,521.0,1634046387.480247,0.0053141117095947,9.619602918624876
2069,0,1,0,0,3,2,1096,2211110130,1130,64,1116,17,59861,29483,4,0,0,43,15,2211110130,17,59861,11123,10773,90,1150,1130.0,828.6923076923077,-0.9126377043337526,-1.0423563452966638,195421.75147929,1130.0,442.0,688.0,2716,56,1096,408.0,543.2,0.2071544701374441,-1.769443639312971,220060.16,1096.0,60.0,1036.0,1634046387.480247,0.0,9.619602918624876
2070,0,1,0,0,3,2,1096,2211110130,1130,64,1116,17,59861,29483,4,0,0,43,15,2211110130,17,59861,11123,11903,90,1150,1130.0,850.2142857142857,-1.0269987890370535,-0.8189093202255848,187484.59693877547,1130.0,579.75,550.25,3812,56,1096,752.0,635.3333333333334,-0.1605074531781218,-1.823513566674962,225826.22222222225,1096.0,147.0,949.0,1634046387.480247,0.0,9.619602918624876
2071,0,1,0,0,3,2,1096,2211110130,1130,64,1116,17,59861,29483,4,0,0,43,15,2211110130,17,59861,11123,13033,90,1150,1130.0,868.8666666666667,-1.1330429340895365,-0.5876242834024854,179856.38222222222,1130.0,717.5,412.5,4908,56,1096,1096.0,701.1428571428571,-0.4318822664016841,-1.675757150248187,219550.69387755095,1096.0,234.0,862.0,1634046387.480868,0.0006210803985595,9.620223999023436
2072,0,1,0,0,3,2,535,2211110130,569,64,555,17,59861,29483,4,0,0,43,15,2211110130,17,59861,11123,13602,90,1150,1130.0,850.125,-1.0057376079932008,-0.7565952827899505,173884.109375,1130.0,537.25,592.75,5443,56,1096,815.5,680.375,-0.3165302196068236,-1.6033427307361487,195125.984375,1096.0,321.0,775.0,1634046387.480868,0.0,9.620223999023436
2073,0,1,0,0,2,3,60,3232270721,94,47,80,17,29483,59861,4,0,0,43,15,2211110130,17,59861,11123,13696,90,1150,1130.0,805.6470588235294,-0.786842210059824,-1.199953572420284,195308.2283737024,1130.0,442.0,688.0,5503,56,1096,535.0,611.4444444444445,-0.0691637474658672,-1.7516030504458746,211456.6913580247,1096.0,60.0,1036.0,1634046387.492194,0.0113258361816406,9.631549835205076
2074,0,1,0,0,2,3,52,3232270721,86,47,72,17,29483,59861,4,0,0,43,15,2211110130,17,59861,11123,13782,86,1150,1130.0,765.6666666666666,-0.6101296942515708,-1.476866578536498,211631.11111111112,1130.0,181.0,949.0,5555,52,1096,471.5,555.5,0.1300519073857169,-1.7661884650259685,218479.05,1096.0,60.0,1036.0,1634046387.492249,5.507469177246094e-05,9.631604909896849
2075,0,1,0,0,3,2,408,2211110130,442,64,428,17,59861,29483,4,0,0,43,15,2211110130,17,59861,11123,14224,86,1150,1130.0,748.6315789473684,-0.5095232948307332,-1.544223750134333,205716.1274238227,1130.0,268.0,862.0,5963,52,1096,408.0,542.0909090909091,0.2212011461864414,-1.6448606036360012,200415.3553719008,1096.0,60.0,1036.0,1634046387.495571,0.003321886062622,9.63492679595947
2076,0,1,0,0,3,2,56,2211110130,90,64,76,17,59861,29483,4,0,0,43,15,2211110130,17,59861,11123,14314,86,1150,1061.5,715.7,-0.3791402862859331,-1.681976910686503,216035.61,1130.0,94.0,1036.0,6019,52,1096,408.0,501.5833333333333,0.3664045154169715,-1.576737030535604,201763.57638888896,1096.0,59.0,1037.0,1634046387.522759,0.0271880626678466,9.662114858627318
2077,0,1,0,0,3,2,1096,2211110130,1130,64,1116,17,59861,29483,4,0,0,43,15,2211110130,17,59861,11123,1130,1130,1130,1130.0,1130.0,0.0,-3.0,0.0,1130.0,1130.0,0.0,7115,52,1096,408.0,547.3076923076923,0.1824321844456651,-1.7195039943398005,211331.90532544375,1096.0,60.0,1036.0,1634046387.522759,0.0,9.662114858627318
2078,0,1,0,0,3,2,1096,2211110130,1130,64,1116,17,59861,29483,4,0,0,43,15,2211110130,17,59861,11123,2260,1130,1130,1130.0,1130.0,0.0,-3.0,0.0,1130.0,1130.0,0.0,8211,52,1096,471.5,586.5,0.0276127584716568,-1.7774520512549408,216205.25,1096.0,60.0,1036.0,1634046387.523794,0.0010349750518798,9.663149833679197
2079,0,1,0,0,3,2,1096,2211110130,1130,64,1116,17,59861,29483,4,0,0,43,15,2211110130,17,59861,11123,3390,1130,1130,1130.0,1130.0,0.0,-3.0,0.0,1130.0,1130.0,0.0,9307,52,1096,535.0,620.4666666666667,-0.106533818625539,-1.783293786393663,217943.8488888889,1096.0,60.0,1036.0,1634046387.523794,0.0,9.663149833679197
2080,0,1,0,0,3,2,1096,2211110130,1130,64,1116,17,59861,29483,4,0,0,43,15,2211110130,17,59861,11123,4520,1130,1130,1130.0,1130.0,0.0,-3.0,0.0,1130.0,1130.0,0.0,10403,52,1096,815.5,650.1875,-0.2253184840731583,-1.7548731515410805,217572.27734375,1096.0,60.0,1036.0,1634046387.523794,0.0,9.663149833679197
2081,0,1,0,0,3,2,588,2211110130,622,64,608,17,59861,29483,4,0,0,43,15,2211110130,17,59861,11123,5142,622,1130,1130.0,1028.4,-1.500000000000001,0.2500000000000022,41290.240000000005,1130.0,1130.0,0.0,10991,52,1096,588.0,646.5294117647059,-0.2078022941620594,-1.6869014488964895,204988.0138408304,1096.0,60.0,1036.0,1634046387.524442,0.000648021697998,9.663797855377195
2082,0,1,0,0,2,3,60,3232270721,94,47,80,17,29483,59861,4,0,0,43,15,2211110130,17,59861,11123,5236,94,1130,1130.0,872.6666666666666,-1.138881580142881,-0.3239113449805924,155672.8888888889,1130.0,749.0,381.0,11051,52,1096,561.5,613.9444444444445,-0.089348779107402,-1.7453588805103508,211650.05246913584,1096.0,60.0,1036.0,1634046387.527987,0.0035450458526611,9.667342901229857
2083,0,1,0,0,3,2,408,2211110130,442,64,428,17,59861,29483,4,0,0,43,15,2211110130,17,59861,11123,5678,94,1130,1130.0,811.1428571428571,-0.6858374660069644,-1.091662453996008,156144.97959183672,1130.0,532.0,598.0,11459,52,1096,535.0,603.1052631578947,-0.0231512641318955,-1.7065596248611037,202625.35734072025,1096.0,60.0,1036.0,1634046387.533739,0.0057520866394042,9.673094987869261
2084,0,1,0,0,3,2,60,2211110130,94,64,80,17,59861,29483,4,0,0,43,15,2211110130,17,59861,11123,5772,94,1130,876.0,721.5,-0.3605255917548692,-1.562993442169888,192877.75,1130.0,355.0,775.0,11519,52,1096,471.5,575.95,0.0727530361136379,-1.7190038120651263,206504.8475,1096.0,60.0,1036.0,1634046387.54479,0.0110509395599365,9.684145927429197
2085,0,1,0,0,3,2,1096,2211110130,1130,64,1116,17,59861,29483,4,0,0,43,15,2211110130,17,59861,11123,6902,94,1130,1130.0,766.8888888888889,-0.5554930523848958,-1.400132518602266,187928.0987654321,1130.0,442.0,688.0,1096,1096,1096,1096.0,1096.0,0.0,-3.0,0.0,1096.0,1096.0,0.0,1634046387.545742,0.0009520053863525,9.68509793281555
2086,0,1,0,0,2,3,60,3232270721,94,47,80,17,29483,59861,4,0,0,43,15,2211110130,17,59861,11123,6996,94,1130,876.0,699.6,-0.2966340158204463,-1.6844237922240848,209885.44,1130.0,181.0,949.0,1156,60,1096,578.0,578.0,0.0,-2.0,268324.0,837.0,319.0,518.0,1634046387.546757,0.0010149478912353,9.686112880706785
2087,0,1,0,0,3,2,1116,2211110130,1150,64,1136,17,59861,29483,4,0,0,43,15,2211110130,17,59861,11123,8146,94,1150,1130.0,740.5454545454545,-0.4567002505912379,-1.5747123559308218,207570.24793388427,1130.0,268.0,862.0,2272,60,1116,1096.0,757.3333333333334,-0.706234640138224,-1.4999999999999996,243203.55555555556,1106.0,578.0,528.0,1634046387.54726,0.0005030632019042,9.68661594390869
2088,0,1,0,0,3,2,1096,2211110130,1130,64,1116,17,59861,29483,4,0,0,43,15,2211110130,17,59861,11123,9276,94,1150,1130.0,773.0,-0.5993407785810284,-1.42962059669108,201859.0,1130.0,355.0,775.0,3368,60,1116,1096.0,842.0,-1.1535632802536944,-0.6675271247646477,203908.0,1101.0,837.0,264.0,1634046387.54726,0.0,9.68661594390869
2089,0,1,0,0,3,2,1096,2211110130,1130,64,1116,17,59861,29483,4,0,0,43,15,2211110130,17,59861,11123,10406,94,1150,1130.0,800.4615384615385,-0.7270747240768166,-1.262459091657121,195381.0177514793,1130.0,442.0,688.0,4464,60,1116,1096.0,892.8,-1.4986946394519651,0.2482875521764378,173448.96,1096.0,1096.0,0.0,1634046387.54726,0.0,9.68661594390869
2090,0,1,0,0,3,2,1096,2211110130,1130,64,1116,17,59861,29483,4,0,0,43,15,2211110130,17,59861,11123,11536,94,1150,1130.0,824.0,-0.843267386427524,-1.0801249466637317,188628.0,1130.0,487.0,643.0,5560,60,1116,1096.0,926.6666666666666,-1.787415105428971,1.1974652125141103,150275.55555555553,1096.0,1096.0,0.0,1634046387.54787,0.0006098747253417,9.687225818634031
2091,0,1,0,0,3,2,1096,2211110130,1130,64,1116,17,59861,29483,4,0,0,43,15,2211110130,17,59861,11123,12666,94,1150,1130.0,844.4,-0.9502467417685736,-0.8869139228353271,181879.03999999995,1130.0,532.0,598.0,6656,60,1116,1096.0,950.8571428571428,-2.0396857689846426,2.163330484531224,132318.69387755104,1096.0,1096.0,0.0,1634046387.54787,0.0,9.687225818634031
2092,0,1,0,0,3,2,960,2211110130,994,64,980,17,59861,29483,4,0,0,43,15,2211110130,17,59861,11123,13660,94,1150,1130.0,853.75,-1.0349398827474818,-0.6889286026841943,171822.9375,1130.0,577.0,553.0,7616,60,1116,1096.0,952.0,-2.1903310019947546,2.9293755539081845,115788.0,1096.0,1062.0,34.0,1634046387.551573,0.0037031173706054,9.690928936004637
2093,0,1,0,0,2,3,60,3232270721,94,47,80,17,29483,59861,4,0,0,43,15,2211110130,17,59861,11123,13754,94,1150,1130.0,809.0588235294117,-0.8109267566755776,-1.1568462354636198,193672.5259515571,1130.0,442.0,688.0,7676,60,1116,1096.0,852.8888888888889,-1.3013021918667964,-0.2585416551610269,181506.7654320988,1096.0,960.0,136.0,1634046387.562837,0.0112638473510742,9.702192783355711
2094,0,1,0,0,3,2,1096,2211110130,1130,64,1116,17,59861,29483,4,0,0,43,15,2211110130,17,59861,11123,14884,94,1150,1130.0,826.8888888888889,-0.8996325949062418,-1.0044911688990714,188317.43209876545,1130.0,487.0,643.0,8772,60,1116,1096.0,877.2,-1.464370171379488,0.1949458577388356,168675.36000000002,1096.0,994.0,102.0,1634046387.568306,0.0054690837860107,9.707661867141722
2095,0,1,0,0,3,2,1096,2211110130,1130,64,1116,17,59861,29483,4,0,0,43,15,2211110130,17,59861,11123,16014,94,1150,1130.0,842.8421052631579,-0.9830021550403988,-0.846214306484534,182987.08033241,1130.0,532.0,598.0,9868,60,1116,1096.0,897.0909090909091,-1.613584098109877,0.656892138245496,157297.71900826448,1096.0,1028.0,68.0,1634046387.568306,0.0,9.707661867141722
2096,0,1,0,0,3,2,1096,2211110130,1130,64,1116,17,59861,29483,4,0,0,43,15,2211110130,17,59861,11123,17144,94,1150,1130.0,857.2,-1.061794823236727,-0.6832319356573038,177754.56,1130.0,577.0,553.0,10964,60,1116,1096.0,913.6666666666666,-1.7517752656889278,1.124750283240063,147211.8888888889,1096.0,1062.0,34.0,1634046387.568306,0.0,9.707661867141722
2097,0,1,0,0,3,2,1096,2211110130,1130,64,1116,17,59861,29483,4,0,0,43,15,2211110130,17,59861,11123,1130,1130,1130,1130.0,1130.0,0.0,-3.0,0.0,1130.0,1130.0,0.0,12060,60,1116,1096.0,927.6923076923076,-1.8809533328128984,1.5969023691565614,138248.52071005915,1096.0,1096.0,0.0,1634046387.569563,0.0012569427490234,9.708918809890745
2098,0,1,0,0,3,2,1096,2211110130,1130,64,1116,17,59861,29483,4,0,0,43,15,2211110130,17,59861,11123,2260,1130,1130,1130.0,1130.0,0.0,-3.0,0.0,1130.0,1130.0,0.0,13156,60,1116,1096.0,939.7142857142856,-2.002599788961537,2.072271379794155,130252.4897959184,1096.0,1096.0,0.0,1634046387.569563,0.0,9.708918809890745
2099,0,1,0,0,3,2,219,2211110130,253,64,239,17,59861,29483,4,0,0,43,15,2211110130,17,59861,11123,2513,253,1130,1130.0,837.6666666666666,-0.7071067811865472,-1.5,170917.55555555553,1130.0,691.5,438.5,13375,60,1116,1096.0,891.6666666666666,-1.4995897511862155,0.3261466064985558,153889.0222222222,1096.0,1028.0,68.0,1634046387.569563,0.0,9.708918809890745
2100,0,1,0,0,3,2,408,2211110130,442,64,428,17,59861,29483,4,0,0,43,15,2211110130,17,59861,11123,2955,253,1130,786.0,738.75,-0.0838138879258962,-1.8890398986763584,157541.6875,1130.0,394.75,735.25,13783,60,1116,1096.0,861.4375,-1.2356548157868843,-0.3146726918951388,157977.99609375,1096.0,822.0,274.0,1634046387.573174,0.0036110877990722,9.712529897689818
2101,0,1,0,0,2,3,32,3232270721,66,47,52,17,29483,59861,4,0,0,43,15,2211110130,17,59861,11123,3021,66,1130,442.0,604.2,0.1973940497844605,-1.7167927249436112,198448.16,1130.0,253.0,877.0,13815,32,1116,1096.0,812.6470588235294,-0.9803891981071816,-0.913124299479025,186773.28719723184,1096.0,408.0,688.0,1634046387.595144,0.0219700336456298,9.734499931335447
2102,0,1,0,0,2,3,60,3232270721,94,47,80,17,29483,59861,4,0,0,43,15,2211110130,17,59861,11123,3115,66,1130,347.5,519.1666666666666,0.4911278880847592,-1.529467463258232,201526.8055555556,958.0,133.75,824.25,13875,32,1116,1096.0,770.8333333333334,-0.7747083526447328,-1.2984317320229783,206119.5833333333,1096.0,266.25,829.75,1634046387.595198,5.3882598876953125e-05,9.734553813934324
2103,0,1,0,0,3,2,52,2211110130,86,64,72,17,59861,29483,4,0,0,43,15,2211110130,17,59861,11123,3201,66,1130,253.0,457.2857142857143,0.7281297667789425,-1.242618202906803,195712.77551020408,786.0,90.0,696.0,13927,32,1116,1096.0,733.0,-0.6070949007199935,-1.5448949696078746,221035.68421052632,1096.0,139.5,956.5,1634046387.607824,0.0126261711120605,9.747179985046385
2104,0,1,0,0,2,3,60,3232270721,94,47,80,17,29483,59861,4,0,0,43,15,2211110130,17,59861,11123,3295,66,1130,173.5,411.875,0.9318400359677416,-0.9025033979997774,185683.609375,614.0,92.0,522.0,13987,32,1116,1096.0,699.35,-0.4647662685376353,-1.707767995052642,231498.02750000003,1096.0,60.0,1036.0,1634046387.61506,0.0072360038757324,9.754415988922117
2105,0,1,0,0,3,2,1096,2211110130,1130,64,1116,17,59861,29483,4,0,0,43,15,2211110130,17,59861,11123,4425,66,1130,253.0,491.6666666666667,0.5500633337371734,-1.544063902492005,215985.77777777772,1130.0,94.0,1036.0,1096,1096,1096,1096.0,1096.0,0.0,-3.0,0.0,1096.0,1096.0,0.0,1634046387.615631,0.0005710124969482,9.754987001419066
2106,0,1,0,0,3,2,1096,2211110130,1130,64,1116,17,59861,29483,4,0,0,43,15,2211110130,17,59861,11123,5555,66,1130,347.5,555.5,0.2808651163024179,-1.799370973364561,231059.45,1130.0,94.0,1036.0,2192,1096,1096,1096.0,1096.0,0.0,-3.0,0.0,1096.0,1096.0,0.0,1634046387.616785,0.0011539459228515,9.756140947341917
2107,0,1,0,0,3,2,1096,2211110130,1130,64,1116,17,59861,29483,4,0,0,43,15,2211110130,17,59861,11123,6685,66,1130,442.0,607.7272727272727,0.0715165121442573,-1.889384842306052,237330.92561983468,1130.0,94.0,1036.0,3288,1096,1096,1096.0,1096.0,0.0,-3.0,0.0,1096.0,1096.0,0.0,1634046387.617563,0.0007779598236083,9.756918907165526
2108,0,1,0,0,3,2,553,2211110130,587,64,573,17,59861,29483,4,0,0,43,15,2211110130,17,59861,11123,7272,66,1130,514.5,606.0,0.0857811854710231,-1.7875966610270466,217586.16666666663,1130.0,94.0,1036.0,3841,553,1096,1096.0,960.25,-1.1547005383792517,-0.6666666666666665,55284.1875,1096.0,960.25,135.75,1634046387.617563,0.0,9.756918907165526
2109,0,1,0,0,3,2,408,2211110130,442,64,428,17,59861,29483,4,0,0,43,15,2211110130,17,59861,11123,7714,66,1130,442.0,593.3846153846154,0.1683799633058067,-1.6956759616459272,202758.54437869828,1130.0,94.0,1036.0,4249,408,1096,1096.0,849.8,-0.476586119459593,-1.6853800836424024,93024.16,1096.0,553.0,543.0,1634046387.61815,0.000586986541748,9.757505893707274
2110,0,1,0,0,2,3,60,3232270721,94,47,80,17,29483,59861,4,0,0,43,15,2211110130,17,59861,11123,7808,66,1130,442.0,557.7142857142857,0.2949765475269203,-1.6514779902537304,204816.6326530612,1130.0,94.0,1036.0,4309,60,1096,824.5,718.1666666666666,-0.3950156535667879,-1.3994366255299997,164156.80555555553,1096.0,444.25,651.75,1634046387.631008,0.0128579139709472,9.77036380767822
2111,0,1,0,0,3,2,60,2211110130,94,64,80,17,59861,29483,4,0,0,43,15,2211110130,17,59861,11123,7902,66,1130,442.0,526.8,0.4093897356291103,-1.580437851474218,204541.8933333333,1130.0,94.0,1036.0,4369,60,1096,553.0,624.1428571428571,-0.0910707956166827,-1.654711348624735,193748.693877551,1096.0,234.0,862.0,1634046387.662219,0.0312111377716064,9.801574945449827
2112,0,1,0,0,3,2,1096,2211110130,1130,64,1116,17,59861,29483,4,0,0,43,15,2211110130,17,59861,11123,9032,66,1130,442.0,564.5,0.2548759468156033,-1.7147350242496038,213077.375,1130.0,94.0,1036.0,5465,60,1096,824.5,683.125,-0.3300385756791013,-1.590793693217865,193882.359375,1096.0,321.0,775.0,1634046387.662219,0.0,9.801574945449827
2113,0,1,0,0,3,2,1096,2211110130,1130,64,1116,17,59861,29483,4,0,0,43,15,2211110130,17,59861,11123,10162,66,1130,442.0,597.7647058823529,0.1217673999467652,-1.785812487965723,218248.06228373703,1130.0,94.0,1036.0,6561,60,1096,1096.0,729.0,-0.5269350593550131,-1.4386122946578548,189176.0,1096.0,408.0,688.0,1634046387.662732,0.0005128383636474,9.802087783813475
2114,0,1,0,0,3,2,1096,2211110130,1130,64,1116,17,59861,29483,4,0,0,43,15,2211110130,17,59861,11123,11292,66,1130,514.5,627.3333333333334,0.0045525928005364,-1.815121707463891,220986.3333333333,1130.0,94.0,1036.0,7657,60,1096,1096.0,765.7,-0.6959719076496308,-1.2386680859664816,182380.41,1096.0,444.25,651.75,1634046387.662732,0.0,9.802087783813475
2115,0,1,0,0,3,2,1116,2211110130,1150,64,1136,17,59861,29483,4,0,0,43,15,2211110130,17,59861,11123,12442,66,1150,587.0,654.8421052631579,-0.099338051070237,-1.815659833732188,222976.6592797784,1130.0,94.0,1036.0,8773,60,1116,1096.0,797.5454545454545,-0.8429989704507983,-1.0138401841436289,175941.70247933886,1096.0,480.5,615.5,1634046387.664212,0.0014801025390625,9.803567886352537
2116,0,1,0,0,3,2,1096,2211110130,1130,64,1116,17,59861,29483,4,0,0,43,15,2211110130,17,59861,11123,13572,66,1150,858.5,678.6,-0.1947611958632945,-1.795112144667756,222552.14,1130.0,94.0,1036.0,9869,60,1116,1096.0,822.4166666666666,-0.9776307945192618,-0.7666166755103423,168084.24305555553,1096.0,516.75,579.25,1634046387.664212,0.0,9.803567886352537
2117,0,1,0,0,3,2,1096,2211110130,1130,64,1116,17,59861,29483,4,0,0,43,15,2211110130,17,59861,11123,1130,1130,1130,1130.0,1130.0,0.0,-3.0,0.0,1130.0,1130.0,0.0,10965,60,1116,1096.0,843.4615384615385,-1.1006668968749458,-0.5066490311954497,160469.32544378698,1096.0,553.0,543.0,1634046387.664212,0.0,9.803567886352537
2118,0,1,0,0,3,2,601,2211110130,635,64,621,17,59861,29483,4,0,0,43,15,2211110130,17,59861,11123,1765,635,1130,882.5,882.5,0.0,-2.0,61256.25,1006.25,758.75,247.5,11566,60,1116,1096.0,826.1428571428571,-0.9828774575828286,-0.6253915884991983,152906.40816326527,1096.0,565.0,531.0,1634046387.664742,0.0005300045013427,9.80409789085388
2119,0,1,0,0,2,3,56,3232270721,90,47,76,17,29483,59861,4,0,0,43,15,2211110130,17,59861,11123,1855,90,1130,635.0,618.3333333333334,-0.0587988761654919,-1.4999999999999998,180405.55555555556,882.5,362.5,520.0,11622,56,1116,1096.0,774.8,-0.7553495340394416,-1.1212344939656824,179617.89333333328,1096.0,480.5,615.5,1634046387.665647,0.0009050369262695,9.80500292778015
2120,0,1,0,0,2,3,60,3232270721,94,47,80,17,29483,59861,4,0,0,43,15,2211110130,17,59861,11123,1949,90,1130,364.5,487.25,0.4496102060442217,-1.4249164208489884,186852.6875,758.75,93.0,665.75,11682,56,1116,1096.0,730.125,-0.5668042815595349,-1.428447929512697,198329.609375,1096.0,321.0,775.0,1634046387.665673,2.5987625122070312e-05,9.805028915405272
2121,0,1,0,0,2,3,52,3232270721,86,48,72,17,10001,59861,4,0,0,43,15,2211110130,17,59861,11123,2035,86,1130,94.0,407.0,0.8020455556879343,-1.0054551278348862,175242.4,635.0,90.0,545.0,11734,52,1116,1096.0,690.2352941176471,-0.4095675923909417,-1.6174909455119324,212122.17993079583,1096.0,60.0,1036.0,1634046387.679144,0.0134708881378173,9.818499803543089
2122,0,1,0,0,3,2,408,2211110130,442,64,428,17,59861,29483,4,0,0,43,15,2211110130,17,59861,11123,2477,86,1130,268.0,412.8333333333333,0.8314205738356167,-0.6642341566841092,146205.47222222225,586.75,91.0,495.75,12142,52,1116,848.5,674.5555555555555,-0.3180365464989258,-1.6382791946871182,204517.13580246916,1096.0,147.0,949.0,1634046387.683973,0.0048291683197021,9.823328971862791
2123,0,1,0,0,3,2,1096,2211110130,1130,64,1116,17,59861,29483,4,0,0,43,15,2211110130,17,59861,11123,3607,86,1130,442.0,515.2857142857143,0.4110215969145058,-1.4528733990522291,188297.91836734692,882.5,92.0,790.5,13238,52,1116,1096.0,696.7368421052631,-0.410319141535075,-1.5787877859399724,202609.24653739613,1096.0,234.0,862.0,1634046387.692636,0.0086629390716552,9.831991910934446
2124,0,1,0,0,3,2,1096,2211110130,1130,64,1116,17,59861,29483,4,0,0,43,15,2211110130,17,59861,11123,4737,86,1130,538.5,592.125,0.1118041838174875,-1.698102147053023,206090.609375,1130.0,93.0,1037.0,14334,52,1116,1096.0,716.7,-0.4957274527442016,-1.5067977799333383,200050.81,1096.0,321.0,775.0,1634046387.693443,0.0008070468902587,9.832798957824705
2125,0,1,0,0,3,2,1096,2211110130,1130,64,1116,17,59861,29483,4,0,0,43,15,2211110130,17,59861,11123,5867,86,1130,635.0,651.8888888888889,-0.1189623877666684,-1.736250435639649,211765.43209876545,1130.0,94.0,1036.0,1096,1096,1096,1096.0,1096.0,0.0,-3.0,0.0,1096.0,1096.0,0.0,1634046387.693443,0.0,9.832798957824705
2126,0,1,0,0,3,2,522,2211110130,556,64,542,17,59861,29483,4,0,0,43,15,2211110130,17,59861,11123,6423,86,1130,595.5,642.3,-0.0598766924917027,-1.6158492385204126,191416.41,1130.0,181.0,949.0,1618,522,1096,809.0,809.0,0.0,-2.0,82369.0,952.5,665.5,287.0,1634046387.696691,0.0032479763031005,9.836046934127806
2127,0,1,0,0,3,2,408,2211110130,442,64,428,17,59861,29483,4,0,0,43,15,2211110130,17,59861,11123,6865,86,1130,556.0,624.0909090909091,0.0589748483427805,-1.5302077822667914,177330.62809917357,1130.0,268.0,862.0,2026,408,1096,522.0,675.3333333333334,0.631834341525015,-1.5000000000000009,90646.22222222223,809.0,465.0,344.0,1634046387.696691,0.0,9.836046934127806
2128,0,1,0,0,2,3,52,3232270721,86,47,72,17,29483,59861,4,0,0,43,15,2211110130,17,59861,11123,6951,86,1130,499.0,579.25,0.2014412403181529,-1.5341811364422464,184670.85416666663,1130.0,93.0,1037.0,2078,52,1096,465.0,519.5,0.416433142353788,-1.0037875974347468,140836.75,665.5,319.0,346.5,1634046387.701129,0.0044379234313964,9.840484857559202
2129,0,1,0,0,2,3,60,3232270721,94,47,80,17,29483,59861,4,0,0,43,15,2211110130,17,59861,11123,7045,86,1130,442.0,541.9230769230769,0.3331510946849975,-1.4910601376358723,187184.99408284028,1130.0,94.0,1036.0,2138,52,1096,408.0,427.6,0.7022324339016616,-0.7822313345129728,146451.84,522.0,60.0,462.0,1634046387.718902,0.017773151397705,9.858258008956907
2130,0,1,0,0,3,2,56,2211110130,90,64,76,17,59861,29483,4,0,0,43,15,2211110130,17,59861,11123,7135,86,1130,442.0,509.6428571428572,0.4517690863102552,-1.4152324336095194,187360.8010204082,1006.25,91.0,915.25,2194,52,1096,234.0,365.6666666666667,0.9557481223691624,-0.3867413429719826,141221.88888888888,493.5,57.0,436.5,1634046387.727735,0.0088329315185546,9.867090940475462
2131,0,1,0,0,3,2,1096,2211110130,1130,64,1116,17,59861,29483,4,0,0,43,15,2211110130,17,59861,11123,8265,86,1130,442.0,551.0,0.2862235589769246,-1.5945107243883594,198815.86666666667,1130.0,92.0,1038.0,3290,52,1096,408.0,470.0,0.4929690767818759,-1.3739138780021454,186360.0,809.0,58.0,751.0,1634046387.727735,0.0,9.867090940475462
2132,0,1,0,0,3,2,1096,2211110130,1130,64,1116,17,59861,29483,4,0,0,43,15,2211110130,17,59861,11123,9395,86,1130,499.0,587.1875,0.1444014979931691,-1.6918021407452035,206032.90234375,1130.0,93.0,1037.0,4386,52,1096,465.0,548.25,0.1770630585359766,-1.6834595667037042,205926.4375,1096.0,59.0,1037.0,1634046387.728264,0.0005290508270263,9.867619991302488
2133,0,1,0,0,3,2,1096,2211110130,1130,64,1116,17,59861,29483,4,0,0,43,15,2211110130,17,59861,11123,10525,86,1130,556.0,619.1176470588235,0.0202091700008342,-1.7365787088317628,210225.8685121107,1130.0,94.0,1036.0,5482,52,1096,522.0,609.1111111111111,-0.0620826463713733,-1.75376904336927,212678.3209876543,1096.0,60.0,1036.0,1634046387.728264,0.0,9.867619991302488
2134,0,1,0,0,3,2,1096,2211110130,1130,64,1116,17,59861,29483,4,0,0,43,15,2211110130,17,59861,11123,11655,86,1130,595.5,647.5,-0.0904800751187905,-1.745797367526417,212241.13888888888,1130.0,94.0,1036.0,6578,52,1096,809.0,657.8,-0.2560794007987181,-1.7137955684540798,212745.96,1096.0,147.0,949.0,1634046387.728264,0.0,9.867619991302488
2135,0,1,0,0,3,2,1096,2211110130,1130,64,1116,17,59861,29483,4,0,0,43,15,2211110130,17,59861,11123,12785,86,1130,635.0,672.8947368421053,-0.1905407976279824,-1.7298598280802162,212678.62049861497,1130.0,94.0,1036.0,7674,52,1096,1096.0,697.6363636363636,-0.4206170831628161,-1.6141224477414964,209274.7768595041,1096.0,234.0,862.0,1634046387.729178,0.0009138584136962,9.868533849716185
2136,0,1,0,0,3,2,575,2211110130,609,64,595,17,59861,29483,4,0,0,43,15,2211110130,17,59861,11123,13394,86,1130,622.0,669.7,-0.1740406687900745,-1.6708010836593334,202238.61,1130.0,94.0,1036.0,8249,52,1096,835.5,687.4166666666666,-0.3674125849119086,-1.5430114867131364,192984.0763888889,1096.0,321.0,775.0,1634046387.729178,0.0,9.868533849716185
2137,0,1,0,0,3,2,408,2211110130,442,64,428,17,59861,29483,4,0,0,43,15,2211110130,17,59861,11123,442,442,442,442.0,442.0,0.0,-3.0,0.0,442.0,442.0,0.0,8657,52,1096,575.0,665.9230769230769,-0.2359728699635264,-1.5639690443125562,183682.84023668643,1096.0,408.0,688.0,1634046387.734544,0.0053660869598388,9.873899936676024
2138,0,1,0,0,3,2,1096,2211110130,1130,64,1116,17,59861,29483,4,0,0,43,15,2211110130,17,59861,11123,1572,442,1130,786.0,786.0,0.0,-2.0,118336.0,958.0,614.0,344.0,9753,52,1096,835.5,696.6428571428571,-0.3638718644487627,-1.5074060788902093,182830.8010204082,1096.0,408.0,688.0,1634046387.743156,0.0086119174957275,9.882511854171751
2139,0,1,0,0,3,2,1096,2211110130,1130,64,1116,17,59861,29483,4,0,0,43,15,2211110130,17,59861,11123,2702,442,1130,1130.0,900.6666666666666,-0.7071067811865471,-1.5000000000000009,105187.55555555556,1130.0,786.0,344.0,10849,52,1096,1096.0,723.2666666666667,-0.4788937119409119,-1.4232812276441464,180565.66222222225,1096.0,408.0,688.0,1634046387.743156,0.0,9.882511854171751
2140,0,1,0,0,3,2,1096,2211110130,1130,64,1116,17,59861,29483,4,0,0,43,15,2211110130,17,59861,11123,3832,442,1130,1130.0,958.0,-1.1547005383792517,-0.6666666666666665,88752.0,1130.0,958.0,172.0,11945,52,1096,1096.0,746.5625,-0.5837335305647866,-1.3198600119344963,177420.74609375,1096.0,408.0,688.0,1634046387.743945,0.000788927078247,9.883300781249998
2141,0,1,0,0,3,2,582,2211110130,616,64,602,17,59861,29483,4,0,0,43,15,2211110130,17,59861,11123,4448,442,1130,1130.0,889.6,-0.5096407943949468,-1.6144300970452723,89715.84,1130.0,616.0,514.0,12527,52,1096,1096.0,736.8823529411765,-0.526712938541031,-1.2979848815624684,168483.51557093425,1096.0,408.0,688.0,1634046387.743945,0.0,9.883300781249998
2142,0,1,0,0,3,2,1116,2211110130,1150,64,1136,17,59861,29483,4,0,0,43,15,2211110130,17,59861,11123,5598,442,1150,1130.0,933.0,-0.7988739554544747,-1.2371527170944483,84181.0,1130.0,744.5,385.5,13643,52,1116,1096.0,757.9444444444445,-0.6160363867710508,-1.2047959367072374,166664.71913580244,1096.0,436.5,659.5,1634046387.743945,0.0,9.883300781249998
2143,0,1,0,0,2,3,60,3232270721,94,47,80,17,29483,59861,4,0,0,43,15,2211110130,17,59861,11123,5692,94,1150,1130.0,813.1428571428571,-0.6734341723614539,-1.1138468137763062,158349.55102040814,1130.0,529.0,601.0,13703,52,1116,1096.0,721.2105263157895,-0.4819550561469582,-1.4107755610156918,182181.7451523546,1096.0,408.0,688.0,1634046387.752956,0.0090110301971435,9.892311811447142
2144,0,1,0,0,3,2,60,2211110130,94,64,80,17,59861,29483,4,0,0,43,15,2211110130,17,59861,11123,5786,94,1150,873.0,723.25,-0.3512427084197574,-1.5710243057630684,195120.9375,1130.0,355.0,775.0,13763,52,1116,839.0,688.15,-0.3608490661695863,-1.5542688655816776,193839.6275,1096.0,321.0,775.0,1634046387.780123,0.0271670818328857,9.919478893280028
2145,0,1,0,0,3,2,408,2211110130,442,64,428,17,59861,29483,4,0,0,43,15,2211110130,17,59861,11123,6228,94,1150,616.0,692.0,-0.1601564015019535,-1.5862163228811992,181253.3333333333,1130.0,442.0,688.0,408,408,408,408.0,408.0,0.0,-3.0,0.0,408.0,408.0,0.0,1634046387.780123,0.0,9.919478893280028
2146,0,1,0,0,3,2,1096,2211110130,1130,64,1116,17,59861,29483,4,0,0,43,15,2211110130,17,59861,11123,7358,94,1150,873.0,735.8,-0.3459727103887415,-1.5235532877820903,180393.96,1130.0,442.0,688.0,1504,408,1096,752.0,752.0,0.0,-2.0,118336.0,924.0,580.0,344.0,1634046387.780123,0.0,9.919478893280028
2147,0,1,0,0,3,2,1096,2211110130,1130,64,1116,17,59861,29483,4,0,0,43,15,2211110130,17,59861,11123,8488,94,1150,1130.0,771.6363636363636,-0.5054488702038578,-1.4043684443247844,176836.95867768594,1130.0,442.0,688.0,2600,408,1096,1096.0,866.6666666666666,-0.7071067811865471,-1.5000000000000009,105187.55555555556,1096.0,752.0,344.0,1634046387.780697,0.0005741119384765,9.920053005218504
2148,0,1,0,0,3,2,1096,2211110130,1130,64,1116,17,59861,29483,4,0,0,43,15,2211110130,17,59861,11123,9618,94,1150,1130.0,801.5,-0.6460314931047291,-1.2508323532213466,171910.75,1130.0,442.0,688.0,3696,408,1096,1096.0,924.0,-1.1547005383792517,-0.6666666666666665,88752.0,1096.0,924.0,172.0,1634046387.780697,0.0,9.920053005218504
2149,0,1,0,0,3,2,1096,2211110130,1130,64,1116,17,59861,29483,4,0,0,43,15,2211110130,17,59861,11123,10748,94,1150,1130.0,826.7692307692307,-0.7724048262910458,-1.0748723287694244,166349.25443786985,1130.0,442.0,688.0,4792,408,1096,1096.0,958.4,-1.5,0.2499999999999982,75735.04000000001,1096.0,1096.0,0.0,1634046387.7812,0.0005028247833251,9.92055583000183
2150,0,1,0,0,3,2,1096,2211110130,1130,64,1116,17,59861,29483,4,0,0,43,15,2211110130,17,59861,11123,11878,94,1150,1130.0,848.4285714285714,-0.88769391915956,-0.8834707105526385,160565.81632653062,1130.0,485.5,644.5,5888,408,1096,1096.0,981.3333333333334,-1.7888543819998322,1.2000000000000002,65742.22222222223,1096.0,1096.0,0.0,1634046387.78571,0.0045101642608642,9.925065994262694
2151,0,1,0,0,3,2,406,2211110130,440,64,426,17,59861,29483,4,0,0,43,15,2211110130,17,59861,11123,12318,94,1150,1130.0,821.2,-0.6974700281475514,-1.1618571303555694,160240.96,1130.0,442.0,688.0,6294,406,1096,1096.0,899.1428571428571,-0.9486930901728928,-1.0999669702538497,96882.1224489796,1096.0,752.0,344.0,1634046387.78571,0.0,9.925065994262694
2152,0,1,0,0,2,3,60,3232270721,94,47,80,17,29483,59861,4,0,0,43,15,2211110130,17,59861,11123,12412,94,1150,1130.0,775.75,-0.5337786449037529,-1.416735063210434,181211.4375,1130.0,441.5,688.5,6354,60,1096,1096.0,794.25,-0.7195804440010588,-1.1992622997601607,161789.4375,1096.0,407.5,688.5,1634046387.788601,0.0028908252716064,9.9279568195343
2153,0,1,0,0,2,3,60,3232270721,94,47,80,17,29483,59861,4,0,0,43,15,2211110130,17,59861,11123,12506,94,1150,1130.0,735.6470588235294,-0.3876827461193998,-1.5897055978496613,196283.875432526,1130.0,440.0,690.0,6414,60,1096,1096.0,712.6666666666666,-0.4210788654515369,-1.6027416772453575,197059.5555555556,1096.0,406.0,690.0,1634046387.803594,0.0149931907653808,9.94295001029968
2154,0,1,0,0,3,2,416,2211110130,450,64,436,17,59861,29483,4,0,0,43,15,2211110130,17,59861,11123,12956,94,1150,873.0,719.7777777777778,-0.2918021270235639,-1.6136186875515806,189660.3950617284,1130.0,440.5,689.5,6830,60,1096,756.0,683.0,-0.2413439028681912,-1.6498962419114451,185274.6,1096.0,406.5,689.5,1634046387.823099,0.0195047855377197,9.9624547958374
2155,0,1,0,0,3,2,1096,2211110130,1130,64,1116,17,59861,29483,4,0,0,43,15,2211110130,17,59861,11123,14086,94,1150,1130.0,741.3684210526316,-0.384893489674654,-1.560354980827668,188069.0747922437,1130.0,441.0,689.0,7926,60,1096,1096.0,720.5454545454545,-0.4065717952735128,-1.5595100267694149,182528.06611570247,1096.0,407.0,689.0,1634046387.838158,0.0150589942932128,9.977513790130613
2156,0,1,0,0,3,2,1096,2211110130,1130,64,1116,17,59861,29483,4,0,0,43,15,2211110130,17,59861,11123,15216,94,1150,1130.0,760.8,-0.4709321428113786,-1.493587738727839,185839.76,1130.0,441.5,688.5,9022,60,1096,1096.0,751.8333333333334,-0.5508672881774936,-1.4302797630679296,178085.6388888889,1096.0,407.5,688.5,1634046387.838158,0.0,9.977513790130613
2157,0,1,0,0,3,2,1096,2211110130,1130,64,1116,17,59861,29483,4,0,0,43,15,2211110130,17,59861,11123,1130,1130,1130,1130.0,1130.0,0.0,-3.0,0.0,1130.0,1130.0,0.0,10118,60,1096,1096.0,778.3076923076923,-0.6796776595616503,-1.2760420005885744,172797.44378698227,1096.0,408.0,688.0,1634046387.838158,0.0,9.977513790130613
2158,0,1,0,0,3,2,537,2211110130,571,64,557,17,59861,29483,4,0,0,43,15,2211110130,17,59861,11123,1701,571,1130,850.5,850.5,0.0,-2.0,78120.25,990.25,710.75,279.5,10655,60,1096,1096.0,761.0714285714286,-0.5680427203003409,-1.3281750068450184,164316.92346938778,1096.0,410.0,686.0,1634046387.838683,0.0005249977111816,9.978038787841795
2159,0,1,0,0,3,2,1096,2211110130,1130,64,1116,17,59861,29483,4,0,0,43,15,2211110130,17,59861,11123,2831,571,1130,1130.0,943.6666666666666,-0.7071067811865471,-1.5000000000000004,69440.22222222222,1130.0,850.5,279.5,11751,60,1096,1096.0,783.4,-0.6784549476836852,-1.196022846893105,160342.37333333332,1096.0,412.0,684.0,1634046387.853427,0.0147440433502197,9.992782831192015
2160,0,1,0,0,3,2,1096,2211110130,1130,64,1116,17,59861,29483,4,0,0,43,15,2211110130,17,59861,11123,3961,571,1130,1130.0,990.25,-1.1547005383792517,-0.6666666666666665,58590.1875,1130.0,990.25,139.75,12847,60,1096,1096.0,802.9375,-0.7800205500829201,-1.0502356886455493,156046.68359375,1096.0,414.0,682.0,1634046387.853427,0.0,9.992782831192015
2161,0,1,0,0,3,2,1096,2211110130,1130,64,1116,17,59861,29483,4,0,0,43,15,2211110130,17,59861,11123,5091,571,1130,1130.0,1018.2,-1.5,0.2500000000000009,49996.96000000001,1130.0,1130.0,0.0,13943,60,1096,1096.0,820.1764705882352,-0.8743284522998654,-0.8943279220900235,151622.38062283737,1096.0,416.0,680.0,1634046387.853427,0.0,9.992782831192015
2162,0,1,0,0,3,2,1096,2211110130,1130,64,1116,17,59861,29483,4,0,0,43,15,2211110130,17,59861,11123,6221,571,1130,1130.0,1036.8333333333333,-1.7888543819998317,1.1999999999999984,43400.13888888888,1130.0,1130.0,0.0,15039,60,1096,1096.0,835.5,-0.9625695755085484,-0.7307024726822942,147190.69444444444,1096.0,446.25,649.75,1634046387.853427,0.0,9.992782831192015
2163,0,1,0,0,3,2,449,2211110130,483,64,469,17,59861,29483,4,0,0,43,15,2211110130,17,59861,11123,6704,483,1130,1130.0,957.7142857142856,-0.9731403191873896,-1.017656670632682,74759.0612244898,1130.0,850.5,279.5,15488,60,1096,1096.0,815.1578947368421,-0.8092872621122743,-0.975687489178815,146892.2382271468,1096.0,432.5,663.5,1634046387.853427,0.0,9.992782831192015
2164,0,1,0,0,2,3,60,3232270721,94,47,80,17,29483,59861,4,0,0,43,15,2211110130,17,59861,11123,6798,94,1130,1130.0,849.75,-0.8706315128681862,-0.795183376899999,147008.1875,1130.0,549.0,581.0,15548,60,1096,1096.0,777.4,-0.6745818964772368,-1.2210138273336375,166635.13999999998,1096.0,414.0,682.0,1634046387.854294,0.0008671283721923,9.993649959564207
2165,0,1,0,0,3,2,408,2211110130,442,64,428,17,59861,29483,4,0,0,43,15,2211110130,17,59861,11123,7240,94,1130,1130.0,804.4444444444445,-0.5506988870974714,-1.2446481251551067,147094.6913580247,1130.0,483.0,647.0,408,408,408,408.0,408.0,0.0,-3.0,0.0,408.0,408.0,0.0,1634046387.861134,0.0068399906158447,10.000489950180052
2166,0,1,0,0,3,2,1096,2211110130,1130,64,1116,17,59861,29483,4,0,0,43,15,2211110130,17,59861,11123,8370,94,1130,1130.0,837.0,-0.718320674639228,-1.0437669332617394,141924.0,1130.0,505.0,625.0,1504,408,1096,752.0,752.0,0.0,-2.0,118336.0,924.0,580.0,344.0,1634046387.869843,0.0087089538574218,10.009198904037474
2167,0,1,0,0,3,2,1096,2211110130,1130,64,1116,17,59861,29483,4,0,0,43,15,2211110130,17,59861,11123,9500,94,1130,1130.0,863.6363636363636,-0.8666841168866882,-0.811475667290309,136116.77685950414,1130.0,527.0,603.0,2600,408,1096,1096.0,866.6666666666666,-0.7071067811865471,-1.5000000000000009,105187.55555555556,1096.0,752.0,344.0,1634046387.869843,0.0,10.009198904037474
2168,0,1,0,0,3,2,1116,2211110130,1150,64,1136,17,59861,29483,4,0,0,43,15,2211110130,17,59861,11123,10650,94,1150,1130.0,887.5,-0.9978945277045644,-0.5656482504271114,131037.91666666669,1130.0,549.0,581.0,3716,408,1116,1096.0,929.0,-1.152134430892681,-0.6685911204688972,90547.0,1101.0,924.0,177.0,1634046387.876046,0.0062029361724853,10.01540184020996
2169,0,1,0,0,3,2,1096,2211110130,1130,64,1116,17,59861,29483,4,0,0,43,15,2211110130,17,59861,11123,11780,94,1150,1130.0,906.1538461538462,-1.1206535047440649,-0.2991744690109286,125133.66863905326,1130.0,571.0,559.0,4812,408,1116,1096.0,962.4,-1.4970467792423063,0.2461579125870669,76899.84000000001,1096.0,1096.0,0.0,1634046387.876046,0.0,10.01540184020996
2170,0,1,0,0,3,2,1096,2211110130,1130,64,1116,17,59861,29483,4,0,0,43,15,2211110130,17,59861,11123,12910,94,1150,1130.0,922.1428571428572,-1.2342455961495569,-0.0228789799775634,119518.97959183672,1130.0,710.75,419.25,5908,408,1116,1096.0,984.6666666666666,-1.7855929849319758,1.1943020323533835,66562.22222222222,1096.0,1096.0,0.0,1634046387.876578,0.0005321502685546,10.015933990478514
2171,0,1,0,0,3,2,192,2211110130,226,64,212,17,59861,29483,4,0,0,43,15,2211110130,17,59861,11123,13136,94,1150,1130.0,875.7333333333333,-0.942204263989902,-0.7996769498947516,141704.8622222222,1130.0,527.0,603.0,6100,192,1116,1096.0,871.4285714285714,-1.0288615992886925,-0.8279402446050348,133990.5306122449,1096.0,752.0,344.0,1634046387.876578,0.0,10.015933990478514
2172,0,1,0,0,2,3,56,3232270721,90,47,76,17,29483,59861,4,0,0,43,15,2211110130,17,59861,11123,13226,90,1150,1130.0,826.625,-0.754323221804846,-1.162473388383376,169022.734375,1130.0,472.75,657.25,6156,56,1116,1096.0,769.5,-0.637466480608759,-1.4505124373870246,189967.75,1096.0,354.0,742.0,1634046387.892109,0.0155308246612548,10.031464815139769
2173,0,1,0,0,2,3,60,3232270721,94,47,80,17,29483,59861,4,0,0,43,15,2211110130,17,59861,11123,13320,90,1150,1130.0,783.5294117647059,-0.5848404090180483,-1.429559007034871,188795.8961937716,1130.0,442.0,688.0,6216,56,1116,1096.0,690.6666666666666,-0.3367913705350019,-1.768876295210546,218577.77777777775,1096.0,192.0,904.0,1634046387.892164,5.507469177246094e-05,10.031519889831541
2174,0,1,0,0,2,3,60,3232270721,94,47,80,17,29483,59861,4,0,0,43,15,2211110130,17,59861,11123,13414,90,1150,1130.0,745.2222222222222,-0.4377143925372171,-1.608453880788457,203253.7283950617,1130.0,280.0,850.0,6276,56,1116,752.0,627.6,-0.1053898683170564,-1.8863044399040876,232516.64,1096.0,93.0,1003.0,1634046387.910483,0.0183188915252685,10.04983878135681
2175,0,1,0,0,2,3,52,3232270721,86,47,72,17,29483,59861,4,0,0,43,15,2211110130,17,59861,11123,13500,86,1150,1130.0,710.5263157894736,-0.3099928447427133,-1.7233735075748768,214224.6703601108,1130.0,160.0,970.0,6328,52,1116,408.0,575.2727272727273,0.0818185233019871,-1.898649262269438,238760.19834710745,1096.0,60.0,1036.0,1634046387.910538,5.507469177246094e-05,10.049893856048582
2176,0,1,0,0,3,2,60,2211110130,94,64,80,17,59861,29483,4,0,0,43,15,2211110130,17,59861,11123,13594,86,1150,850.5,679.7,-0.1955738702830421,-1.7960997822321103,221568.41,1130.0,94.0,1036.0,6388,52,1116,300.0,532.3333333333334,0.241429792873369,-1.852482190031625,239145.22222222225,1096.0,60.0,1036.0,1634046387.914845,0.0043070316314697,10.054200887680052
2177,0,1,0,0,3,2,408,2211110130,442,64,428,17,59861,29483,4,0,0,43,15,2211110130,17,59861,11123,442,442,442,442.0,442.0,0.0,-3.0,0.0,442.0,442.0,0.0,6796,52,1116,408.0,522.7692307692307,0.3089358464195354,-1.7461350240245603,221847.100591716,1096.0,60.0,1036.0,1634046387.914845,0.0,10.054200887680052
2178,0,1,0,0,3,2,56,2211110130,90,64,76,17,59861,29483,4,0,0,43,15,2211110130,17,59861,11123,532,90,442,266.0,266.0,0.0,-2.0,30976.0,354.0,178.0,176.0,6852,52,1116,300.0,489.4285714285714,0.432804909059923,-1.658489106645918,220451.67346938775,1096.0,60.0,1036.0,1634046387.926615,0.0117700099945068,10.065970897674559
2179,0,1,0,0,3,2,1096,2211110130,1130,64,1116,17,59861,29483,4,0,0,43,15,2211110130,17,59861,11123,1662,90,1130,442.0,554.0,0.3715396642818891,-1.4999999999999998,186538.66666666663,786.0,266.0,520.0,7948,52,1116,408.0,529.8666666666667,0.2641992836776428,-1.795792258502841,228648.24888888883,1096.0,60.0,1036.0,1634046387.926615,0.0,10.065970897674559
2180,0,1,0,0,3,2,1096,2211110130,1130,64,1116,17,59861,29483,4,0,0,43,15,2211110130,17,59861,11123,2792,90,1130,786.0,698.0,-0.2209083806017051,-1.7110937129623651,202112.0,1130.0,354.0,776.0,9044,52,1116,408.0,565.25,0.1210739114386209,-1.863730973499198,233137.4375,1096.0,60.0,1036.0,1634046387.927859,0.0012440681457519,10.06721496582031
2181,0,1,0,0,3,2,1096,2211110130,1130,64,1116,17,59861,29483,4,0,0,43,15,2211110130,17,59861,11123,3922,90,1130,1130.0,784.4,-0.5991375832154536,-1.424414698912279,191549.44,1130.0,442.0,688.0,10140,52,1116,408.0,596.4705882352941,-0.0036916098087189,-1.8870675860419648,235019.07266435985,1096.0,60.0,1036.0,1634046387.927859,0.0,10.06721496582031
2182,0,1,0,0,3,2,1096,2211110130,1130,64,1116,17,59861,29483,4,0,0,43,15,2211110130,17,59861,11123,5052,90,1130,1130.0,842.0,-0.8870831088785447,-0.9983900943313264,176213.33333333334,1130.0,614.0,516.0,11236,52,1116,752.0,624.2222222222222,-0.1146295121594389,-1.8800344088754617,235055.06172839503,1096.0,60.0,1036.0,1634046387.928371,0.000511884689331,10.067726850509642
2183,0,1,0,0,3,2,1096,2211110130,1130,64,1116,17,59861,29483,4,0,0,43,15,2211110130,17,59861,11123,6182,90,1130,1130.0,883.1428571428571,-1.1248173849169198,-0.5140165484073234,161196.40816326533,1130.0,786.0,344.0,12332,52,1116,1096.0,649.0526315789474,-0.2147912773591074,-1.8513918937990608,233781.62880886425,1096.0,60.0,1036.0,1634046387.928371,0.0,10.067726850509642
2184,0,1,0,0,3,2,650,2211110130,684,64,670,17,59861,29483,4,0,0,43,15,2211110130,17,59861,11123,6866,90,1130,1130.0,858.25,-0.970743499724941,-0.5956698166781265,145384.4375,1130.0,623.5,506.5,12982,52,1116,873.0,649.1,-0.2206726756793219,-1.7908506385458578,222092.59,1096.0,60.0,1036.0,1634046387.928371,0.0,10.067726850509642
2185,0,1,0,0,3,2,408,2211110130,442,64,428,17,59861,29483,4,0,0,43,15,2211110130,17,59861,11123,7308,90,1130,1130.0,812.0,-0.633091755674512,-1.1290529119112644,146343.11111111112,1130.0,442.0,688.0,408,408,408,408.0,408.0,0.0,-3.0,0.0,408.0,408.0,0.0,1634046387.93578,0.0074090957641601,10.075135946273802
2186,0,1,0,0,2,3,60,3232270721,94,47,80,17,29483,59861,4,0,0,43,15,2211110130,17,59861,11123,7402,90,1130,907.0,740.2,-0.4014982640528689,-1.4731159486851408,178105.96000000002,1130.0,442.0,688.0,468,60,408,234.0,234.0,0.0,-2.0,30276.0,321.0,147.0,174.0,1634046387.94415,0.0083699226379394,10.083505868911741
2187,0,1,0,0,3,2,1096,2211110130,1130,64,1116,17,59861,29483,4,0,0,43,15,2211110130,17,59861,11123,8532,90,1130,1130.0,775.6363636363636,-0.5577007259292063,-1.3385290639281209,174471.86776859502,1130.0,442.0,688.0,1564,60,1096,408.0,521.3333333333334,0.3766675336035382,-1.5000000000000004,185304.8888888889,752.0,234.0,518.0,1634046387.961064,0.0169141292572021,10.100419998168944
2188,0,1,0,0,3,2,1096,2211110130,1130,64,1116,17,59861,29483,4,0,0,43,15,2211110130,17,59861,11123,9662,90,1130,1130.0,805.1666666666666,-0.6961724148215159,-1.1722453584167958,169524.97222222222,1130.0,442.0,688.0,2660,60,1096,752.0,665.0,-0.2173703793443629,-1.715628269693377,200899.0,1096.0,321.0,775.0,1634046387.961064,0.0,10.100419998168944
2189,0,1,0,0,3,2,1096,2211110130,1130,64,1116,17,59861,29483,4,0,0,43,15,2211110130,17,59861,11123,10792,90,1130,1130.0,830.1538461538462,-0.8211546866687338,-0.9850705876543722,163976.899408284,1130.0,442.0,688.0,3756,60,1096,1096.0,751.2,-0.5960310217014525,-1.4309581812273606,190440.96,1096.0,408.0,688.0,1634046387.962486,0.0014219284057617,10.101841926574705
2190,0,1,0,0,3,2,837,2211110130,871,64,857,17,59861,29483,4,0,0,43,15,2211110130,17,59861,11123,11663,90,1130,1130.0,833.0714285714286,-0.8735656325070895,-0.8074363217495368,152374.92346938772,1130.0,502.5,627.5,4593,60,1096,966.5,765.5,-0.7523994748779477,-1.040821316359834,159723.25,1096.0,515.25,580.75,1634046387.962486,0.0,10.101841926574705
2191,0,1,0,0,2,3,60,3232270721,94,47,80,17,29483,59861,4,0,0,43,15,2211110130,17,59861,11123,11757,90,1130,1130.0,783.8,-0.6657768908225916,-1.224466074401329,176204.02666666667,1130.0,442.0,688.0,4653,60,1096,837.0,664.7142857142857,-0.3464062061104368,-1.6261394066172636,197852.20408163263,1096.0,234.0,862.0,1634046387.972464,0.0099780559539794,10.111819982528685
2192,0,1,0,0,3,2,408,2211110130,442,64,428,17,59861,29483,4,0,0,43,15,2211110130,17,59861,11123,12199,90,1130,1000.5,762.4375,-0.5273089842319593,-1.3495507704052814,172036.62109375,1130.0,442.0,688.0,5061,60,1096,622.5,632.625,-0.1488294766173521,-1.6154716217575829,180328.734375,1096.0,321.0,775.0,1634046387.973367,0.0009028911590576,10.112722873687742
2193,0,1,0,0,2,3,60,3232270721,94,47,80,17,29483,59861,4,0,0,43,15,2211110130,17,59861,11123,12293,90,1130,871.0,723.1176470588235,-0.383223993595385,-1.5326063757078516,186653.63321799305,1130.0,442.0,688.0,5121,60,1096,408.0,569.0,0.0714351357353162,-1.6852919192885107,192677.3333333333,1096.0,60.0,1036.0,1634046387.990747,0.0173799991607666,10.130102872848509
2194,0,1,0,0,3,2,1096,2211110130,1130,64,1116,17,59861,29483,4,0,0,43,15,2211110130,17,59861,11123,13423,90,1130,1000.5,745.7222222222222,-0.4776653917855368,-1.4604471495545193,184970.42283950615,1130.0,442.0,688.0,6217,60,1096,622.5,621.7,-0.1294527932101437,-1.7110700831520178,198405.21,1096.0,147.0,949.0,1634046387.997335,0.0065879821777343,10.136690855026243
2195,0,1,0,0,3,2,1096,2211110130,1130,64,1116,17,59861,29483,4,0,0,43,15,2211110130,17,59861,11123,14553,90,1130,1130.0,765.9473684210526,-0.5651936542013216,-1.3753527005592072,182598.1551246537,1130.0,442.0,688.0,7313,60,1096,837.0,664.8181818181819,-0.2987967258791148,-1.659170359858304,198960.14876033057,1096.0,234.0,862.0,1634046387.997335,0.0,10.136690855026243
2196,0,1,0,0,3,2,1096,2211110130,1130,64,1116,17,59861,29483,4,0,0,43,15,2211110130,17,59861,11123,15683,90,1130,1130.0,784.15,-0.6469066700265044,-1.280319496468252,179763.6275,1130.0,442.0,688.0,8409,60,1096,966.5,700.75,-0.4458933567089867,-1.56135981166292,196582.1875,1096.0,321.0,775.0,1634046387.998197,0.0008621215820312,10.137552976608275
2197,0,1,0,0,3,2,1096,2211110130,1130,64,1116,17,59861,29483,4,0,0,43,15,2211110130,17,59861,11123,1130,1130,1130,1130.0,1130.0,0.0,-3.0,0.0,1130.0,1130.0,0.0,9505,60,1096,1096.0,731.1538461538462,-0.5765595643698294,-1.4342704270825646,192553.20710059168,1096.0,408.0,688.0,1634046387.998197,0.0,10.137552976608275
2198,0,1,0,0,3,2,1116,2211110130,1150,64,1136,17,59861,29483,4,0,0,43,15,2211110130,17,59861,11123,2280,1130,1150,1140.0,1140.0,0.0,-2.0,100.0,1145.0,1135.0,10.0,10621,60,1116,1096.0,758.6428571428571,-0.6926343536082732,-1.2895424955298884,188622.8010204082,1096.0,408.0,688.0,1634046387.998197,0.0,10.137552976608275
2199,0,1,0,0,3,2,1096,2211110130,1130,64,1116,17,59861,29483,4,0,0,43,15,2211110130,17,59861,11123,3410,1130,1150,1130.0,1136.6666666666667,0.7071067811865236,-1.5000000000000222,88.88888888888887,1140.0,1130.0,10.0,11717,60,1116,1096.0,781.1333333333333,-0.8009139043678364,-1.1288215876502534,183129.44888888887,1096.0,408.0,688.0,1634046387.998747,0.0005500316619873,10.138103008270262
2200,0,1,0,0,3,2,674,2211110130,708,64,694,17,59861,29483,4,0,0,43,15,2211110130,17,59861,11123,4118,708,1150,1130.0,1029.5,-1.147946198519205,-0.6716479724461415,34520.75,1135.0,1024.5,110.5,12391,60,1116,1096.0,774.4375,-0.7750283813422304,-1.0709051515251349,172356.37109375,1096.0,408.0,688.0,1634046387.998747,0.0,10.138103008270262
2201,0,1,0,0,3,2,1096,2211110130,1130,64,1116,17,59861,29483,4,0,0,43,15,2211110130,17,59861,11123,5248,708,1150,1130.0,1049.6,-1.4921886094425,0.2399970047456929,29232.64,1130.0,1130.0,0.0,13487,60,1116,1096.0,793.3529411764706,-0.8685335960137137,-0.9178228759137216,167942.46366782006,1096.0,408.0,688.0,1634046388.003703,0.0049560070037841,10.143059015274046
2202,0,1,0,0,3,2,1096,2211110130,1130,64,1116,17,59861,29483,4,0,0,43,15,2211110130,17,59861,11123,6378,708,1150,1130.0,1063.0,-1.7802022539411728,1.1851127579620735,25258.33333333333,1130.0,1130.0,0.0,14583,60,1116,1096.0,810.1666666666666,-0.9561172272216076,-0.7569682406924949,163418.25,1096.0,474.5,621.5,1634046388.003703,0.0,10.143059015274046
2203,0,1,0,0,3,2,1096,2211110130,1130,64,1116,17,59861,29483,4,0,0,43,15,2211110130,17,59861,11123,7508,708,1150,1130.0,1072.571428571429,-2.031860923138462,2.147001194372172,22199.67346938775,1130.0,1130.0,0.0,15679,60,1116,1096.0,825.2105263157895,-1.0386523952423152,-0.590039420967603,158891.00831024928,1096.0,541.0,555.0,1634046388.003703,0.0,10.143059015274046
2204,0,1,0,0,3,2,904,2211110130,938,64,924,17,59861,29483,4,0,0,43,15,2211110130,17,59861,11123,8446,708,1150,1130.0,1055.75,-1.628569249298842,1.105040377233161,21405.4375,1130.0,1082.0,48.0,16583,60,1116,1096.0,829.15,-1.092494750017029,-0.4293457899016171,151241.32749999996,1096.0,607.5,488.5,1634046388.004309,0.000605821609497,10.143664836883543
2205,0,1,0,0,2,3,60,3232270721,94,47,80,17,29483,59861,4,0,0,43,15,2211110130,17,59861,11123,8540,94,1150,1130.0,948.8888888888888,-1.8206797620733592,1.965526436365036,110381.43209876544,1130.0,938.0,192.0,60,60,60,60.0,60.0,0.0,-3.0,0.0,60.0,60.0,0.0,1634046388.024366,0.0200569629669189,10.163721799850462
2206,0,1,0,0,3,2,408,2211110130,442,64,428,17,59861,29483,4,0,0,43,15,2211110130,17,59861,11123,8982,94,1150,1130.0,898.2,-1.2684414026651998,0.2093582095045092,122467.56,1130.0,765.5,364.5,468,60,408,234.0,234.0,0.0,-2.0,30276.0,321.0,147.0,174.0,1634046388.025788,0.0014221668243408,10.165143966674803
2207,0,1,0,0,3,2,52,2211110130,86,64,72,17,59861,29483,4,0,0,43,15,2211110130,17,59861,11123,9068,86,1150,1130.0,824.3636363636364,-0.9029470011081294,-0.8241187697301453,165852.23140495867,1130.0,575.0,555.0,520,52,408,60.0,173.33333333333334,0.7058747686471649,-1.5000000000000009,27544.88888888889,234.0,56.0,178.0,1634046388.025788,0.0,10.165143966674803
2208,0,1,0,0,3,2,60,2211110130,94,64,80,17,59861,29483,4,0,0,43,15,2211110130,17,59861,11123,9162,86,1150,1034.0,763.5,-0.6255328314159643,-1.3481836907703932,192779.41666666663,1130.0,355.0,775.0,580,52,408,60.0,145.0,1.153090823479084,-0.6678805445104996,23067.0,147.0,58.0,89.0,1634046388.026306,0.0005178451538085,10.165661811828612
2209,0,1,0,0,2,3,60,3232270721,94,47,80,17,29483,59861,4,0,0,43,15,2211110130,17,59861,11123,9256,86,1150,938.0,712.0,-0.4101831699952335,-1.6216467410473892,209777.2307692308,1130.0,94.0,1036.0,640,52,408,60.0,128.0,1.4981504951904994,0.2475812986999708,19609.6,60.0,60.0,0.0,1634046388.046636,0.0203301906585693,10.18599200248718
2210,0,1,0,0,3,2,1096,2211110130,1130,64,1116,17,59861,29483,4,0,0,43,15,2211110130,17,59861,11123,10386,86,1150,1034.0,741.8571428571429,-0.5321318164490211,-1.5124899825338611,206381.97959183677,1130.0,181.0,949.0,1736,52,1096,60.0,289.3333333333333,1.418099633252118,0.3795151989022733,146483.5555555556,321.0,60.0,261.0,1634046388.053685,0.0070488452911376,10.193040847778319
2211,0,1,0,0,2,3,60,3232270721,94,47,80,17,29483,59861,4,0,0,43,15,2211110130,17,59861,11123,10480,86,1150,938.0,698.6666666666666,-0.3545380998787411,-1.700835613919897,218739.0222222222,1130.0,94.0,1036.0,1796,52,1096,60.0,256.57142857142856,1.65633247255946,1.1386876819999705,131997.38775510204,234.0,60.0,174.0,1634046388.059449,0.0057640075683593,10.198804855346678
2212,0,1,0,0,3,2,1096,2211110130,1130,64,1116,17,59861,29483,4,0,0,43,15,2211110130,17,59861,11123,11610,86,1150,1034.0,725.625,-0.463044709557901,-1.6169672973642923,215969.109375,1130.0,94.0,1036.0,2892,52,1096,60.0,361.5,0.9664327036270736,-0.8954510045150252,192567.75,580.0,60.0,520.0,1634046388.063819,0.0043699741363525,10.20317482948303
2213,0,1,0,0,3,2,1096,2211110130,1130,64,1116,17,59861,29483,4,0,0,43,15,2211110130,17,59861,11123,12740,86,1150,1130.0,749.4117647058823,-0.5623446171390982,-1.5181551190974456,212318.0069204152,1130.0,94.0,1036.0,3988,52,1096,60.0,443.1111111111111,0.5748029672726066,-1.5561347927782112,224454.3209876543,1096.0,60.0,1036.0,1634046388.063819,0.0,10.20317482948303
2214,0,1,0,0,3,2,1096,2211110130,1130,64,1116,17,59861,29483,4,0,0,43,15,2211110130,17,59861,11123,13870,86,1150,1130.0,770.5555555555555,-0.654127992871784,-1.4082020728046547,208122.5802469136,1130.0,181.0,949.0,5084,52,1096,234.0,508.4,0.3010833227310592,-1.8195515368320472,240372.64,1096.0,60.0,1036.0,1634046388.064642,0.0008230209350585,10.203997850418089
2215,0,1,0,0,3,2,1096,2211110130,1130,64,1116,17,59861,29483,4,0,0,43,15,2211110130,17,59861,11123,15000,86,1150,1130.0,789.4736842105264,-0.7396577108989704,-1.2897254319925258,203610.88088642657,1130.0,268.0,862.0,6180,52,1096,408.0,561.8181818181819,0.0892236506024125,-1.914366884437532,247055.6033057851,1096.0,60.0,1036.0,1634046388.064642,0.0,10.203997850418089
2216,0,1,0,0,3,2,203,2211110130,237,64,223,17,59861,29483,4,0,0,43,15,2211110130,17,59861,11123,15237,86,1150,1130.0,761.85,-0.5878683702896252,-1.49875716128978,207928.6275,1130.0,201.25,928.75,6383,52,1096,305.5,531.9166666666666,0.2386873255081488,-1.8514559642260224,236302.74305555556,1096.0,60.0,1036.0,1634046388.064642,0.0,10.203997850418089
2217,0,1,0,0,3,2,408,2211110130,442,64,428,17,59861,29483,4,0,0,43,15,2211110130,17,59861,11123,442,442,442,442.0,442.0,0.0,-3.0,0.0,442.0,442.0,0.0,6791,52,1096,408.0,522.3846153846154,0.3062410072885439,-1.7452612772058835,219215.9289940828,1096.0,60.0,1036.0,1634046388.064642,0.0,10.203997850418089
2218,0,1,0,0,2,3,56,3232270721,90,47,76,17,29483,59861,4,0,0,43,15,2211110130,17,59861,11123,532,90,442,266.0,266.0,0.0,-2.0,30976.0,354.0,178.0,176.0,6847,52,1096,305.5,489.07142857142856,0.4299995731443173,-1.6584127384096774,217984.63775510204,1096.0,60.0,1036.0,1634046388.077139,0.0124969482421875,10.216494798660277
2219,0,1,0,0,2,3,60,3232270721,94,47,80,17,29483,59861,4,0,0,43,15,2211110130,17,59861,11123,626,90,442,94.0,208.66666666666663,0.7067951202245192,-1.4999999999999996,27224.888888888887,268.0,92.0,176.0,6907,52,1096,203.0,460.4666666666666,0.5424706149048956,-1.551782927970334,214907.5822222222,1096.0,60.0,1036.0,1634046388.077194,5.507469177246094e-05,10.216549873352049
2220,0,1,0,0,3,2,1096,2211110130,1130,64,1116,17,59861,29483,4,0,0,43,15,2211110130,17,59861,11123,1756,90,1130,268.0,439.0,0.8093560462813357,-1.0077398532512167,179579.0,614.0,93.0,521.0,8003,52,1096,305.5,500.1875,0.372741265928895,-1.728685183445735,225142.02734375,1096.0,60.0,1036.0,1634046388.093734,0.0165400505065917,10.23308992385864
2221,0,1,0,0,3,2,1096,2211110130,1130,64,1116,17,59861,29483,4,0,0,43,15,2211110130,17,59861,11123,2886,90,1130,442.0,577.2,0.2071544701374441,-1.769443639312971,220060.16,1130.0,94.0,1036.0,9099,52,1096,408.0,535.2352941176471,0.2291224091763249,-1.82914768912437,231551.94463667815,1096.0,60.0,1036.0,1634046388.09582,0.0020859241485595,10.2351758480072
2222,0,1,0,0,3,2,1096,2211110130,1130,64,1116,17,59861,29483,4,0,0,43,15,2211110130,17,59861,11123,4016,90,1130,786.0,669.3333333333334,-0.1605074531781218,-1.823513566674962,225826.22222222225,1130.0,181.0,949.0,10195,52,1096,408.0,566.3888888888889,0.1043036578986727,-1.8803777593146247,235187.237654321,1096.0,60.0,1036.0,1634046388.09582,0.0,10.2351758480072
2223,0,1,0,0,3,2,1096,2211110130,1130,64,1116,17,59861,29483,4,0,0,43,15,2211110130,17,59861,11123,5146,90,1130,1130.0,735.1428571428571,-0.4318822664016841,-1.675757150248187,219550.69387755095,1130.0,268.0,862.0,11291,52,1096,408.0,594.2631578947369,-0.0063725043326911,-1.898046771906152,236794.5096952908,1096.0,60.0,1036.0,1634046388.09582,0.0,10.2351758480072
2224,0,1,0,0,3,2,1052,2211110130,1086,64,1072,17,59861,29483,4,0,0,43,15,2211110130,17,59861,11123,6232,90,1130,1108.0,779.0,-0.650262892630906,-1.4381391610393546,205571.0,1130.0,355.0,775.0,12343,52,1096,730.0,617.15,-0.1057775882449095,-1.8898811711171744,234907.1275,1096.0,60.0,1036.0,1634046388.096442,0.0006220340728759,10.235797882080076
2225,0,1,0,0,2,3,52,3232270721,86,47,72,17,29483,59861,4,0,0,43,15,2211110130,17,59861,11123,6318,86,1130,1086.0,702.0,-0.3371589616576858,-1.7804180515614725,230161.77777777775,1130.0,94.0,1036.0,52,52,52,52.0,52.0,0.0,-3.0,0.0,52.0,52.0,0.0,1634046388.114674,0.0182321071624755,10.254029989242552
2226,0,1,0,0,3,2,408,2211110130,442,64,428,17,59861,29483,4,0,0,43,15,2211110130,17,59861,11123,6760,86,1130,764.0,676.0,-0.1890510734483663,-1.772693752193084,213229.6,1130.0,181.0,949.0,460,52,408,230.0,230.0,0.0,-2.0,31684.0,319.0,141.0,178.0,1634046388.122016,0.0073418617248535,10.261371850967405
2227,0,1,0,0,3,2,1116,2211110130,1150,64,1136,17,59861,29483,4,0,0,43,15,2211110130,17,59861,11123,7910,86,1150,1086.0,719.0909090909091,-0.3552686931871339,-1.693627735813865,212413.35537190083,1130.0,268.0,862.0,1576,52,1116,408.0,525.3333333333334,0.3793064182554929,-1.5000000000000002,195566.22222222225,762.0,230.0,532.0,1634046388.122016,0.0,10.261371850967405
2228,0,1,0,0,3,2,1096,2211110130,1130,64,1116,17,59861,29483,4,0,0,43,15,2211110130,17,59861,11123,9040,86,1150,1108.0,753.3333333333334,-0.501789865823567,-1.5743991170739842,207610.22222222225,1130.0,355.0,775.0,2672,52,1116,752.0,668.0,-0.219161797205229,-1.711626829404795,207736.0,1101.0,319.0,782.0,1634046388.130594,0.0085780620574951,10.2699499130249
2229,0,1,0,0,3,2,1096,2211110130,1130,64,1116,17,59861,29483,4,0,0,43,15,2211110130,17,59861,11123,10170,86,1150,1130.0,782.3076923076923,-0.6320770599348483,-1.429835623637544,201714.3668639053,1130.0,442.0,688.0,3768,52,1116,1096.0,753.6,-0.5986953641724563,-1.423286791801087,195498.24,1096.0,408.0,688.0,1634046388.130594,0.0,10.2699499130249
2230,0,1,0,0,3,2,1096,2211110130,1130,64,1116,17,59861,29483,4,0,0,43,15,2211110130,17,59861,11123,11300,86,1150,1130.0,807.1428571428571,-0.7499442578426835,-1.2680593828987765,195324.40816326527,1130.0,442.0,688.0,4864,52,1116,1096.0,810.6666666666666,-0.887188124147989,-0.9958011448604625,179198.22222222222,1096.0,580.0,516.0,1634046388.131142,0.0005478858947753,10.270497798919676
2231,0,1,0,0,3,2,1096,2211110130,1130,64,1116,17,59861,29483,4,0,0,43,15,2211110130,17,59861,11123,12430,86,1150,1130.0,828.6666666666666,-0.8579905390903223,-1.0940574832022676,188788.62222222227,1130.0,442.0,688.0,5960,52,1116,1096.0,851.4285714285714,-1.125232815325059,-0.5101274457009568,163567.67346938772,1096.0,752.0,344.0,1634046388.131142,0.0,10.270497798919676
2232,0,1,0,0,3,2,1096,2211110130,1130,64,1116,17,59861,29483,4,0,0,43,15,2211110130,17,59861,11123,13560,86,1150,1130.0,847.5,-0.9580653374134138,-0.9110608516670702,182309.75,1130.0,442.0,688.0,7056,52,1116,1096.0,882.0,-1.330898979781557,0.0053773585180603,149664.0,1096.0,924.0,172.0,1634046388.131142,0.0,10.270497798919676
2233,0,1,0,0,3,2,120,2211110130,154,64,140,17,59861,29483,4,0,0,43,15,2211110130,17,59861,11123,13714,86,1150,1130.0,806.7058823529412,-0.7420721665784442,-1.3128641420323022,198212.20761245675,1130.0,442.0,688.0,7176,52,1116,1096.0,797.3333333333334,-0.8269464764368374,-1.1847271964282031,190382.22222222225,1096.0,408.0,688.0,1634046388.131142,0.0,10.270497798919676
2234,0,1,0,0,2,3,60,3232270721,94,47,80,17,29483,59861,4,0,0,43,15,2211110130,17,59861,11123,13808,86,1150,1130.0,767.1111111111111,-0.5712650927071768,-1.557394434596305,213852.09876543208,1130.0,226.0,904.0,7236,52,1116,1096.0,723.6,-0.5105831215754079,-1.6399615545470223,220273.44,1096.0,192.0,904.0,1634046388.132404,0.0012621879577636,10.27175998687744
2235,0,1,0,0,3,2,60,2211110130,94,64,80,17,59861,29483,4,0,0,43,15,2211110130,17,59861,11123,13902,86,1150,1130.0,731.6842105263158,-0.4266765089909449,-1.7152786429459368,225187.9002770083,1130.0,124.0,1006.0,7296,52,1116,1096.0,663.2727272727273,-0.2736764461768288,-1.842193333781748,236642.38016528924,1096.0,90.0,1006.0,1634046388.13259,0.0001859664916992,10.271945953369139
2236,0,1,0,0,3,2,408,2211110130,442,64,428,17,59861,29483,4,0,0,43,15,2211110130,17,59861,11123,14344,86,1150,1108.0,717.2,-0.3446399112317203,-1.737818997431515,217914.56,1130.0,139.0,991.0,7704,52,1116,752.0,642.0,-0.1539738753351911,-1.8258372207253468,221900.0,1096.0,105.0,991.0,1634046388.13259,0.0,10.271945953369139
2237,0,1,0,0,3,2,56,2211110130,90,64,76,17,59861,29483,4,0,0,43,15,2211110130,17,59861,11123,90,90,90,90.0,90.0,0.0,-3.0,0.0,90.0,90.0,0.0,7760,52,1116,408.0,596.9230769230769,0.0068570124979621,-1.8622572630304728,229213.91715976328,1096.0,60.0,1036.0,1634046388.139513,0.006922960281372,10.278868913650511
2238,0,1,0,0,3,2,1096,2211110130,1130,64,1116,17,59861,29483,4,0,0,43,15,2211110130,17,59861,11123,1220,90,1130,610.0,610.0,0.0,-2.0,270400.0,870.0,350.0,520.0,8856,52,1116,752.0,632.5714285714286,-0.1365234802786797,-1.85327740191927,229361.95918367343,1096.0,75.0,1021.0,1634046388.139513,0.0,10.278868913650511
2239,0,1,0,0,3,2,1096,2211110130,1130,64,1116,17,59861,29483,4,0,0,43,15,2211110130,17,59861,11123,2350,90,1130,1130.0,783.3333333333334,-0.7071067811865477,-1.5000000000000002,240355.5555555556,1130.0,610.0,520.0,9952,52,1116,1096.0,663.4666666666667,-0.2624923698180332,-1.809238549099909,227434.38222222225,1096.0,90.0,1006.0,1634046388.139992,0.000478982925415,10.279347896575926
2240,0,1,0,0,3,2,1096,2211110130,1130,64,1116,17,59861,29483,4,0,0,43,15,2211110130,17,59861,11123,3480,90,1130,1130.0,870.0,-1.1547005383792517,-0.6666666666666665,202800.0,1130.0,870.0,260.0,11048,52,1116,1096.0,690.5,-0.3752860106235712,-1.741367209343701,224181.75,1096.0,105.0,991.0,1634046388.139992,0.0,10.279347896575926
2241,0,1,0,0,3,2,1096,2211110130,1130,64,1116,17,59861,29483,4,0,0,43,15,2211110130,17,59861,11123,4610,90,1130,1130.0,922.0,-1.5,0.25,173056.0,1130.0,1130.0,0.0,12144,52,1116,1096.0,714.3529411764706,-0.4777636528411261,-1.6565597322982433,220097.9930795848,1096.0,120.0,976.0,1634046388.139992,0.0,10.279347896575926
2242,0,1,0,0,3,2,887,2211110130,921,64,907,17,59861,29483,4,0,0,43,15,2211110130,17,59861,11123,5531,90,1130,1130.0,921.8333333333334,-1.6418486615964918,0.8971090338601608,144213.47222222225,1130.0,973.25,156.75,13031,52,1116,1096.0,723.9444444444445,-0.5460205650240114,-1.554434123582746,209434.27469135803,1096.0,192.0,904.0,1634046388.140611,0.0006189346313476,10.279966831207274
2243,0,1,0,0,2,3,60,3232270721,94,47,80,17,29483,59861,4,0,0,43,15,2211110130,17,59861,11123,5625,90,1130,1130.0,803.5714285714286,-0.8762092785025107,-1.147822961116742,207526.81632653065,1130.0,507.5,622.5,13091,52,1116,1096.0,689.0,-0.4043548041947056,-1.706409054002462,220391.47368421053,1096.0,90.0,1006.0,1634046388.151736,0.0111250877380371,10.29109191894531
2244,0,1,0,0,3,2,32,2211110130,66,64,52,17,59861,29483,4,0,0,43,15,2211110130,17,59861,11123,5691,66,1130,1025.5,711.375,-0.466073385819224,-1.7255233716176328,241087.234375,1130.0,93.0,1037.0,13123,32,1116,991.5,656.15,-0.2833989664637486,-1.7999564887559392,229875.2275,1096.0,60.0,1036.0,1634046388.170268,0.0185320377349853,10.309623956680296
2245,0,1,0,0,3,2,408,2211110130,442,64,428,17,59861,29483,4,0,0,43,15,2211110130,17,59861,11123,6133,66,1130,921.0,681.4444444444445,-0.300324631438555,-1.746269330430409,221466.4691358024,1130.0,94.0,1036.0,408,408,408,408.0,408.0,0.0,-3.0,0.0,408.0,408.0,0.0,1634046388.178154,0.0078859329223632,10.31750988960266
2246,0,1,0,0,3,2,1096,2211110130,1130,64,1116,17,59861,29483,4,0,0,43,15,2211110130,17,59861,11123,7263,66,1130,1025.5,726.3,-0.4783191882737455,-1.6152636588075904,217428.01,1130.0,181.0,949.0,1504,408,1096,752.0,752.0,0.0,-2.0,118336.0,924.0,580.0,344.0,1634046388.178911,0.0007569789886474,10.318266868591307
2247,0,1,0,0,3,2,1096,2211110130,1130,64,1116,17,59861,29483,4,0,0,43,15,2211110130,17,59861,11123,8393,66,1130,1130.0,763.0,-0.6329042842395118,-1.446880959066666,211130.7272727273,1130.0,268.0,862.0,2600,408,1096,1096.0,866.6666666666666,-0.7071067811865471,-1.5000000000000009,105187.55555555556,1096.0,752.0,344.0,1634046388.178911,0.0,10.318266868591307
2248,0,1,0,0,3,2,1096,2211110130,1130,64,1116,17,59861,29483,4,0,0,43,15,2211110130,17,59861,11123,9523,66,1130,1130.0,793.5833333333334,-0.7704030058223698,-1.25483531747491,203825.24305555556,1130.0,355.0,775.0,3696,408,1096,1096.0,924.0,-1.1547005383792517,-0.6666666666666665,88752.0,1096.0,924.0,172.0,1634046388.178911,0.0,10.318266868591307
2249,0,1,0,0,3,2,1096,2211110130,1130,64,1116,17,59861,29483,4,0,0,43,15,2211110130,17,59861,11123,10653,66,1130,1130.0,819.4615384615385,-0.8948705030919771,-1.0468794977551563,196182.5562130177,1130.0,442.0,688.0,4792,408,1096,1096.0,958.4,-1.5,0.2499999999999982,75735.04000000001,1096.0,1096.0,0.0,1634046388.179456,0.0005450248718261,10.318811893463133
2250,0,1,0,0,3,2,1092,2211110130,1126,64,1112,17,59861,29483,4,0,0,43,15,2211110130,17,59861,11123,11779,66,1130,1130.0,841.3571428571429,-1.009256586760086,-0.8273583910624214,188401.94387755104,1130.0,561.75,568.25,5884,408,1096,1096.0,980.6666666666666,-1.7887237795717967,1.1997652856002503,65591.55555555558,1096.0,1093.0,3.0,1634046388.179456,0.0,10.318811893463133
2251,0,1,0,0,2,3,52,3232270721,86,48,72,17,10001,59861,4,0,0,43,15,2211110130,17,59861,11123,11865,66,1130,1130.0,791.0,-0.7586262930864452,-1.3071865622291858,211343.6,1130.0,268.0,862.0,5936,52,1096,1096.0,848.0,-1.127985999584416,-0.5035291398221857,161824.0,1096.0,750.0,346.0,1634046388.179893,0.0004370212554931,10.319248914718626
2252,0,1,0,0,2,3,60,3232270721,94,47,80,17,29483,59861,4,0,0,43,15,2211110130,17,59861,11123,11959,66,1130,1128.0,747.4375,-0.5614987404845877,-1.588077453399633,226599.99609375,1130.0,94.0,1036.0,5996,52,1096,1094.0,749.5,-0.6522200914788449,-1.440248449310556,209511.75,1096.0,321.0,775.0,1634046388.18524,0.0053470134735107,10.324595928192137
2253,0,1,0,0,3,2,1096,2211110130,1130,64,1116,17,59861,29483,4,0,0,43,15,2211110130,17,59861,11123,13089,66,1130,1130.0,769.9411764705883,-0.6592713531905473,-1.469531402943302,221373.23183391,1130.0,94.0,1036.0,7092,52,1096,1096.0,788.0,-0.8383320128881087,-1.1631356400491726,198090.66666666663,1096.0,408.0,688.0,1634046388.199614,0.0143740177154541,10.338969945907591
2254,0,1,0,0,3,2,1096,2211110130,1130,64,1116,17,59861,29483,4,0,0,43,15,2211110130,17,59861,11123,14219,66,1130,1130.0,789.9444444444445,-0.749957475398764,-1.3419562780289498,215876.94135802472,1130.0,181.0,949.0,8188,52,1096,1096.0,818.8,-1.0017545874929277,-0.8604954419656501,186819.36,1096.0,579.0,517.0,1634046388.199614,0.0,10.338969945907591
2255,0,1,0,0,3,2,1116,2211110130,1150,64,1136,17,59861,29483,4,0,0,43,15,2211110130,17,59861,11123,15369,66,1150,1130.0,808.8947368421053,-0.8338598552014982,-1.2081773205550284,210979.0415512465,1130.0,268.0,862.0,9304,52,1116,1096.0,845.8181818181819,-1.147216173302661,-0.544076966242617,177135.6033057851,1096.0,750.0,346.0,1634046388.200797,0.0011830329895019,10.340152978897093
2256,0,1,0,0,3,2,1096,2211110130,1130,64,1116,17,59861,29483,4,0,0,43,15,2211110130,17,59861,11123,16499,66,1150,1130.0,824.95,-0.9136427461089232,-1.0682143448411576,205327.7475,1130.0,355.0,775.0,10400,52,1116,1096.0,866.6666666666666,-1.281205633278765,-0.2144804639847204,167155.55555555556,1096.0,921.0,175.0,1634046388.200797,0.0,10.340152978897093
2257,0,1,0,0,3,2,1096,2211110130,1130,64,1116,17,59861,29483,4,0,0,43,15,2211110130,17,59861,11123,1130,1130,1130,1130.0,1130.0,0.0,-3.0,0.0,1130.0,1130.0,0.0,11496,52,1116,1096.0,884.3076923076923,-1.4049803284370774,0.1228026564645645,158031.9053254438,1096.0,1092.0,4.0,1634046388.200797,0.0,10.340152978897093
2258,0,1,0,0,3,2,1094,2211110130,1128,64,1114,17,59861,29483,4,0,0,43,15,2211110130,17,59861,11123,2258,1128,1130,1129.0,1129.0,0.0,-2.0,1.0,1129.5,1128.5,1.0,12590,52,1116,1096.0,899.2857142857143,-1.5204403453713764,0.4658616470695378,149660.3469387755,1096.0,1092.5,3.5,1634046388.201453,0.0006558895111083,10.340808868408201
2259,0,1,0,0,3,2,96,2211110130,130,64,116,17,59861,29483,4,0,0,43,15,2211110130,17,59861,11123,2388,130,1130,1128.0,796.0,-0.7070972161651752,-1.4999999999999998,221778.66666666663,1129.0,629.0,500.0,12686,52,1116,1096.0,845.7333333333333,-1.1496228544363511,-0.5779413262331334,179832.99555555554,1096.0,750.0,346.0,1634046388.201453,0.0,10.340808868408201
2260,0,1,0,0,2,3,60,3232270721,94,47,80,17,29483,59861,4,0,0,43,15,2211110130,17,59861,11123,2482,94,1130,629.0,620.5,-0.0018719859990011,-1.997488962845977,258734.75,1128.5,121.0,1007.5,12746,52,1116,1096.0,796.625,-0.8873801396417216,-1.136524883697447,204767.859375,1096.0,330.0,766.0,1634046388.203646,0.0021929740905761,10.343001842498778
2261,0,1,0,0,3,2,408,2211110130,442,64,428,17,59861,29483,4,0,0,43,15,2211110130,17,59861,11123,2924,94,1130,442.0,584.8,0.2193611903943865,-1.7699398940854625,212085.76,1128.0,130.0,998.0,13154,52,1116,1096.0,773.7647058823529,-0.7434549148883309,-1.31531400084524,201084.17993079583,1096.0,408.0,688.0,1634046388.218976,0.0153300762176513,10.358331918716429
2262,0,1,0,0,3,2,52,2211110130,86,64,72,17,59861,29483,4,0,0,43,15,2211110130,17,59861,11123,3010,86,1130,286.0,501.6666666666667,0.5193518191651,-1.5577741693843026,211293.88888888885,956.5,103.0,853.5,13206,52,1116,1095.0,733.6666666666666,-0.5728410274974529,-1.5589758852760007,217246.33333333337,1096.0,174.0,922.0,1634046388.228608,0.009631872177124,10.367963790893553
2263,0,1,0,0,2,3,60,3232270721,94,47,80,17,29483,59861,4,0,0,43,15,2211110130,17,59861,11123,3104,86,1130,130.0,443.4285714285714,0.7625531719710484,-1.2484712714344814,201459.10204081636,785.0,94.0,691.0,13266,52,1116,1094.0,698.2105263157895,-0.4277100703979714,-1.717582895477643,228440.79778393352,1096.0,78.0,1018.0,1634046388.240284,0.0116760730743408,10.379639863967894
2264,0,1,0,0,2,3,60,3232270721,94,47,80,17,29483,59861,4,0,0,43,15,2211110130,17,59861,11123,3198,86,1130,112.0,399.75,0.9679568862080664,-0.890556355280216,189631.4375,613.5,94.0,519.5,13326,52,1116,1093.0,666.3,-0.3019760240283261,-1.8187056968945408,236366.11,1096.0,60.0,1036.0,1634046388.25375,0.0134661197662353,10.393105983734129
2265,0,1,0,0,3,2,60,2211110130,94,64,80,17,59861,29483,4,0,0,43,15,2211110130,17,59861,11123,3292,86,1130,94.0,365.77777777777777,1.1476136840955382,-0.5053761779197314,177794.17283950618,442.0,94.0,348.0,60,60,60,60.0,60.0,0.0,-3.0,0.0,60.0,60.0,0.0,1634046388.257984,0.0042338371276855,10.397339820861815
2266,0,1,0,0,3,2,1096,2211110130,1130,64,1116,17,59861,29483,4,0,0,43,15,2211110130,17,59861,11123,4422,86,1130,112.0,442.2,0.7435944645736391,-1.3332620301534284,212577.96,956.5,94.0,862.5,1156,60,1096,578.0,578.0,0.0,-2.0,268324.0,837.0,319.0,518.0,1634046388.258523,0.0005390644073486,10.397878885269163
2267,0,1,0,0,3,2,1096,2211110130,1130,64,1116,17,59861,29483,4,0,0,43,15,2211110130,17,59861,11123,5552,86,1130,130.0,504.7272727272728,0.4643463348205871,-1.6970056294590277,232349.28925619836,1129.0,94.0,1035.0,2252,60,1096,1096.0,750.6666666666666,-0.7071067811865472,-1.5,238510.22222222225,1096.0,578.0,518.0,1634046388.259489,0.0009660720825195,10.398844957351683
2268,0,1,0,0,3,2,1096,2211110130,1130,64,1116,17,59861,29483,4,0,0,43,15,2211110130,17,59861,11123,6682,86,1130,286.0,556.8333333333334,0.2501737605474136,-1.863700169184872,242852.3055555556,1130.0,94.0,1036.0,3348,60,1096,1096.0,837.0,-1.1547005383792517,-0.6666666666666665,201243.0,1096.0,837.0,259.0,1634046388.259489,0.0,10.398844957351683
2269,0,1,0,0,3,2,1096,2211110130,1130,64,1116,17,59861,29483,4,0,0,43,15,2211110130,17,59861,11123,7812,86,1130,442.0,600.9230769230769,0.0755259828143344,-1.9285473113174136,247498.224852071,1130.0,94.0,1036.0,4444,60,1096,1096.0,888.8,-1.5000000000000004,0.2500000000000004,171727.35999999996,1096.0,1096.0,0.0,1634046388.259489,0.0,10.398844957351683
2270,0,1,0,0,3,2,1093,2211110130,1127,64,1113,17,59861,29483,4,0,0,43,15,2211110130,17,59861,11123,8939,86,1130,784.5,638.5,-0.0727573170484174,-1.9338973974201228,248176.10714285716,1130.0,94.0,1036.0,5537,60,1096,1096.0,922.8333333333334,-1.788821981878608,1.1999419066920307,148897.47222222216,1096.0,1093.75,2.25,1634046388.260248,0.0007588863372802,10.399603843688963
2271,0,1,0,0,3,2,96,2211110130,130,64,116,17,59861,29483,4,0,0,43,15,2211110130,17,59861,11123,9069,86,1130,442.0,604.6,0.0654602460017225,-1.9386895025188244,247719.97333333336,1130.0,94.0,1036.0,5633,60,1096,1096.0,804.7142857142857,-0.9501211774793672,-1.095102871964329,211339.0612244898,1096.0,594.5,501.5,1634046388.260248,0.0,10.399603843688963
2272,0,1,0,0,3,2,408,2211110130,442,64,428,17,59861,29483,4,0,0,43,15,2211110130,17,59861,11123,9511,86,1130,442.0,594.4375,0.1276224690425104,-1.8740105581280395,233786.62109375,1130.0,94.0,1036.0,6041,60,1096,1094.5,755.125,-0.6424204684711041,-1.458768954239107,202135.359375,1096.0,330.0,766.0,1634046388.261347,0.0010991096496582,10.400702953338621
2273,0,1,0,0,2,3,56,3232270721,90,47,76,17,29483,59861,4,0,0,43,15,2211110130,17,59861,11123,9601,86,1130,442.0,564.7647058823529,0.2374112610445831,-1.838135744700599,234122.06228373703,1130.0,94.0,1036.0,6097,56,1096,1093.0,677.4444444444445,-0.3332944833373878,-1.7883278106718683,227950.02469135803,1096.0,96.0,1000.0,1634046388.288785,0.0274379253387451,10.428140878677366
2274,0,1,0,0,2,3,60,3232270721,94,47,80,17,29483,59861,4,0,0,43,15,2211110130,17,59861,11123,9695,86,1130,286.0,538.6111111111111,0.3373905749792378,-1.7837540387529676,232743.4598765432,1129.5,94.0,1035.5,6157,56,1096,750.5,615.7,-0.0989281729982727,-1.9041103930445653,239466.41,1096.0,69.0,1027.0,1634046388.288821,3.600120544433594e-05,10.42817687988281
2275,0,1,0,0,3,2,408,2211110130,442,64,428,17,59861,29483,4,0,0,43,15,2211110130,17,59861,11123,10137,86,1130,442.0,533.5263157894736,0.3775374125890496,-1.7058596543566933,220959.19667590028,1129.0,94.0,1035.0,6565,56,1096,408.0,596.8181818181819,0.0114029000466661,-1.837440460084249,221261.9669421488,1096.0,78.0,1018.0,1634046388.297578,0.0087571144104003,10.436933994293211
2276,0,1,0,0,3,2,1096,2211110130,1130,64,1116,17,59861,29483,4,0,0,43,15,2211110130,17,59861,11123,11267,86,1130,442.0,563.35,0.2549887735186211,-1.7975738353065067,226810.8275,1130.0,94.0,1036.0,7661,56,1096,750.5,638.4166666666666,-0.1560333512344658,-1.8266550679859783,221858.2430555556,1096.0,87.0,1009.0,1634046388.303134,0.0055558681488037,10.442489862442015
2277,0,1,0,0,3,2,1096,2211110130,1130,64,1116,17,59861,29483,4,0,0,43,15,2211110130,17,59861,11123,1130,1130,1130,1130.0,1130.0,0.0,-3.0,0.0,1130.0,1130.0,0.0,8757,56,1096,1093.0,673.6153846153846,-0.3003400846259463,-1.7688777036816372,219659.6213017752,1096.0,96.0,1000.0,1634046388.303134,0.0,10.442489862442015
2278,0,1,0,0,3,2,1096,2211110130,1130,64,1116,17,59861,29483,4,0,0,43,15,2211110130,17,59861,11123,2260,1130,1130,1130.0,1130.0,0.0,-3.0,0.0,1130.0,1130.0,0.0,9853,56,1096,1094.5,703.7857142857143,-0.4278161632872014,-1.6809557604906658,215802.8826530612,1096.0,174.0,922.0,1634046388.303134,0.0,10.442489862442015
2279,0,1,0,0,3,2,1096,2211110130,1130,64,1116,17,59861,29483,4,0,0,43,15,2211110130,17,59861,11123,3390,1130,1130,1130.0,1130.0,0.0,-3.0,0.0,1130.0,1130.0,0.0,10949,56,1096,1096.0,729.9333333333333,-0.5424969798043127,-1.5725461245377554,210987.79555555552,1096.0,252.0,844.0,1634046388.303715,0.0005810260772705,10.443070888519285
2280,0,1,0,0,3,2,1096,2211110130,1130,64,1116,17,59861,29483,4,0,0,43,15,2211110130,17,59861,11123,4520,1130,1130,1130.0,1130.0,0.0,-3.0,0.0,1130.0,1130.0,0.0,12045,56,1096,1096.0,752.8125,-0.6471169666379293,-1.4495801564328334,205652.90234375,1096.0,330.0,766.0,1634046388.303715,0.0,10.443070888519285
2281,0,1,0,0,3,2,1096,2211110130,1130,64,1116,17,59861,29483,4,0,0,43,15,2211110130,17,59861,11123,5650,1130,1130,1130.0,1130.0,0.0,-3.0,0.0,1130.0,1130.0,0.0,13141,56,1096,1096.0,773.0,-0.7436121495956202,-1.3159017452672737,200076.23529411765,1096.0,408.0,688.0,1634046388.304426,0.0007109642028808,10.443781852722166
2282,0,1,0,0,3,2,1096,2211110130,1130,64,1116,17,59861,29483,4,0,0,43,15,2211110130,17,59861,11123,6780,1130,1130,1130.0,1130.0,0.0,-3.0,0.0,1130.0,1130.0,0.0,14237,56,1096,1096.0,790.9444444444445,-0.8334024689599041,-1.1741111600202876,194434.9413580247,1096.0,408.0,688.0,1634046388.304426,0.0,10.443781852722166
2283,0,1,0,0,3,2,1116,2211110130,1150,64,1136,17,59861,29483,4,0,0,43,15,2211110130,17,59861,11123,7930,1130,1150,1130.0,1132.857142857143,2.041241452319302,2.1666666666666297,48.97959183673469,1130.0,1130.0,0.0,15353,56,1116,1096.0,808.0526315789474,-0.9168295604529396,-1.0271294052233906,189469.944598338,1096.0,408.0,688.0,1634046388.305772,0.0013461112976074,10.445127964019774
2284,0,1,0,0,3,2,1096,2211110130,1130,64,1116,17,59861,29483,4,0,0,43,15,2211110130,17,59861,11123,9060,1130,1150,1130.0,1132.5,2.2677868380553634,3.1428571428571432,43.75,1130.0,1130.0,0.0,16449,56,1116,1096.0,822.45,-0.996213160489398,-0.8741060487485819,183934.8475,1096.0,408.0,688.0,1634046388.305772,0.0,10.445127964019774
2285,0,1,0,0,3,2,1096,2211110130,1130,64,1116,17,59861,29483,4,0,0,43,15,2211110130,17,59861,11123,10190,1130,1150,1130.0,1132.2222222222222,2.4748737341529403,4.125000000000078,39.50617283950618,1130.0,1130.0,0.0,1096,1096,1096,1096.0,1096.0,0.0,-3.0,0.0,1096.0,1096.0,0.0,1634046388.305772,0.0,10.445127964019774
2286,0,1,0,0,3,2,1096,2211110130,1130,64,1116,17,59861,29483,4,0,0,43,15,2211110130,17,59861,11123,11320,1130,1150,1130.0,1132.0,2.6666666666666665,5.111111111111111,36.0,1130.0,1130.0,0.0,2192,1096,1096,1096.0,1096.0,0.0,-3.0,0.0,1096.0,1096.0,0.0,1634046388.306384,0.0006120204925537,10.445739984512327
2287,0,1,0,0,3,2,1096,2211110130,1130,64,1116,17,59861,29483,4,0,0,43,15,2211110130,17,59861,11123,12450,1130,1150,1130.0,1131.8181818181818,2.8460498941515744,6.100000000000124,33.05785123966942,1130.0,1130.0,0.0,3288,1096,1096,1096.0,1096.0,0.0,-3.0,0.0,1096.0,1096.0,0.0,1634046388.306384,0.0,10.445739984512327
2288,0,1,0,0,2,3,60,3232270721,94,47,80,17,29483,59861,4,0,0,43,15,2211110130,17,59861,11123,12544,94,1150,1130.0,1045.3333333333333,-3.013094503731085,7.083707449494314,82306.22222222223,1130.0,1130.0,0.0,3348,60,1096,1096.0,837.0,-1.1547005383792517,-0.6666666666666665,201243.0,1096.0,837.0,259.0,1634046388.307843,0.0014588832855224,10.44719886779785
2289,0,1,0,0,3,2,1096,2211110130,1130,64,1116,17,59861,29483,4,0,0,43,15,2211110130,17,59861,11123,13674,94,1150,1130.0,1051.8461538461538,-3.1733286004817063,8.07537186237088,76483.97633136094,1130.0,1130.0,0.0,4444,60,1096,1096.0,888.8,-1.5,0.25,171727.36,1096.0,1096.0,0.0,1634046388.311633,0.0037901401519775,10.450989007949827
2290,0,1,0,0,3,2,1096,2211110130,1130,64,1116,17,59861,29483,4,0,0,43,15,2211110130,17,59861,11123,14804,94,1150,1130.0,1057.428571428571,-3.326027414504146,9.068203973225344,71425.95918367348,1130.0,1130.0,0.0,5540,60,1096,1096.0,923.3333333333334,-1.7888543819998324,1.200000000000001,149068.88888888888,1096.0,1096.0,0.0,1634046388.311633,0.0,10.450989007949827
2291,0,1,0,0,3,2,1096,2211110130,1130,64,1116,17,59861,29483,4,0,0,43,15,2211110130,17,59861,11123,15934,94,1150,1130.0,1062.2666666666669,-3.472149200414126,10.061953585421174,66991.92888888888,1130.0,1130.0,0.0,6636,60,1096,1096.0,948.0,-2.0412414523193148,2.166666666666667,131424.0,1096.0,1096.0,0.0,1634046388.314245,0.0026118755340576,10.453600883483885
2292,0,1,0,0,3,2,1096,2211110130,1130,64,1116,17,59861,29483,4,0,0,43,15,2211110130,17,59861,11123,17064,94,1150,1130.0,1066.5,-3.612466745270548,11.056437214953894,63073.75,1130.0,1130.0,0.0,7732,60,1096,1096.0,966.5,-2.2677868380553634,3.1428571428571432,117391.75,1096.0,1096.0,0.0,1634046388.314245,0.0,10.453600883483885
2293,0,1,0,0,3,2,1096,2211110130,1130,64,1116,17,59861,29483,4,0,0,43,15,2211110130,17,59861,11123,18194,94,1150,1130.0,1070.235294117647,-3.7476137006394223,12.051517244761015,59586.76816608997,1130.0,1130.0,0.0,8828,60,1096,1096.0,980.8888888888888,-2.474873734152917,4.124999999999999,106004.54320987656,1096.0,1096.0,0.0,1634046388.314245,0.0,10.453600883483885
2294,0,1,0,0,3,2,1096,2211110130,1130,64,1116,17,59861,29483,4,0,0,43,15,2211110130,17,59861,11123,19324,94,1150,1130.0,1073.5555555555557,-3.878117093396444,13.047088435632762,56463.80246913579,1130.0,1130.0,0.0,9924,60,1096,1096.0,992.4,-2.666666666666667,5.111111111111114,96596.63999999998,1096.0,1096.0,0.0,1634046388.31489,0.0006449222564697,10.454245805740355
2295,0,1,0,0,3,2,1096,2211110130,1130,64,1116,17,59861,29483,4,0,0,43,15,2211110130,17,59861,11123,20454,94,1150,1130.0,1076.5263157894738,-4.004420723481373,14.043068933092911,53650.88088642659,1130.0,1130.0,0.0,11020,60,1096,1096.0,1001.818181818182,-2.8460498941515424,6.100000000000003,88702.14876033057,1096.0,1096.0,0.0,1634046388.31489,0.0,10.454245805740355
2296,0,1,0,0,3,2,1096,2211110130,1130,64,1116,17,59861,29483,4,0,0,43,15,2211110130,17,59861,11123,21584,94,1150,1130.0,1079.2,-4.126902377109573,15.039394113983292,51104.16,1130.0,1130.0,0.0,12116,60,1096,1096.0,1009.6666666666666,-3.0151134457776347,7.090909090909088,81987.8888888889,1096.0,1096.0,0.0,1634046388.31489,0.0,10.454245805740355
2297,0,1,0,0,3,2,1096,2211110130,1130,64,1116,17,59861,29483,4,0,0,43,15,2211110130,17,59861,11123,1130,1130,1130,1130.0,1130.0,0.0,-3.0,0.0,1130.0,1130.0,0.0,13212,60,1096,1096.0,1016.3076923076924,-3.175426480542942,8.083333333333337,76210.3668639053,1096.0,1096.0,0.0,1634046388.316321,0.0014309883117675,10.455676794052122
2298,0,1,0,0,3,2,1096,2211110130,1130,64,1116,17,59861,29483,4,0,0,43,15,2211110130,17,59861,11123,2260,1130,1130,1130.0,1130.0,0.0,-3.0,0.0,1130.0,1130.0,0.0,14308,60,1096,1096.0,1022.0,-3.328201177351375,9.076923076923077,71188.0,1096.0,1096.0,0.0,1634046388.316321,0.0,10.455676794052122
2299,0,1,0,0,3,2,1096,2211110130,1130,64,1116,17,59861,29483,4,0,0,43,15,2211110130,17,59861,11123,3390,1130,1130,1130.0,1130.0,0.0,-3.0,0.0,1130.0,1130.0,0.0,15404,60,1096,1096.0,1026.9333333333334,-3.47439614486152,10.071428571428577,66782.8622222222,1096.0,1096.0,0.0,1634046388.316321,0.0,10.455676794052122
2300,0,1,0,0,2,3,52,3232270721,86,47,72,17,29483,59861,4,0,0,43,15,2211110130,17,59861,11123,3476,86,1130,1130.0,869.0,-1.1547005383792517,-0.6666666666666665,204363.0,1130.0,869.0,261.0,15456,52,1096,1096.0,966.0,-2.267863515050846,3.1433594811906387,118302.0,1096.0,1096.0,0.0,1634046388.326682,0.0103611946105957,10.466037988662718
2301,0,1,0,0,3,2,1096,2211110130,1130,64,1116,17,59861,29483,4,0,0,43,15,2211110130,17,59861,11123,4606,86,1130,1130.0,921.2,-1.5000000000000002,0.2500000000000009,174389.75999999998,1130.0,1130.0,0.0,16552,52,1096,1096.0,973.6470588235294,-2.373542466807968,3.6338653344284975,112278.69896193771,1096.0,1096.0,0.0,1634046388.333345,0.0066628456115722,10.47270083427429
2302,0,1,0,0,3,2,1096,2211110130,1130,64,1116,17,59861,29483,4,0,0,43,15,2211110130,17,59861,11123,5736,86,1130,1130.0,956.0,-1.7888543819998317,1.2000000000000002,151380.0,1130.0,1130.0,0.0,17648,52,1096,1096.0,980.4444444444443,-2.474953163749159,4.125561649724582,106826.46913580249,1096.0,1096.0,0.0,1634046388.333345,0.0,10.47270083427429
2303,0,1,0,0,3,2,1096,2211110130,1130,64,1116,17,59861,29483,4,0,0,43,15,2211110130,17,59861,11123,6866,86,1130,1130.0,980.8571428571428,-2.041241452319316,2.166666666666667,133461.55102040814,1130.0,1130.0,0.0,18744,52,1096,1096.0,986.5263157894736,-2.5725595845495697,4.618238346270415,101869.82825484766,1096.0,1096.0,0.0,1634046388.333345,0.0,10.47270083427429
2304,0,1,0,0,3,2,1096,2211110130,1130,64,1116,17,59861,29483,4,0,0,43,15,2211110130,17,59861,11123,7996,86,1130,1130.0,999.5,-2.2677868380553634,3.1428571428571432,119211.75,1130.0,1130.0,0.0,19840,52,1096,1096.0,992.0,-2.666748847144843,5.1117320277281575,97345.6,1096.0,1096.0,0.0,1634046388.333345,0.0,10.47270083427429
2305,0,1,0,0,3,2,1096,2211110130,1130,64,1116,17,59861,29483,4,0,0,43,15,2211110130,17,59861,11123,9126,86,1130,1130.0,1014.0,-2.4748737341529163,4.125,107648.0,1130.0,1130.0,0.0,1096,1096,1096,1096.0,1096.0,0.0,-3.0,0.0,1096.0,1096.0,0.0,1634046388.333802,0.0004570484161376,10.473157882690428
2306,0,1,0,0,3,2,1116,2211110130,1150,64,1136,17,59861,29483,4,0,0,43,15,2211110130,17,59861,11123,10276,86,1150,1130.0,1027.6,-2.6648450094278955,5.105524579218383,98547.84,1130.0,1130.0,0.0,2212,1096,1116,1106.0,1106.0,0.0,-2.0,100.0,1111.0,1101.0,10.0,1634046388.333802,0.0,10.473157882690428
2307,0,1,0,0,3,2,1096,2211110130,1130,64,1116,17,59861,29483,4,0,0,43,15,2211110130,17,59861,11123,11406,86,1150,1130.0,1036.909090909091,-2.8441430369528966,6.093658853363591,90455.53719008264,1130.0,1130.0,0.0,3308,1096,1116,1096.0,1102.6666666666667,0.7071067811865236,-1.5000000000000222,88.88888888888887,1106.0,1096.0,10.0,1634046388.333802,0.0,10.473157882690428
2308,0,1,0,0,3,2,1096,2211110130,1130,64,1116,17,59861,29483,4,0,0,43,15,2211110130,17,59861,11123,12536,86,1150,1130.0,1044.6666666666667,-3.013125417198641,7.083816936184862,83579.55555555555,1130.0,1130.0,0.0,4404,1096,1116,1096.0,1101.0,1.1547005383792517,-0.6666666666666665,75.0,1101.0,1096.0,5.0,1634046388.333802,0.0,10.473157882690428
2309,0,1,0,0,3,2,1096,2211110130,1130,64,1116,17,59861,29483,4,0,0,43,15,2211110130,17,59861,11123,13666,86,1150,1130.0,1051.2307692307693,-3.1733607303102582,8.075492935638122,77667.40828402368,1130.0,1130.0,0.0,5500,1096,1116,1096.0,1100.0,1.5,0.25,64.0,1096.0,1096.0,0.0,1634046388.334366,0.0005640983581542,10.473721981048582
2310,0,1,0,0,3,2,1096,2211110130,1130,64,1116,17,59861,29483,4,0,0,43,15,2211110130,17,59861,11123,14796,86,1150,1130.0,1056.857142857143,-3.3260607132472613,9.068336600449904,72531.26530612244,1130.0,1130.0,0.0,6596,1096,1116,1096.0,1099.3333333333333,1.7888543819998608,1.2000000000000697,55.55555555555558,1096.0,1096.0,0.0,1634046388.334366,0.0,10.473721981048582
2311,0,1,0,0,3,2,1096,2211110130,1130,64,1116,17,59861,29483,4,0,0,43,15,2211110130,17,59861,11123,15926,86,1150,1130.0,1061.7333333333331,-3.472183626163172,10.062097740583894,68028.7288888889,1130.0,1130.0,0.0,7692,1096,1116,1096.0,1098.857142857143,2.041241452319301,2.166666666666627,48.9795918367347,1096.0,1096.0,0.0,1634046388.334366,0.0,10.473721981048582
2312,0,1,0,0,3,2,1096,2211110130,1130,64,1116,17,59861,29483,4,0,0,43,15,2211110130,17,59861,11123,17056,86,1150,1130.0,1066.0,-3.6125022605901775,11.056592876978796,64050.0,1130.0,1130.0,0.0,8788,1096,1116,1096.0,1098.5,2.2677868380553634,3.1428571428571432,43.75,1096.0,1096.0,0.0,1634046388.334366,0.0,10.473721981048582
2313,0,1,0,0,3,2,1096,2211110130,1130,64,1116,17,59861,29483,4,0,0,43,15,2211110130,17,59861,11123,18186,86,1150,1130.0,1069.764705882353,-3.747650271781564,12.051684396344168,60509.121107266445,1130.0,1130.0,0.0,9884,1096,1116,1096.0,1098.2222222222222,2.4748737341529403,4.125000000000078,39.50617283950618,1096.0,1096.0,0.0,1634046388.334871,0.0005049705505371,10.47422695159912
2314,0,1,0,0,3,2,1096,2211110130,1130,64,1116,17,59861,29483,4,0,0,43,15,2211110130,17,59861,11123,19316,86,1150,1130.0,1073.111111111111,-3.8781546897030994,13.047267062396829,57337.87654320987,1130.0,1130.0,0.0,10980,1096,1116,1096.0,1098.0,2.6666666666666665,5.111111111111111,36.0,1096.0,1096.0,0.0,1634046388.334871,0.0,10.47422695159912
2315,0,1,0,0,3,2,1096,2211110130,1130,64,1116,17,59861,29483,4,0,0,43,15,2211110130,17,59861,11123,20446,86,1150,1130.0,1076.1052631578948,-4.004459316919961,14.043259022964945,54481.462603878106,1130.0,1130.0,0.0,12076,1096,1116,1096.0,1097.8181818181818,2.8460498941515744,6.100000000000124,33.05785123966942,1096.0,1096.0,0.0,1634046388.334871,0.0,10.47422695159912
2316,0,1,0,0,3,2,1096,2211110130,1130,64,1116,17,59861,29483,4,0,0,43,15,2211110130,17,59861,11123,21576,86,1150,1130.0,1078.8,-4.126941941904131,15.039595656728787,51895.360000000015,1130.0,1130.0,0.0,13172,1096,1116,1096.0,1097.6666666666667,3.015113445777593,7.090909090908916,30.555555555555568,1096.0,1096.0,0.0,1634046388.334871,0.0,10.47422695159912
2317,0,1,0,0,3,2,1096,2211110130,1130,64,1116,17,59861,29483,4,0,0,43,15,2211110130,17,59861,11123,1130,1130,1130,1130.0,1130.0,0.0,-3.0,0.0,1130.0,1130.0,0.0,14268,1096,1116,1096.0,1097.5384615384614,3.1754264805429995,8.083333333333577,28.40236686390534,1096.0,1096.0,0.0,1634046388.334871,0.0,10.47422695159912
2318,0,1,0,0,3,2,1096,2211110130,1130,64,1116,17,59861,29483,4,0,0,43,15,2211110130,17,59861,11123,2260,1130,1130,1130.0,1130.0,0.0,-3.0,0.0,1130.0,1130.0,0.0,15364,1096,1116,1096.0,1097.428571428571,3.3282011773514317,9.07692307692333,26.530612244897952,1096.0,1096.0,0.0,1634046388.335561,0.0006899833679199,10.47491693496704
2319,0,1,0,0,3,2,1096,2211110130,1130,64,1116,17,59861,29483,4,0,0,43,15,2211110130,17,59861,11123,3390,1130,1130,1130.0,1130.0,0.0,-3.0,0.0,1130.0,1130.0,0.0,16460,1096,1116,1096.0,1097.3333333333333,3.474396144861561,10.071428571428772,24.888888888888903,1096.0,1096.0,0.0,1634046388.335561,0.0,10.47491693496704
2320,0,1,0,0,3,2,1096,2211110130,1130,64,1116,17,59861,29483,4,0,0,43,15,2211110130,17,59861,11123,4520,1130,1130,1130.0,1130.0,0.0,-3.0,0.0,1130.0,1130.0,0.0,17556,1096,1116,1096.0,1097.25,3.614784456460256,11.066666666666666,23.4375,1096.0,1096.0,0.0,1634046388.335561,0.0,10.47491693496704
2321,0,1,0,0,3,2,1096,2211110130,1130,64,1116,17,59861,29483,4,0,0,43,15,2211110130,17,59861,11123,5650,1130,1130,1130.0,1130.0,0.0,-3.0,0.0,1130.0,1130.0,0.0,18652,1096,1116,1096.0,1097.1764705882354,3.749999999999957,12.06249999999979,22.14532871972318,1096.0,1096.0,0.0,1634046388.335561,0.0,10.47491693496704
2322,0,1,0,0,3,2,1096,2211110130,1130,64,1116,17,59861,29483,4,0,0,43,15,2211110130,17,59861,11123,6780,1130,1130,1130.0,1130.0,0.0,-3.0,0.0,1130.0,1130.0,0.0,19748,1096,1116,1096.0,1097.111111111111,3.880570000581343,13.058823529411846,20.98765432098766,1096.0,1096.0,0.0,1634046388.33604,0.000478982925415,10.475395917892454
2323,0,1,0,0,3,2,1096,2211110130,1130,64,1116,17,59861,29483,4,0,0,43,15,2211110130,17,59861,11123,7910,1130,1130,1130.0,1130.0,0.0,-3.0,0.0,1130.0,1130.0,0.0,20844,1096,1116,1096.0,1097.0526315789473,4.006938426723828,14.055555555555864,19.944598337950133,1096.0,1096.0,0.0,1634046388.33604,0.0,10.475395917892454
2324,0,1,0,0,3,2,1096,2211110130,1130,64,1116,17,59861,29483,4,0,0,43,15,2211110130,17,59861,11123,9040,1130,1130,1130.0,1130.0,0.0,-3.0,0.0,1130.0,1130.0,0.0,21940,1096,1116,1096.0,1097.0,4.129483209670112,15.05263157894737,19.0,1096.0,1096.0,0.0,1634046388.33604,0.0,10.475395917892454
2325,0,1,0,0,3,2,1096,2211110130,1130,64,1116,17,59861,29483,4,0,0,43,15,2211110130,17,59861,11123,10170,1130,1130,1130.0,1130.0,0.0,-3.0,0.0,1130.0,1130.0,0.0,1096,1096,1096,1096.0,1096.0,0.0,-3.0,0.0,1096.0,1096.0,0.0,1634046388.33604,0.0,10.475395917892454
2326,0,1,0,0,3,2,1096,2211110130,1130,64,1116,17,59861,29483,4,0,0,43,15,2211110130,17,59861,11123,11300,1130,1130,1130.0,1130.0,0.0,-3.0,0.0,1130.0,1130.0,0.0,2192,1096,1096,1096.0,1096.0,0.0,-3.0,0.0,1096.0,1096.0,0.0,1634046388.336568,0.0005280971527099,10.475924015045164
2327,0,1,0,0,3,2,1116,2211110130,1150,64,1136,17,59861,29483,4,0,0,43,15,2211110130,17,59861,11123,12450,1130,1150,1130.0,1131.8181818181818,2.846049894151573,6.100000000000126,33.05785123966942,1130.0,1130.0,0.0,3308,1096,1116,1096.0,1102.6666666666667,0.7071067811865238,-1.5000000000000222,88.88888888888887,1106.0,1096.0,10.0,1634046388.336568,0.0,10.475924015045164
2328,0,1,0,0,3,2,1096,2211110130,1130,64,1116,17,59861,29483,4,0,0,43,15,2211110130,17,59861,11123,13580,1130,1150,1130.0,1131.6666666666667,3.0151134457775943,7.090909090908923,30.55555555555556,1130.0,1130.0,0.0,4404,1096,1116,1096.0,1101.0,1.1547005383792517,-0.6666666666666665,75.0,1101.0,1096.0,5.0,1634046388.336568,0.0,10.475924015045164
2329,0,1,0,0,3,2,1096,2211110130,1130,64,1116,17,59861,29483,4,0,0,43,15,2211110130,17,59861,11123,14710,1130,1150,1130.0,1131.5384615384614,3.175426480543001,8.083333333333583,28.40236686390533,1130.0,1130.0,0.0,5500,1096,1116,1096.0,1100.0,1.5,0.25,64.0,1096.0,1096.0,0.0,1634046388.336568,0.0,10.475924015045164
2330,0,1,0,0,3,2,1096,2211110130,1130,64,1116,17,59861,29483,4,0,0,43,15,2211110130,17,59861,11123,15840,1130,1150,1130.0,1131.428571428571,3.3282011773514317,9.076923076923327,26.53061224489796,1130.0,1130.0,0.0,6596,1096,1116,1096.0,1099.3333333333333,1.7888543819998612,1.2000000000000703,55.55555555555557,1096.0,1096.0,0.0,1634046388.337085,0.0005168914794921,10.476440906524656
2331,0,1,0,0,3,2,1096,2211110130,1130,64,1116,17,59861,29483,4,0,0,43,15,2211110130,17,59861,11123,16970,1130,1150,1130.0,1131.3333333333333,3.474396144861561,10.071428571428774,24.8888888888889,1130.0,1130.0,0.0,7692,1096,1116,1096.0,1098.857142857143,2.041241452319301,2.166666666666627,48.9795918367347,1096.0,1096.0,0.0,1634046388.337085,0.0,10.476440906524656
2332,0,1,0,0,3,2,1096,2211110130,1130,64,1116,17,59861,29483,4,0,0,43,15,2211110130,17,59861,11123,18100,1130,1150,1130.0,1131.25,3.614784456460256,11.066666666666666,23.4375,1130.0,1130.0,0.0,8788,1096,1116,1096.0,1098.5,2.2677868380553634,3.1428571428571432,43.75,1096.0,1096.0,0.0,1634046388.337085,0.0,10.476440906524656
2333,0,1,0,0,3,2,1096,2211110130,1130,64,1116,17,59861,29483,4,0,0,43,15,2211110130,17,59861,11123,19230,1130,1150,1130.0,1131.1764705882354,3.749999999999957,12.06249999999979,22.14532871972318,1130.0,1130.0,0.0,9884,1096,1116,1096.0,1098.2222222222222,2.4748737341529403,4.125000000000078,39.50617283950618,1096.0,1096.0,0.0,1634046388.347563,0.0104780197143554,10.486918926239012
2334,0,1,0,0,3,2,1096,2211110130,1130,64,1116,17,59861,29483,4,0,0,43,15,2211110130,17,59861,11123,20360,1130,1150,1130.0,1131.111111111111,3.880570000581343,13.058823529411846,20.98765432098766,1130.0,1130.0,0.0,10980,1096,1116,1096.0,1098.0,2.6666666666666665,5.111111111111111,36.0,1096.0,1096.0,0.0,1634046388.347563,0.0,10.486918926239012
2335,0,1,0,0,3,2,1096,2211110130,1130,64,1116,17,59861,29483,4,0,0,43,15,2211110130,17,59861,11123,21490,1130,1150,1130.0,1131.0526315789473,4.006938426723828,14.055555555555864,19.944598337950133,1130.0,1130.0,0.0,12076,1096,1116,1096.0,1097.8181818181818,2.8460498941515744,6.100000000000124,33.05785123966942,1096.0,1096.0,0.0,1634046388.347563,0.0,10.486918926239012
2336,0,1,0,0,3,2,1096,2211110130,1130,64,1116,17,59861,29483,4,0,0,43,15,2211110130,17,59861,11123,22620,1130,1150,1130.0,1131.0,4.129483209670112,15.05263157894737,19.0,1130.0,1130.0,0.0,13172,1096,1116,1096.0,1097.6666666666667,3.015113445777593,7.090909090908916,30.555555555555568,1096.0,1096.0,0.0,1634046388.348172,0.0006089210510253,10.487527847290037
2337,0,1,0,0,3,2,1096,2211110130,1130,64,1116,17,59861,29483,4,0,0,43,15,2211110130,17,59861,11123,1130,1130,1130,1130.0,1130.0,0.0,-3.0,0.0,1130.0,1130.0,0.0,14268,1096,1116,1096.0,1097.5384615384614,3.1754264805429995,8.083333333333577,28.40236686390534,1096.0,1096.0,0.0,1634046388.348172,0.0,10.487527847290037
2338,0,1,0,0,3,2,1096,2211110130,1130,64,1116,17,59861,29483,4,0,0,43,15,2211110130,17,59861,11123,2260,1130,1130,1130.0,1130.0,0.0,-3.0,0.0,1130.0,1130.0,0.0,15364,1096,1116,1096.0,1097.428571428571,3.3282011773514317,9.07692307692333,26.530612244897952,1096.0,1096.0,0.0,1634046388.348172,0.0,10.487527847290037
2339,0,1,0,0,3,2,1096,2211110130,1130,64,1116,17,59861,29483,4,0,0,43,15,2211110130,17,59861,11123,3390,1130,1130,1130.0,1130.0,0.0,-3.0,0.0,1130.0,1130.0,0.0,16460,1096,1116,1096.0,1097.3333333333333,3.474396144861561,10.071428571428772,24.888888888888903,1096.0,1096.0,0.0,1634046388.348815,0.0006430149078369,10.488170862197874
2340,0,1,0,0,3,2,1096,2211110130,1130,64,1116,17,59861,29483,4,0,0,43,15,2211110130,17,59861,11123,4520,1130,1130,1130.0,1130.0,0.0,-3.0,0.0,1130.0,1130.0,0.0,17556,1096,1116,1096.0,1097.25,3.614784456460256,11.066666666666666,23.4375,1096.0,1096.0,0.0,1634046388.348815,0.0,10.488170862197874
2341,0,1,0,0,3,2,1096,2211110130,1130,64,1116,17,59861,29483,4,0,0,43,15,2211110130,17,59861,11123,5650,1130,1130,1130.0,1130.0,0.0,-3.0,0.0,1130.0,1130.0,0.0,18652,1096,1116,1096.0,1097.1764705882354,3.749999999999957,12.06249999999979,22.14532871972318,1096.0,1096.0,0.0,1634046388.348815,0.0,10.488170862197874
2342,0,1,0,0,3,2,1096,2211110130,1130,64,1116,17,59861,29483,4,0,0,43,15,2211110130,17,59861,11123,6780,1130,1130,1130.0,1130.0,0.0,-3.0,0.0,1130.0,1130.0,0.0,19748,1096,1116,1096.0,1097.111111111111,3.880570000581343,13.058823529411846,20.98765432098766,1096.0,1096.0,0.0,1634046388.349493,0.0006780624389648,10.488848924636839
2343,0,1,0,0,3,2,1096,2211110130,1130,64,1116,17,59861,29483,4,0,0,43,15,2211110130,17,59861,11123,7910,1130,1130,1130.0,1130.0,0.0,-3.0,0.0,1130.0,1130.0,0.0,20844,1096,1116,1096.0,1097.0526315789473,4.006938426723828,14.055555555555864,19.944598337950133,1096.0,1096.0,0.0,1634046388.349493,0.0,10.488848924636839
2344,0,1,0,0,3,2,1096,2211110130,1130,64,1116,17,59861,29483,4,0,0,43,15,2211110130,17,59861,11123,9040,1130,1130,1130.0,1130.0,0.0,-3.0,0.0,1130.0,1130.0,0.0,21940,1096,1116,1096.0,1097.0,4.129483209670112,15.05263157894737,19.0,1096.0,1096.0,0.0,1634046388.349493,0.0,10.488848924636839
2345,0,1,0,0,3,2,1096,2211110130,1130,64,1116,17,59861,29483,4,0,0,43,15,2211110130,17,59861,11123,10170,1130,1130,1130.0,1130.0,0.0,-3.0,0.0,1130.0,1130.0,0.0,1096,1096,1096,1096.0,1096.0,0.0,-3.0,0.0,1096.0,1096.0,0.0,1634046388.350141,0.000648021697998,10.489496946334837
2346,0,1,0,0,3,2,1096,2211110130,1130,64,1116,17,59861,29483,4,0,0,43,15,2211110130,17,59861,11123,11300,1130,1130,1130.0,1130.0,0.0,-3.0,0.0,1130.0,1130.0,0.0,2192,1096,1096,1096.0,1096.0,0.0,-3.0,0.0,1096.0,1096.0,0.0,1634046388.350141,0.0,10.489496946334837
2347,0,1,0,0,3,2,1096,2211110130,1130,64,1116,17,59861,29483,4,0,0,43,15,2211110130,17,59861,11123,12430,1130,1130,1130.0,1130.0,0.0,-3.0,0.0,1130.0,1130.0,0.0,3288,1096,1096,1096.0,1096.0,0.0,-3.0,0.0,1096.0,1096.0,0.0,1634046388.350141,0.0,10.489496946334837
2348,0,1,0,0,3,2,1116,2211110130,1150,64,1136,17,59861,29483,4,0,0,43,15,2211110130,17,59861,11123,13580,1130,1150,1130.0,1131.6666666666667,3.015113445777595,7.090909090908927,30.55555555555556,1130.0,1130.0,0.0,4404,1096,1116,1096.0,1101.0,1.1547005383792517,-0.6666666666666665,75.0,1101.0,1096.0,5.0,1634046388.35076,0.0006189346313476,10.490115880966185
2349,0,1,0,0,3,2,1096,2211110130,1130,64,1116,17,59861,29483,4,0,0,43,15,2211110130,17,59861,11123,14710,1130,1150,1130.0,1131.5384615384614,3.1754264805430004,8.083333333333583,28.40236686390533,1130.0,1130.0,0.0,5500,1096,1116,1096.0,1100.0,1.5,0.25,64.0,1096.0,1096.0,0.0,1634046388.35076,0.0,10.490115880966185
2350,0,1,0,0,3,2,1096,2211110130,1130,64,1116,17,59861,29483,4,0,0,43,15,2211110130,17,59861,11123,15840,1130,1150,1130.0,1131.428571428571,3.3282011773514317,9.076923076923327,26.53061224489796,1130.0,1130.0,0.0,6596,1096,1116,1096.0,1099.3333333333333,1.788854381999862,1.2000000000000703,55.55555555555557,1096.0,1096.0,0.0,1634046388.35076,0.0,10.490115880966185
2351,0,1,0,0,3,2,1096,2211110130,1130,64,1116,17,59861,29483,4,0,0,43,15,2211110130,17,59861,11123,16970,1130,1150,1130.0,1131.3333333333333,3.4743961448615623,10.07142857142878,24.888888888888896,1130.0,1130.0,0.0,7692,1096,1116,1096.0,1098.857142857143,2.041241452319301,2.166666666666627,48.9795918367347,1096.0,1096.0,0.0,1634046388.351409,0.0006489753723144,10.4907648563385
2352,0,1,0,0,3,2,1096,2211110130,1130,64,1116,17,59861,29483,4,0,0,43,15,2211110130,17,59861,11123,18100,1130,1150,1130.0,1131.25,3.614784456460256,11.066666666666666,23.4375,1130.0,1130.0,0.0,8788,1096,1116,1096.0,1098.5,2.2677868380553634,3.1428571428571432,43.75,1096.0,1096.0,0.0,1634046388.351409,0.0,10.4907648563385
2353,0,1,0,0,3,2,1096,2211110130,1130,64,1116,17,59861,29483,4,0,0,43,15,2211110130,17,59861,11123,19230,1130,1150,1130.0,1131.1764705882354,3.749999999999957,12.06249999999979,22.14532871972318,1130.0,1130.0,0.0,9884,1096,1116,1096.0,1098.2222222222222,2.4748737341529403,4.125000000000078,39.50617283950618,1096.0,1096.0,0.0,1634046388.351409,0.0,10.4907648563385
2354,0,1,0,0,3,2,1096,2211110130,1130,64,1116,17,59861,29483,4,0,0,43,15,2211110130,17,59861,11123,20360,1130,1150,1130.0,1131.111111111111,3.880570000581343,13.058823529411846,20.98765432098766,1130.0,1130.0,0.0,10980,1096,1116,1096.0,1098.0,2.6666666666666665,5.111111111111111,36.0,1096.0,1096.0,0.0,1634046388.352064,0.0006549358367919,10.491419792175291
2355,0,1,0,0,3,2,1096,2211110130,1130,64,1116,17,59861,29483,4,0,0,43,15,2211110130,17,59861,11123,21490,1130,1150,1130.0,1131.0526315789473,4.006938426723828,14.055555555555864,19.944598337950133,1130.0,1130.0,0.0,12076,1096,1116,1096.0,1097.8181818181818,2.8460498941515744,6.100000000000124,33.05785123966942,1096.0,1096.0,0.0,1634046388.352064,0.0,10.491419792175291
2356,0,1,0,0,3,2,1096,2211110130,1130,64,1116,17,59861,29483,4,0,0,43,15,2211110130,17,59861,11123,22620,1130,1150,1130.0,1131.0,4.129483209670112,15.05263157894737,19.0,1130.0,1130.0,0.0,13172,1096,1116,1096.0,1097.6666666666667,3.015113445777593,7.090909090908916,30.555555555555568,1096.0,1096.0,0.0,1634046388.352064,0.0,10.491419792175291
2357,0,1,0,0,3,2,1096,2211110130,1130,64,1116,17,59861,29483,4,0,0,43,15,2211110130,17,59861,11123,1130,1130,1130,1130.0,1130.0,0.0,-3.0,0.0,1130.0,1130.0,0.0,14268,1096,1116,1096.0,1097.5384615384614,3.1754264805429995,8.083333333333577,28.40236686390534,1096.0,1096.0,0.0,1634046388.352769,0.0007050037384033,10.492124795913695
2358,0,1,0,0,3,2,1096,2211110130,1130,64,1116,17,59861,29483,4,0,0,43,15,2211110130,17,59861,11123,2260,1130,1130,1130.0,1130.0,0.0,-3.0,0.0,1130.0,1130.0,0.0,15364,1096,1116,1096.0,1097.428571428571,3.3282011773514317,9.07692307692333,26.530612244897952,1096.0,1096.0,0.0,1634046388.352769,0.0,10.492124795913695
2359,0,1,0,0,3,2,1096,2211110130,1130,64,1116,17,59861,29483,4,0,0,43,15,2211110130,17,59861,11123,3390,1130,1130,1130.0,1130.0,0.0,-3.0,0.0,1130.0,1130.0,0.0,16460,1096,1116,1096.0,1097.3333333333333,3.474396144861561,10.071428571428772,24.888888888888903,1096.0,1096.0,0.0,1634046388.352769,0.0,10.492124795913695
2360,0,1,0,0,3,2,1096,2211110130,1130,64,1116,17,59861,29483,4,0,0,43,15,2211110130,17,59861,11123,4520,1130,1130,1130.0,1130.0,0.0,-3.0,0.0,1130.0,1130.0,0.0,17556,1096,1116,1096.0,1097.25,3.614784456460256,11.066666666666666,23.4375,1096.0,1096.0,0.0,1634046388.352769,0.0,10.492124795913695
2361,0,1,0,0,3,2,1096,2211110130,1130,64,1116,17,59861,29483,4,0,0,43,15,2211110130,17,59861,11123,5650,1130,1130,1130.0,1130.0,0.0,-3.0,0.0,1130.0,1130.0,0.0,18652,1096,1116,1096.0,1097.1764705882354,3.749999999999957,12.06249999999979,22.14532871972318,1096.0,1096.0,0.0,1634046388.353292,0.0005230903625488,10.492647886276243
2362,0,1,0,0,3,2,1096,2211110130,1130,64,1116,17,59861,29483,4,0,0,43,15,2211110130,17,59861,11123,6780,1130,1130,1130.0,1130.0,0.0,-3.0,0.0,1130.0,1130.0,0.0,19748,1096,1116,1096.0,1097.111111111111,3.880570000581343,13.058823529411846,20.98765432098766,1096.0,1096.0,0.0,1634046388.353292,0.0,10.492647886276243
2363,0,1,0,0,3,2,1096,2211110130,1130,64,1116,17,59861,29483,4,0,0,43,15,2211110130,17,59861,11123,7910,1130,1130,1130.0,1130.0,0.0,-3.0,0.0,1130.0,1130.0,0.0,20844,1096,1116,1096.0,1097.0526315789473,4.006938426723828,14.055555555555864,19.944598337950133,1096.0,1096.0,0.0,1634046388.353292,0.0,10.492647886276243
2364,0,1,0,0,3,2,1096,2211110130,1130,64,1116,17,59861,29483,4,0,0,43,15,2211110130,17,59861,11123,9040,1130,1130,1130.0,1130.0,0.0,-3.0,0.0,1130.0,1130.0,0.0,21940,1096,1116,1096.0,1097.0,4.129483209670112,15.05263157894737,19.0,1096.0,1096.0,0.0,1634046388.353292,0.0,10.492647886276243
2365,0,1,0,0,3,2,1096,2211110130,1130,64,1116,17,59861,29483,4,0,0,43,15,2211110130,17,59861,11123,10170,1130,1130,1130.0,1130.0,0.0,-3.0,0.0,1130.0,1130.0,0.0,1096,1096,1096,1096.0,1096.0,0.0,-3.0,0.0,1096.0,1096.0,0.0,1634046388.353796,0.0005040168762207,10.493151903152464
2366,0,1,0,0,3,2,1096,2211110130,1130,64,1116,17,59861,29483,4,0,0,43,15,2211110130,17,59861,11123,11300,1130,1130,1130.0,1130.0,0.0,-3.0,0.0,1130.0,1130.0,0.0,2192,1096,1096,1096.0,1096.0,0.0,-3.0,0.0,1096.0,1096.0,0.0,1634046388.353796,0.0,10.493151903152464
2367,0,1,0,0,3,2,1096,2211110130,1130,64,1116,17,59861,29483,4,0,0,43,15,2211110130,17,59861,11123,12430,1130,1130,1130.0,1130.0,0.0,-3.0,0.0,1130.0,1130.0,0.0,3288,1096,1096,1096.0,1096.0,0.0,-3.0,0.0,1096.0,1096.0,0.0,1634046388.353796,0.0,10.493151903152464
2368,0,1,0,0,3,2,1096,2211110130,1130,64,1116,17,59861,29483,4,0,0,43,15,2211110130,17,59861,11123,13560,1130,1130,1130.0,1130.0,0.0,-3.0,0.0,1130.0,1130.0,0.0,4384,1096,1096,1096.0,1096.0,0.0,-3.0,0.0,1096.0,1096.0,0.0,1634046388.353796,0.0,10.493151903152464
2369,0,1,0,0,3,2,1116,2211110130,1150,64,1136,17,59861,29483,4,0,0,43,15,2211110130,17,59861,11123,14710,1130,1150,1130.0,1131.5384615384614,3.1754264805430004,8.08333333333358,28.40236686390533,1130.0,1130.0,0.0,5500,1096,1116,1096.0,1100.0,1.5,0.25,64.0,1096.0,1096.0,0.0,1634046388.35433,0.0005340576171875,10.493685960769652
2370,0,1,0,0,3,2,1096,2211110130,1130,64,1116,17,59861,29483,4,0,0,43,15,2211110130,17,59861,11123,15840,1130,1150,1130.0,1131.428571428571,3.328201177351432,9.07692307692333,26.53061224489796,1130.0,1130.0,0.0,6596,1096,1116,1096.0,1099.3333333333333,1.788854381999862,1.200000000000072,55.55555555555557,1096.0,1096.0,0.0,1634046388.35433,0.0,10.493685960769652
2371,0,1,0,0,3,2,1096,2211110130,1130,64,1116,17,59861,29483,4,0,0,43,15,2211110130,17,59861,11123,16970,1130,1150,1130.0,1131.3333333333333,3.474396144861562,10.071428571428775,24.888888888888896,1130.0,1130.0,0.0,7692,1096,1116,1096.0,1098.857142857143,2.041241452319301,2.166666666666627,48.9795918367347,1096.0,1096.0,0.0,1634046388.35433,0.0,10.493685960769652
2372,0,1,0,0,3,2,1096,2211110130,1130,64,1116,17,59861,29483,4,0,0,43,15,2211110130,17,59861,11123,18100,1130,1150,1130.0,1131.25,3.614784456460256,11.066666666666666,23.4375,1130.0,1130.0,0.0,8788,1096,1116,1096.0,1098.5,2.2677868380553634,3.1428571428571432,43.75,1096.0,1096.0,0.0,1634046388.35433,0.0,10.493685960769652
2373,0,1,0,0,3,2,1096,2211110130,1130,64,1116,17,59861,29483,4,0,0,43,15,2211110130,17,59861,11123,19230,1130,1150,1130.0,1131.1764705882354,3.749999999999957,12.06249999999979,22.14532871972318,1130.0,1130.0,0.0,9884,1096,1116,1096.0,1098.2222222222222,2.4748737341529403,4.125000000000078,39.50617283950618,1096.0,1096.0,0.0,1634046388.354877,0.0005469322204589,10.49423289299011
2374,0,1,0,0,3,2,1096,2211110130,1130,64,1116,17,59861,29483,4,0,0,43,15,2211110130,17,59861,11123,20360,1130,1150,1130.0,1131.111111111111,3.880570000581343,13.058823529411846,20.98765432098766,1130.0,1130.0,0.0,10980,1096,1116,1096.0,1098.0,2.6666666666666665,5.111111111111111,36.0,1096.0,1096.0,0.0,1634046388.354877,0.0,10.49423289299011
2375,0,1,0,0,3,2,1096,2211110130,1130,64,1116,17,59861,29483,4,0,0,43,15,2211110130,17,59861,11123,21490,1130,1150,1130.0,1131.0526315789473,4.006938426723828,14.055555555555864,19.944598337950133,1130.0,1130.0,0.0,12076,1096,1116,1096.0,1097.8181818181818,2.8460498941515744,6.100000000000124,33.05785123966942,1096.0,1096.0,0.0,1634046388.354877,0.0,10.49423289299011
2376,0,1,0,0,3,2,1096,2211110130,1130,64,1116,17,59861,29483,4,0,0,43,15,2211110130,17,59861,11123,22620,1130,1150,1130.0,1131.0,4.129483209670112,15.05263157894737,19.0,1130.0,1130.0,0.0,13172,1096,1116,1096.0,1097.6666666666667,3.015113445777593,7.090909090908916,30.555555555555568,1096.0,1096.0,0.0,1634046388.354877,0.0,10.49423289299011
2377,0,1,0,0,3,2,1096,2211110130,1130,64,1116,17,59861,29483,4,0,0,43,15,2211110130,17,59861,11123,1130,1130,1130,1130.0,1130.0,0.0,-3.0,0.0,1130.0,1130.0,0.0,14268,1096,1116,1096.0,1097.5384615384614,3.1754264805429995,8.083333333333577,28.40236686390534,1096.0,1096.0,0.0,1634046388.354877,0.0,10.49423289299011
2378,0,1,0,0,3,2,1096,2211110130,1130,64,1116,17,59861,29483,4,0,0,43,15,2211110130,17,59861,11123,2260,1130,1130,1130.0,1130.0,0.0,-3.0,0.0,1130.0,1130.0,0.0,15364,1096,1116,1096.0,1097.428571428571,3.3282011773514317,9.07692307692333,26.530612244897952,1096.0,1096.0,0.0,1634046388.355499,0.0006220340728759,10.494854927062987
2379,0,1,0,0,3,2,1096,2211110130,1130,64,1116,17,59861,29483,4,0,0,43,15,2211110130,17,59861,11123,3390,1130,1130,1130.0,1130.0,0.0,-3.0,0.0,1130.0,1130.0,0.0,16460,1096,1116,1096.0,1097.3333333333333,3.474396144861561,10.071428571428772,24.888888888888903,1096.0,1096.0,0.0,1634046388.355499,0.0,10.494854927062987
2380,0,1,0,0,3,2,1096,2211110130,1130,64,1116,17,59861,29483,4,0,0,43,15,2211110130,17,59861,11123,4520,1130,1130,1130.0,1130.0,0.0,-3.0,0.0,1130.0,1130.0,0.0,17556,1096,1116,1096.0,1097.25,3.614784456460256,11.066666666666666,23.4375,1096.0,1096.0,0.0,1634046388.355499,0.0,10.494854927062987
2381,0,1,0,0,3,2,1096,2211110130,1130,64,1116,17,59861,29483,4,0,0,43,15,2211110130,17,59861,11123,5650,1130,1130,1130.0,1130.0,0.0,-3.0,0.0,1130.0,1130.0,0.0,18652,1096,1116,1096.0,1097.1764705882354,3.749999999999957,12.06249999999979,22.14532871972318,1096.0,1096.0,0.0,1634046388.355499,0.0,10.494854927062987
2382,0,1,0,0,3,2,1096,2211110130,1130,64,1116,17,59861,29483,4,0,0,43,15,2211110130,17,59861,11123,6780,1130,1130,1130.0,1130.0,0.0,-3.0,0.0,1130.0,1130.0,0.0,19748,1096,1116,1096.0,1097.111111111111,3.880570000581343,13.058823529411846,20.98765432098766,1096.0,1096.0,0.0,1634046388.356018,0.0005190372467041,10.49537396430969
2383,0,1,0,0,3,2,1096,2211110130,1130,64,1116,17,59861,29483,4,0,0,43,15,2211110130,17,59861,11123,7910,1130,1130,1130.0,1130.0,0.0,-3.0,0.0,1130.0,1130.0,0.0,20844,1096,1116,1096.0,1097.0526315789473,4.006938426723828,14.055555555555864,19.944598337950133,1096.0,1096.0,0.0,1634046388.356018,0.0,10.49537396430969
2384,0,1,0,0,3,2,1096,2211110130,1130,64,1116,17,59861,29483,4,0,0,43,15,2211110130,17,59861,11123,9040,1130,1130,1130.0,1130.0,0.0,-3.0,0.0,1130.0,1130.0,0.0,21940,1096,1116,1096.0,1097.0,4.129483209670112,15.05263157894737,19.0,1096.0,1096.0,0.0,1634046388.358193,0.0021748542785644,10.497548818588255
2385,0,1,0,0,3,2,1096,2211110130,1130,64,1116,17,59861,29483,4,0,0,43,15,2211110130,17,59861,11123,10170,1130,1130,1130.0,1130.0,0.0,-3.0,0.0,1130.0,1130.0,0.0,1096,1096,1096,1096.0,1096.0,0.0,-3.0,0.0,1096.0,1096.0,0.0,1634046388.358193,0.0,10.497548818588255
2386,0,1,0,0,3,2,1096,2211110130,1130,64,1116,17,59861,29483,4,0,0,43,15,2211110130,17,59861,11123,11300,1130,1130,1130.0,1130.0,0.0,-3.0,0.0,1130.0,1130.0,0.0,2192,1096,1096,1096.0,1096.0,0.0,-3.0,0.0,1096.0,1096.0,0.0,1634046388.358193,0.0,10.497548818588255
2387,0,1,0,0,3,2,1096,2211110130,1130,64,1116,17,59861,29483,4,0,0,43,15,2211110130,17,59861,11123,12430,1130,1130,1130.0,1130.0,0.0,-3.0,0.0,1130.0,1130.0,0.0,3288,1096,1096,1096.0,1096.0,0.0,-3.0,0.0,1096.0,1096.0,0.0,1634046388.358193,0.0,10.497548818588255
2388,0,1,0,0,3,2,1096,2211110130,1130,64,1116,17,59861,29483,4,0,0,43,15,2211110130,17,59861,11123,13560,1130,1130,1130.0,1130.0,0.0,-3.0,0.0,1130.0,1130.0,0.0,4384,1096,1096,1096.0,1096.0,0.0,-3.0,0.0,1096.0,1096.0,0.0,1634046388.3587,0.000507116317749,10.498055934906004
2389,0,1,0,0,3,2,1096,2211110130,1130,64,1116,17,59861,29483,4,0,0,43,15,2211110130,17,59861,11123,14690,1130,1130,1130.0,1130.0,0.0,-3.0,0.0,1130.0,1130.0,0.0,5480,1096,1096,1096.0,1096.0,0.0,-3.0,0.0,1096.0,1096.0,0.0,1634046388.3587,0.0,10.498055934906004
2390,0,1,0,0,3,2,1116,2211110130,1150,64,1136,17,59861,29483,4,0,0,43,15,2211110130,17,59861,11123,15840,1130,1150,1130.0,1131.428571428571,3.328201177351432,9.07692307692333,26.53061224489796,1130.0,1130.0,0.0,6596,1096,1116,1096.0,1099.3333333333333,1.788854381999862,1.200000000000072,55.55555555555557,1096.0,1096.0,0.0,1634046388.3587,0.0,10.498055934906004
2391,0,1,0,0,3,2,1096,2211110130,1130,64,1116,17,59861,29483,4,0,0,43,15,2211110130,17,59861,11123,16970,1130,1150,1130.0,1131.3333333333333,3.4743961448615623,10.07142857142878,24.888888888888893,1130.0,1130.0,0.0,7692,1096,1116,1096.0,1098.857142857143,2.041241452319301,2.166666666666627,48.9795918367347,1096.0,1096.0,0.0,1634046388.3587,0.0,10.498055934906004
2392,0,1,0,0,3,2,1096,2211110130,1130,64,1116,17,59861,29483,4,0,0,43,15,2211110130,17,59861,11123,18100,1130,1150,1130.0,1131.25,3.614784456460256,11.066666666666666,23.4375,1130.0,1130.0,0.0,8788,1096,1116,1096.0,1098.5,2.2677868380553634,3.1428571428571432,43.75,1096.0,1096.0,0.0,1634046388.359216,0.0005159378051757,10.49857187271118
2393,0,1,0,0,3,2,1096,2211110130,1130,64,1116,17,59861,29483,4,0,0,43,15,2211110130,17,59861,11123,19230,1130,1150,1130.0,1131.1764705882354,3.749999999999957,12.06249999999979,22.14532871972318,1130.0,1130.0,0.0,9884,1096,1116,1096.0,1098.2222222222222,2.4748737341529403,4.125000000000078,39.50617283950618,1096.0,1096.0,0.0,1634046388.359216,0.0,10.49857187271118
2394,0,1,0,0,3,2,1096,2211110130,1130,64,1116,17,59861,29483,4,0,0,43,15,2211110130,17,59861,11123,20360,1130,1150,1130.0,1131.111111111111,3.880570000581343,13.058823529411846,20.98765432098766,1130.0,1130.0,0.0,10980,1096,1116,1096.0,1098.0,2.6666666666666665,5.111111111111111,36.0,1096.0,1096.0,0.0,1634046388.359216,0.0,10.49857187271118
2395,0,1,0,0,3,2,388,2211110130,422,64,408,17,59861,29483,4,0,0,43,15,2211110130,17,59861,11123,20782,422,1150,1130.0,1093.7894736842106,-4.001527700710087,14.028894988136296,25092.16620498615,1130.0,1130.0,0.0,11368,388,1116,1096.0,1033.4545454545455,-2.8418937011147083,6.086273528435482,41693.88429752066,1096.0,1096.0,0.0,1634046388.359216,0.0,10.49857187271118
2396,0,1,0,0,3,2,1096,2211110130,1130,64,1116,17,59861,29483,4,0,0,43,15,2211110130,17,59861,11123,21912,422,1150,1130.0,1095.6,-4.123936331909893,15.024364928423424,23899.84,1130.0,1130.0,0.0,12464,388,1116,1096.0,1038.6666666666667,-3.0107791447820182,7.075551914758719,38518.22222222222,1096.0,1096.0,0.0,1634046388.359216,0.0,10.49857187271118
2397,0,1,0,0,3,2,1096,2211110130,1130,64,1116,17,59861,29483,4,0,0,43,15,2211110130,17,59861,11123,1130,1130,1130,1130.0,1130.0,0.0,-3.0,0.0,1130.0,1130.0,0.0,13560,388,1116,1096.0,1043.076923076923,-3.170921702304768,8.066351298760038,35788.686390532544,1096.0,1096.0,0.0,1634046388.359792,0.0005760192871093,10.49914789199829
2398,0,1,0,0,3,2,1096,2211110130,1130,64,1116,17,59861,29483,4,0,0,43,15,2211110130,17,59861,11123,2260,1130,1130,1130.0,1130.0,0.0,-3.0,0.0,1130.0,1130.0,0.0,14656,388,1116,1096.0,1046.857142857143,-3.323532568231263,9.058320765190158,33418.12244897959,1096.0,1096.0,0.0,1634046388.359792,0.0,10.49914789199829
2399,0,1,0,0,3,2,277,2211110130,311,64,297,17,59861,29483,4,0,0,43,15,2211110130,17,59861,11123,2571,311,1130,1130.0,857.0,-0.7071067811865475,-1.5,149058.0,1130.0,720.5,409.5,14933,277,1116,1096.0,995.5333333333332,-2.1821691991442425,2.816212409501367,68068.11555555556,1096.0,1096.0,0.0,1634046388.361404,0.0016119480133056,10.500759840011595
2400,0,1,0,0,3,2,1096,2211110130,1130,64,1116,17,59861,29483,4,0,0,43,15,2211110130,17,59861,11123,3701,311,1130,1130.0,925.25,-1.1547005383792517,-0.6666666666666665,125767.6875,1130.0,925.25,204.75,16029,277,1116,1096.0,1001.8125,-2.2931273814920763,3.315355129505324,64405.27734375,1096.0,1096.0,0.0,1634046388.361404,0.0,10.500759840011595
2401,0,1,0,0,2,3,60,3232270721,94,47,80,17,29483,59861,4,0,0,43,15,2211110130,17,59861,11123,3795,94,1130,1130.0,759.0,-0.4756826761865996,-1.68732496630142,211170.4,1130.0,311.0,819.0,16089,60,1116,1096.0,946.4117647058824,-1.8161780929327311,1.508399970788183,109724.59515570934,1096.0,1096.0,0.0,1634046388.362572,0.0011680126190185,10.501927852630613
2402,0,1,0,0,3,2,1096,2211110130,1130,64,1116,17,59861,29483,4,0,0,43,15,2211110130,17,59861,11123,4925,94,1130,1130.0,820.8333333333334,-0.7703541905990214,-1.322008295163936,195092.13888888888,1130.0,515.75,614.25,17185,60,1116,1096.0,954.7222222222222,-1.909063930336282,1.861850519712945,104802.86728395062,1096.0,1096.0,0.0,1634046388.364329,0.0017571449279785,10.503684997558592
2403,0,1,0,0,3,2,1096,2211110130,1130,64,1116,17,59861,29483,4,0,0,43,15,2211110130,17,59861,11123,6055,94,1130,1130.0,865.0,-1.0103849617822993,-0.8928517306198778,178926.0,1130.0,720.5,409.5,18281,60,1116,1096.0,962.157894736842,-1.998033294125944,2.2170355085016134,100282.13296398892,1096.0,1096.0,0.0,1634046388.364329,0.0,10.503684997558592
2404,0,1,0,0,3,2,1096,2211110130,1130,64,1116,17,59861,29483,4,0,0,43,15,2211110130,17,59861,11123,7185,94,1130,1130.0,898.125,-1.216075778130464,-0.431490673876997,164241.109375,1130.0,925.25,204.75,19377,60,1116,1096.0,968.85,-2.083521474768816,2.5736514256421144,96118.92750000002,1096.0,1096.0,0.0,1634046388.364329,0.0,10.503684997558592
2405,0,1,0,0,3,2,1096,2211110130,1130,64,1116,17,59861,29483,4,0,0,43,15,2211110130,17,59861,11123,8315,94,1130,1130.0,923.8888888888888,-1.3979975604283588,0.0483782788084736,151302.32098765433,1130.0,1130.0,0.0,1096,1096,1096,1096.0,1096.0,0.0,-3.0,0.0,1096.0,1096.0,0.0,1634046388.365843,0.0015139579772949,10.505198955535887
2406,0,1,0,0,3,2,657,2211110130,691,64,677,17,59861,29483,4,0,0,43,15,2211110130,17,59861,11123,9006,94,1130,1130.0,900.6,-1.2353667009717413,-0.1580038469229632,141053.43999999997,1130.0,800.75,329.25,1753,657,1096,876.5,876.5,0.0,-2.0,48180.25,986.25,766.75,219.5,1634046388.365843,0.0,10.505198955535887
2407,0,1,0,0,3,2,408,2211110130,442,64,428,17,59861,29483,4,0,0,43,15,2211110130,17,59861,11123,9448,94,1130,1130.0,858.9090909090909,-0.899472836667269,-0.8507963489430659,145611.71900826448,1130.0,566.5,563.5,2161,408,1096,657.0,720.3333333333334,0.322969106715764,-1.5000000000000009,80896.22222222223,876.5,532.5,344.0,1634046388.365843,0.0,10.505198955535887
2408,0,1,0,0,3,2,56,2211110130,90,64,76,17,59861,29483,4,0,0,43,15,2211110130,17,59861,11123,9538,90,1130,1130.0,794.8333333333334,-0.6502181876996819,-1.3110036014834727,178640.1388888889,1130.0,409.25,720.75,2217,56,1096,532.5,554.25,0.1531055290557527,-1.1971901385831123,143423.1875,766.75,320.0,446.75,1634046388.372742,0.0068988800048828,10.51209783554077
2409,0,1,0,0,3,2,60,2211110130,94,64,80,17,59861,29483,4,0,0,43,15,2211110130,17,59861,11123,9632,90,1130,1130.0,740.9230769230769,-0.4404687523325247,-1.5883746016710554,199774.37869822484,1130.0,311.0,819.0,2277,56,1096,408.0,455.4,0.4821434423556985,-1.1408971079709316,153823.84,657.0,60.0,597.0,1634046388.374391,0.0016491413116455,10.513746976852415
2410,0,1,0,0,3,2,408,2211110130,442,64,428,17,59861,29483,4,0,0,43,15,2211110130,17,59861,11123,10074,90,1130,910.5,719.5714285714286,-0.3122949054457089,-1.632153400090662,191431.387755102,1130.0,343.75,786.25,2685,56,1096,408.0,447.5,0.5919791853927143,-0.7305772245242128,128498.58333333331,594.75,147.0,447.75,1634046388.374391,0.0,10.513746976852415
2411,0,1,0,0,3,2,1096,2211110130,1130,64,1116,17,59861,29483,4,0,0,43,15,2211110130,17,59861,11123,11204,90,1130,1130.0,746.9333333333333,-0.4297230277933929,-1.5551202501797483,189150.72888888887,1130.0,376.5,753.5,3781,56,1096,408.0,540.1428571428571,0.2556715526549233,-1.3606419434895842,161637.83673469388,876.5,234.0,642.5,1634046388.382638,0.008246898651123,10.521993875503538
2412,0,1,0,0,3,2,1096,2211110130,1130,64,1116,17,59861,29483,4,0,0,43,15,2211110130,17,59861,11123,12334,90,1130,1130.0,770.875,-0.5363112195062656,-1.4585059508227214,185926.859375,1130.0,409.25,720.75,4877,56,1096,532.5,609.625,-0.011650631414412,-1.5491103950643024,175227.484375,1096.0,321.0,775.0,1634046388.382638,0.0,10.521993875503538
2413,0,1,0,0,3,2,1096,2211110130,1130,64,1116,17,59861,29483,4,0,0,43,15,2211110130,17,59861,11123,13464,90,1130,1130.0,792.0,-0.6341979444514155,-1.3477048962353029,182130.23529411765,1130.0,442.0,688.0,5973,56,1096,657.0,663.6666666666666,-0.2265347202479977,-1.5543812624425726,179121.7777777778,1096.0,408.0,688.0,1634046388.383902,0.0012640953063964,10.523257970809935
2414,0,1,0,0,2,3,60,3232270721,94,47,80,17,29483,59861,4,0,0,43,15,2211110130,17,59861,11123,13558,90,1130,1130.0,753.2222222222222,-0.4828649970891209,-1.5503423036828556,197575.06172839503,1130.0,343.75,786.25,6033,56,1096,532.5,603.3,-0.0245739132717171,-1.6646340533069666,194006.81,1096.0,147.0,949.0,1634046388.395855,0.0119528770446777,10.535210847854612
2415,0,1,0,0,3,2,1116,2211110130,1150,64,1136,17,59861,29483,4,0,0,43,15,2211110130,17,59861,11123,14708,90,1150,1130.0,774.1052631578947,-0.5702443363833939,-1.46177095882199,195026.19944598337,1130.0,376.5,753.5,7149,56,1116,657.0,649.9090909090909,-0.1980042350064502,-1.6585130484320008,198093.90082644628,1096.0,234.0,862.0,1634046388.401145,0.0052900314331054,10.540500879287718
2416,0,1,0,0,3,2,1096,2211110130,1130,64,1116,17,59861,29483,4,0,0,43,15,2211110130,17,59861,11123,15838,90,1150,1130.0,791.9,-0.6528604815915228,-1.3628263354902013,191291.29,1130.0,409.25,720.75,8245,56,1116,876.5,687.0833333333334,-0.3505619385230641,-1.593379329281676,196787.2430555556,1096.0,321.0,775.0,1634046388.401145,0.0,10.540500879287718
2417,0,1,0,0,3,2,931,2211110130,965,64,951,17,59861,29483,4,0,0,43,15,2211110130,17,59861,11123,965,965,965,965.0,965.0,0.0,-3.0,0.0,965.0,965.0,0.0,9176,56,1116,931.0,705.8461538461538,-0.4692203720371196,-1.4664455944328525,185874.28402366865,1096.0,408.0,688.0,1634046388.401981,0.0008361339569091,10.541337013244627
2418,0,1,0,0,3,2,408,2211110130,442,64,428,17,59861,29483,4,0,0,43,15,2211110130,17,59861,11123,1407,442,965,703.5,703.5,0.0,-2.0,68382.25,834.25,572.75,261.5,9584,56,1116,794.0,684.5714285714286,-0.3368820840435916,-1.5210102224336657,178481.5306122449,1096.0,408.0,688.0,1634046388.425942,0.0239608287811279,10.565297842025755
2419,0,1,0,0,3,2,1096,2211110130,1130,64,1116,17,59861,29483,4,0,0,43,15,2211110130,17,59861,11123,2537,442,1130,965.0,845.6666666666666,-0.5429780617107097,-1.5000000000000002,86010.88888888889,1047.5,703.5,344.0,10680,56,1116,931.0,712.0,-0.4515789608154359,-1.4451168856194023,177115.33333333334,1096.0,408.0,688.0,1634046388.425942,0.0,10.565297842025755
2420,0,1,0,0,3,2,1096,2211110130,1130,64,1116,17,59861,29483,4,0,0,43,15,2211110130,17,59861,11123,3667,442,1130,1047.5,916.75,-0.972766364691166,-0.8358704226414768,79666.6875,1130.0,834.25,295.75,11776,56,1116,1013.5,736.0,-0.5562040130417591,-1.3489710270398725,174685.625,1096.0,408.0,688.0,1634046388.426628,0.0006861686706542,10.56598401069641
2421,0,1,0,0,3,2,1096,2211110130,1130,64,1116,17,59861,29483,4,0,0,43,15,2211110130,17,59861,11123,4797,442,1130,1130.0,959.4,-1.3065384417770196,-0.0566859183357069,71009.43999999997,1130.0,965.0,165.0,12872,56,1116,1096.0,757.1764705882352,-0.6526273215934465,-1.2380980335572045,171585.08650519032,1096.0,408.0,688.0,1634046388.426628,0.0,10.56598401069641
2422,0,1,0,0,3,2,1104,2211110130,1138,64,1124,17,59861,29483,4,0,0,43,15,2211110130,17,59861,11123,5935,442,1138,1130.0,989.1666666666666,-1.5808775321261777,0.7615773904113934,63604.80555555556,1130.0,1006.25,123.75,13976,56,1116,1096.0,776.4444444444445,-0.741572544320702,-1.1172860912349625,168363.9135802469,1096.0,408.0,688.0,1634046388.426628,0.0,10.56598401069641
2423,0,1,0,0,3,2,1096,2211110130,1130,64,1116,17,59861,29483,4,0,0,43,15,2211110130,17,59861,11123,7065,442,1138,1130.0,1009.2857142857144,-1.82364324793542,1.611796363485876,56947.061224489786,1130.0,1047.5,82.5,15072,56,1116,1096.0,793.2631578947369,-0.8255341183899164,-0.9869054596558456,164594.2991689751,1096.0,408.0,688.0,1634046388.427194,0.0005660057067871,10.566550016403196
2424,0,1,0,0,3,2,204,2211110130,238,64,224,17,59861,29483,4,0,0,43,15,2211110130,17,59861,11123,7303,238,1138,1130.0,912.875,-1.1531973977653125,-0.4615968105576762,114893.859375,1130.0,834.25,295.75,15276,56,1116,1096.0,763.8,-0.6580957191220442,-1.2809889323006376,172858.06,1096.0,408.0,688.0,1634046388.427194,0.0,10.566550016403196
2425,0,1,0,0,2,3,60,3232270721,94,47,80,17,29483,59861,4,0,0,43,15,2211110130,17,59861,11123,7397,94,1138,1130.0,821.8888888888889,-0.7849722362588037,-1.180180005798411,168355.65432098764,1130.0,442.0,688.0,60,60,60,60.0,60.0,0.0,-3.0,0.0,60.0,60.0,0.0,1634046388.427479,0.0002849102020263,10.566834926605223
2426,0,1,0,0,3,2,1096,2211110130,1130,64,1116,17,59861,29483,4,0,0,43,15,2211110130,17,59861,11123,8527,94,1138,1130.0,852.7,-0.9478937596165832,-0.8965269735688848,160064.01,1130.0,572.75,557.25,1156,60,1096,578.0,578.0,0.0,-2.0,268324.0,837.0,319.0,518.0,1634046388.446287,0.0188078880310058,10.585642814636229
2427,0,1,0,0,3,2,1096,2211110130,1130,64,1116,17,59861,29483,4,0,0,43,15,2211110130,17,59861,11123,9657,94,1138,1130.0,877.9090909090909,-1.0939965714933402,-0.5945181706632541,151867.71900826448,1130.0,703.5,426.5,2252,60,1096,1096.0,750.6666666666666,-0.7071067811865472,-1.5,238510.22222222225,1096.0,578.0,518.0,1634046388.446287,0.0,10.585642814636229
2428,0,1,0,0,3,2,1096,2211110130,1130,64,1116,17,59861,29483,4,0,0,43,15,2211110130,17,59861,11123,10787,94,1138,1130.0,898.9166666666666,-1.2271736111280531,-0.2801995096157537,144066.5763888889,1130.0,834.25,295.75,3348,60,1096,1096.0,837.0,-1.1547005383792517,-0.6666666666666665,201243.0,1096.0,837.0,259.0,1634046388.446287,0.0,10.585642814636229
2429,0,1,0,0,3,2,1096,2211110130,1130,64,1116,17,59861,29483,4,0,0,43,15,2211110130,17,59861,11123,11917,94,1138,1130.0,916.6923076923076,-1.3500779059105563,0.0427724403409204,136776.21301775146,1130.0,965.0,165.0,4444,60,1096,1096.0,888.8,-1.5000000000000004,0.2500000000000004,171727.35999999996,1096.0,1096.0,0.0,1634046388.446923,0.0006361007690429,10.586278915405272
2430,0,1,0,0,3,2,1096,2211110130,1130,64,1116,17,59861,29483,4,0,0,43,15,2211110130,17,59861,11123,13047,94,1138,1130.0,931.9285714285714,-1.464599674149303,0.372057497371411,130024.35204081636,1130.0,1006.25,123.75,5540,60,1096,1096.0,923.3333333333334,-1.7888543819998324,1.2000000000000002,149068.88888888888,1096.0,1096.0,0.0,1634046388.446923,0.0,10.586278915405272
2431,0,1,0,0,3,2,1021,2211110130,1055,64,1041,17,59861,29483,4,0,0,43,15,2211110130,17,59861,11123,14102,94,1138,1130.0,940.1333333333332,-1.566006265675212,0.7021326592069466,122298.51555555555,1130.0,1010.0,120.0,6561,60,1096,1096.0,937.2857142857144,-2.019739770727333,2.1172617360948403,128941.34693877547,1096.0,1058.5,37.5,1634046388.448353,0.0014300346374511,10.587708950042723
2432,0,1,0,0,2,3,60,3232270721,94,47,80,17,29483,59861,4,0,0,43,15,2211110130,17,59861,11123,14196,94,1138,1130.0,887.25,-1.22082734458659,-0.3371045325295303,156604.5625,1130.0,834.25,295.75,6621,60,1096,1096.0,827.625,-1.1447439114298017,-0.6753181943955862,197001.984375,1096.0,780.75,315.25,1634046388.462526,0.0141730308532714,10.601881980895994
2433,0,1,0,0,3,2,408,2211110130,442,64,428,17,59861,29483,4,0,0,43,15,2211110130,17,59861,11123,14638,94,1138,1130.0,861.0588235294117,-1.014533234965252,-0.7501675142795499,158368.17301038065,1130.0,442.0,688.0,7029,60,1096,1096.0,781.0,-0.8306233313804423,-1.1639128984947762,192504.0,1096.0,408.0,688.0,1634046388.46678,0.00425386428833,10.606135845184324
2434,0,1,0,0,3,2,1096,2211110130,1130,64,1116,17,59861,29483,4,0,0,43,15,2211110130,17,59861,11123,15768,94,1138,1130.0,876.0,-1.10195711833952,-0.5624707616499678,153365.0,1130.0,572.75,557.25,8125,60,1096,1096.0,812.5,-0.9935798033880804,-0.8647439002868391,182183.85,1096.0,561.25,534.75,1634046388.46678,0.0,10.606135845184324
2435,0,1,0,0,3,2,1096,2211110130,1130,64,1116,17,59861,29483,4,0,0,43,15,2211110130,17,59861,11123,16898,94,1138,1130.0,889.3684210526316,-1.1846092383768534,-0.3702234999865337,148510.02216066478,1130.0,703.5,426.5,9221,60,1096,1096.0,838.2727272727273,-1.1399434193158635,-0.5490772794058043,172264.0165289256,1096.0,714.5,381.5,1634046388.467228,0.0004479885101318,10.606583833694456
2436,0,1,0,0,3,2,1096,2211110130,1130,64,1116,17,59861,29483,4,0,0,43,15,2211110130,17,59861,11123,18028,94,1138,1130.0,901.4,-1.26312297319127,-0.174319066663009,143834.94,1130.0,834.25,295.75,10317,60,1096,1096.0,859.75,-1.2735345903751294,-0.222294755818309,162982.6875,1096.0,867.75,228.25,1634046388.467228,0.0,10.606583833694456
2437,0,1,0,0,3,2,1096,2211110130,1130,64,1116,17,59861,29483,4,0,0,43,15,2211110130,17,59861,11123,1130,1130,1130,1130.0,1130.0,0.0,-3.0,0.0,1130.0,1130.0,0.0,11413,60,1096,1096.0,877.9230769230769,-1.3969584556846186,0.1123317394628879,154408.6863905326,1096.0,1021.0,75.0,1634046388.467228,0.0,10.606583833694456
2438,0,1,0,0,3,2,1116,2211110130,1150,64,1136,17,59861,29483,4,0,0,43,15,2211110130,17,59861,11123,2280,1130,1150,1140.0,1140.0,0.0,-2.0,100.0,1145.0,1135.0,10.0,12529,60,1116,1096.0,894.9285714285714,-1.5104966313144303,0.4493162089640146,147138.92346938775,1096.0,1039.75,56.25,1634046388.469897,0.0026690959930419,10.609252929687498
2439,0,1,0,0,3,2,524,2211110130,558,64,544,17,59861,29483,4,0,0,43,15,2211110130,17,59861,11123,2838,558,1150,1130.0,946.0,-0.7042921069516208,-1.5,75338.66666666667,1140.0,844.0,296.0,13053,60,1116,1096.0,870.2,-1.2944890945913292,-0.0264159453053234,145890.6933333333,1096.0,772.5,323.5,1634046388.469897,0.0,10.609252929687498
2440,0,1,0,0,2,3,56,3232270721,90,47,76,17,29483,59861,4,0,0,43,15,2211110130,17,59861,11123,2928,90,1150,844.0,732.0,-0.3917864675141246,-1.4943378328885344,193892.0,1135.0,441.0,694.0,13109,56,1116,1096.0,819.3125,-1.0111958504330538,-0.765370183084308,175615.58984375,1096.0,495.0,601.0,1634046388.479979,0.0100820064544677,10.619334936141966
2441,0,1,0,0,2,3,60,3232270721,94,47,80,17,29483,59861,4,0,0,43,15,2211110130,17,59861,11123,3022,90,1150,558.0,604.4,0.0743748960945628,-1.7514262376847671,220240.64,1130.0,94.0,1036.0,13169,56,1116,1096.0,774.6470588235294,-0.7910860083671224,-1.2083864137175455,197205.28719723184,1096.0,408.0,688.0,1634046388.480034,5.507469177246094e-05,10.619390010833738
2442,0,1,0,0,3,2,60,2211110130,94,64,80,17,59861,29483,4,0,0,43,15,2211110130,17,59861,11123,3116,90,1150,326.0,519.3333333333334,0.3974448742940558,-1.630425651645897,219715.55555555556,987.0,94.0,893.0,13229,56,1116,1096.0,734.9444444444445,-0.6128897866805022,-1.4862586631165446,213046.49691358025,1096.0,147.0,949.0,1634046388.496678,0.01664400100708,10.636034011840819
2443,0,1,0,0,3,2,408,2211110130,442,64,428,17,59861,29483,4,0,0,43,15,2211110130,17,59861,11123,3558,90,1150,442.0,508.2857142857143,0.5022341670382954,-1.3672052780565995,189059.91836734692,844.0,94.0,750.0,13637,56,1116,1096.0,717.7368421052631,-0.5115754263713754,-1.5552500162753318,207163.351800554,1096.0,234.0,862.0,1634046388.515375,0.0186967849731445,10.654730796813963
2444,0,1,0,0,3,2,1096,2211110130,1130,64,1116,17,59861,29483,4,0,0,43,15,2211110130,17,59861,11123,4688,90,1150,500.0,586.0,0.1824442908310585,-1.683137166707046,207704.0,1130.0,94.0,1036.0,14733,56,1116,1096.0,736.65,-0.5951683545106503,-1.4651112254840957,203601.6275,1096.0,321.0,775.0,1634046388.515375,0.0,10.654730796813963
2445,0,1,0,0,3,2,1096,2211110130,1130,64,1116,17,59861,29483,4,0,0,43,15,2211110130,17,59861,11123,5818,90,1150,558.0,646.4444444444445,-0.0582505860203386,-1.7553807980852545,213854.0246913581,1130.0,94.0,1036.0,1096,1096,1096,1096.0,1096.0,0.0,-3.0,0.0,1096.0,1096.0,0.0,1634046388.515858,0.0004830360412597,10.655213832855223
2446,0,1,0,0,3,2,1096,2211110130,1130,64,1116,17,59861,29483,4,0,0,43,15,2211110130,17,59861,11123,6948,90,1150,844.0,694.8,-0.2530388547492326,-1.716235963322252,213512.96,1130.0,181.0,949.0,2192,1096,1096,1096.0,1096.0,0.0,-3.0,0.0,1096.0,1096.0,0.0,1634046388.515858,0.0,10.655213832855223
2447,0,1,0,0,3,2,1096,2211110130,1130,64,1116,17,59861,29483,4,0,0,43,15,2211110130,17,59861,11123,8078,90,1150,1130.0,734.3636363636364,-0.4180427015738773,-1.617014231225336,209755.5041322314,1130.0,268.0,862.0,3288,1096,1096,1096.0,1096.0,0.0,-3.0,0.0,1096.0,1096.0,0.0,1634046388.515858,0.0,10.655213832855223
2448,0,1,0,0,3,2,1096,2211110130,1130,64,1116,17,59861,29483,4,0,0,43,15,2211110130,17,59861,11123,9208,90,1150,1130.0,767.3333333333334,-0.5621917158074452,-1.4817297655128063,204232.88888888888,1130.0,355.0,775.0,4384,1096,1096,1096.0,1096.0,0.0,-3.0,0.0,1096.0,1096.0,0.0,1634046388.516553,0.000694990158081,10.655908823013304
2449,0,1,0,0,3,2,1096,2211110130,1130,64,1116,17,59861,29483,4,0,0,43,15,2211110130,17,59861,11123,10338,90,1150,1130.0,795.2307692307693,-0.6909178436643268,-1.3231097875654745,197861.86982248529,1130.0,442.0,688.0,5480,1096,1096,1096.0,1096.0,0.0,-3.0,0.0,1096.0,1096.0,0.0,1634046388.516553,0.0,10.655908823013304
2450,0,1,0,0,3,2,325,2211110130,359,64,345,17,59861,29483,4,0,0,43,15,2211110130,17,59861,11123,10697,90,1150,1130.0,764.0714285714286,-0.5058342204777678,-1.5237059843548366,196350.63775510207,1130.0,379.75,750.25,5805,325,1096,1096.0,967.5,-1.788854381999832,1.2000000000000002,82561.25,1096.0,1096.0,0.0,1634046388.516553,0.0,10.655908823013304
2451,0,1,0,0,2,3,60,3232270721,94,47,80,17,29483,59861,4,0,0,43,15,2211110130,17,59861,11123,10791,90,1150,1130.0,719.4,-0.337332289835682,-1.6956799580594233,211198.10666666663,1130.0,226.5,903.5,5865,60,1096,1096.0,837.8571428571429,-1.0440005165464827,-0.7808324209464432,171610.40816326533,1096.0,710.5,385.5,1634046388.524142,0.0075891017913818,10.663497924804686
2452,0,1,0,0,3,2,408,2211110130,442,64,428,17,59861,29483,4,0,0,43,15,2211110130,17,59861,11123,11233,90,1150,844.0,702.0625,-0.2358261607212155,-1.706215721690388,202507.05859375,1130.0,292.75,837.25,6273,60,1096,1096.0,784.125,-0.6719485744116495,-1.3346518092267394,170369.109375,1096.0,387.25,708.75,1634046388.536438,0.0122959613800048,10.67579388618469
2453,0,1,0,0,2,3,52,3232270721,86,47,72,17,29483,59861,4,0,0,43,15,2211110130,17,59861,11123,11319,86,1150,558.0,665.8235294117648,-0.1122615992012406,-1.7682206795885862,211607.0865051903,1130.0,94.0,1036.0,6325,52,1096,1096.0,702.7777777777778,-0.3808572198683405,-1.6765574807325685,204378.17283950612,1096.0,325.0,771.0,1634046388.540839,0.0044009685516357,10.680194854736326
2454,0,1,0,0,3,2,56,2211110130,90,64,76,17,59861,29483,4,0,0,43,15,2211110130,17,59861,11123,11409,86,1150,500.0,633.8333333333334,-0.0004486294843855,-1.7952845638757402,217248.4722222222,1130.0,94.0,1036.0,6381,52,1096,752.0,638.1,-0.1482173103233042,-1.8254413393494089,221589.29,1096.0,126.25,969.75,1634046388.554538,0.0136990547180175,10.693893909454344
2455,0,1,0,0,3,2,1096,2211110130,1130,64,1116,17,59861,29483,4,0,0,43,15,2211110130,17,59861,11123,12539,86,1150,558.0,659.9473684210526,-0.1052318689504326,-1.7956439708392573,218089.3130193906,1130.0,94.0,1036.0,7477,52,1096,1096.0,679.7272727272727,-0.3197565528041891,-1.7548050066256156,218773.1074380165,1096.0,192.5,903.5,1634046388.554538,0.0,10.693893909454344
2456,0,1,0,0,3,2,1096,2211110130,1130,64,1116,17,59861,29483,4,0,0,43,15,2211110130,17,59861,11123,13669,86,1150,844.0,683.45,-0.2003718207470222,-1.7748986987387432,217679.9475,1130.0,94.0,1036.0,8573,52,1096,1096.0,714.4166666666666,-0.4681285370863365,-1.6431826293873917,213778.90972222225,1096.0,258.75,837.25,1634046388.555954,0.0014159679412841,10.695309877395628
2457,0,1,0,0,3,2,1096,2211110130,1130,64,1116,17,59861,29483,4,0,0,43,15,2211110130,17,59861,11123,1130,1130,1130,1130.0,1130.0,0.0,-3.0,0.0,1130.0,1130.0,0.0,9669,52,1096,1096.0,743.7692307692307,-0.5996529717004379,-1.5054258678055874,207673.25443786985,1096.0,325.0,771.0,1634046388.555954,0.0,10.695309877395628
2458,0,1,0,0,3,2,1096,2211110130,1130,64,1116,17,59861,29483,4,0,0,43,15,2211110130,17,59861,11123,2260,1130,1130,1130.0,1130.0,0.0,-3.0,0.0,1130.0,1130.0,0.0,10765,52,1096,1096.0,768.9285714285714,-0.7183620036692537,-1.349985694561705,201068.3520408164,1096.0,345.75,750.25,1634046388.555954,0.0,10.695309877395628
2459,0,1,0,0,3,2,1096,2211110130,1130,64,1116,17,59861,29483,4,0,0,43,15,2211110130,17,59861,11123,3390,1130,1130,1130.0,1130.0,0.0,-3.0,0.0,1130.0,1130.0,0.0,11861,52,1096,1096.0,790.7333333333333,-0.8269819543485342,-1.182024558492459,194320.06222222227,1096.0,366.5,729.5,1634046388.556531,0.0005769729614257,10.695886850357054
2460,0,1,0,0,3,2,429,2211110130,463,64,449,17,59861,29483,4,0,0,43,15,2211110130,17,59861,11123,3853,463,1130,1130.0,963.25,-1.1547005383792517,-0.6666666666666665,83416.6875,1130.0,963.25,166.75,12290,52,1096,1096.0,768.125,-0.6828472181506787,-1.3424932383552823,189842.109375,1096.0,387.25,708.75,1634046388.556531,0.0,10.695886850357054
2461,0,1,0,0,2,3,60,3232270721,94,47,80,17,29483,59861,4,0,0,43,15,2211110130,17,59861,11123,3947,94,1130,1130.0,789.4,-0.6214050466839202,-1.3776242934621954,187628.64,1130.0,463.0,667.0,12350,52,1096,1096.0,726.4705882352941,-0.5136505507674286,-1.5725060921661878,206436.36678200687,1096.0,325.0,771.0,1634046388.577087,0.0205559730529785,10.716442823410032
2462,0,1,0,0,3,2,408,2211110130,442,64,428,17,59861,29483,4,0,0,43,15,2211110130,17,59861,11123,4389,94,1130,796.5,731.5,-0.2611285305589113,-1.5928170677518916,173119.25,1130.0,447.25,682.75,12758,52,1096,1096.0,708.7777777777778,-0.408974158718171,-1.62759400409357,200289.28395061727,1096.0,345.75,750.25,1634046388.580066,0.002979040145874,10.719421863555906
2463,0,1,0,0,3,2,1096,2211110130,1130,64,1116,17,59861,29483,4,0,0,43,15,2211110130,17,59861,11123,5519,94,1130,1130.0,788.4285714285714,-0.5225634655426846,-1.4145406952711166,167833.10204081636,1130.0,452.5,677.5,13854,52,1096,1096.0,729.1578947368421,-0.4993973006603956,-1.549645703334846,197224.02770083104,1096.0,366.5,729.5,1634046388.580549,0.0004830360412597,10.719904899597166
2464,0,1,0,0,3,2,1096,2211110130,1130,64,1116,17,59861,29483,4,0,0,43,15,2211110130,17,59861,11123,6649,94,1130,1130.0,831.125,-0.7367205870986688,-1.1531273804692133,159614.859375,1130.0,457.75,672.25,14950,52,1096,1096.0,747.5,-0.5833656237627075,-1.4614502870454982,193755.05,1096.0,387.25,708.75,1634046388.580549,0.0,10.719904899597166
2465,0,1,0,0,3,2,1096,2211110130,1130,64,1116,17,59861,29483,4,0,0,43,15,2211110130,17,59861,11123,7779,94,1130,1130.0,864.3333333333334,-0.9203590503870268,-0.8484147144780549,150702.22222222222,1130.0,463.0,667.0,1096,1096,1096,1096.0,1096.0,0.0,-3.0,0.0,1096.0,1096.0,0.0,1634046388.580549,0.0,10.719904899597166
2466,0,1,0,0,3,2,1116,2211110130,1150,64,1136,17,59861,29483,4,0,0,43,15,2211110130,17,59861,11123,8929,94,1150,1130.0,892.9,-1.0803168632368063,-0.5238848087818142,142976.49,1130.0,629.75,500.25,2212,1096,1116,1106.0,1106.0,0.0,-2.0,100.0,1111.0,1101.0,10.0,1634046388.5816,0.0010509490966796,10.720955848693846
2467,0,1,0,0,3,2,681,2211110130,715,64,701,17,59861,29483,4,0,0,43,15,2211110130,17,59861,11123,9644,94,1150,1130.0,876.7272727272727,-0.9769569265488772,-0.5628937188129277,132594.19834710742,1130.0,589.0,541.0,2893,681,1116,1096.0,964.3333333333334,-0.7018342407646182,-1.4999999999999996,40205.55555555556,1106.0,888.5,217.5,1634046388.5816,0.0,10.720955848693846
2468,0,1,0,0,2,3,60,3232270721,94,47,80,17,29483,59861,4,0,0,43,15,2211110130,17,59861,11123,9738,94,1150,1130.0,811.5,-0.7236149904519864,-1.1227995659828969,168345.25,1130.0,457.75,672.25,2953,60,1116,888.5,738.25,-0.6758953098375616,-1.1558475759874804,183495.1875,1101.0,525.75,575.25,1634046388.607001,0.0254011154174804,10.746356964111326
2469,0,1,0,0,3,2,60,2211110130,94,64,80,17,59861,29483,4,0,0,43,15,2211110130,17,59861,11123,9832,94,1150,1130.0,756.3076923076923,-0.5065499966433658,-1.4645817969233068,191949.90532544383,1130.0,442.0,688.0,3013,60,1116,681.0,602.6,-0.1228952315099469,-1.7560265280686578,220399.84,1096.0,60.0,1036.0,1634046388.615104,0.0081028938293457,10.754459857940672
2470,0,1,0,0,3,2,1096,2211110130,1130,64,1116,17,59861,29483,4,0,0,43,15,2211110130,17,59861,11123,10962,94,1150,1130.0,783.0,-0.6264592194827859,-1.3345261258232712,187501.42857142855,1130.0,447.25,682.75,4109,60,1116,888.5,684.8333333333334,-0.4415844128688637,-1.6025387364763968,217478.13888888888,1096.0,215.25,880.75,1634046388.615104,0.0,10.754459857940672
2471,0,1,0,0,3,2,1096,2211110130,1130,64,1116,17,59861,29483,4,0,0,43,15,2211110130,17,59861,11123,12092,94,1150,1130.0,806.1333333333333,-0.7358128082438193,-1.1882711651525186,182493.4488888889,1130.0,452.5,677.5,5205,60,1116,1096.0,743.5714285714286,-0.6912734051278324,-1.3274148581314629,207110.81632653065,1096.0,370.5,725.5,1634046388.615593,0.0004889965057373,10.75494885444641
2472,0,1,0,0,3,2,1096,2211110130,1130,64,1116,17,59861,29483,4,0,0,43,15,2211110130,17,59861,11123,13222,94,1150,1130.0,826.375,-0.8366593447814146,-1.0302677319162563,177233.484375,1130.0,457.75,672.25,6301,60,1116,1096.0,787.625,-0.8998534046896605,-0.9955788756683116,194806.984375,1096.0,525.75,570.25,1634046388.617492,0.0018990039825439,10.756847858428953
2473,0,1,0,0,3,2,1096,2211110130,1130,64,1116,17,59861,29483,4,0,0,43,15,2211110130,17,59861,11123,14352,94,1150,1130.0,844.2352941176471,-0.9304978865874906,-0.8634746801400026,171911.82698961935,1130.0,463.0,667.0,7397,60,1116,1096.0,821.8888888888889,-1.081060845942038,-0.6327868179745821,182553.8765432099,1096.0,681.0,415.0,1634046388.617492,0.0,10.756847858428953
2474,0,1,0,0,3,2,1096,2211110130,1130,64,1116,17,59861,29483,4,0,0,43,15,2211110130,17,59861,11123,15482,94,1150,1130.0,860.1111111111111,-1.0184574831008906,-0.6899351047255591,166645.8765432099,1130.0,526.0,604.0,8493,60,1116,1096.0,849.3,-1.2426447329057488,-0.2512622074361967,171060.81,1096.0,784.75,311.25,1634046388.618091,0.0005991458892822,10.757447004318236
2475,0,1,0,0,3,2,820,2211110130,854,64,840,17,59861,29483,4,0,0,43,15,2211110130,17,59861,11123,16336,94,1150,1130.0,859.7894736842105,-1.0439188272212885,-0.565039749494173,157876.9030470914,1130.0,589.0,541.0,9313,60,1116,1096.0,846.6363636363636,-1.2821833226864687,-0.0140507235320157,155580.77685950414,1096.0,750.5,345.5,1634046388.618091,0.0,10.757447004318236
2476,0,1,0,0,3,2,408,2211110130,442,64,428,17,59861,29483,4,0,0,43,15,2211110130,17,59861,11123,16778,94,1150,1130.0,838.9,-0.888230993430297,-0.8406780177988611,158274.09,1130.0,457.75,672.25,9721,60,1116,1096.0,810.0833333333334,-0.9914285969894678,-0.6146863039211579,157313.0763888889,1096.0,612.75,483.25,1634046388.618091,0.0,10.757447004318236
2477,0,1,0,0,3,2,52,2211110130,86,64,72,17,59861,29483,4,0,0,43,15,2211110130,17,59861,11123,86,86,86,86.0,86.0,0.0,-3.0,0.0,86.0,86.0,0.0,9773,52,1116,1096.0,751.7692307692307,-0.7213445887710278,-1.1912307466469507,186018.4852071006,1096.0,408.0,688.0,1634046388.6319,0.0138089656829833,10.771255970001219
2478,0,1,0,0,3,2,1096,2211110130,1130,64,1116,17,59861,29483,4,0,0,43,15,2211110130,17,59861,11123,1216,86,1130,608.0,608.0,0.0,-2.0,272484.0,869.0,347.0,522.0,10869,52,1116,1096.0,776.3571428571429,-0.8360504306944619,-1.0138033802270852,180590.8010204081,1096.0,476.25,619.75,1634046388.653218,0.0213179588317871,10.792573928833006
2479,0,1,0,0,3,2,1096,2211110130,1130,64,1116,17,59861,29483,4,0,0,43,15,2211110130,17,59861,11123,2346,86,1130,1130.0,782.0,-0.7071067811865475,-1.5,242208.0,1130.0,608.0,522.0,11965,52,1116,1096.0,797.6666666666666,-0.941871514788897,-0.8246887842889716,174908.75555555557,1096.0,544.5,551.5,1634046388.653218,0.0,10.792573928833006
2480,0,1,0,0,3,2,1096,2211110130,1130,64,1116,17,59861,29483,4,0,0,43,15,2211110130,17,59861,11123,3476,86,1130,1130.0,869.0,-1.1547005383792517,-0.6666666666666665,204363.0,1130.0,869.0,261.0,13061,52,1116,1096.0,816.3125,-1.0403730401382274,-0.6268978486846657,169191.96484375,1096.0,612.75,483.25,1634046388.653218,0.0,10.792573928833006
2481,0,1,0,0,2,3,60,3232270721,94,47,80,17,29483,59861,4,0,0,43,15,2211110130,17,59861,11123,3570,86,1130,1130.0,714.0,-0.4083237772777952,-1.8331689750784217,259590.4,1130.0,94.0,1036.0,13121,52,1116,1096.0,771.8235294117648,-0.8155108405580389,-1.112086311717538,190907.79238754325,1096.0,408.0,688.0,1634046388.653494,0.0002758502960205,10.792849779129027
2482,0,1,0,0,3,2,835,2211110130,869,64,855,17,59861,29483,4,0,0,43,15,2211110130,17,59861,11123,4439,86,1130,999.5,739.8333333333334,-0.5966395362325242,-1.526718515171572,219662.13888888888,1130.0,287.75,842.25,13956,52,1116,1096.0,775.3333333333334,-0.8622946513816193,-0.9775568027531168,180511.22222222225,1096.0,476.25,619.75,1634046388.657563,0.0040690898895263,10.796918869018553
2483,0,1,0,0,3,2,408,2211110130,442,64,428,17,59861,29483,4,0,0,43,15,2211110130,17,59861,11123,4881,86,1130,869.0,697.2857142857143,-0.3480166840684963,-1.622562713203639,199143.6326530612,1130.0,268.0,862.0,14364,52,1116,1096.0,756.0,-0.733243270762767,-1.140547723017742,177738.63157894736,1096.0,408.0,688.0,1634046388.660125,0.0025620460510253,10.799480915069578
2484,0,1,0,0,2,3,52,3232270721,86,48,72,17,10001,59861,4,0,0,43,15,2211110130,17,59861,11123,4967,86,1130,655.5,620.875,-0.0586870575187461,-1.792224728605202,215120.859375,1130.0,92.0,1038.0,14416,52,1116,965.5,720.8,-0.5839887956667393,-1.3867216447441633,192393.46,1096.0,321.0,775.0,1634046388.681456,0.0213310718536376,10.820811986923216
2485,0,1,0,0,2,3,56,3232270721,90,47,76,17,29483,59861,4,0,0,43,15,2211110130,17,59861,11123,5057,86,1130,442.0,561.8888888888889,0.1671775787509755,-1.791980293624006,219053.43209876545,1130.0,90.0,1040.0,56,56,56,56.0,56.0,0.0,-3.0,0.0,56.0,56.0,0.0,1634046388.688417,0.0069608688354492,10.827772855758665
2486,0,1,0,0,2,3,60,3232270721,94,47,80,17,29483,59861,4,0,0,43,15,2211110130,17,59861,11123,5151,86,1130,268.0,515.1,0.3537654894347566,-1.7071617671677295,216850.89,1064.75,91.0,973.75,116,56,60,58.0,58.0,0.0,-2.0,4.0,59.0,57.0,2.0,1634046388.688445,2.813339233398437e-05,10.827800989151
2487,0,1,0,0,3,2,1096,2211110130,1130,64,1116,17,59861,29483,4,0,0,43,15,2211110130,17,59861,11123,6281,86,1130,442.0,571.0,0.1386891621691671,-1.8384148138630303,228385.27272727276,1130.0,92.0,1038.0,1212,56,1096,60.0,404.0,0.7070713425338421,-1.4999999999999998,239434.66666666663,578.0,58.0,520.0,1634046388.706357,0.0179119110107421,10.845712900161741
2488,0,1,0,0,3,2,1096,2211110130,1130,64,1116,17,59861,29483,4,0,0,43,15,2211110130,17,59861,11123,7411,86,1130,655.5,617.5833333333334,-0.0378394154651266,-1.8706475443589952,233223.2430555556,1130.0,93.0,1037.0,2308,56,1096,578.0,577.0,-2.2274691495062288e-05,-1.9999703004664693,269363.0,1096.0,59.0,1037.0,1634046388.706357,0.0,10.845712900161741
2489,0,1,0,0,3,2,1096,2211110130,1130,64,1116,17,59861,29483,4,0,0,43,15,2211110130,17,59861,11123,8541,86,1130,869.0,657.0,-0.1883266554324778,-1.845372433121225,233927.0769230769,1130.0,94.0,1036.0,3404,56,1096,1096.0,680.8,-0.4082672355030085,-1.8332920839046392,258588.16,1096.0,60.0,1036.0,1634046388.706357,0.0,10.845712900161741
2490,0,1,0,0,3,2,1096,2211110130,1130,64,1116,17,59861,29483,4,0,0,43,15,2211110130,17,59861,11123,9671,86,1130,999.5,690.7857142857143,-0.3201249974733273,-1.7838335835340178,232057.1683673469,1130.0,94.0,1036.0,4500,56,1096,1096.0,750.0,-0.7071245006362423,-1.4999498818976211,239433.3333333333,1096.0,319.0,777.0,1634046388.706941,0.0005838871002197,10.846296787261961
2491,0,1,0,0,3,2,1096,2211110130,1130,64,1116,17,59861,29483,4,0,0,43,15,2211110130,17,59861,11123,10801,86,1130,1130.0,720.0666666666667,-0.4378821584657731,-1.6979868047445952,228589.92888888883,1130.0,94.0,1036.0,5596,56,1096,1096.0,799.4285714285714,-0.9487005555945932,-1.099941788719783,219887.67346938775,1096.0,578.0,518.0,1634046388.706941,0.0,10.846296787261961
2492,0,1,0,0,3,2,774,2211110130,808,64,794,17,59861,29483,4,0,0,43,15,2211110130,17,59861,11123,11609,86,1130,999.5,725.5625,-0.4859650994530332,-1.594749546957192,214756.12109375,1130.0,94.0,1036.0,6370,56,1096,1096.0,796.25,-0.9919331024311184,-0.8591608056208537,192472.4375,1096.0,595.5,500.5,1634046388.707603,0.000662088394165,10.846958875656126
2493,0,1,0,0,3,2,408,2211110130,442,64,428,17,59861,29483,4,0,0,43,15,2211110130,17,59861,11123,12051,86,1130,869.0,708.8823529411765,-0.3889537093682996,-1.6268472894847237,206575.04498269895,1130.0,94.0,1036.0,6778,56,1096,1096.0,753.1111111111111,-0.7083120989937696,-1.2322871671873892,185974.32098765436,1096.0,408.0,688.0,1634046388.707603,0.0,10.846958875656126
2494,0,1,0,0,2,3,60,3232270721,94,47,80,17,29483,59861,4,0,0,43,15,2211110130,17,59861,11123,12145,86,1130,838.5,674.7222222222222,-0.254282543015235,-1.7377176455034045,214936.20061728396,1130.0,94.0,1036.0,6838,56,1096,935.0,683.8,-0.4169158442697911,-1.6284818013122004,210613.16,1096.0,147.0,949.0,1634046388.722462,0.0148589611053466,10.861817836761473
2495,0,1,0,0,3,2,1116,2211110130,1150,64,1136,17,59861,29483,4,0,0,43,15,2211110130,17,59861,11123,13295,86,1150,869.0,699.7368421052631,-0.3463006399042952,-1.6881776730449405,214886.93074792245,1130.0,94.0,1036.0,7954,56,1116,1096.0,723.0909090909091,-0.5710477293058281,-1.4814835243962716,206904.26446280992,1096.0,234.0,862.0,1634046388.724849,0.0023870468139648,10.864204883575438
2496,0,1,0,0,3,2,1096,2211110130,1130,64,1116,17,59861,29483,4,0,0,43,15,2211110130,17,59861,11123,14425,86,1150,999.5,721.25,-0.4329486349058216,-1.6253445281658687,212936.0875,1130.0,94.0,1036.0,9050,56,1116,1096.0,754.1666666666666,-0.7100606873821538,-1.306057685870532,200284.97222222225,1096.0,321.0,775.0,1634046388.741147,0.0162980556488037,10.880502939224241
2497,0,1,0,0,3,2,1096,2211110130,1130,64,1116,17,59861,29483,4,0,0,43,15,2211110130,17,59861,11123,1130,1130,1130,1130.0,1130.0,0.0,-3.0,0.0,1130.0,1130.0,0.0,10146,56,1116,1096.0,780.4615384615385,-0.8354607248072182,-1.1125600934358562,193175.4792899408,1096.0,408.0,688.0,1634046388.741147,0.0,10.880502939224241
2498,0,1,0,0,2,3,52,3232270721,86,47,72,17,29483,59861,4,0,0,43,15,2211110130,17,59861,11123,1216,86,1130,608.0,608.0,0.0,-2.0,272484.0,869.0,347.0,522.0,10198,52,1116,1096.0,728.4285714285714,-0.6020740655943349,-1.489030504960858,214573.81632653065,1096.0,147.0,949.0,1634046388.741376,0.0002288818359375,10.880731821060179
2499,0,1,0,0,3,2,1096,2211110130,1130,64,1116,17,59861,29483,4,0,0,43,15,2211110130,17,59861,11123,2346,86,1130,1130.0,782.0,-0.7071067811865475,-1.5,242208.0,1130.0,608.0,522.0,11294,52,1116,1096.0,752.9333333333333,-0.7122799844323778,-1.3454064175404157,208675.66222222225,1096.0,234.0,862.0,1634046388.741774,0.0003981590270996,10.881129980087278
2500,0,1,0,0,3,2,660,2211110130,694,64,680,17,59861,29483,4,0,0,43,15,2211110130,17,59861,11123,3040,86,1130,912.0,760.0,-0.6546047792221515,-1.181632115834104,183108.0,1130.0,542.0,588.0,11954,52,1116,1096.0,747.125,-0.6940246257959969,-1.2815149778379662,196139.484375,1096.0,321.0,775.0,1634046388.741774,0.0,10.881129980087278
2501,0,1,0,0,3,2,60,2211110130,94,64,80,17,59861,29483,4,0,0,43,15,2211110130,17,59861,11123,3134,86,1130,694.0,626.8,-0.1070562576988165,-1.7549502476143126,217455.36,1130.0,94.0,1036.0,12014,52,1116,1096.0,706.7058823529412,-0.5189377330386733,-1.533049707190019,210741.14878892736,1096.0,60.0,1036.0,1634046388.741774,0.0,10.881129980087278
2502,0,1,0,0,3,2,408,2211110130,442,64,428,17,59861,29483,4,0,0,43,15,2211110130,17,59861,11123,3576,86,1130,568.0,596.0,0.0887039354103035,-1.580857349420612,185956.0,1021.0,181.0,840.0,12422,52,1116,935.0,690.1111111111111,-0.4214340435652427,-1.5767631841222542,203714.87654320983,1096.0,147.0,949.0,1634046388.741774,0.0,10.881129980087278
2503,0,1,0,0,3,2,56,2211110130,90,64,76,17,59861,29483,4,0,0,43,15,2211110130,17,59861,11123,3666,86,1130,442.0,523.7142857142857,0.3520888891966432,-1.518486441214636,190742.20408163263,912.0,92.0,820.0,12478,52,1116,774.0,656.7368421052631,-0.2924963401768997,-1.6956552523334885,213042.19390581717,1096.0,60.0,1036.0,1634046388.759221,0.0174469947814941,10.898576974868773
2504,0,1,0,0,3,2,1096,2211110130,1130,64,1116,17,59861,29483,4,0,0,43,15,2211110130,17,59861,11123,4796,86,1130,568.0,599.5,0.0636611317340777,-1.7162070751387404,207103.75,1130.0,93.0,1037.0,13574,52,1116,935.0,678.7,-0.3806160905534276,-1.6427870640081137,211555.31,1096.0,60.0,1036.0,1634046388.759221,0.0,10.898576974868773
2505,0,1,0,0,3,2,1096,2211110130,1130,64,1116,17,59861,29483,4,0,0,43,15,2211110130,17,59861,11123,5926,86,1130,694.0,658.4444444444445,-0.1614962530485216,-1.729719280315961,211887.8024691358,1130.0,94.0,1036.0,1096,1096,1096,1096.0,1096.0,0.0,-3.0,0.0,1096.0,1096.0,0.0,1634046388.759739,0.0005178451538085,10.899094820022581
2506,0,1,0,0,3,2,1096,2211110130,1130,64,1116,17,59861,29483,4,0,0,43,15,2211110130,17,59861,11123,7056,86,1130,912.0,705.6,-0.3474238891651393,-1.6532537206008169,210711.84,1130.0,181.0,949.0,2192,1096,1096,1096.0,1096.0,0.0,-3.0,0.0,1096.0,1096.0,0.0,1634046388.759739,0.0,10.899094820022581
2507,0,1,0,0,3,2,1096,2211110130,1130,64,1116,17,59861,29483,4,0,0,43,15,2211110130,17,59861,11123,8186,86,1130,1130.0,744.1818181818181,-0.5069604990084967,-1.5264338321059965,206441.78512396693,1130.0,268.0,862.0,3288,1096,1096,1096.0,1096.0,0.0,-3.0,0.0,1096.0,1096.0,0.0,1634046388.759739,0.0,10.899094820022581
2508,0,1,0,0,3,2,1096,2211110130,1130,64,1116,17,59861,29483,4,0,0,43,15,2211110130,17,59861,11123,9316,86,1130,1130.0,776.3333333333334,-0.6475834535445449,-1.3686615885963374,200609.22222222225,1130.0,355.0,775.0,4384,1096,1096,1096.0,1096.0,0.0,-3.0,0.0,1096.0,1096.0,0.0,1634046388.760476,0.000737190246582,10.899832010269163
2509,0,1,0,0,3,2,566,2211110130,600,64,586,17,59861,29483,4,0,0,43,15,2211110130,17,59861,11123,9916,86,1130,1130.0,762.7692307692307,-0.5733142081585119,-1.3497486272937271,187385.56213017757,1130.0,442.0,688.0,4950,566,1096,1096.0,990.0,-1.5,0.25,44944.0,1096.0,1096.0,0.0,1634046388.760476,0.0,10.899832010269163
2510,0,1,0,0,3,2,1096,2211110130,1130,64,1116,17,59861,29483,4,0,0,43,15,2211110130,17,59861,11123,11046,86,1130,1130.0,789.0,-0.690864449953628,-1.206633649234083,182945.57142857145,1130.0,481.5,648.5,6046,566,1096,1096.0,1007.6666666666666,-1.7888543819998308,1.1999999999999984,39013.88888888889,1096.0,1096.0,0.0,1634046388.769894,0.0094177722930908,10.909249782562254
2511,0,1,0,0,3,2,1096,2211110130,1130,64,1116,17,59861,29483,4,0,0,43,15,2211110130,17,59861,11123,12176,86,1130,1130.0,811.7333333333333,-0.7985621592085601,-1.0484313671257464,177984.4622222222,1130.0,521.0,609.0,7142,566,1096,1096.0,1020.2857142857144,-2.041241452319316,2.1666666666666705,34395.91836734694,1096.0,1096.0,0.0,1634046388.769894,0.0,10.909249782562254
2512,0,1,0,0,3,2,1096,2211110130,1130,64,1116,17,59861,29483,4,0,0,43,15,2211110130,17,59861,11123,13306,86,1130,1130.0,831.625,-0.8982414082972776,-0.8792079969281001,172795.609375,1130.0,560.5,569.5,8238,566,1096,1096.0,1029.75,-2.2677868380553634,3.1428571428571432,30723.4375,1096.0,1096.0,0.0,1634046388.770422,0.0005280971527099,10.909777879714964
2513,0,1,0,0,3,2,716,2211110130,750,64,736,17,59861,29483,4,0,0,43,15,2211110130,17,59861,11123,14056,86,1130,1130.0,826.8235294117648,-0.8875512718105167,-0.7998173720063031,163000.02768166093,1130.0,600.0,530.0,8954,566,1096,1096.0,994.8888888888888,-1.4554427728160313,0.2908724141393715,37032.09876543211,1096.0,1096.0,0.0,1634046388.770422,0.0,10.909777879714964
2514,0,1,0,0,3,2,408,2211110130,442,64,428,17,59861,29483,4,0,0,43,15,2211110130,17,59861,11123,14498,86,1130,1130.0,805.4444444444445,-0.7373004713714412,-1.0160520368413202,161714.5802469136,1130.0,481.5,648.5,9362,408,1096,1096.0,936.2,-1.104541936940773,-0.4979996534560578,64328.36000000001,1096.0,811.0,285.0,1634046388.774368,0.0039460659027099,10.913723945617674
2515,0,1,0,0,2,3,60,3232270721,94,47,80,17,29483,59861,4,0,0,43,15,2211110130,17,59861,11123,14592,86,1130,1130.0,768.0,-0.5874364809176371,-1.2883374747499907,178440.84210526315,1130.0,442.0,688.0,9422,60,1096,1096.0,856.5454545454545,-1.124918970768369,-0.1040715732619612,121928.79338842974,1096.0,641.0,455.0,1634046388.777333,0.002964973449707,10.916688919067381
2516,0,1,0,0,3,2,1096,2211110130,1130,64,1116,17,59861,29483,4,0,0,43,15,2211110130,17,59861,11123,15722,86,1130,1130.0,786.1,-0.6683756005869882,-1.1915787034205598,175743.38999999998,1130.0,442.0,688.0,10518,60,1096,1096.0,876.5,-1.2560580080548884,0.2193191321607894,116148.08333333331,1096.0,678.5,417.5,1634046388.809942,0.0326089859008789,10.94929790496826
2517,0,1,0,0,3,2,1096,2211110130,1130,64,1116,17,59861,29483,4,0,0,43,15,2211110130,17,59861,11123,1130,1130,1130,1130.0,1130.0,0.0,-3.0,0.0,1130.0,1130.0,0.0,11614,60,1096,1096.0,893.3846153846154,-1.377491056574858,0.5540632534546774,110634.69822485204,1096.0,716.0,380.0,1634046388.809942,0.0,10.94929790496826
2518,0,1,0,0,3,2,1096,2211110130,1130,64,1116,17,59861,29483,4,0,0,43,15,2211110130,17,59861,11123,2260,1130,1130,1130.0,1130.0,0.0,-3.0,0.0,1130.0,1130.0,0.0,12710,60,1096,1096.0,907.8571428571428,-1.4909228829926018,0.8970370547755055,105455.12244897962,1096.0,811.0,285.0,1634046388.809942,0.0,10.94929790496826
2519,0,1,0,0,2,3,60,3232270721,94,47,80,17,29483,59861,4,0,0,43,15,2211110130,17,59861,11123,2354,94,1130,1130.0,784.6666666666666,-0.7071067811865472,-1.5000000000000004,238510.22222222225,1130.0,612.0,518.0,12770,60,1096,1096.0,851.3333333333334,-1.1784872807673163,-0.1837550532766476,143153.95555555553,1096.0,641.0,455.0,1634046388.81033,0.0003879070281982,10.949685811996458
2520,0,1,0,0,3,2,1096,2211110130,1130,64,1116,17,59861,29483,4,0,0,43,15,2211110130,17,59861,11123,3484,94,1130,1130.0,871.0,-1.1547005383792517,-0.6666666666666665,201243.0,1130.0,871.0,259.0,13866,60,1096,1096.0,866.625,-1.276711532796292,0.0649758733914542,137714.359375,1096.0,678.5,417.5,1634046388.81054,0.0002100467681884,10.949895858764647
2521,0,1,0,0,3,2,1116,2211110130,1150,64,1136,17,59861,29483,4,0,0,43,15,2211110130,17,59861,11123,4634,94,1150,1130.0,926.8,-1.498694639451965,0.2482875521764365,173448.96000000002,1130.0,1130.0,0.0,14982,60,1116,1096.0,881.2941176470588,-1.36717108503946,0.3132527094239239,133056.4429065744,1096.0,716.0,380.0,1634046388.811196,0.0006561279296875,10.950551986694334
2522,0,1,0,0,3,2,1096,2211110130,1130,64,1116,17,59861,29483,4,0,0,43,15,2211110130,17,59861,11123,5764,94,1150,1130.0,960.6666666666666,-1.787415105428971,1.1974652125141088,150275.55555555553,1130.0,1130.0,0.0,16078,60,1116,1096.0,893.2222222222222,-1.455175578732561,0.5714332115353487,128083.17283950617,1096.0,811.0,285.0,1634046388.811196,0.0,10.950551986694334
2523,0,1,0,0,3,2,609,2211110130,643,64,629,17,59861,29483,4,0,0,43,15,2211110130,17,59861,11123,6407,94,1150,1130.0,915.2857142857144,-1.4049959747676015,0.3837040212374694,141164.20408163263,1130.0,886.5,243.5,16687,60,1116,1096.0,878.2631578947369,-1.3239851774054463,0.3188954378990929,125369.87811634348,1096.0,662.5,433.5,1634046388.811196,0.0,10.950551986694334
2524,0,1,0,0,2,3,60,3232270721,94,47,80,17,29483,59861,4,0,0,43,15,2211110130,17,59861,11123,6501,94,1150,1130.0,812.625,-0.8285030445295332,-1.1125376212338074,197293.234375,1130.0,505.75,624.25,16747,60,1116,1096.0,837.35,-1.102613738022313,-0.3706915188114519,150905.22749999998,1096.0,598.25,497.75,1634046388.829327,0.0181310176849365,10.96868300437927
2525,0,1,0,0,3,2,408,2211110130,442,64,428,17,59861,29483,4,0,0,43,15,2211110130,17,59861,11123,6943,94,1150,1130.0,771.4444444444445,-0.5696398682412563,-1.3816718886112842,188938.4691358025,1130.0,442.0,688.0,408,408,408,408.0,408.0,0.0,-3.0,0.0,408.0,408.0,0.0,1634046388.835442,0.0061149597167968,10.974797964096068
2526,0,1,0,0,2,3,60,3232270721,94,47,80,17,29483,59861,4,0,0,43,15,2211110130,17,59861,11123,7037,94,1150,886.5,703.7,-0.3080417580482695,-1.6768144726901817,211348.41,1130.0,181.0,949.0,468,60,408,234.0,234.0,0.0,-2.0,30276.0,321.0,147.0,174.0,1634046388.845974,0.0105319023132324,10.9853298664093
2527,0,1,0,0,3,2,52,2211110130,86,64,72,17,59861,29483,4,0,0,43,15,2211110130,17,59861,11123,7123,86,1150,643.0,647.5454545454545,-0.101890848398699,-1.7945976885414374,223668.24793388436,1130.0,94.0,1036.0,520,52,408,60.0,173.33333333333334,0.7058747686471649,-1.5000000000000009,27544.88888888889,234.0,56.0,178.0,1634046388.861787,0.0158131122589111,11.001142978668211
2528,0,1,0,0,3,2,60,2211110130,94,64,80,17,59861,29483,4,0,0,43,15,2211110130,17,59861,11123,7217,86,1150,542.5,601.4166666666666,0.0704903924171308,-1.8195156212116068,228435.7430555556,1130.0,94.0,1036.0,580,52,408,60.0,145.0,1.153090823479084,-0.6678805445104996,23067.0,147.0,58.0,89.0,1634046388.862336,0.0005488395690917,11.001691818237303
2529,0,1,0,0,3,2,1096,2211110130,1130,64,1116,17,59861,29483,4,0,0,43,15,2211110130,17,59861,11123,8347,86,1150,643.0,642.0769230769231,-0.0879329734418843,-1.8320815566003616,230702.8402366864,1130.0,94.0,1036.0,1676,52,1096,60.0,335.2,1.142121382070315,-0.3481986872288898,163157.75999999995,408.0,60.0,348.0,1634046388.862336,0.0,11.001691818237303
2530,0,1,0,0,3,2,1096,2211110130,1130,64,1116,17,59861,29483,4,0,0,43,15,2211110130,17,59861,11123,9477,86,1150,886.5,676.9285714285714,-0.2251948711210472,-1.7987374420306277,230014.3520408164,1130.0,94.0,1036.0,2772,52,1096,234.0,462.0,0.5145145093840501,-1.5628577537293846,216356.0,924.0,60.0,864.0,1634046388.863119,0.0007829666137695,11.002474784851072
2531,0,1,0,0,3,2,1096,2211110130,1130,64,1116,17,59861,29483,4,0,0,43,15,2211110130,17,59861,11123,10607,86,1150,1130.0,707.1333333333333,-0.3468382392524691,-1.7353427667506585,227452.6488888889,1130.0,94.0,1036.0,3868,52,1096,408.0,552.5714285714286,0.14322923293727,-1.8518472116201723,234667.10204081636,1096.0,60.0,1036.0,1634046388.863119,0.0,11.002474784851072
2532,0,1,0,0,3,2,548,2211110130,582,64,568,17,59861,29483,4,0,0,43,15,2211110130,17,59861,11123,11189,86,1150,886.5,699.3125,-0.3064439964830043,-1.6846614227264027,214154.33984375,1130.0,94.0,1036.0,4416,52,1096,478.0,552.0,0.1568989323899066,-1.687072713461807,205336.0,1096.0,60.0,1036.0,1634046388.863119,0.0,11.002474784851072
2533,0,1,0,0,2,3,60,3232270721,94,47,80,17,29483,59861,4,0,0,43,15,2211110130,17,59861,11123,11283,86,1150,643.0,663.7058823529412,-0.1711906844592156,-1.7719753687670967,221842.3252595156,1130.0,94.0,1036.0,4476,52,1096,408.0,497.3333333333333,0.3599712076295812,-1.6063128616024591,206428.44444444447,1096.0,60.0,1036.0,1634046388.881555,0.0184361934661865,11.020910978317259
2534,0,1,0,0,3,2,408,2211110130,442,64,428,17,59861,29483,4,0,0,43,15,2211110130,17,59861,11123,11725,86,1150,612.5,651.3888888888889,-0.0988954473915856,-1.743056156424296,212096.7932098765,1130.0,94.0,1036.0,4884,52,1096,408.0,488.4,0.4384339226820646,-1.429470128510396,186503.84,959.0,60.0,899.0,1634046388.881813,0.0002579689025878,11.021168947219847
2535,0,1,0,0,3,2,1096,2211110130,1130,64,1116,17,59861,29483,4,0,0,43,15,2211110130,17,59861,11123,12855,86,1150,643.0,676.578947368421,-0.1987073946686284,-1.725358014454586,212355.50692520777,1130.0,94.0,1036.0,5980,52,1096,408.0,543.6363636363636,0.2142834142320286,-1.6471915425748005,200059.5041322314,1096.0,60.0,1036.0,1634046388.894617,0.0128040313720703,11.033972978591917
2536,0,1,0,0,3,2,1096,2211110130,1130,64,1116,17,59861,29483,4,0,0,43,15,2211110130,17,59861,11123,13985,86,1150,886.5,699.25,-0.2900043260431751,-1.6894707372352975,211503.2875,1130.0,94.0,1036.0,7076,52,1096,478.0,589.6666666666666,0.031719309867493,-1.7311411773043994,206694.55555555556,1096.0,60.0,1036.0,1634046388.894617,0.0,11.033972978591917
2537,0,1,0,0,3,2,1096,2211110130,1130,64,1116,17,59861,29483,4,0,0,43,15,2211110130,17,59861,11123,1130,1130,1130,1130.0,1130.0,0.0,-3.0,0.0,1130.0,1130.0,0.0,8172,52,1096,548.0,628.6153846153846,-0.122902956323309,-1.7404035691766402,208999.00591715967,1096.0,60.0,1036.0,1634046388.894617,0.0,11.033972978591917
2538,0,1,0,0,3,2,1096,2211110130,1130,64,1116,17,59861,29483,4,0,0,43,15,2211110130,17,59861,11123,2260,1130,1130,1130.0,1130.0,0.0,-3.0,0.0,1130.0,1130.0,0.0,9268,52,1096,822.0,662.0,-0.2576143825410324,-1.7038397529143845,208559.42857142855,1096.0,147.0,949.0,1634046388.895254,0.0006368160247802,11.034609794616697
2539,0,1,0,0,3,2,1096,2211110130,1130,64,1116,17,59861,29483,4,0,0,43,15,2211110130,17,59861,11123,3390,1130,1130,1130.0,1130.0,0.0,-3.0,0.0,1130.0,1130.0,0.0,10364,52,1096,1096.0,690.9333333333333,-0.3774657973902887,-1.637168699340499,206375.3955555556,1096.0,234.0,862.0,1634046388.895254,0.0,11.034609794616697
2540,0,1,0,0,3,2,404,2211110130,438,64,424,17,59861,29483,4,0,0,43,15,2211110130,17,59861,11123,3828,438,1130,1130.0,957.0,-1.1547005383792517,-0.6666666666666665,89787.0,1130.0,957.0,173.0,10768,52,1096,822.0,673.0,-0.271546188479877,-1.6588829888990286,198301.0,1096.0,318.0,778.0,1634046388.895254,0.0,11.034609794616697
2541,0,1,0,0,3,2,408,2211110130,442,64,428,17,59861,29483,4,0,0,43,15,2211110130,17,59861,11123,4270,438,1130,1130.0,854.0,-0.408291163749932,-1.8332399846161431,114265.6,1130.0,442.0,688.0,11176,52,1096,548.0,657.4117647058823,-0.1773593790234018,-1.6576233915907523,190524.1245674741,1096.0,404.0,692.0,1634046388.898186,0.002932071685791,11.037541866302488
2542,0,1,0,0,2,3,60,3232270721,94,47,80,17,29483,59861,4,0,0,43,15,2211110130,17,59861,11123,4364,94,1130,786.0,727.3333333333334,-0.2395527525156015,-1.6279430390727367,175443.55555555553,1130.0,439.0,691.0,11236,52,1096,478.0,624.2222222222222,-0.0672855975680989,-1.708024800781091,198665.72839506168,1096.0,146.0,950.0,1634046388.900401,0.0022151470184326,11.039757013320921
2543,0,1,0,0,2,3,56,3232270721,90,47,76,17,29483,59861,4,0,0,43,15,2211110130,17,59861,11123,4454,90,1130,442.0,636.2857142857143,0.0373498552640267,-1.7273721284980972,200118.20408163263,1130.0,266.0,864.0,11292,52,1096,408.0,594.3157894736842,0.0330985049852953,-1.7287823501658466,204308.74238227145,1096.0,60.0,1036.0,1634046388.919384,0.0189828872680664,11.058739900588987
2544,0,1,0,0,2,3,60,3232270721,94,47,80,17,29483,59861,4,0,0,43,15,2211110130,17,59861,11123,4548,90,1130,440.0,568.5,0.2697324893513983,-1.683180238149083,207267.75,1130.0,94.0,1036.0,11352,52,1096,408.0,567.6,0.1261659552947202,-1.7274797139960152,207654.24000000005,1096.0,60.0,1036.0,1634046388.919438,5.3882598876953125e-05,11.058793783187864
2545,0,1,0,0,3,2,1096,2211110130,1130,64,1116,17,59861,29483,4,0,0,43,15,2211110130,17,59861,11123,5678,90,1130,442.0,630.8888888888889,0.0174114741315358,-1.7960009359229052,215376.98765432095,1130.0,94.0,1036.0,1096,1096,1096,1096.0,1096.0,0.0,-3.0,0.0,1096.0,1096.0,0.0,1634046388.927836,0.0083980560302734,11.067191839218138
2546,0,1,0,0,3,2,1096,2211110130,1130,64,1116,17,59861,29483,4,0,0,43,15,2211110130,17,59861,11123,6808,90,1130,786.0,680.8,-0.1840118251473258,-1.7827845888165963,216259.36,1130.0,180.0,950.0,2192,1096,1096,1096.0,1096.0,0.0,-3.0,0.0,1096.0,1096.0,0.0,1634046388.927836,0.0,11.067191839218138
2547,0,1,0,0,3,2,1096,2211110130,1130,64,1116,17,59861,29483,4,0,0,43,15,2211110130,17,59861,11123,7938,90,1130,1130.0,721.6363636363636,-0.353114179686309,-1.7029657153875302,213275.5041322314,1130.0,266.0,864.0,3288,1096,1096,1096.0,1096.0,0.0,-3.0,0.0,1096.0,1096.0,0.0,1634046388.927836,0.0,11.067191839218138
2548,0,1,0,0,3,2,1096,2211110130,1130,64,1116,17,59861,29483,4,0,0,43,15,2211110130,17,59861,11123,9068,90,1130,1130.0,755.6666666666666,-0.4999120232748508,-1.5837077414030776,208241.22222222225,1130.0,352.0,778.0,4384,1096,1096,1096.0,1096.0,0.0,-3.0,0.0,1096.0,1096.0,0.0,1634046388.928543,0.0007071495056152,11.067898988723753
2549,0,1,0,0,3,2,1096,2211110130,1130,64,1116,17,59861,29483,4,0,0,43,15,2211110130,17,59861,11123,10198,90,1130,1130.0,784.4615384615385,-0.6303880540710058,-1.4391771289698725,202172.402366864,1130.0,438.0,692.0,5480,1096,1096,1096.0,1096.0,0.0,-3.0,0.0,1096.0,1096.0,0.0,1634046388.928543,0.0,11.067898988723753
2550,0,1,0,0,3,2,1116,2211110130,1150,64,1136,17,59861,29483,4,0,0,43,15,2211110130,17,59861,11123,11348,90,1150,1130.0,810.5714285714286,-0.7472928863121505,-1.279044795976306,196593.95918367343,1130.0,439.0,691.0,6596,1096,1116,1096.0,1099.3333333333333,1.788854381999862,1.200000000000072,55.55555555555557,1096.0,1096.0,0.0,1634046388.939184,0.0106408596038818,11.078539848327635
2551,0,1,0,0,3,2,216,2211110130,250,64,236,17,59861,29483,4,0,0,43,15,2211110130,17,59861,11123,11598,90,1150,1130.0,773.2,-0.5434994935567591,-1.5560875095902933,203040.4266666666,1130.0,344.0,786.0,6812,216,1116,1096.0,973.1428571428572,-2.039084939457398,2.162054591424849,95591.83673469386,1096.0,1096.0,0.0,1634046388.950241,0.0110571384429931,11.089596986770628
2552,0,1,0,0,2,3,60,3232270721,94,47,80,17,29483,59861,4,0,0,43,15,2211110130,17,59861,11123,11692,90,1150,1130.0,730.75,-0.3792718363597037,-1.725501862976734,217380.4375,1130.0,211.0,919.0,6872,60,1116,1096.0,859.0,-1.183836475974502,-0.5522092582313078,174843.0,1096.0,876.0,220.0,1634046388.957316,0.0070748329162597,11.096671819686888
2553,0,1,0,0,2,3,52,3232270721,86,47,72,17,29483,59861,4,0,0,43,15,2211110130,17,59861,11123,11778,86,1150,1130.0,692.8235294117648,-0.2393740235425441,-1.8237088834796704,227608.02768166093,1130.0,94.0,1036.0,6924,52,1116,1096.0,769.3333333333334,-0.732961006292125,-1.428136711590345,219736.88888888888,1096.0,216.0,880.0,1634046388.957371,5.507469177246094e-05,11.09672689437866
2554,0,1,0,0,3,2,56,2211110130,90,64,76,17,59861,29483,4,0,0,43,15,2211110130,17,59861,11123,11868,86,1150,786.0,659.3333333333334,-0.1163134766463992,-1.8762302528975967,234030.22222222225,1130.0,94.0,1036.0,6980,52,1116,1096.0,698.0,-0.4306225310270871,-1.7868079432316175,243559.2,1096.0,99.0,997.0,1634046388.973045,0.0156741142272949,11.112401008605955
2555,0,1,0,0,3,2,408,2211110130,442,64,428,17,59861,29483,4,0,0,43,15,2211110130,17,59861,11123,12310,86,1150,442.0,647.8947368421053,-0.0502071275259524,-1.8446216819787749,224067.98891966755,1130.0,94.0,1036.0,7388,52,1116,1096.0,671.6363636363636,-0.2858241428610494,-1.814499503747592,228367.86776859505,1096.0,138.0,958.0,1634046388.973045,0.0,11.112401008605955
2556,0,1,0,0,3,2,1096,2211110130,1130,64,1116,17,59861,29483,4,0,0,43,15,2211110130,17,59861,11123,13440,86,1150,786.0,672.0,-0.1478274955820711,-1.8323669219583076,223904.8,1130.0,94.0,1036.0,8484,52,1116,1096.0,707.0,-0.4359469455923018,-1.7101083538902078,223093.66666666663,1096.0,177.0,919.0,1634046388.973045,0.0,11.112401008605955
2557,0,1,0,0,3,2,1096,2211110130,1130,64,1116,17,59861,29483,4,0,0,43,15,2211110130,17,59861,11123,1130,1130,1130,1130.0,1130.0,0.0,-3.0,0.0,1130.0,1130.0,0.0,9580,52,1116,1096.0,736.9230769230769,-0.5686413963844545,-1.5788464468882804,216677.30177514788,1096.0,216.0,880.0,1634046388.973756,0.0007109642028808,11.113111972808836
2558,0,1,0,0,3,2,1096,2211110130,1130,64,1116,17,59861,29483,4,0,0,43,15,2211110130,17,59861,11123,2260,1130,1130,1130.0,1130.0,0.0,-3.0,0.0,1130.0,1130.0,0.0,10676,52,1116,1096.0,762.5714285714286,-0.6881458202145221,-1.4294678411998796,209752.2448979592,1096.0,264.0,832.0,1634046388.973756,0.0,11.113111972808836
2559,0,1,0,0,3,2,411,2211110130,445,64,431,17,59861,29483,4,0,0,43,15,2211110130,17,59861,11123,2705,445,1130,1130.0,901.6666666666666,-0.707106781186547,-1.5000000000000004,104272.22222222223,1130.0,787.5,342.5,11087,52,1116,1096.0,739.1333333333333,-0.547836681276961,-1.5475659212942114,203459.58222222223,1096.0,312.0,784.0,1634046388.973756,0.0,11.113111972808836
2560,0,1,0,0,3,2,60,2211110130,94,64,80,17,59861,29483,4,0,0,43,15,2211110130,17,59861,11123,2799,94,1130,787.5,699.75,-0.221383612851852,-1.7104848604353646,200515.1875,1130.0,357.25,772.75,11147,52,1116,1096.0,696.6875,-0.3828372854188963,-1.7200387810846176,217768.08984375,1096.0,177.0,919.0,1634046388.98599,0.0122339725494384,11.125345945358275
2561,0,1,0,0,3,2,408,2211110130,442,64,428,17,59861,29483,4,0,0,43,15,2211110130,17,59861,11123,3241,94,1130,445.0,648.2,0.1026561829748762,-1.5943321617101542,171041.76000000004,1130.0,442.0,688.0,11555,52,1116,1096.0,679.7058823529412,-0.2850757467746992,-1.7405193667773748,209572.20761245675,1096.0,216.0,880.0,1634046388.98599,0.0,11.125345945358275
2562,0,1,0,0,3,2,1096,2211110130,1130,64,1116,17,59861,29483,4,0,0,43,15,2211110130,17,59861,11123,4371,94,1130,787.5,728.5,-0.2453862948191102,-1.6183058160524588,174775.25,1130.0,442.75,687.25,12651,52,1116,1096.0,702.8333333333334,-0.3842986418725977,-1.6794493192276332,207022.25,1096.0,264.0,832.0,1634046388.98819,0.0021998882293701,11.127545833587645
2563,0,1,0,0,3,2,1096,2211110130,1130,64,1116,17,59861,29483,4,0,0,43,15,2211110130,17,59861,11123,5501,94,1130,1130.0,785.8571428571429,-0.5082890176119096,-1.4459595402808727,169546.40816326533,1130.0,443.5,686.5,13747,52,1116,1096.0,723.5263157894736,-0.4754866048023529,-1.6046751783998223,203833.9335180056,1096.0,312.0,784.0,1634046388.98819,0.0,11.127545833587645
2564,0,1,0,0,3,2,1096,2211110130,1130,64,1116,17,59861,29483,4,0,0,43,15,2211110130,17,59861,11123,6631,94,1130,1130.0,828.875,-0.7231738099467987,-1.1895000851075628,161306.859375,1130.0,444.25,685.75,14843,52,1116,1096.0,742.15,-0.5600484940082058,-1.5194811835802198,200232.2275,1096.0,360.0,736.0,1634046388.98819,0.0,11.127545833587645
2565,0,1,0,0,3,2,1096,2211110130,1130,64,1116,17,59861,29483,4,0,0,43,15,2211110130,17,59861,11123,7761,94,1130,1130.0,862.3333333333334,-0.9071816356756685,-0.8893402640668091,152339.55555555556,1130.0,445.0,685.0,1096,1096,1096,1096.0,1096.0,0.0,-3.0,0.0,1096.0,1096.0,0.0,1634046388.988777,0.000586986541748,11.128132820129393
2566,0,1,0,0,3,2,1096,2211110130,1130,64,1116,17,59861,29483,4,0,0,43,15,2211110130,17,59861,11123,8891,94,1130,1130.0,889.1,-1.0695855335886966,-0.56358448675909,143553.69,1130.0,616.25,513.75,2192,1096,1096,1096.0,1096.0,0.0,-3.0,0.0,1096.0,1096.0,0.0,1634046388.989697,0.0009200572967529,11.129052877426146
2567,0,1,0,0,3,2,289,2211110130,323,64,309,17,59861,29483,4,0,0,43,15,2211110130,17,59861,11123,9214,94,1130,1130.0,837.6363636363636,-0.7235358353791158,-1.246543197144064,156988.4132231405,1130.0,443.5,686.5,2481,289,1096,1096.0,827.0,-0.7071067811865476,-1.5,144722.0,1096.0,692.5,403.5,1634046388.989697,0.0,11.129052877426146
2568,0,1,0,0,2,3,60,3232270721,94,47,80,17,29483,59861,4,0,0,43,15,2211110130,17,59861,11123,9308,94,1130,1130.0,775.6666666666666,-0.5064991644428761,-1.5365741817696066,186148.72222222225,1130.0,412.25,717.75,2541,60,1096,692.5,635.25,-0.0885035287329658,-1.8828788462315391,218845.6875,1096.0,231.75,864.25,1634046389.022109,0.032412052154541,11.161464929580687
2569,0,1,0,0,3,2,408,2211110130,442,64,428,17,59861,29483,4,0,0,43,15,2211110130,17,59861,11123,9750,94,1130,1130.0,750.0,-0.3484404846761252,-1.6278858637268012,179734.92307692306,1130.0,442.0,688.0,2949,60,1096,408.0,589.8,0.1973999988295812,-1.694677129732084,183339.36,1096.0,289.0,807.0,1634046389.022165,5.602836608886719e-05,11.161520957946776
2570,0,1,0,0,2,3,60,3232270721,94,47,80,17,29483,59861,4,0,0,43,15,2211110130,17,59861,11123,9844,94,1130,787.5,703.1428571428571,-0.1995643471285397,-1.728259017287056,195439.40816326533,1130.0,352.75,777.25,3009,60,1096,348.5,501.5,0.4717529856952332,-1.5137836664376152,191767.25,924.0,117.25,806.75,1634046389.038941,0.0167758464813232,11.178296804428099
2571,0,1,0,0,3,2,1096,2211110130,1130,64,1116,17,59861,29483,4,0,0,43,15,2211110130,17,59861,11123,10974,94,1130,1130.0,731.6,-0.3221277641230923,-1.675051468166005,193747.44,1130.0,382.5,747.5,4105,60,1096,408.0,586.4285714285714,0.1104887738072329,-1.7916494021665788,207649.1020408163,1096.0,174.5,921.5,1634046389.039969,0.0010280609130859,11.179324865341185
2572,0,1,0,0,3,2,1096,2211110130,1130,64,1116,17,59861,29483,4,0,0,43,15,2211110130,17,59861,11123,12104,94,1130,1130.0,756.5,-0.4324511313002547,-1.5987771346536137,190938.375,1130.0,412.25,717.75,5201,60,1096,752.0,650.125,-0.1528328271724999,-1.80749892271896,210093.609375,1096.0,231.75,864.25,1634046389.039969,0.0,11.179324865341185
2573,0,1,0,0,3,2,1096,2211110130,1130,64,1116,17,59861,29483,4,0,0,43,15,2211110130,17,59861,11123,13234,94,1130,1130.0,778.4705882352941,-0.5330983079617463,-1.5060259847407351,187430.01384083045,1130.0,442.0,688.0,6297,60,1096,1096.0,699.6666666666666,-0.3629349248196197,-1.711641951839015,206384.8888888889,1096.0,289.0,807.0,1634046389.040632,0.0006630420684814,11.179987907409666
2574,0,1,0,0,3,2,1096,2211110130,1130,64,1116,17,59861,29483,4,0,0,43,15,2211110130,17,59861,11123,14364,94,1130,1130.0,798.0,-0.6259020653837125,-1.4010971797231828,183501.0,1130.0,442.0,688.0,7393,60,1096,1096.0,739.3,-0.5396838055407068,-1.557910489920778,199883.61,1096.0,318.75,777.25,1634046389.040632,0.0,11.179987907409666
2575,0,1,0,0,3,2,892,2211110130,926,64,912,17,59861,29483,4,0,0,43,15,2211110130,17,59861,11123,15290,94,1130,1130.0,804.7368421052631,-0.6853983985387505,-1.2849223330557789,174659.98337950135,1130.0,442.0,688.0,8285,60,1096,1096.0,753.1818181818181,-0.6502416243492896,-1.367395159467354,183639.4214876033,1096.0,348.5,747.5,1634046389.040632,0.0,11.179987907409666
2576,0,1,0,0,3,2,1104,2211110130,1138,64,1124,17,59861,29483,4,0,0,43,15,2211110130,17,59861,11123,16428,94,1138,1130.0,821.4,-0.7657075030554251,-1.16954818069467,171202.54,1130.0,442.0,688.0,9389,60,1104,1096.0,782.4166666666666,-0.7863377191216517,-1.173214109605148,177737.5763888889,1096.0,378.25,717.75,1634046389.048185,0.0075531005859375,11.187541007995604
2577,0,1,0,0,3,2,1116,2211110130,1150,64,1136,17,59861,29483,4,0,0,43,15,2211110130,17,59861,11123,1150,1150,1150,1150.0,1150.0,0.0,-3.0,0.0,1150.0,1150.0,0.0,10505,60,1116,1096.0,808.0769230769231,-0.908522493113174,-0.964571662229234,171966.84023668643,1096.0,408.0,688.0,1634046389.048185,0.0,11.187541007995604
2578,0,1,0,0,3,2,1096,2211110130,1130,64,1116,17,59861,29483,4,0,0,43,15,2211110130,17,59861,11123,2280,1130,1150,1140.0,1140.0,0.0,-2.0,100.0,1145.0,1135.0,10.0,11601,60,1116,1096.0,828.6428571428571,-1.0226764266715462,-0.7418839915666249,165181.943877551,1096.0,529.0,567.0,1634046389.048744,0.000558853149414,11.188099861145018
2579,0,1,0,0,3,2,1096,2211110130,1130,64,1116,17,59861,29483,4,0,0,43,15,2211110130,17,59861,11123,3410,1130,1150,1130.0,1136.6666666666667,0.7071067811865236,-1.5000000000000222,88.88888888888887,1140.0,1130.0,10.0,12697,60,1116,1096.0,846.4666666666667,-1.1285425289032605,-0.5108268503177102,158617.44888888887,1096.0,650.0,446.0,1634046389.048744,0.0,11.188099861145018
2580,0,1,0,0,3,2,1096,2211110130,1130,64,1116,17,59861,29483,4,0,0,43,15,2211110130,17,59861,11123,4540,1130,1150,1130.0,1135.0,1.1547005383792517,-0.6666666666666665,75.0,1135.0,1130.0,5.0,13793,60,1116,1096.0,862.0625,-1.2275394440727092,-0.2734764000878091,152352.30859375,1096.0,771.0,325.0,1634046389.048744,0.0,11.188099861145018
2581,0,1,0,0,3,2,1039,2211110130,1073,64,1059,17,59861,29483,4,0,0,43,15,2211110130,17,59861,11123,5613,1073,1150,1130.0,1122.6,-1.1430512426683213,-0.0922409183930397,675.04,1130.0,1130.0,0.0,14832,60,1116,1096.0,872.4705882352941,-1.318808906425711,-0.0294685158263612,145123.66089965397,1096.0,892.0,204.0,1634046389.049228,0.0004839897155761,11.188583850860594
2582,0,1,0,0,2,3,60,3232270721,94,47,80,17,29483,59861,4,0,0,43,15,2211110130,17,59861,11123,5707,94,1150,1130.0,951.1666666666666,-1.7738195874621534,1.1721103887877984,147509.47222222222,1130.0,1087.25,42.75,14892,60,1116,1096.0,827.3333333333334,-1.0585974617493084,-0.7071181477925861,171696.55555555556,1096.0,529.0,567.0,1634046389.061196,0.0119681358337402,11.200551986694334
2583,0,1,0,0,3,2,408,2211110130,442,64,428,17,59861,29483,4,0,0,43,15,2211110130,17,59861,11123,6149,94,1150,1130.0,878.4285714285714,-1.114135376168375,-0.5232888621869187,158181.67346938775,1130.0,757.5,372.5,15300,60,1116,1096.0,805.2631578947369,-0.8998545377212357,-0.9745199899028804,171427.5623268698,1096.0,408.0,688.0,1634046389.063224,0.0020279884338378,11.202579975128172
2584,0,1,0,0,3,2,1096,2211110130,1130,64,1116,17,59861,29483,4,0,0,43,15,2211110130,17,59861,11123,7279,94,1150,1130.0,909.875,-1.3190910090075845,-0.0146177886379277,145331.109375,1130.0,915.25,214.75,16396,60,1116,1096.0,819.8,-0.9788889867193898,-0.824712614552193,166871.25999999998,1096.0,408.0,688.0,1634046389.078662,0.0154378414154052,11.218017816543577
2585,0,1,0,0,3,2,1096,2211110130,1130,64,1116,17,59861,29483,4,0,0,43,15,2211110130,17,59861,11123,8409,94,1150,1130.0,934.3333333333334,-1.501409626658108,0.5119274791212436,133968.88888888888,1130.0,1073.0,57.0,1096,1096,1096,1096.0,1096.0,0.0,-3.0,0.0,1096.0,1096.0,0.0,1634046389.078662,0.0,11.218017816543577
2586,0,1,0,0,3,2,1096,2211110130,1130,64,1116,17,59861,29483,4,0,0,43,15,2211110130,17,59861,11123,9539,94,1150,1130.0,953.9,-1.6668318802391882,1.049766450583563,124017.69000000002,1130.0,1087.25,42.75,2192,1096,1096,1096.0,1096.0,0.0,-3.0,0.0,1096.0,1096.0,0.0,1634046389.079134,0.000472068786621,11.218489885330198
2587,0,1,0,0,3,2,324,2211110130,358,64,344,17,59861,29483,4,0,0,43,15,2211110130,17,59861,11123,9897,94,1150,1130.0,899.7272727272727,-1.1606460894722117,-0.419147217484348,142090.19834710745,1130.0,757.5,372.5,2516,324,1096,1096.0,838.6666666666666,-0.7071067811865471,-1.5000000000000009,132440.8888888889,1096.0,710.0,386.0,1634046389.079134,0.0,11.218489885330198
2588,0,1,0,0,2,3,60,3232270721,94,47,80,17,29483,59861,4,0,0,43,15,2211110130,17,59861,11123,9991,94,1150,1130.0,832.5833333333334,-0.8397670240893907,-1.1201494840153314,179840.74305555553,1130.0,421.0,709.0,2576,60,1096,710.0,644.0,-0.120159805967894,-1.841424676629403,213016.0,1096.0,258.0,838.0,1634046389.092376,0.0132420063018798,11.231731891632078
2589,0,1,0,0,3,2,408,2211110130,442,64,428,17,59861,29483,4,0,0,43,15,2211110130,17,59861,11123,10433,94,1150,1130.0,802.5384615384615,-0.6419201209812209,-1.3622055005258586,176839.17159763316,1130.0,442.0,688.0,2984,60,1096,408.0,596.8,0.1766948769319585,-1.6687647074305638,179324.16,1096.0,324.0,772.0,1634046389.094195,0.0018188953399658,11.233550786972044
2590,0,1,0,0,3,2,60,2211110130,94,64,80,17,59861,29483,4,0,0,43,15,2211110130,17,59861,11123,10527,94,1150,1101.5,751.9285714285714,-0.4513522189776721,-1.602887992808801,197505.49489795917,1130.0,379.0,751.0,3044,60,1096,366.0,507.3333333333333,0.4482869280673388,-1.5073040957019168,189458.22222222225,924.0,126.0,798.0,1634046389.108032,0.0138370990753173,11.247387886047362
2591,0,1,0,0,3,2,1096,2211110130,1130,64,1116,17,59861,29483,4,0,0,43,15,2211110130,17,59861,11123,11657,94,1150,1130.0,777.1333333333333,-0.5651010624492708,-1.4913699493905388,193232.38222222225,1130.0,400.0,730.0,4140,60,1096,408.0,591.4285714285714,0.0923332244333822,-1.7734068262091665,204824.81632653065,1096.0,192.0,904.0,1634046389.108032,0.0,11.247387886047362
2592,0,1,0,0,3,2,1096,2211110130,1130,64,1116,17,59861,29483,4,0,0,43,15,2211110130,17,59861,11123,12787,94,1150,1130.0,799.1875,-0.6690450950260511,-1.3652307274780258,188451.15234375,1130.0,421.0,709.0,5236,60,1096,752.0,654.5,-0.168577367603685,-1.7830672648091628,207067.75,1096.0,258.0,838.0,1634046389.108508,0.0004761219024658,11.247864007949827
2593,0,1,0,0,3,2,1096,2211110130,1130,64,1116,17,59861,29483,4,0,0,43,15,2211110130,17,59861,11123,13917,94,1150,1130.0,818.6470588235294,-0.7650443526205939,-1.2283183237155462,183424.5813148789,1130.0,442.0,688.0,6332,60,1096,1096.0,703.5555555555555,-0.3773840725589971,-1.682743781586579,203311.8024691358,1096.0,324.0,772.0,1634046389.108508,0.0,11.247864007949827
2594,0,1,0,0,3,2,1096,2211110130,1130,64,1116,17,59861,29483,4,0,0,43,15,2211110130,17,59861,11123,15047,94,1150,1130.0,835.9444444444445,-0.8544696471142154,-1.0832399997189022,178320.71913580244,1130.0,442.0,688.0,7428,60,1096,1096.0,742.8,-0.5533753556025877,-1.525248006602857,196841.76,1096.0,345.0,751.0,1634046389.108508,0.0,11.247864007949827
2595,0,1,0,0,3,2,347,2211110130,381,64,367,17,59861,29483,4,0,0,43,15,2211110130,17,59861,11123,15428,94,1150,1130.0,812.0,-0.6986289766721218,-1.3100874971049152,179255.47368421053,1130.0,411.5,718.5,7775,60,1096,1096.0,706.8181818181819,-0.3427339346113624,-1.6818355897692152,191893.9669421488,1096.0,335.5,760.5,1634046389.108508,0.0,11.247864007949827
2596,0,1,0,0,2,3,56,3232270721,90,47,76,17,29483,59861,4,0,0,43,15,2211110130,17,59861,11123,15518,90,1150,1130.0,775.9,-0.5574050757983301,-1.5093730808906085,195053.69,1130.0,375.25,754.75,7831,56,1096,752.0,652.5833333333334,-0.1613788074984663,-1.7910648841933954,208258.40972222225,1096.0,258.0,838.0,1634046389.10985,0.0013418197631835,11.249205827713011
2597,0,1,0,0,2,3,60,3232270721,94,47,80,17,29483,59861,4,0,0,43,15,2211110130,17,59861,11123,94,94,94,94.0,94.0,0.0,-3.0,0.0,94.0,94.0,0.0,7891,56,1096,408.0,607.0,-0.0036687374852015,-1.8316091077604968,217172.61538461535,1096.0,60.0,1036.0,1634046389.109905,5.507469177246094e-05,11.249260902404783
2598,0,1,0,0,2,3,60,3232270721,94,47,80,17,29483,59861,4,0,0,43,15,2211110130,17,59861,11123,188,94,94,94.0,94.0,0.0,-3.0,0.0,94.0,94.0,0.0,7951,56,1096,377.5,567.9285714285714,0.1341768530869589,-1.8236086067497657,221505.78061224488,1096.0,60.0,1036.0,1634046389.127888,0.0179829597473144,11.267243862152098
2599,0,1,0,0,3,2,408,2211110130,442,64,428,17,59861,29483,4,0,0,43,15,2211110130,17,59861,11123,630,94,442,94.0,210.0,0.7071067811865476,-1.5,26912.0,268.0,94.0,174.0,8359,56,1096,408.0,557.2666666666667,0.2045204189513496,-1.7419237675170889,208330.1955555556,1096.0,60.0,1036.0,1634046389.133284,0.0053961277008056,11.272639989852903
2600,0,1,0,0,2,3,60,3232270721,94,47,80,17,29483,59861,4,0,0,43,15,2211110130,17,59861,11123,724,94,442,94.0,181.0,1.1547005383792517,-0.6666666666666665,22707.0,181.0,94.0,87.0,8419,56,1096,377.5,526.1875,0.3136266250805085,-1.6927029708392838,209798.27734375,1096.0,60.0,1036.0,1634046389.144202,0.0109179019927978,11.283557891845701
2601,0,1,0,0,3,2,1096,2211110130,1130,64,1116,17,59861,29483,4,0,0,43,15,2211110130,17,59861,11123,1854,94,1130,94.0,370.8,1.1454034124634815,-0.3424161373246619,162261.76,442.0,94.0,348.0,9515,56,1096,408.0,559.7058823529412,0.1754896928035975,-1.7815172427838688,215432.91349480968,1096.0,60.0,1036.0,1634046389.162024,0.0178220272064209,11.301379919052122
2602,0,1,0,0,2,3,60,3232270721,94,47,80,17,29483,59861,4,0,0,43,15,2211110130,17,59861,11123,1948,94,1130,94.0,324.6666666666667,1.4206457248206918,0.3853952024236564,145859.55555555553,355.0,94.0,261.0,9575,56,1096,377.5,531.9444444444445,0.2748345207100137,-1.7431490510442758,216566.274691358,1096.0,60.0,1036.0,1634046389.163002,0.0009779930114746,11.302357912063597
2603,0,1,0,0,2,3,52,3232270721,86,47,72,17,29483,59861,4,0,0,43,15,2211110130,17,59861,11123,2034,86,1130,94.0,290.57142857142856,1.6563324725594606,1.1386876819999694,131997.38775510204,268.0,94.0,174.0,9627,52,1096,347.0,506.6842105263158,0.3654808761786533,-1.6891046668480725,216653.47922437676,1096.0,60.0,1036.0,1634046389.163056,5.3882598876953125e-05,11.302411794662474
2604,0,1,0,0,3,2,1096,2211110130,1130,64,1116,17,59861,29483,4,0,0,43,15,2211110130,17,59861,11123,3164,86,1130,94.0,395.5,0.9664327036270736,-0.8954510045150252,192567.75,614.0,94.0,520.0,10723,52,1096,377.5,536.15,0.2439239686946712,-1.779700110733458,222317.2275,1096.0,60.0,1036.0,1634046389.169038,0.0059821605682373,11.308393955230711
2605,0,1,0,0,3,2,1096,2211110130,1130,64,1116,17,59861,29483,4,0,0,43,15,2211110130,17,59861,11123,4294,86,1130,94.0,477.1111111111111,0.5748029672726065,-1.5561347927782117,224454.32098765436,1130.0,94.0,1036.0,1096,1096,1096,1096.0,1096.0,0.0,-3.0,0.0,1096.0,1096.0,0.0,1634046389.171548,0.0025098323822021,11.310903787612913
2606,0,1,0,0,3,2,1096,2211110130,1130,64,1116,17,59861,29483,4,0,0,43,15,2211110130,17,59861,11123,5424,86,1130,268.0,542.4,0.3010833227310592,-1.8195515368320472,240372.64,1130.0,94.0,1036.0,2192,1096,1096,1096.0,1096.0,0.0,-3.0,0.0,1096.0,1096.0,0.0,1634046389.171548,0.0,11.310903787612913
2607,0,1,0,0,3,2,1116,2211110130,1150,64,1136,17,59861,29483,4,0,0,43,15,2211110130,17,59861,11123,6574,86,1150,442.0,597.6363636363636,0.0902328687315385,-1.9140130095351864,249031.14049586785,1130.0,94.0,1036.0,3308,1096,1116,1096.0,1102.6666666666667,0.7071067811865238,-1.5000000000000222,88.88888888888887,1106.0,1096.0,10.0,1634046389.172564,0.0010161399841308,11.311919927597044
2608,0,1,0,0,3,2,1096,2211110130,1130,64,1116,17,59861,29483,4,0,0,43,15,2211110130,17,59861,11123,7704,86,1150,786.0,642.0,-0.0840217027620567,-1.9219726284018617,249928.0,1130.0,94.0,1036.0,4404,1096,1116,1096.0,1101.0,1.1547005383792517,-0.6666666666666665,75.0,1101.0,1096.0,5.0,1634046389.172564,0.0,11.311919927597044
2609,0,1,0,0,3,2,551,2211110130,585,64,571,17,59861,29483,4,0,0,43,15,2211110130,17,59861,11123,8289,86,1150,585.0,637.6153846153846,-0.0600769793973023,-1.837146050520705,230933.4674556213,1130.0,94.0,1036.0,4955,551,1116,1096.0,991.0,-1.4953027640350796,0.2439288994978476,48460.0,1096.0,1096.0,0.0,1634046389.172564,0.0,11.311919927597044
2610,0,1,0,0,2,3,93,3232270721,127,47,113,17,29483,59861,4,0,0,43,15,2211110130,17,59861,11123,8416,86,1150,513.5,601.1428571428571,0.0869881071754491,-1.8453205914080804,231731.40816326533,1130.0,94.0,1036.0,5048,93,1116,1096.0,841.3333333333334,-1.0458388355804409,-0.5667089420021965,152383.8888888889,1096.0,687.25,408.75,1634046389.17461,0.0020458698272705,11.313965797424315
2611,0,1,0,0,2,3,52,3232270721,86,48,72,17,10001,59861,4,0,0,43,15,2211110130,17,59861,11123,8502,86,1150,442.0,566.8,0.2133904592292825,-1.8151591823004596,232794.6933333334,1130.0,94.0,1036.0,5100,52,1116,1096.0,728.5714285714286,-0.554141647175617,-1.4953081205016483,206906.2448979592,1096.0,322.0,774.0,1634046389.182255,0.0076451301574707,11.321610927581785
2612,0,1,0,0,3,2,1096,2211110130,1130,64,1116,17,59861,29483,4,0,0,43,15,2211110130,17,59861,11123,9632,86,1150,513.5,602.0,0.0744654349753316,-1.8675977717551395,236830.625,1130.0,94.0,1036.0,6196,52,1116,1096.0,774.5,-0.767606592524248,-1.2165769760638716,195809.0,1096.0,436.5,659.5,1634046389.193604,0.0113489627838134,11.332959890365599
2613,0,1,0,0,2,3,60,3232270721,94,47,80,17,29483,59861,4,0,0,43,15,2211110130,17,59861,11123,9726,86,1150,442.0,572.1176470588235,0.1874731657060104,-1.844363670387257,237186.69204152247,1130.0,94.0,1036.0,6256,52,1116,1096.0,695.1111111111111,-0.4295775392521489,-1.6762295964648046,224473.2098765432,1096.0,93.0,1003.0,1634046389.193941,0.0003371238708496,11.333297014236448
2614,0,1,0,0,3,2,1096,2211110130,1130,64,1116,17,59861,29483,4,0,0,43,15,2211110130,17,59861,11123,10856,86,1150,513.5,603.1111111111111,0.0655397529267257,-1.8844223955607824,240339.76543209876,1130.0,94.0,1036.0,7352,52,1116,1096.0,735.2,-0.6033593941288393,-1.5006652785534915,216489.96,1096.0,207.5,888.5,1634046389.19621,0.0022687911987304,11.335565805435179
2615,0,1,0,0,3,2,1096,2211110130,1130,64,1116,17,59861,29483,4,0,0,43,15,2211110130,17,59861,11123,11986,86,1150,585.0,630.8421052631579,-0.0429715557689863,-1.8934334259886496,241532.4487534626,1130.0,94.0,1036.0,8448,52,1116,1096.0,768.0,-0.7554563043393155,-1.2950837830088542,207567.45454545456,1096.0,322.0,774.0,1634046389.19621,0.0,11.335565805435179
2616,0,1,0,0,3,2,949,2211110130,983,64,969,17,59861,29483,4,0,0,43,15,2211110130,17,59861,11123,12969,86,1150,784.0,648.45,-0.1322516661232188,-1.867595219305439,235346.5475,1130.0,94.0,1036.0,9397,52,1116,1096.0,783.0833333333334,-0.8709967940332917,-1.0730561747141485,192772.7430555556,1096.0,436.5,659.5,1634046389.19621,0.0,11.335565805435179
2617,0,1,0,0,3,2,408,2211110130,442,64,428,17,59861,29483,4,0,0,43,15,2211110130,17,59861,11123,442,442,442,442.0,442.0,0.0,-3.0,0.0,442.0,442.0,0.0,9805,52,1116,1096.0,754.2307692307693,-0.6851116609896313,-1.2943846027322723,187933.71597633132,1096.0,408.0,688.0,1634046389.196785,0.0005750656127929,11.336140871047972
2618,0,1,0,0,3,2,60,2211110130,94,64,80,17,59861,29483,4,0,0,43,15,2211110130,17,59861,11123,536,94,442,268.0,268.0,0.0,-2.0,30276.0,355.0,181.0,174.0,9865,52,1116,1022.5,704.6428571428571,-0.4784729642736906,-1.5791871173732923,206476.3724489796,1096.0,171.75,924.25,1634046389.221348,0.0245630741119384,11.36070394515991
2619,0,1,0,0,3,2,408,2211110130,442,64,428,17,59861,29483,4,0,0,43,15,2211110130,17,59861,11123,978,94,442,442.0,326.0,-0.7071067811865476,-1.5,26912.0,442.0,268.0,174.0,10273,52,1116,949.0,684.8666666666667,-0.3612529106937078,-1.6235452385957747,198186.64888888889,1096.0,250.5,845.5,1634046389.221348,0.0,11.36070394515991
2620,0,1,0,0,3,2,1096,2211110130,1130,64,1116,17,59861,29483,4,0,0,43,15,2211110130,17,59861,11123,2108,94,1130,442.0,527.0,0.6435102738066802,-0.9056321412542724,141387.0,614.0,355.0,259.0,11369,52,1116,1022.5,710.5625,-0.4694214865155828,-1.541192881867869,195704.12109375,1096.0,329.25,766.75,1634046389.222911,0.0015628337860107,11.362266778945921
2621,0,1,0,0,3,2,1096,2211110130,1130,64,1116,17,59861,29483,4,0,0,43,15,2211110130,17,59861,11123,3238,94,1130,442.0,647.6,0.1057210014106883,-1.5970529222295426,171287.03999999998,1130.0,442.0,688.0,12465,52,1116,1096.0,733.2352941176471,-0.5684709086214628,-1.443134095512128,192417.0034602076,1096.0,408.0,688.0,1634046389.222911,0.0,11.362266778945921
2622,0,1,0,0,3,2,1096,2211110130,1130,64,1116,17,59861,29483,4,0,0,43,15,2211110130,17,59861,11123,4368,94,1130,786.0,728.0,-0.242866183063877,-1.622455753545627,175060.0,1130.0,442.0,688.0,13561,52,1116,1096.0,753.3888888888889,-0.6600651539812461,-1.3333961521819488,188632.0154320988,1096.0,408.0,688.0,1634046389.222911,0.0,11.362266778945921
2623,0,1,0,0,3,2,1096,2211110130,1130,64,1116,17,59861,29483,4,0,0,43,15,2211110130,17,59861,11123,5498,94,1130,1130.0,785.4285714285714,-0.5060063065187191,-1.4510482215784717,169839.67346938772,1130.0,442.0,688.0,14657,52,1116,1096.0,771.421052631579,-0.7454502613030145,-1.214741066062258,184556.8753462604,1096.0,408.0,688.0,1634046389.223636,0.0007250308990478,11.362991809844969
2624,0,1,0,0,3,2,1096,2211110130,1130,64,1116,17,59861,29483,4,0,0,43,15,2211110130,17,59861,11123,6628,94,1130,1130.0,828.5,-0.7210088659552083,-1.195375641280741,161595.75,1130.0,442.0,688.0,15753,52,1116,1096.0,787.65,-0.8255819780971628,-1.0891252067830015,180333.22750000004,1096.0,408.0,688.0,1634046389.223636,0.0,11.362991809844969
2625,0,1,0,0,3,2,223,2211110130,257,64,243,17,59861,29483,4,0,0,43,15,2211110130,17,59861,11123,6885,94,1130,1130.0,765.0,-0.3877830643848339,-1.635985834873549,175898.66666666666,1130.0,442.0,688.0,223,223,223,223.0,223.0,0.0,-3.0,0.0,223.0,223.0,0.0,1634046389.223636,0.0,11.362991809844969
2626,0,1,0,0,2,3,60,3232270721,94,47,80,17,29483,59861,4,0,0,43,15,2211110130,17,59861,11123,6979,94,1130,786.0,697.9,-0.1763085047167096,-1.7689595435926622,198830.49,1130.0,303.25,826.75,283,60,223,141.5,141.5,0.0,-2.0,6642.25,182.25,100.75,81.5,1634046389.234635,0.0109992027282714,11.37399101257324
2627,1,0,1,0,3,1,20,1746537030,54,64,40,6,55798,80,4,0,0,43,15,2211110130,17,59861,11123,7033,54,1130,442.0,639.3636363636364,-0.0052144329304607,-1.803549914355836,215020.04958677685,1130.0,175.5,954.5,303,20,223,60.0,101.0,0.5986318317858383,-1.5,7708.666666666667,141.5,40.0,101.5,1634046389.241479,0.0068438053131103,11.38083481788635
2628,1,0,1,0,2,1,32,760003462,66,64,52,6,48090,80,4,0,0,43,15,2211110130,17,59861,11123,7099,54,1130,442.0,591.5833333333334,0.150617428898243,-1.7914130025079045,222214.2430555556,1130.0,94.0,1036.0,335,20,223,46.0,83.75,1.049543993160173,-0.7550640375981725,6674.1875,100.75,29.0,71.75,1634046389.241479,0.0,11.38083481788635
2629,0,1,0,0,3,2,1104,2211110130,1138,64,1124,17,59861,29483,4,0,0,43,15,2211110130,17,59861,11123,8237,54,1138,442.0,633.6153846153846,-0.0139247356995384,-1.8326036306359827,226321.15976331363,1130.0,94.0,1036.0,1439,20,1104,60.0,287.8,1.3912112627106052,0.0864312651854568,171884.96000000002,223.0,32.0,191.0,1634046389.248077,0.0065979957580566,11.387432813644407
2630,0,1,0,0,3,2,1096,2211110130,1130,64,1116,17,59861,29483,4,0,0,43,15,2211110130,17,59861,11123,9367,54,1138,786.0,669.0714285714286,-0.1557836348519623,-1.820059583103773,226498.06632653065,1130.0,134.75,995.25,2535,20,1104,141.5,422.5,0.650516559086238,-1.5085689386432934,233957.91666666663,877.75,39.0,838.75,1634046389.252853,0.0047760009765625,11.39220881462097
2631,0,1,0,0,3,2,1096,2211110130,1130,64,1116,17,59861,29483,4,0,0,43,15,2211110130,17,59861,11123,10497,54,1138,1130.0,699.8,-0.280684292488551,-1.77300932093991,224617.62666666665,1130.0,175.5,954.5,3631,20,1104,223.0,518.7142857142857,0.2464415681191767,-1.8903427739486485,256078.4897959184,1096.0,46.0,1050.0,1634046389.252853,0.0,11.39220881462097
2632,0,1,0,0,2,3,60,3232270721,94,47,80,17,29483,59861,4,0,0,43,15,2211110130,17,59861,11123,10591,54,1138,786.0,661.9375,-0.1385623281370402,-1.84688258935832,232082.55859375,1130.0,94.0,1036.0,3691,20,1104,141.5,461.375,0.4768775743458362,-1.7263891914704907,247083.234375,1096.0,53.0,1043.0,1634046389.253177,0.000324010848999,11.392532825469969
2633,0,1,0,0,2,3,93,3232270721,127,47,113,17,29483,59861,4,0,0,43,15,2211110130,17,59861,11123,10718,54,1138,442.0,630.4705882352941,-0.0126863518951775,-1.875827647855615,234273.3079584775,1130.0,94.0,1036.0,3784,20,1104,93.0,420.44444444444446,0.6684047435577963,-1.5060756472474608,233032.024691358,1096.0,60.0,1036.0,1634046389.253234,5.698204040527344e-05,11.392589807510374
2634,0,1,0,0,3,2,1096,2211110130,1130,64,1116,17,59861,29483,4,0,0,43,15,2211110130,17,59861,11123,11848,54,1138,786.0,658.2222222222222,-0.1231039662805328,-1.8674980495852076,234350.7283950617,1130.0,102.25,1027.75,4880,20,1104,158.0,488.0,0.3770985714122324,-1.821120262527816,250802.6,1096.0,60.0,1036.0,1634046389.253587,0.0003530979156494,11.392942905426024
2635,0,1,0,0,3,2,1058,2211110130,1092,64,1078,17,59861,29483,4,0,0,43,15,2211110130,17,59861,11123,12940,54,1138,1092.0,681.0526315789474,-0.2227596007139124,-1.835982746028558,231398.5761772853,1130.0,110.5,1019.5,5938,20,1104,223.0,539.8181818181819,0.1565165139904593,-1.9419307464123297,254853.6033057851,1096.0,60.0,1036.0,1634046389.253587,0.0,11.392942905426024
2636,1,0,1,0,1,3,20,3232270721,54,59,40,6,80,55798,4,0,0,43,15,2211110130,17,59861,11123,12994,54,1138,767.0,649.7,-0.1152099898369709,-1.877542886360512,238505.41,1130.0,94.0,1036.0,5958,20,1104,158.0,496.5,0.3110383975423821,-1.8688789978714049,254256.91666666663,1096.0,53.0,1043.0,1634046389.257554,0.0039670467376708,11.396909952163695
2637,0,1,0,0,3,2,408,2211110130,442,64,428,17,59861,29483,4,0,0,43,15,2211110130,17,59861,11123,442,442,442,442.0,442.0,0.0,-3.0,0.0,442.0,442.0,0.0,6366,20,1104,223.0,489.6923076923077,0.3642339922285595,-1.7610534117521972,235254.82840236693,1096.0,60.0,1036.0,1634046389.261932,0.0043778419494628,11.401287794113157
2638,0,1,0,0,3,2,1116,2211110130,1150,64,1136,17,59861,29483,4,0,0,43,15,2211110130,17,59861,11123,1592,442,1150,796.0,796.0,0.0,-2.0,125316.0,973.0,619.0,354.0,7482,20,1116,315.5,534.4285714285714,0.1922787863355292,-1.869507247218727,244468.2448979592,1096.0,60.0,1036.0,1634046389.263633,0.0017011165618896,11.402988910675047
2639,0,1,0,0,2,3,60,3232270721,94,47,80,17,29483,59861,4,0,0,43,15,2211110130,17,59861,11123,1686,94,1150,442.0,562.0,0.3892955772280436,-1.5,193056.0,796.0,268.0,528.0,7542,20,1116,223.0,502.8,0.3153583633179672,-1.810940553294736,242175.49333333332,1096.0,60.0,1036.0,1634046389.287066,0.023432970046997,11.426421880722044
2640,0,1,0,0,3,2,408,2211110130,442,64,428,17,59861,29483,4,0,0,43,15,2211110130,17,59861,11123,2128,94,1150,442.0,532.0,0.664429515356226,-0.8992115711925757,147492.0,619.0,355.0,264.0,7950,20,1116,315.5,496.875,0.3613433951784427,-1.7204089891562158,227566.109375,1096.0,60.0,1036.0,1634046389.295633,0.0085670948028564,11.4349889755249
2641,0,1,0,0,2,3,56,3232270721,90,47,76,17,29483,59861,4,0,0,43,15,2211110130,17,59861,11123,2218,90,1150,442.0,443.6,0.921094171064436,-0.4899302902461957,149251.84,442.0,94.0,348.0,8006,20,1116,223.0,470.9411764705882,0.4630145612064102,-1.6401601638172174,224940.87889273357,1096.0,60.0,1036.0,1634046389.304851,0.0092179775238037,11.444206953048704
2642,0,1,0,0,3,2,1096,2211110130,1130,64,1116,17,59861,29483,4,0,0,43,15,2211110130,17,59861,11123,3348,90,1150,442.0,558.0,0.3811130373734147,-1.4986192660771371,189813.3333333333,958.0,181.0,777.0,9102,20,1116,315.5,505.6666666666667,0.3194066040535448,-1.7691640807385765,232943.77777777772,1096.0,60.0,1036.0,1634046389.313633,0.0087819099426269,11.452988862991331
2643,0,1,0,0,3,2,1096,2211110130,1130,64,1116,17,59861,29483,4,0,0,43,15,2211110130,17,59861,11123,4478,90,1150,442.0,639.7142857142857,0.038326091529017,-1.7267177008978636,202760.48979591837,1130.0,268.0,862.0,10198,20,1116,408.0,536.7368421052631,0.1948164039434464,-1.8447086747004635,238059.98337950133,1096.0,60.0,1036.0,1634046389.313633,0.0,11.452988862991331
2644,0,1,0,0,3,2,1096,2211110130,1130,64,1116,17,59861,29483,4,0,0,43,15,2211110130,17,59861,11123,5608,90,1150,786.0,701.0,-0.2163291181036148,-1.7156183111609242,203707.0,1130.0,355.0,775.0,11294,20,1116,408.0,564.7,0.0845396508052994,-1.883741124175084,241013.81,1096.0,60.0,1036.0,1634046389.313633,0.0,11.452988862991331
2645,0,1,0,0,3,2,1096,2211110130,1130,64,1116,17,59861,29483,4,0,0,43,15,2211110130,17,59861,11123,6738,90,1150,1130.0,748.6666666666666,-0.4217223893963605,-1.600294571990276,199249.7777777778,1130.0,442.0,688.0,1096,1096,1096,1096.0,1096.0,0.0,-3.0,0.0,1096.0,1096.0,0.0,1634046389.314267,0.000633955001831,11.453622817993162
2646,0,1,0,0,3,2,1096,2211110130,1130,64,1116,17,59861,29483,4,0,0,43,15,2211110130,17,59861,11123,7868,90,1150,1130.0,786.8,-0.5957188405681244,-1.4302757818559355,192412.16,1130.0,442.0,688.0,2192,1096,1096,1096.0,1096.0,0.0,-3.0,0.0,1096.0,1096.0,0.0,1634046389.314267,0.0,11.453622817993162
2647,0,1,0,0,3,2,1096,2211110130,1130,64,1116,17,59861,29483,4,0,0,43,15,2211110130,17,59861,11123,8998,90,1150,1130.0,818.0,-0.7479344729083888,-1.2280060574688267,184654.54545454544,1130.0,442.0,688.0,3288,1096,1096,1096.0,1096.0,0.0,-3.0,0.0,1096.0,1096.0,0.0,1634046389.314267,0.0,11.453622817993162
2648,0,1,0,0,3,2,1096,2211110130,1130,64,1116,17,59861,29483,4,0,0,43,15,2211110130,17,59861,11123,10128,90,1150,1130.0,844.0,-0.8841215771004269,-1.0051290417354108,176702.66666666666,1130.0,442.0,688.0,4384,1096,1096,1096.0,1096.0,0.0,-3.0,0.0,1096.0,1096.0,0.0,1634046389.314267,0.0,11.453622817993162
2649,0,1,0,0,3,2,1096,2211110130,1130,64,1116,17,59861,29483,4,0,0,43,15,2211110130,17,59861,11123,11258,90,1150,1130.0,866.0,-1.0079908552522754,-0.768286138925244,168918.15384615384,1130.0,442.0,688.0,5480,1096,1096,1096.0,1096.0,0.0,-3.0,0.0,1096.0,1096.0,0.0,1634046389.314897,0.0006301403045654,11.454252958297728
2650,0,1,0,0,3,2,1096,2211110130,1130,64,1116,17,59861,29483,4,0,0,43,15,2211110130,17,59861,11123,12388,90,1150,1130.0,884.8571428571429,-1.1220753799043894,-0.5215419840065638,161475.26530612246,1130.0,614.0,516.0,6576,1096,1096,1096.0,1096.0,0.0,-3.0,0.0,1096.0,1096.0,0.0,1634046389.314897,0.0,11.454252958297728
2651,0,1,0,0,3,2,1096,2211110130,1130,64,1116,17,59861,29483,4,0,0,43,15,2211110130,17,59861,11123,13518,90,1150,1130.0,901.2,-1.2281821055812816,-0.2675235286250648,154449.49333333332,1130.0,786.0,344.0,7672,1096,1096,1096.0,1096.0,0.0,-3.0,0.0,1096.0,1096.0,0.0,1634046389.314897,0.0,11.454252958297728
2652,0,1,0,0,3,2,1096,2211110130,1130,64,1116,17,59861,29483,4,0,0,43,15,2211110130,17,59861,11123,14648,90,1150,1130.0,915.5,-1.3276461583744168,-0.0080040011483992,147863.75,1130.0,958.0,172.0,8768,1096,1096,1096.0,1096.0,0.0,-3.0,0.0,1096.0,1096.0,0.0,1634046389.314897,0.0,11.454252958297728
2653,0,1,0,0,3,2,1096,2211110130,1130,64,1116,17,59861,29483,4,0,0,43,15,2211110130,17,59861,11123,15778,90,1150,1130.0,928.1176470588236,-1.4214828095163368,0.2557763631811296,141713.16262975775,1130.0,1130.0,0.0,9864,1096,1096,1096.0,1096.0,0.0,-3.0,0.0,1096.0,1096.0,0.0,1634046389.315546,0.0006489753723144,11.454901933670042
2654,0,1,0,0,3,2,1096,2211110130,1130,64,1116,17,59861,29483,4,0,0,43,15,2211110130,17,59861,11123,16908,90,1150,1130.0,939.3333333333334,-1.510482794837514,0.522924071475785,135978.6666666667,1130.0,1130.0,0.0,10960,1096,1096,1096.0,1096.0,0.0,-3.0,0.0,1096.0,1096.0,0.0,1634046389.315546,0.0,11.454901933670042
2655,0,1,0,0,3,2,1096,2211110130,1130,64,1116,17,59861,29483,4,0,0,43,15,2211110130,17,59861,11123,18038,90,1150,1130.0,949.3684210526316,-1.5952745449964505,0.7927791179623975,130634.54847645428,1130.0,1130.0,0.0,12056,1096,1096,1096.0,1096.0,0.0,-3.0,0.0,1096.0,1096.0,0.0,1634046389.316311,0.0007648468017578,11.4556667804718
2656,0,1,0,0,3,2,1096,2211110130,1130,64,1116,17,59861,29483,4,0,0,43,15,2211110130,17,59861,11123,19168,90,1150,1130.0,958.4,-1.676366210073598,1.064843395570077,125652.64,1130.0,1130.0,0.0,13152,1096,1096,1096.0,1096.0,0.0,-3.0,0.0,1096.0,1096.0,0.0,1634046389.316311,0.0,11.4556667804718
2657,0,1,0,0,3,2,1096,2211110130,1130,64,1116,17,59861,29483,4,0,0,43,15,2211110130,17,59861,11123,1130,1130,1130,1130.0,1130.0,0.0,-3.0,0.0,1130.0,1130.0,0.0,14248,1096,1096,1096.0,1096.0,0.0,-3.0,0.0,1096.0,1096.0,0.0,1634046389.316311,0.0,11.4556667804718
2658,0,1,0,0,3,2,1096,2211110130,1130,64,1116,17,59861,29483,4,0,0,43,15,2211110130,17,59861,11123,2260,1130,1130,1130.0,1130.0,0.0,-3.0,0.0,1130.0,1130.0,0.0,15344,1096,1096,1096.0,1096.0,0.0,-3.0,0.0,1096.0,1096.0,0.0,1634046389.316311,0.0,11.4556667804718
2659,0,1,0,0,3,2,1096,2211110130,1130,64,1116,17,59861,29483,4,0,0,43,15,2211110130,17,59861,11123,3390,1130,1130,1130.0,1130.0,0.0,-3.0,0.0,1130.0,1130.0,0.0,16440,1096,1096,1096.0,1096.0,0.0,-3.0,0.0,1096.0,1096.0,0.0,1634046389.316795,0.0004842281341552,11.456151008605955
2660,0,1,0,0,3,2,1096,2211110130,1130,64,1116,17,59861,29483,4,0,0,43,15,2211110130,17,59861,11123,4520,1130,1130,1130.0,1130.0,0.0,-3.0,0.0,1130.0,1130.0,0.0,17536,1096,1096,1096.0,1096.0,0.0,-3.0,0.0,1096.0,1096.0,0.0,1634046389.316795,0.0,11.456151008605955
2661,0,1,0,0,2,3,60,3232270721,94,47,80,17,29483,59861,4,0,0,43,15,2211110130,17,59861,11123,4614,94,1130,1130.0,922.8,-1.4999999999999996,0.2499999999999986,171727.36000000002,1130.0,1130.0,0.0,17596,60,1096,1096.0,1035.0588235294117,-3.749999999999999,12.062499999999998,59421.23183391004,1096.0,1096.0,0.0,1634046389.323343,0.0065479278564453,11.4626989364624
2662,0,1,0,0,2,3,93,3232270721,127,47,113,17,29483,59861,4,0,0,43,15,2211110130,17,59861,11123,4741,94,1130,1130.0,790.1666666666666,-0.7083562116237705,-1.496466424042454,231064.1388888889,1130.0,377.75,752.25,17689,60,1096,1096.0,982.7222222222222,-2.476279515917108,4.134939646113294,102685.08950617284,1096.0,1096.0,0.0,1634046389.323386,4.291534423828125e-05,11.462741851806639
2663,0,1,0,0,3,2,1116,2211110130,1150,64,1136,17,59861,29483,4,0,0,43,15,2211110130,17,59861,11123,5891,94,1150,1130.0,841.5714285714286,-0.9491753164399594,-1.096214562609925,213909.67346938772,1130.0,628.5,501.5,18805,60,1116,1096.0,989.7368421052632,-2.5729073909570133,4.625166780260602,98166.29916897506,1096.0,1096.0,0.0,1634046389.334181,0.0107951164245605,11.4735369682312
2664,0,1,0,0,3,2,1096,2211110130,1130,64,1116,17,59861,29483,4,0,0,43,15,2211110130,17,59861,11123,7021,94,1150,1130.0,877.625,-1.1551597614637186,-0.6625965606061976,196269.984375,1130.0,879.25,250.75,19901,60,1116,1096.0,995.05,-2.6670990079191084,5.118955253741586,93794.3475,1096.0,1096.0,0.0,1634046389.334181,0.0,11.4735369682312
2665,0,1,0,0,3,2,1096,2211110130,1130,64,1116,17,59861,29483,4,0,0,43,15,2211110130,17,59861,11123,8151,94,1150,1130.0,905.6666666666666,-1.3367460803531774,-0.2099217919630809,180752.88888888888,1130.0,1130.0,0.0,1096,1096,1096,1096.0,1096.0,0.0,-3.0,0.0,1096.0,1096.0,0.0,1634046389.334181,0.0,11.4735369682312
2666,0,1,0,0,3,2,1096,2211110130,1130,64,1116,17,59861,29483,4,0,0,43,15,2211110130,17,59861,11123,9281,94,1150,1130.0,928.1,-1.5004282548577037,0.2546649714792681,167206.89,1130.0,1130.0,0.0,2192,1096,1096,1096.0,1096.0,0.0,-3.0,0.0,1096.0,1096.0,0.0,1634046389.334845,0.0006639957427978,11.474200963973997
2667,0,1,0,0,3,2,1096,2211110130,1130,64,1116,17,59861,29483,4,0,0,43,15,2211110130,17,59861,11123,10411,94,1150,1130.0,946.4545454545456,-1.6503372679215706,0.7271937565709172,155375.15702479336,1130.0,1130.0,0.0,3288,1096,1096,1096.0,1096.0,0.0,-3.0,0.0,1096.0,1096.0,0.0,1634046389.334845,0.0,11.474200963973997
2668,0,1,0,0,3,2,1096,2211110130,1130,64,1116,17,59861,29483,4,0,0,43,15,2211110130,17,59861,11123,11541,94,1150,1130.0,961.75,-1.7892721749684664,1.2052823072352856,145000.6875,1130.0,1130.0,0.0,4384,1096,1096,1096.0,1096.0,0.0,-3.0,0.0,1096.0,1096.0,0.0,1634046389.334845,0.0,11.474200963973997
2669,0,1,0,0,3,2,1096,2211110130,1130,64,1116,17,59861,29483,4,0,0,43,15,2211110130,17,59861,11123,12671,94,1150,1130.0,974.6923076923076,-1.9192227518521128,1.6874145159943952,135856.82840236684,1130.0,1130.0,0.0,5480,1096,1096,1096.0,1096.0,0.0,-3.0,0.0,1096.0,1096.0,0.0,1634046389.334845,0.0,11.474200963973997
2670,0,1,0,0,3,2,1096,2211110130,1130,64,1116,17,59861,29483,4,0,0,43,15,2211110130,17,59861,11123,13801,94,1150,1130.0,985.7857142857144,-2.041657800819179,2.172579580624162,127752.59693877552,1130.0,1130.0,0.0,6576,1096,1096,1096.0,1096.0,0.0,-3.0,0.0,1096.0,1096.0,0.0,1634046389.334845,0.0,11.474200963973997
2671,0,1,0,0,3,2,1096,2211110130,1130,64,1116,17,59861,29483,4,0,0,43,15,2211110130,17,59861,11123,14931,94,1150,1130.0,995.4,-2.157694991956017,2.660077680352029,120529.83999999998,1130.0,1130.0,0.0,7672,1096,1096,1096.0,1096.0,0.0,-3.0,0.0,1096.0,1096.0,0.0,1634046389.335443,0.0005979537963867,11.474798917770384
2672,0,1,0,0,3,2,1096,2211110130,1130,64,1116,17,59861,29483,4,0,0,43,15,2211110130,17,59861,11123,16061,94,1150,1130.0,1003.8125,-2.268206325673072,3.149408923366387,114058.27734375,1130.0,1130.0,0.0,8768,1096,1096,1096.0,1096.0,0.0,-3.0,0.0,1096.0,1096.0,0.0,1634046389.335443,0.0,11.474798917770384
2673,0,1,0,0,3,2,1096,2211110130,1130,64,1116,17,59861,29483,4,0,0,43,15,2211110130,17,59861,11123,17191,94,1150,1130.0,1011.2352941176472,-2.3738865074270343,3.640206710436394,108230.53287197232,1130.0,1130.0,0.0,9864,1096,1096,1096.0,1096.0,0.0,-3.0,0.0,1096.0,1096.0,0.0,1634046389.335443,0.0,11.474798917770384
2674,0,1,0,0,3,2,1096,2211110130,1130,64,1116,17,59861,29483,4,0,0,43,15,2211110130,17,59861,11123,18321,94,1150,1130.0,1017.8333333333334,-2.475298904098324,4.132196084708341,102957.80555555556,1130.0,1130.0,0.0,10960,1096,1096,1096.0,1096.0,0.0,-3.0,0.0,1096.0,1096.0,0.0,1634046389.335443,0.0,11.474798917770384
2675,0,1,0,0,3,2,1096,2211110130,1130,64,1116,17,59861,29483,4,0,0,43,15,2211110130,17,59861,11123,19451,94,1150,1130.0,1023.7368421052632,-2.5729073909570137,4.625166780260608,98166.29916897503,1130.0,1130.0,0.0,12056,1096,1096,1096.0,1096.0,0.0,-3.0,0.0,1096.0,1096.0,0.0,1634046389.335953,0.0005099773406982,11.475308895111082
2676,0,1,0,0,3,2,1096,2211110130,1130,64,1116,17,59861,29483,4,0,0,43,15,2211110130,17,59861,11123,20581,94,1150,1130.0,1029.05,-2.6670990079191093,5.118955253741584,93794.3475,1130.0,1130.0,0.0,13152,1096,1096,1096.0,1096.0,0.0,-3.0,0.0,1096.0,1096.0,0.0,1634046389.335953,0.0,11.475308895111082
2677,0,1,0,0,3,2,1096,2211110130,1130,64,1116,17,59861,29483,4,0,0,43,15,2211110130,17,59861,11123,1130,1130,1130,1130.0,1130.0,0.0,-3.0,0.0,1130.0,1130.0,0.0,14248,1096,1096,1096.0,1096.0,0.0,-3.0,0.0,1096.0,1096.0,0.0,1634046389.335953,0.0,11.475308895111082
2678,0,1,0,0,3,2,1096,2211110130,1130,64,1116,17,59861,29483,4,0,0,43,15,2211110130,17,59861,11123,2260,1130,1130,1130.0,1130.0,0.0,-3.0,0.0,1130.0,1130.0,0.0,15344,1096,1096,1096.0,1096.0,0.0,-3.0,0.0,1096.0,1096.0,0.0,1634046389.335953,0.0,11.475308895111082
2679,0,1,0,0,3,2,1096,2211110130,1130,64,1116,17,59861,29483,4,0,0,43,15,2211110130,17,59861,11123,3390,1130,1130,1130.0,1130.0,0.0,-3.0,0.0,1130.0,1130.0,0.0,16440,1096,1096,1096.0,1096.0,0.0,-3.0,0.0,1096.0,1096.0,0.0,1634046389.336517,0.0005640983581542,11.475872993469237
2680,0,1,0,0,3,2,1096,2211110130,1130,64,1116,17,59861,29483,4,0,0,43,15,2211110130,17,59861,11123,4520,1130,1130,1130.0,1130.0,0.0,-3.0,0.0,1130.0,1130.0,0.0,17536,1096,1096,1096.0,1096.0,0.0,-3.0,0.0,1096.0,1096.0,0.0,1634046389.336517,0.0,11.475872993469237
2681,0,1,0,0,3,2,1096,2211110130,1130,64,1116,17,59861,29483,4,0,0,43,15,2211110130,17,59861,11123,5650,1130,1130,1130.0,1130.0,0.0,-3.0,0.0,1130.0,1130.0,0.0,18632,1096,1096,1096.0,1096.0,0.0,-3.0,0.0,1096.0,1096.0,0.0,1634046389.336517,0.0,11.475872993469237
2682,0,1,0,0,3,2,1096,2211110130,1130,64,1116,17,59861,29483,4,0,0,43,15,2211110130,17,59861,11123,6780,1130,1130,1130.0,1130.0,0.0,-3.0,0.0,1130.0,1130.0,0.0,19728,1096,1096,1096.0,1096.0,0.0,-3.0,0.0,1096.0,1096.0,0.0,1634046389.337051,0.0005338191986083,11.476406812667845
2683,0,1,0,0,3,2,1096,2211110130,1130,64,1116,17,59861,29483,4,0,0,43,15,2211110130,17,59861,11123,7910,1130,1130,1130.0,1130.0,0.0,-3.0,0.0,1130.0,1130.0,0.0,20824,1096,1096,1096.0,1096.0,0.0,-3.0,0.0,1096.0,1096.0,0.0,1634046389.337051,0.0,11.476406812667845
2684,0,1,0,0,3,2,1116,2211110130,1150,64,1136,17,59861,29483,4,0,0,43,15,2211110130,17,59861,11123,9060,1130,1150,1130.0,1132.5,2.2677868380553634,3.1428571428571432,43.75,1130.0,1130.0,0.0,21940,1096,1116,1096.0,1097.0,4.129483209670112,15.05263157894737,19.0,1096.0,1096.0,0.0,1634046389.337051,0.0,11.476406812667845
2685,0,1,0,0,3,2,1096,2211110130,1130,64,1116,17,59861,29483,4,0,0,43,15,2211110130,17,59861,11123,10190,1130,1150,1130.0,1132.2222222222222,2.4748737341529403,4.125000000000078,39.50617283950618,1130.0,1130.0,0.0,1096,1096,1096,1096.0,1096.0,0.0,-3.0,0.0,1096.0,1096.0,0.0,1634046389.337051,0.0,11.476406812667845
2686,0,1,0,0,3,2,1096,2211110130,1130,64,1116,17,59861,29483,4,0,0,43,15,2211110130,17,59861,11123,11320,1130,1150,1130.0,1132.0,2.6666666666666665,5.111111111111111,36.0,1130.0,1130.0,0.0,2192,1096,1096,1096.0,1096.0,0.0,-3.0,0.0,1096.0,1096.0,0.0,1634046389.337486,0.0004351139068603,11.476841926574705
2687,0,1,0,0,3,2,1096,2211110130,1130,64,1116,17,59861,29483,4,0,0,43,15,2211110130,17,59861,11123,12450,1130,1150,1130.0,1131.8181818181818,2.8460498941515744,6.100000000000124,33.05785123966942,1130.0,1130.0,0.0,3288,1096,1096,1096.0,1096.0,0.0,-3.0,0.0,1096.0,1096.0,0.0,1634046389.337486,0.0,11.476841926574705
2688,0,1,0,0,3,2,1096,2211110130,1130,64,1116,17,59861,29483,4,0,0,43,15,2211110130,17,59861,11123,13580,1130,1150,1130.0,1131.6666666666667,3.015113445777593,7.090909090908916,30.555555555555568,1130.0,1130.0,0.0,4384,1096,1096,1096.0,1096.0,0.0,-3.0,0.0,1096.0,1096.0,0.0,1634046389.337486,0.0,11.476841926574705
2689,0,1,0,0,3,2,1096,2211110130,1130,64,1116,17,59861,29483,4,0,0,43,15,2211110130,17,59861,11123,14710,1130,1150,1130.0,1131.5384615384614,3.1754264805429995,8.083333333333577,28.40236686390534,1130.0,1130.0,0.0,5480,1096,1096,1096.0,1096.0,0.0,-3.0,0.0,1096.0,1096.0,0.0,1634046389.337486,0.0,11.476841926574705
2690,0,1,0,0,3,2,1096,2211110130,1130,64,1116,17,59861,29483,4,0,0,43,15,2211110130,17,59861,11123,15840,1130,1150,1130.0,1131.428571428571,3.3282011773514317,9.07692307692333,26.530612244897952,1130.0,1130.0,0.0,6576,1096,1096,1096.0,1096.0,0.0,-3.0,0.0,1096.0,1096.0,0.0,1634046389.33805,0.0005638599395751,11.47740578651428
2691,0,1,0,0,3,2,1096,2211110130,1130,64,1116,17,59861,29483,4,0,0,43,15,2211110130,17,59861,11123,16970,1130,1150,1130.0,1131.3333333333333,3.474396144861561,10.071428571428772,24.888888888888903,1130.0,1130.0,0.0,7672,1096,1096,1096.0,1096.0,0.0,-3.0,0.0,1096.0,1096.0,0.0,1634046389.33805,0.0,11.47740578651428
2692,0,1,0,0,3,2,1096,2211110130,1130,64,1116,17,59861,29483,4,0,0,43,15,2211110130,17,59861,11123,18100,1130,1150,1130.0,1131.25,3.614784456460256,11.066666666666666,23.4375,1130.0,1130.0,0.0,8768,1096,1096,1096.0,1096.0,0.0,-3.0,0.0,1096.0,1096.0,0.0,1634046389.33805,0.0,11.47740578651428
2693,0,1,0,0,3,2,1096,2211110130,1130,64,1116,17,59861,29483,4,0,0,43,15,2211110130,17,59861,11123,19230,1130,1150,1130.0,1131.1764705882354,3.749999999999957,12.06249999999979,22.14532871972318,1130.0,1130.0,0.0,9864,1096,1096,1096.0,1096.0,0.0,-3.0,0.0,1096.0,1096.0,0.0,1634046389.33805,0.0,11.47740578651428
2694,0,1,0,0,3,2,1096,2211110130,1130,64,1116,17,59861,29483,4,0,0,43,15,2211110130,17,59861,11123,20360,1130,1150,1130.0,1131.111111111111,3.880570000581343,13.058823529411846,20.98765432098766,1130.0,1130.0,0.0,10960,1096,1096,1096.0,1096.0,0.0,-3.0,0.0,1096.0,1096.0,0.0,1634046389.338538,0.0004880428314208,11.477893829345701
2695,0,1,0,0,3,2,1096,2211110130,1130,64,1116,17,59861,29483,4,0,0,43,15,2211110130,17,59861,11123,21490,1130,1150,1130.0,1131.0526315789473,4.006938426723828,14.055555555555864,19.944598337950133,1130.0,1130.0,0.0,12056,1096,1096,1096.0,1096.0,0.0,-3.0,0.0,1096.0,1096.0,0.0,1634046389.338538,0.0,11.477893829345701
2696,0,1,0,0,3,2,1096,2211110130,1130,64,1116,17,59861,29483,4,0,0,43,15,2211110130,17,59861,11123,22620,1130,1150,1130.0,1131.0,4.129483209670112,15.05263157894737,19.0,1130.0,1130.0,0.0,13152,1096,1096,1096.0,1096.0,0.0,-3.0,0.0,1096.0,1096.0,0.0,1634046389.338538,0.0,11.477893829345701
2697,0,1,0,0,3,2,1096,2211110130,1130,64,1116,17,59861,29483,4,0,0,43,15,2211110130,17,59861,11123,1130,1130,1130,1130.0,1130.0,0.0,-3.0,0.0,1130.0,1130.0,0.0,14248,1096,1096,1096.0,1096.0,0.0,-3.0,0.0,1096.0,1096.0,0.0,1634046389.339042,0.0005040168762207,11.478397846221922
2698,0,1,0,0,3,2,1096,2211110130,1130,64,1116,17,59861,29483,4,0,0,43,15,2211110130,17,59861,11123,2260,1130,1130,1130.0,1130.0,0.0,-3.0,0.0,1130.0,1130.0,0.0,15344,1096,1096,1096.0,1096.0,0.0,-3.0,0.0,1096.0,1096.0,0.0,1634046389.339042,0.0,11.478397846221922
2699,0,1,0,0,3,2,1096,2211110130,1130,64,1116,17,59861,29483,4,0,0,43,15,2211110130,17,59861,11123,3390,1130,1130,1130.0,1130.0,0.0,-3.0,0.0,1130.0,1130.0,0.0,16440,1096,1096,1096.0,1096.0,0.0,-3.0,0.0,1096.0,1096.0,0.0,1634046389.339042,0.0,11.478397846221922
2700,0,1,0,0,3,2,1096,2211110130,1130,64,1116,17,59861,29483,4,0,0,43,15,2211110130,17,59861,11123,4520,1130,1130,1130.0,1130.0,0.0,-3.0,0.0,1130.0,1130.0,0.0,17536,1096,1096,1096.0,1096.0,0.0,-3.0,0.0,1096.0,1096.0,0.0,1634046389.339042,0.0,11.478397846221922
2701,0,1,0,0,3,2,1096,2211110130,1130,64,1116,17,59861,29483,4,0,0,43,15,2211110130,17,59861,11123,5650,1130,1130,1130.0,1130.0,0.0,-3.0,0.0,1130.0,1130.0,0.0,18632,1096,1096,1096.0,1096.0,0.0,-3.0,0.0,1096.0,1096.0,0.0,1634046389.33957,0.0005280971527099,11.478925943374632
2702,0,1,0,0,3,2,1096,2211110130,1130,64,1116,17,59861,29483,4,0,0,43,15,2211110130,17,59861,11123,6780,1130,1130,1130.0,1130.0,0.0,-3.0,0.0,1130.0,1130.0,0.0,19728,1096,1096,1096.0,1096.0,0.0,-3.0,0.0,1096.0,1096.0,0.0,1634046389.33957,0.0,11.478925943374632
2703,0,1,0,0,3,2,1096,2211110130,1130,64,1116,17,59861,29483,4,0,0,43,15,2211110130,17,59861,11123,7910,1130,1130,1130.0,1130.0,0.0,-3.0,0.0,1130.0,1130.0,0.0,20824,1096,1096,1096.0,1096.0,0.0,-3.0,0.0,1096.0,1096.0,0.0,1634046389.33957,0.0,11.478925943374632
2704,0,1,0,0,3,2,1096,2211110130,1130,64,1116,17,59861,29483,4,0,0,43,15,2211110130,17,59861,11123,9040,1130,1130,1130.0,1130.0,0.0,-3.0,0.0,1130.0,1130.0,0.0,21920,1096,1096,1096.0,1096.0,0.0,-3.0,0.0,1096.0,1096.0,0.0,1634046389.33957,0.0,11.478925943374632
2705,0,1,0,0,3,2,1116,2211110130,1150,64,1136,17,59861,29483,4,0,0,43,15,2211110130,17,59861,11123,10190,1130,1150,1130.0,1132.2222222222222,2.4748737341529408,4.125000000000081,39.50617283950617,1130.0,1130.0,0.0,1116,1116,1116,1116.0,1116.0,0.0,-3.0,0.0,1116.0,1116.0,0.0,1634046389.340096,0.000525951385498,11.47945189476013
2706,0,1,0,0,3,2,1096,2211110130,1130,64,1116,17,59861,29483,4,0,0,43,15,2211110130,17,59861,11123,11320,1130,1150,1130.0,1132.0,2.6666666666666665,5.111111111111111,36.0,1130.0,1130.0,0.0,2212,1096,1116,1106.0,1106.0,0.0,-2.0,100.0,1111.0,1101.0,10.0,1634046389.343534,0.0034379959106445,11.482889890670775
2707,0,1,0,0,3,2,1096,2211110130,1130,64,1116,17,59861,29483,4,0,0,43,15,2211110130,17,59861,11123,12450,1130,1150,1130.0,1131.8181818181818,2.8460498941515744,6.100000000000124,33.05785123966942,1130.0,1130.0,0.0,3308,1096,1116,1096.0,1102.6666666666667,0.7071067811865236,-1.5000000000000222,88.88888888888887,1106.0,1096.0,10.0,1634046389.343534,0.0,11.482889890670775
2708,0,1,0,0,3,2,1096,2211110130,1130,64,1116,17,59861,29483,4,0,0,43,15,2211110130,17,59861,11123,13580,1130,1150,1130.0,1131.6666666666667,3.0151134457775943,7.090909090908921,30.55555555555556,1130.0,1130.0,0.0,4404,1096,1116,1096.0,1101.0,1.1547005383792517,-0.6666666666666665,75.0,1101.0,1096.0,5.0,1634046389.343534,0.0,11.482889890670775
2709,0,1,0,0,3,2,1096,2211110130,1130,64,1116,17,59861,29483,4,0,0,43,15,2211110130,17,59861,11123,14710,1130,1150,1130.0,1131.5384615384614,3.175426480543,8.08333333333358,28.402366863905332,1130.0,1130.0,0.0,5500,1096,1116,1096.0,1100.0,1.5,0.25,64.0,1096.0,1096.0,0.0,1634046389.344163,0.0006289482116699,11.483518838882445
2710,0,1,0,0,3,2,1096,2211110130,1130,64,1116,17,59861,29483,4,0,0,43,15,2211110130,17,59861,11123,15840,1130,1150,1130.0,1131.428571428571,3.328201177351432,9.07692307692333,26.530612244897952,1130.0,1130.0,0.0,6596,1096,1116,1096.0,1099.3333333333333,1.7888543819998608,1.2000000000000697,55.55555555555558,1096.0,1096.0,0.0,1634046389.344163,0.0,11.483518838882445
2711,0,1,0,0,3,2,1096,2211110130,1130,64,1116,17,59861,29483,4,0,0,43,15,2211110130,17,59861,11123,16970,1130,1150,1130.0,1131.3333333333333,3.474396144861562,10.071428571428774,24.8888888888889,1130.0,1130.0,0.0,7692,1096,1116,1096.0,1098.857142857143,2.041241452319301,2.166666666666627,48.9795918367347,1096.0,1096.0,0.0,1634046389.344163,0.0,11.483518838882445
2712,0,1,0,0,3,2,1096,2211110130,1130,64,1116,17,59861,29483,4,0,0,43,15,2211110130,17,59861,11123,18100,1130,1150,1130.0,1131.25,3.614784456460256,11.066666666666666,23.4375,1130.0,1130.0,0.0,8788,1096,1116,1096.0,1098.5,2.2677868380553634,3.1428571428571432,43.75,1096.0,1096.0,0.0,1634046389.344838,0.0006749629974365,11.484193801879881
2713,0,1,0,0,3,2,1096,2211110130,1130,64,1116,17,59861,29483,4,0,0,43,15,2211110130,17,59861,11123,19230,1130,1150,1130.0,1131.1764705882354,3.749999999999957,12.06249999999979,22.14532871972318,1130.0,1130.0,0.0,9884,1096,1116,1096.0,1098.2222222222222,2.4748737341529403,4.125000000000078,39.50617283950618,1096.0,1096.0,0.0,1634046389.344838,0.0,11.484193801879881
2714,0,1,0,0,3,2,1096,2211110130,1130,64,1116,17,59861,29483,4,0,0,43,15,2211110130,17,59861,11123,20360,1130,1150,1130.0,1131.111111111111,3.880570000581343,13.058823529411846,20.98765432098766,1130.0,1130.0,0.0,10980,1096,1116,1096.0,1098.0,2.6666666666666665,5.111111111111111,36.0,1096.0,1096.0,0.0,1634046389.344838,0.0,11.484193801879881
2715,0,1,0,0,3,2,1096,2211110130,1130,64,1116,17,59861,29483,4,0,0,43,15,2211110130,17,59861,11123,21490,1130,1150,1130.0,1131.0526315789473,4.006938426723828,14.055555555555864,19.944598337950133,1130.0,1130.0,0.0,12076,1096,1116,1096.0,1097.8181818181818,2.8460498941515744,6.100000000000124,33.05785123966942,1096.0,1096.0,0.0,1634046389.34546,0.0006220340728759,11.484815835952757
2716,0,1,0,0,3,2,1096,2211110130,1130,64,1116,17,59861,29483,4,0,0,43,15,2211110130,17,59861,11123,22620,1130,1150,1130.0,1131.0,4.129483209670112,15.05263157894737,19.0,1130.0,1130.0,0.0,13172,1096,1116,1096.0,1097.6666666666667,3.015113445777593,7.090909090908916,30.555555555555568,1096.0,1096.0,0.0,1634046389.34546,0.0,11.484815835952757
2717,0,1,0,0,3,2,1096,2211110130,1130,64,1116,17,59861,29483,4,0,0,43,15,2211110130,17,59861,11123,1130,1130,1130,1130.0,1130.0,0.0,-3.0,0.0,1130.0,1130.0,0.0,14268,1096,1116,1096.0,1097.5384615384614,3.1754264805429995,8.083333333333577,28.40236686390534,1096.0,1096.0,0.0,1634046389.34546,0.0,11.484815835952757
2718,0,1,0,0,3,2,1096,2211110130,1130,64,1116,17,59861,29483,4,0,0,43,15,2211110130,17,59861,11123,2260,1130,1130,1130.0,1130.0,0.0,-3.0,0.0,1130.0,1130.0,0.0,15364,1096,1116,1096.0,1097.428571428571,3.3282011773514317,9.07692307692333,26.530612244897952,1096.0,1096.0,0.0,1634046389.346129,0.0006690025329589,11.485484838485716
2719,0,1,0,0,3,2,1096,2211110130,1130,64,1116,17,59861,29483,4,0,0,43,15,2211110130,17,59861,11123,3390,1130,1130,1130.0,1130.0,0.0,-3.0,0.0,1130.0,1130.0,0.0,16460,1096,1116,1096.0,1097.3333333333333,3.474396144861561,10.071428571428772,24.888888888888903,1096.0,1096.0,0.0,1634046389.346129,0.0,11.485484838485716
2720,0,1,0,0,3,2,1096,2211110130,1130,64,1116,17,59861,29483,4,0,0,43,15,2211110130,17,59861,11123,4520,1130,1130,1130.0,1130.0,0.0,-3.0,0.0,1130.0,1130.0,0.0,17556,1096,1116,1096.0,1097.25,3.614784456460256,11.066666666666666,23.4375,1096.0,1096.0,0.0,1634046389.346129,0.0,11.485484838485716
2721,0,1,0,0,3,2,1096,2211110130,1130,64,1116,17,59861,29483,4,0,0,43,15,2211110130,17,59861,11123,5650,1130,1130,1130.0,1130.0,0.0,-3.0,0.0,1130.0,1130.0,0.0,18652,1096,1116,1096.0,1097.1764705882354,3.749999999999957,12.06249999999979,22.14532871972318,1096.0,1096.0,0.0,1634046389.346763,0.000633955001831,11.486118793487547
2722,0,1,0,0,3,2,1096,2211110130,1130,64,1116,17,59861,29483,4,0,0,43,15,2211110130,17,59861,11123,6780,1130,1130,1130.0,1130.0,0.0,-3.0,0.0,1130.0,1130.0,0.0,19748,1096,1116,1096.0,1097.111111111111,3.880570000581343,13.058823529411846,20.98765432098766,1096.0,1096.0,0.0,1634046389.346763,0.0,11.486118793487547
2723,0,1,0,0,3,2,1096,2211110130,1130,64,1116,17,59861,29483,4,0,0,43,15,2211110130,17,59861,11123,7910,1130,1130,1130.0,1130.0,0.0,-3.0,0.0,1130.0,1130.0,0.0,20844,1096,1116,1096.0,1097.0526315789473,4.006938426723828,14.055555555555864,19.944598337950133,1096.0,1096.0,0.0,1634046389.346763,0.0,11.486118793487547
2724,0,1,0,0,3,2,1096,2211110130,1130,64,1116,17,59861,29483,4,0,0,43,15,2211110130,17,59861,11123,9040,1130,1130,1130.0,1130.0,0.0,-3.0,0.0,1130.0,1130.0,0.0,21940,1096,1116,1096.0,1097.0,4.129483209670112,15.05263157894737,19.0,1096.0,1096.0,0.0,1634046389.347408,0.0006451606750488,11.486763954162596
2725,0,1,0,0,3,2,1096,2211110130,1130,64,1116,17,59861,29483,4,0,0,43,15,2211110130,17,59861,11123,10170,1130,1130,1130.0,1130.0,0.0,-3.0,0.0,1130.0,1130.0,0.0,1096,1096,1096,1096.0,1096.0,0.0,-3.0,0.0,1096.0,1096.0,0.0,1634046389.347408,0.0,11.486763954162596
2726,0,1,0,0,3,2,1116,2211110130,1150,64,1136,17,59861,29483,4,0,0,43,15,2211110130,17,59861,11123,11320,1130,1150,1130.0,1132.0,2.6666666666666665,5.111111111111111,36.0,1130.0,1130.0,0.0,2212,1096,1116,1106.0,1106.0,0.0,-2.0,100.0,1111.0,1101.0,10.0,1634046389.347408,0.0,11.486763954162596
2727,0,1,0,0,3,2,1096,2211110130,1130,64,1116,17,59861,29483,4,0,0,43,15,2211110130,17,59861,11123,12450,1130,1150,1130.0,1131.8181818181818,2.846049894151573,6.100000000000124,33.05785123966942,1130.0,1130.0,0.0,3308,1096,1116,1096.0,1102.6666666666667,0.7071067811865236,-1.5000000000000222,88.88888888888887,1106.0,1096.0,10.0,1634046389.348084,0.0006759166717529,11.487439870834349
2728,0,1,0,0,3,2,1096,2211110130,1130,64,1116,17,59861,29483,4,0,0,43,15,2211110130,17,59861,11123,13580,1130,1150,1130.0,1131.6666666666667,3.0151134457775943,7.090909090908921,30.55555555555556,1130.0,1130.0,0.0,4404,1096,1116,1096.0,1101.0,1.1547005383792517,-0.6666666666666665,75.0,1101.0,1096.0,5.0,1634046389.348084,0.0,11.487439870834349
2729,0,1,0,0,3,2,1096,2211110130,1130,64,1116,17,59861,29483,4,0,0,43,15,2211110130,17,59861,11123,14710,1130,1150,1130.0,1131.5384615384614,3.175426480543,8.08333333333358,28.402366863905332,1130.0,1130.0,0.0,5500,1096,1116,1096.0,1100.0,1.5,0.25,64.0,1096.0,1096.0,0.0,1634046389.348084,0.0,11.487439870834349
2730,0,1,0,0,3,2,1096,2211110130,1130,64,1116,17,59861,29483,4,0,0,43,15,2211110130,17,59861,11123,15840,1130,1150,1130.0,1131.428571428571,3.328201177351432,9.07692307692333,26.530612244897952,1130.0,1130.0,0.0,6596,1096,1116,1096.0,1099.3333333333333,1.7888543819998608,1.2000000000000697,55.55555555555558,1096.0,1096.0,0.0,1634046389.348767,0.0006830692291259,11.488122940063475
2731,0,1,0,0,3,2,1096,2211110130,1130,64,1116,17,59861,29483,4,0,0,43,15,2211110130,17,59861,11123,16970,1130,1150,1130.0,1131.3333333333333,3.474396144861562,10.071428571428774,24.8888888888889,1130.0,1130.0,0.0,7692,1096,1116,1096.0,1098.857142857143,2.041241452319301,2.166666666666627,48.9795918367347,1096.0,1096.0,0.0,1634046389.348767,0.0,11.488122940063475
2732,0,1,0,0,3,2,1096,2211110130,1130,64,1116,17,59861,29483,4,0,0,43,15,2211110130,17,59861,11123,18100,1130,1150,1130.0,1131.25,3.614784456460256,11.066666666666666,23.4375,1130.0,1130.0,0.0,8788,1096,1116,1096.0,1098.5,2.2677868380553634,3.1428571428571432,43.75,1096.0,1096.0,0.0,1634046389.348767,0.0,11.488122940063475
2733,0,1,0,0,3,2,1096,2211110130,1130,64,1116,17,59861,29483,4,0,0,43,15,2211110130,17,59861,11123,19230,1130,1150,1130.0,1131.1764705882354,3.749999999999957,12.06249999999979,22.14532871972318,1130.0,1130.0,0.0,9884,1096,1116,1096.0,1098.2222222222222,2.4748737341529403,4.125000000000078,39.50617283950618,1096.0,1096.0,0.0,1634046389.348767,0.0,11.488122940063475
2734,0,1,0,0,3,2,1096,2211110130,1130,64,1116,17,59861,29483,4,0,0,43,15,2211110130,17,59861,11123,20360,1130,1150,1130.0,1131.111111111111,3.880570000581343,13.058823529411846,20.98765432098766,1130.0,1130.0,0.0,10980,1096,1116,1096.0,1098.0,2.6666666666666665,5.111111111111111,36.0,1096.0,1096.0,0.0,1634046389.349283,0.0005159378051757,11.48863887786865
2735,0,1,0,0,3,2,1096,2211110130,1130,64,1116,17,59861,29483,4,0,0,43,15,2211110130,17,59861,11123,21490,1130,1150,1130.0,1131.0526315789473,4.006938426723828,14.055555555555864,19.944598337950133,1130.0,1130.0,0.0,12076,1096,1116,1096.0,1097.8181818181818,2.8460498941515744,6.100000000000124,33.05785123966942,1096.0,1096.0,0.0,1634046389.373489,0.0242059230804443,11.512844800949095
2736,0,1,0,0,3,2,1096,2211110130,1130,64,1116,17,59861,29483,4,0,0,43,15,2211110130,17,59861,11123,22620,1130,1150,1130.0,1131.0,4.129483209670112,15.05263157894737,19.0,1130.0,1130.0,0.0,13172,1096,1116,1096.0,1097.6666666666667,3.015113445777593,7.090909090908916,30.555555555555568,1096.0,1096.0,0.0,1634046389.373489,0.0,11.512844800949095
2737,0,1,0,0,3,2,1096,2211110130,1130,64,1116,17,59861,29483,4,0,0,43,15,2211110130,17,59861,11123,1130,1130,1130,1130.0,1130.0,0.0,-3.0,0.0,1130.0,1130.0,0.0,14268,1096,1116,1096.0,1097.5384615384614,3.1754264805429995,8.083333333333577,28.40236686390534,1096.0,1096.0,0.0,1634046389.373489,0.0,11.512844800949095
2738,0,1,0,0,3,2,1096,2211110130,1130,64,1116,17,59861,29483,4,0,0,43,15,2211110130,17,59861,11123,2260,1130,1130,1130.0,1130.0,0.0,-3.0,0.0,1130.0,1130.0,0.0,15364,1096,1116,1096.0,1097.428571428571,3.3282011773514317,9.07692307692333,26.530612244897952,1096.0,1096.0,0.0,1634046389.373489,0.0,11.512844800949095
2739,0,1,0,0,3,2,1096,2211110130,1130,64,1116,17,59861,29483,4,0,0,43,15,2211110130,17,59861,11123,3390,1130,1130,1130.0,1130.0,0.0,-3.0,0.0,1130.0,1130.0,0.0,16460,1096,1116,1096.0,1097.3333333333333,3.474396144861561,10.071428571428772,24.888888888888903,1096.0,1096.0,0.0,1634046389.373949,0.000460147857666,11.513304948806761
2740,0,1,0,0,3,2,1096,2211110130,1130,64,1116,17,59861,29483,4,0,0,43,15,2211110130,17,59861,11123,4520,1130,1130,1130.0,1130.0,0.0,-3.0,0.0,1130.0,1130.0,0.0,17556,1096,1116,1096.0,1097.25,3.614784456460256,11.066666666666666,23.4375,1096.0,1096.0,0.0,1634046389.373949,0.0,11.513304948806761
2741,0,1,0,0,3,2,1096,2211110130,1130,64,1116,17,59861,29483,4,0,0,43,15,2211110130,17,59861,11123,5650,1130,1130,1130.0,1130.0,0.0,-3.0,0.0,1130.0,1130.0,0.0,18652,1096,1116,1096.0,1097.1764705882354,3.749999999999957,12.06249999999979,22.14532871972318,1096.0,1096.0,0.0,1634046389.373949,0.0,11.513304948806761
2742,0,1,0,0,3,2,1096,2211110130,1130,64,1116,17,59861,29483,4,0,0,43,15,2211110130,17,59861,11123,6780,1130,1130,1130.0,1130.0,0.0,-3.0,0.0,1130.0,1130.0,0.0,19748,1096,1116,1096.0,1097.111111111111,3.880570000581343,13.058823529411846,20.98765432098766,1096.0,1096.0,0.0,1634046389.373949,0.0,11.513304948806761
2743,0,1,0,0,3,2,1096,2211110130,1130,64,1116,17,59861,29483,4,0,0,43,15,2211110130,17,59861,11123,7910,1130,1130,1130.0,1130.0,0.0,-3.0,0.0,1130.0,1130.0,0.0,20844,1096,1116,1096.0,1097.0526315789473,4.006938426723828,14.055555555555864,19.944598337950133,1096.0,1096.0,0.0,1634046389.374498,0.0005488395690917,11.513853788375853
2744,0,1,0,0,3,2,1096,2211110130,1130,64,1116,17,59861,29483,4,0,0,43,15,2211110130,17,59861,11123,9040,1130,1130,1130.0,1130.0,0.0,-3.0,0.0,1130.0,1130.0,0.0,21940,1096,1116,1096.0,1097.0,4.129483209670112,15.05263157894737,19.0,1096.0,1096.0,0.0,1634046389.374498,0.0,11.513853788375853
2745,0,1,0,0,3,2,1096,2211110130,1130,64,1116,17,59861,29483,4,0,0,43,15,2211110130,17,59861,11123,10170,1130,1130,1130.0,1130.0,0.0,-3.0,0.0,1130.0,1130.0,0.0,1096,1096,1096,1096.0,1096.0,0.0,-3.0,0.0,1096.0,1096.0,0.0,1634046389.374498,0.0,11.513853788375853
2746,0,1,0,0,3,2,1096,2211110130,1130,64,1116,17,59861,29483,4,0,0,43,15,2211110130,17,59861,11123,11300,1130,1130,1130.0,1130.0,0.0,-3.0,0.0,1130.0,1130.0,0.0,2192,1096,1096,1096.0,1096.0,0.0,-3.0,0.0,1096.0,1096.0,0.0,1634046389.374498,0.0,11.513853788375853
2747,0,1,0,0,3,2,1116,2211110130,1150,64,1136,17,59861,29483,4,0,0,43,15,2211110130,17,59861,11123,12450,1130,1150,1130.0,1131.8181818181818,2.846049894151573,6.100000000000126,33.05785123966942,1130.0,1130.0,0.0,3308,1096,1116,1096.0,1102.6666666666667,0.7071067811865238,-1.5000000000000222,88.88888888888887,1106.0,1096.0,10.0,1634046389.375039,0.0005412101745605,11.514394998550413
2748,0,1,0,0,3,2,1096,2211110130,1130,64,1116,17,59861,29483,4,0,0,43,15,2211110130,17,59861,11123,13580,1130,1150,1130.0,1131.6666666666667,3.0151134457775943,7.090909090908923,30.55555555555556,1130.0,1130.0,0.0,4404,1096,1116,1096.0,1101.0,1.1547005383792517,-0.6666666666666665,75.0,1101.0,1096.0,5.0,1634046389.377536,0.0024969577789306,11.516891956329344
2749,0,1,0,0,3,2,1096,2211110130,1130,64,1116,17,59861,29483,4,0,0,43,15,2211110130,17,59861,11123,14710,1130,1150,1130.0,1131.5384615384614,3.175426480543001,8.083333333333583,28.40236686390533,1130.0,1130.0,0.0,5500,1096,1116,1096.0,1100.0,1.5,0.25,64.0,1096.0,1096.0,0.0,1634046389.377536,0.0,11.516891956329344
2750,0,1,0,0,3,2,1096,2211110130,1130,64,1116,17,59861,29483,4,0,0,43,15,2211110130,17,59861,11123,15840,1130,1150,1130.0,1131.428571428571,3.3282011773514317,9.076923076923327,26.53061224489796,1130.0,1130.0,0.0,6596,1096,1116,1096.0,1099.3333333333333,1.7888543819998612,1.2000000000000703,55.55555555555557,1096.0,1096.0,0.0,1634046389.377536,0.0,11.516891956329344
2751,0,1,0,0,3,2,1096,2211110130,1130,64,1116,17,59861,29483,4,0,0,43,15,2211110130,17,59861,11123,16970,1130,1150,1130.0,1131.3333333333333,3.474396144861561,10.071428571428774,24.8888888888889,1130.0,1130.0,0.0,7692,1096,1116,1096.0,1098.857142857143,2.041241452319301,2.166666666666627,48.9795918367347,1096.0,1096.0,0.0,1634046389.377536,0.0,11.516891956329344
2752,0,1,0,0,3,2,1096,2211110130,1130,64,1116,17,59861,29483,4,0,0,43,15,2211110130,17,59861,11123,18100,1130,1150,1130.0,1131.25,3.614784456460256,11.066666666666666,23.4375,1130.0,1130.0,0.0,8788,1096,1116,1096.0,1098.5,2.2677868380553634,3.1428571428571432,43.75,1096.0,1096.0,0.0,1634046389.377536,0.0,11.516891956329344
2753,0,1,0,0,3,2,1096,2211110130,1130,64,1116,17,59861,29483,4,0,0,43,15,2211110130,17,59861,11123,19230,1130,1150,1130.0,1131.1764705882354,3.749999999999957,12.06249999999979,22.14532871972318,1130.0,1130.0,0.0,9884,1096,1116,1096.0,1098.2222222222222,2.4748737341529403,4.125000000000078,39.50617283950618,1096.0,1096.0,0.0,1634046389.377536,0.0,11.516891956329344
2754,0,1,0,0,3,2,1096,2211110130,1130,64,1116,17,59861,29483,4,0,0,43,15,2211110130,17,59861,11123,20360,1130,1150,1130.0,1131.111111111111,3.880570000581343,13.058823529411846,20.98765432098766,1130.0,1130.0,0.0,10980,1096,1116,1096.0,1098.0,2.6666666666666665,5.111111111111111,36.0,1096.0,1096.0,0.0,1634046389.377536,0.0,11.516891956329344
2755,0,1,0,0,3,2,1096,2211110130,1130,64,1116,17,59861,29483,4,0,0,43,15,2211110130,17,59861,11123,21490,1130,1150,1130.0,1131.0526315789473,4.006938426723828,14.055555555555864,19.944598337950133,1130.0,1130.0,0.0,12076,1096,1116,1096.0,1097.8181818181818,2.8460498941515744,6.100000000000124,33.05785123966942,1096.0,1096.0,0.0,1634046389.377536,0.0,11.516891956329344
2756,0,1,0,0,3,2,1096,2211110130,1130,64,1116,17,59861,29483,4,0,0,43,15,2211110130,17,59861,11123,22620,1130,1150,1130.0,1131.0,4.129483209670112,15.05263157894737,19.0,1130.0,1130.0,0.0,13172,1096,1116,1096.0,1097.6666666666667,3.015113445777593,7.090909090908916,30.555555555555568,1096.0,1096.0,0.0,1634046389.377536,0.0,11.516891956329344
2757,0,1,0,0,3,2,1096,2211110130,1130,64,1116,17,59861,29483,4,0,0,43,15,2211110130,17,59861,11123,1130,1130,1130,1130.0,1130.0,0.0,-3.0,0.0,1130.0,1130.0,0.0,14268,1096,1116,1096.0,1097.5384615384614,3.1754264805429995,8.083333333333577,28.40236686390534,1096.0,1096.0,0.0,1634046389.377536,0.0,11.516891956329344
2758,0,1,0,0,3,2,1096,2211110130,1130,64,1116,17,59861,29483,4,0,0,43,15,2211110130,17,59861,11123,2260,1130,1130,1130.0,1130.0,0.0,-3.0,0.0,1130.0,1130.0,0.0,15364,1096,1116,1096.0,1097.428571428571,3.3282011773514317,9.07692307692333,26.530612244897952,1096.0,1096.0,0.0,1634046389.377536,0.0,11.516891956329344
2759,0,1,0,0,3,2,1096,2211110130,1130,64,1116,17,59861,29483,4,0,0,43,15,2211110130,17,59861,11123,3390,1130,1130,1130.0,1130.0,0.0,-3.0,0.0,1130.0,1130.0,0.0,16460,1096,1116,1096.0,1097.3333333333333,3.474396144861561,10.071428571428772,24.888888888888903,1096.0,1096.0,0.0,1634046389.377536,0.0,11.516891956329344
2760,0,1,0,0,3,2,1096,2211110130,1130,64,1116,17,59861,29483,4,0,0,43,15,2211110130,17,59861,11123,4520,1130,1130,1130.0,1130.0,0.0,-3.0,0.0,1130.0,1130.0,0.0,17556,1096,1116,1096.0,1097.25,3.614784456460256,11.066666666666666,23.4375,1096.0,1096.0,0.0,1634046389.377536,0.0,11.516891956329344
2761,0,1,0,0,3,2,1096,2211110130,1130,64,1116,17,59861,29483,4,0,0,43,15,2211110130,17,59861,11123,5650,1130,1130,1130.0,1130.0,0.0,-3.0,0.0,1130.0,1130.0,0.0,18652,1096,1116,1096.0,1097.1764705882354,3.749999999999957,12.06249999999979,22.14532871972318,1096.0,1096.0,0.0,1634046389.378016,0.0004799365997314,11.517371892929075
2762,0,1,0,0,3,2,1096,2211110130,1130,64,1116,17,59861,29483,4,0,0,43,15,2211110130,17,59861,11123,6780,1130,1130,1130.0,1130.0,0.0,-3.0,0.0,1130.0,1130.0,0.0,19748,1096,1116,1096.0,1097.111111111111,3.880570000581343,13.058823529411846,20.98765432098766,1096.0,1096.0,0.0,1634046389.378016,0.0,11.517371892929075
2763,0,1,0,0,3,2,1096,2211110130,1130,64,1116,17,59861,29483,4,0,0,43,15,2211110130,17,59861,11123,7910,1130,1130,1130.0,1130.0,0.0,-3.0,0.0,1130.0,1130.0,0.0,20844,1096,1116,1096.0,1097.0526315789473,4.006938426723828,14.055555555555864,19.944598337950133,1096.0,1096.0,0.0,1634046389.378016,0.0,11.517371892929075
2764,0,1,0,0,3,2,1096,2211110130,1130,64,1116,17,59861,29483,4,0,0,43,15,2211110130,17,59861,11123,9040,1130,1130,1130.0,1130.0,0.0,-3.0,0.0,1130.0,1130.0,0.0,21940,1096,1116,1096.0,1097.0,4.129483209670112,15.05263157894737,19.0,1096.0,1096.0,0.0,1634046389.378016,0.0,11.517371892929075
2765,0,1,0,0,3,2,1096,2211110130,1130,64,1116,17,59861,29483,4,0,0,43,15,2211110130,17,59861,11123,10170,1130,1130,1130.0,1130.0,0.0,-3.0,0.0,1130.0,1130.0,0.0,1096,1096,1096,1096.0,1096.0,0.0,-3.0,0.0,1096.0,1096.0,0.0,1634046389.378016,0.0,11.517371892929075
2766,0,1,0,0,3,2,1096,2211110130,1130,64,1116,17,59861,29483,4,0,0,43,15,2211110130,17,59861,11123,11300,1130,1130,1130.0,1130.0,0.0,-3.0,0.0,1130.0,1130.0,0.0,2192,1096,1096,1096.0,1096.0,0.0,-3.0,0.0,1096.0,1096.0,0.0,1634046389.378016,0.0,11.517371892929075
2767,0,1,0,0,3,2,1096,2211110130,1130,64,1116,17,59861,29483,4,0,0,43,15,2211110130,17,59861,11123,12430,1130,1130,1130.0,1130.0,0.0,-3.0,0.0,1130.0,1130.0,0.0,3288,1096,1096,1096.0,1096.0,0.0,-3.0,0.0,1096.0,1096.0,0.0,1634046389.378016,0.0,11.517371892929075
2768,0,1,0,0,3,2,1116,2211110130,1150,64,1136,17,59861,29483,4,0,0,43,15,2211110130,17,59861,11123,13580,1130,1150,1130.0,1131.6666666666667,3.015113445777595,7.090909090908927,30.55555555555556,1130.0,1130.0,0.0,4404,1096,1116,1096.0,1101.0,1.1547005383792517,-0.6666666666666665,75.0,1101.0,1096.0,5.0,1634046389.378016,0.0,11.517371892929075
2769,0,1,0,0,3,2,1096,2211110130,1130,64,1116,17,59861,29483,4,0,0,43,15,2211110130,17,59861,11123,14710,1130,1150,1130.0,1131.5384615384614,3.1754264805430004,8.083333333333583,28.40236686390533,1130.0,1130.0,0.0,5500,1096,1116,1096.0,1100.0,1.5,0.25,64.0,1096.0,1096.0,0.0,1634046389.378016,0.0,11.517371892929075
2770,0,1,0,0,3,2,397,2211110130,431,64,417,17,59861,29483,4,0,0,43,15,2211110130,17,59861,11123,15141,431,1150,1130.0,1081.5,-3.323411003124674,9.057841561683954,32576.39285714286,1130.0,1130.0,0.0,5897,397,1116,1096.0,982.8333333333334,-1.7856947101449674,1.194477672721713,68693.47222222223,1096.0,1096.0,0.0,1634046389.378016,0.0,11.517371892929075
2771,0,1,0,0,3,2,1096,2211110130,1130,64,1116,17,59861,29483,4,0,0,43,15,2211110130,17,59861,11123,16271,431,1150,1130.0,1084.7333333333331,-3.4694438648666357,10.050688624105574,30550.99555555556,1130.0,1130.0,0.0,6993,397,1116,1096.0,999.0,-2.037822747031447,2.159389555224652,60448.28571428572,1096.0,1096.0,0.0,1634046389.378016,0.0,11.517371892929075
2772,0,1,0,0,3,2,1096,2211110130,1130,64,1116,17,59861,29483,4,0,0,43,15,2211110130,17,59861,11123,17401,431,1150,1130.0,1087.5625,-3.609675454333047,11.044271320438796,28761.62109375,1130.0,1130.0,0.0,8089,397,1116,1096.0,1011.125,-2.264133924875542,3.133854585138637,53921.359375,1096.0,1096.0,0.0,1634046389.378016,0.0,11.517371892929075
2773,0,1,0,0,3,2,1096,2211110130,1130,64,1116,17,59861,29483,4,0,0,43,15,2211110130,17,59861,11123,18531,431,1150,1130.0,1090.0588235294117,-3.744739129214493,12.038451745112884,27169.46712802768,1130.0,1130.0,0.0,9185,397,1116,1096.0,1020.5555555555557,-2.4710043059758333,4.114292125519426,48641.58024691357,1096.0,1096.0,0.0,1634046389.378654,0.0006380081176757,11.518009901046751
2774,0,1,0,0,3,2,241,2211110130,275,64,261,17,59861,29483,4,0,0,43,15,2211110130,17,59861,11123,18806,275,1150,1130.0,1044.7777777777778,-2.5261008061863213,4.493284781015182,60516.3950617284,1130.0,1130.0,0.0,9426,241,1116,1096.0,942.6,-1.5446103584665862,0.4620157256123907,98471.04,1096.0,1096.0,0.0,1634046389.378654,0.0,11.518009901046751
2775,0,1,0,0,3,2,60,2211110130,94,64,80,17,59861,29483,4,0,0,43,15,2211110130,17,59861,11123,18900,94,1150,1130.0,994.7368421052632,-1.9946122960042567,2.1854496884791104,102405.03601108032,1130.0,1130.0,0.0,9486,60,1116,1096.0,862.3636363636364,-1.1318064183112848,-0.5610286417533108,153897.86776859505,1096.0,746.5,349.5,1634046389.378654,0.0,11.518009901046751
2776,0,1,0,0,3,2,1096,2211110130,1130,64,1116,17,59861,29483,4,0,0,43,15,2211110130,17,59861,11123,20030,94,1150,1130.0,1001.5,-2.080057988118215,2.540689293291017,98153.85,1130.0,1130.0,0.0,10582,60,1116,1096.0,881.8333333333334,-1.2657887713847902,-0.235115821699948,145242.80555555553,1096.0,921.25,174.75,1634046389.378654,0.0,11.518009901046751
2777,0,1,0,0,3,2,1096,2211110130,1130,64,1116,17,59861,29483,4,0,0,43,15,2211110130,17,59861,11123,1130,1130,1130,1130.0,1130.0,0.0,-3.0,0.0,1130.0,1130.0,0.0,11678,60,1116,1096.0,898.3076923076923,-1.3894933267886895,0.0987076682850154,137327.13609467453,1096.0,1096.0,0.0,1634046389.378654,0.0,11.518009901046751
2778,0,1,0,0,3,2,1096,2211110130,1130,64,1116,17,59861,29483,4,0,0,43,15,2211110130,17,59861,11123,2260,1130,1130,1130.0,1130.0,0.0,-3.0,0.0,1130.0,1130.0,0.0,12774,60,1116,1096.0,912.4285714285714,-1.5048127689324782,0.4383121847469167,130110.24489795916,1096.0,1096.0,0.0,1634046389.37932,0.0006659030914306,11.518675804138182
2779,0,1,0,0,3,2,1096,2211110130,1130,64,1116,17,59861,29483,4,0,0,43,15,2211110130,17,59861,11123,3390,1130,1130,1130.0,1130.0,0.0,-3.0,0.0,1130.0,1130.0,0.0,13870,60,1116,1096.0,924.6666666666666,-1.6131425010048557,0.7822695651210347,123533.0222222222,1096.0,1096.0,0.0,1634046389.37932,0.0,11.518675804138182
2780,0,1,0,0,3,2,1039,2211110130,1073,64,1059,17,59861,29483,4,0,0,43,15,2211110130,17,59861,11123,4463,1073,1130,1130.0,1115.75,-1.1547005383792517,-0.6666666666666665,609.1875,1130.0,1115.75,14.25,14909,60,1116,1096.0,931.8125,-1.7101027557056696,1.1229001184061405,116578.15234375,1096.0,1081.75,14.25,1634046389.37932,0.0,11.518675804138182
2781,0,1,0,0,3,2,408,2211110130,442,64,428,17,59861,29483,4,0,0,43,15,2211110130,17,59861,11123,4905,442,1130,1130.0,981.0,-1.475766066387516,0.215480541185193,73117.6,1130.0,1073.0,57.0,15317,60,1116,1096.0,901.0,-1.3804611025170572,0.1366728370761962,124911.17647058824,1096.0,1039.0,57.0,1634046389.37932,0.0,11.518675804138182
2782,0,1,0,0,3,2,1096,2211110130,1130,64,1116,17,59861,29483,4,0,0,43,15,2211110130,17,59861,11123,6035,442,1130,1130.0,1005.8333333333334,-1.7625932489034282,1.1499614791810195,64014.80555555556,1130.0,1087.25,42.75,16413,60,1116,1096.0,911.8333333333334,-1.4691441458825976,0.3951491983881277,119966.80555555556,1096.0,1053.25,42.75,1634046389.380074,0.0007541179656982,11.51942992210388
2783,0,1,0,0,3,2,1096,2211110130,1130,64,1116,17,59861,29483,4,0,0,43,15,2211110130,17,59861,11123,7165,442,1130,1130.0,1023.5714285714286,-2.01318061668725,2.101715033080126,56757.67346938775,1130.0,1101.5,28.5,17509,60,1116,1096.0,921.5263157894736,-1.5535798934434435,0.656470844444506,115343.93351800554,1096.0,1067.5,28.5,1634046389.380074,0.0,11.51942992210388
2784,0,1,0,0,3,2,1096,2211110130,1130,64,1116,17,59861,29483,4,0,0,43,15,2211110130,17,59861,11123,8295,442,1130,1130.0,1036.875,-2.2380695059542326,3.0633634759723343,50901.859375,1130.0,1115.75,14.25,18605,60,1116,1096.0,930.25,-1.634285662847689,0.9201112524642894,111022.6875,1096.0,1081.75,14.25,1634046389.380074,0.0,11.51942992210388
2785,0,1,0,0,2,3,60,3232270721,94,47,80,17,29483,59861,4,0,0,43,15,2211110130,17,59861,11123,8389,94,1130,1130.0,932.1111111111112,-1.5045304505568748,0.5193453279652922,133049.8765432099,1130.0,1073.0,57.0,60,60,60,60.0,60.0,0.0,-3.0,0.0,60.0,60.0,0.0,1634046389.382059,0.0019850730895996,11.52141499519348
2786,0,1,0,0,2,3,52,3232270721,86,47,72,17,29483,59861,4,0,0,43,15,2211110130,17,59861,11123,8475,86,1130,1130.0,847.5,-0.9986348115946556,-0.8583856323448189,184176.25,1130.0,599.75,530.25,112,52,60,56.0,56.0,0.0,-2.0,16.0,58.0,54.0,4.0,1634046389.382421,0.0003619194030761,11.521776914596556
2787,0,1,0,0,3,2,1096,2211110130,1130,64,1116,17,59861,29483,4,0,0,43,15,2211110130,17,59861,11123,9605,86,1130,1130.0,873.1818181818181,-1.1450916676262066,-0.5410626001971108,174028.5123966942,1130.0,757.5,372.5,1208,52,1096,60.0,402.6666666666667,0.7069655779110001,-1.4999999999999996,240366.22222222216,578.0,56.0,522.0,1634046389.382537,0.0001158714294433,11.521892786026
2788,0,1,0,0,3,2,690,2211110130,724,64,710,17,59861,29483,4,0,0,43,15,2211110130,17,59861,11123,10329,86,1130,1130.0,860.75,-1.0885029068384324,-0.5127651456225868,161226.1875,1130.0,653.5,476.5,1898,52,1096,375.0,474.5,0.2985669142953516,-1.6120896522829828,195754.75,791.5,58.0,733.5,1634046389.382537,0.0,11.521892786026
2789,0,1,0,0,3,2,408,2211110130,442,64,428,17,59861,29483,4,0,0,43,15,2211110130,17,59861,11123,10771,86,1130,1130.0,828.5384615384615,-0.8503792994110824,-0.926026607639157,161275.17159763316,1130.0,442.0,688.0,2306,52,1096,408.0,461.2,0.4312522336199867,-1.2294287795867,157311.35999999996,690.0,60.0,630.0,1634046389.384401,0.0018641948699951,11.523756980895994
2790,0,1,0,0,3,2,1096,2211110130,1130,64,1116,17,59861,29483,4,0,0,43,15,2211110130,17,59861,11123,11901,86,1130,1130.0,850.0714285714286,-0.9637649335112384,-0.7192293821293307,155783.20918367346,1130.0,512.5,617.5,3402,52,1096,549.0,567.0,0.0556172427148409,-1.6001085666492176,187061.0,994.5,147.0,847.5,1634046389.384401,0.0,11.523756980895994
2791,0,1,0,0,3,2,1096,2211110130,1130,64,1116,17,59861,29483,4,0,0,43,15,2211110130,17,59861,11123,13031,86,1130,1130.0,868.7333333333333,-1.0688674590177658,-0.5022770039104572,150273.39555555553,1130.0,583.0,547.0,4498,52,1096,690.0,642.5714285714286,-0.2276856129033529,-1.6168293377764618,194604.2448979592,1096.0,234.0,862.0,1634046389.384958,0.0005569458007812,11.524313926696776
2792,0,1,0,0,3,2,1096,2211110130,1130,64,1116,17,59861,29483,4,0,0,43,15,2211110130,17,59861,11123,14161,86,1130,1130.0,885.0625,-1.1670927608115085,-0.2777296884150391,144880.93359375,1130.0,653.5,476.5,5594,52,1096,893.0,699.25,-0.453826386074542,-1.490261316414586,192765.9375,1096.0,321.0,775.0,1634046389.384958,0.0,11.524313926696776
2793,0,1,0,0,3,2,1096,2211110130,1130,64,1116,17,59861,29483,4,0,0,43,15,2211110130,17,59861,11123,15291,86,1130,1130.0,899.4705882352941,-1.259510650186645,-0.0473555502220515,139680.01384083042,1130.0,724.0,406.0,6690,52,1096,1096.0,743.3333333333334,-0.6436491815459142,-1.2935050221060775,186894.22222222225,1096.0,408.0,688.0,1634046389.385792,0.0008339881896972,11.525147914886473
2794,0,1,0,0,3,2,1096,2211110130,1130,64,1116,17,59861,29483,4,0,0,43,15,2211110130,17,59861,11123,16421,86,1130,1130.0,912.2777777777778,-1.346953573950218,0.1875856611867998,134708.42283950618,1130.0,811.25,318.75,7786,52,1096,1096.0,778.6,-0.8086099684099581,-1.0573990712276289,179398.44,1096.0,478.5,617.5,1634046389.385792,0.0,11.525147914886473
2795,0,1,0,0,3,2,1096,2211110130,1130,64,1116,17,59861,29483,4,0,0,43,15,2211110130,17,59861,11123,17551,86,1130,1130.0,923.7368421052632,-1.4300819209231577,0.4261724052354059,129982.08864265923,1130.0,898.5,231.5,8882,52,1096,1096.0,807.4545454545455,-0.9555037904884486,-0.7970755955046847,171415.3388429752,1096.0,549.0,547.0,1634046389.386299,0.0005068778991699,11.525654792785643
2796,0,1,0,0,3,2,383,2211110130,417,64,403,17,59861,29483,4,0,0,43,15,2211110130,17,59861,11123,17968,86,1130,1130.0,898.4,-1.197398968806989,-0.1915547143185105,135680.14,1130.0,653.5,476.5,9265,52,1096,1096.0,772.0833333333334,-0.7127842078489129,-1.1636062656852213,170893.0763888889,1096.0,401.75,694.25,1634046389.386299,0.0,11.525654792785643
2797,0,1,0,0,3,2,1116,2211110130,1150,64,1136,17,59861,29483,4,0,0,43,15,2211110130,17,59861,11123,1150,1150,1150,1150.0,1150.0,0.0,-3.0,0.0,1150.0,1150.0,0.0,10381,52,1116,1096.0,798.5384615384615,-0.8351321044325488,-0.976113941872292,166145.94082840235,1096.0,408.0,688.0,1634046389.390559,0.0042600631713867,11.52991485595703
2798,0,1,0,0,2,3,93,3232270721,127,47,113,17,29483,59861,4,0,0,43,15,2211110130,17,59861,11123,1277,127,1150,638.5,638.5,0.0,-2.0,261632.25,894.25,382.75,511.5,10474,52,1116,1096.0,748.1428571428571,-0.6064814013155146,-1.380617542514003,187294.693877551,1096.0,389.25,706.75,1634046389.394118,0.0035591125488281,11.533473968505858
2799,0,1,0,0,2,3,60,3232270721,94,47,80,17,29483,59861,4,0,0,43,15,2211110130,17,59861,11123,1371,94,1150,127.0,457.0,0.7047042291017759,-1.5,240306.0,638.5,110.5,528.0,10534,52,1116,1096.0,702.2666666666667,-0.4267111196634738,-1.6062961076852968,204273.12888888884,1096.0,238.0,858.0,1634046389.411353,0.0172350406646728,11.55070900917053
2800,1,0,1,0,3,1,20,1746537030,54,64,40,6,55798,80,4,0,0,43,15,2211110130,17,59861,11123,1425,54,1150,110.5,356.25,1.14370327391964,-0.6750448876601927,210681.1875,382.75,84.0,298.75,10554,20,1116,893.0,659.625,-0.2806317779623923,-1.7302828988863694,218780.734375,1096.0,84.75,1011.25,1634046389.428856,0.0175027847290039,11.568211793899534
2801,0,1,0,0,3,2,1096,2211110130,1130,64,1116,17,59861,29483,4,0,0,43,15,2211110130,17,59861,11123,2555,54,1150,127.0,511.0,0.4025117793555625,-1.8289142346033136,264335.2,1130.0,94.0,1036.0,11650,20,1116,1096.0,685.2941176470588,-0.385544180049031,-1.6668004242864394,216453.73702422145,1096.0,93.0,1003.0,1634046389.430366,0.0015101432800292,11.569721937179564
2802,0,1,0,0,3,2,1096,2211110130,1130,64,1116,17,59861,29483,4,0,0,43,15,2211110130,17,59861,11123,3685,54,1150,628.5,614.1666666666666,-0.0044034426313963,-1.9927915036594797,273496.1388888888,1130.0,102.25,1027.75,12746,20,1116,1096.0,708.1111111111111,-0.4815507530674412,-1.5878375636569813,213278.98765432092,1096.0,165.5,930.5,1634046389.430366,0.0,11.569721937179564
2803,0,1,0,0,3,2,1096,2211110130,1130,64,1116,17,59861,29483,4,0,0,43,15,2211110130,17,59861,11123,4815,54,1150,1130.0,687.8571428571429,-0.2925261594678749,-1.9079047768368909,267006.97959183675,1130.0,110.5,1019.5,13842,20,1116,1096.0,728.5263157894736,-0.5702772116950686,-1.4972764638431488,209555.82825484767,1096.0,238.0,858.0,1634046389.430366,0.0,11.569721937179564
2804,0,1,0,0,3,2,1096,2211110130,1130,64,1116,17,59861,29483,4,0,0,43,15,2211110130,17,59861,11123,5945,54,1150,1130.0,743.125,-0.5199731463914649,-1.7233363294541777,255012.859375,1130.0,118.75,1011.25,14938,20,1116,1096.0,746.9,-0.6529398518122903,-1.3978025999746704,205492.29,1096.0,310.5,785.5,1634046389.431041,0.0006749629974365,11.570396900177
2805,0,1,0,0,3,2,1096,2211110130,1130,64,1116,17,59861,29483,4,0,0,43,15,2211110130,17,59861,11123,7075,54,1150,1130.0,786.1111111111111,-0.7105337843120789,-1.488881393478002,241460.54320987652,1130.0,127.0,1003.0,1096,1096,1096,1096.0,1096.0,0.0,-3.0,0.0,1096.0,1096.0,0.0,1634046389.431041,0.0,11.570396900177
2806,0,1,0,0,3,2,917,2211110130,951,64,937,17,59861,29483,4,0,0,43,15,2211110130,17,59861,11123,8026,54,1150,1130.0,802.6,-0.8377065363990033,-1.2461952201922255,219761.44,1130.0,333.0,797.0,2013,917,1096,1006.5,1006.5,0.0,-2.0,8010.25,1051.25,961.75,89.5,1634046389.431548,0.000507116317749,11.57090401649475
2807,0,1,0,0,3,2,408,2211110130,442,64,428,17,59861,29483,4,0,0,43,15,2211110130,17,59861,11123,8468,54,1150,1130.0,769.8181818181819,-0.6416143226433116,-1.4420736048933602,210529.6033057852,1130.0,284.5,845.5,2421,408,1096,917.0,807.0,-0.5123773529243516,-1.5000000000000002,84940.66666666667,1006.5,662.5,344.0,1634046389.431548,0.0,11.57090401649475
2808,0,1,0,0,2,3,60,3232270721,94,47,80,17,29483,59861,4,0,0,43,15,2211110130,17,59861,11123,8562,54,1150,1040.5,713.5,-0.4031775506585404,-1.7202308801951849,227874.5833333333,1130.0,118.75,1011.25,2481,60,1096,662.5,620.25,-0.1867868633594264,-1.5924678033822115,168332.1875,961.75,321.0,640.75,1634046389.445125,0.0135769844055175,11.584481000900267
2809,0,1,0,0,2,3,60,3232270721,94,47,80,17,29483,59861,4,0,0,43,15,2211110130,17,59861,11123,8656,54,1150,951.0,665.8461538461538,-0.2132454127387736,-1.853501685947468,237596.4378698225,1130.0,94.0,1036.0,2541,60,1096,408.0,508.2,0.2272499453447777,-1.6653407570462802,184886.56,917.0,60.0,857.0,1634046389.463823,0.01869797706604,11.603178977966307
2810,0,1,0,0,2,3,93,3232270721,127,47,113,17,29483,59861,4,0,0,43,15,2211110130,17,59861,11123,8783,54,1150,696.5,627.3571428571429,-0.0540685780007606,-1.9050369648273529,239883.51530612248,1130.0,102.25,1027.75,2634,60,1096,250.5,439.0,0.5380638205055847,-1.453091734659336,178015.33333333334,789.75,68.25,721.5,1634046389.463879,5.602836608886719e-05,11.603235006332396
2811,0,1,0,0,3,2,56,2211110130,90,64,76,17,59861,29483,4,0,0,43,15,2211110130,17,59861,11123,8873,54,1150,442.0,591.5333333333333,0.0821026069198253,-1.9075709729248185,241858.11555555556,1130.0,94.0,1036.0,2690,56,1096,93.0,384.2857142857143,0.7776601085031851,-1.1432201175950238,170546.4897959184,662.5,60.0,602.5,1634046389.466227,0.0023479461669921,11.605582952499388
2812,0,1,0,0,3,2,56,2211110130,90,64,76,17,59861,29483,4,0,0,43,15,2211110130,17,59861,11123,8963,54,1150,284.5,560.1875,0.2023312301980659,-1.877632815822552,241480.40234375,1130.0,94.0,1036.0,2746,56,1096,76.5,343.25,0.981170445350721,-0.7827904786274278,161015.6875,535.25,59.0,476.25,1634046389.466227,0.0,11.605582952499388
2813,0,1,0,0,3,2,60,2211110130,94,64,80,17,59861,29483,4,0,0,43,15,2211110130,17,59861,11123,9057,54,1150,127.0,532.7647058823529,0.3104676308942398,-1.8251201090479563,239307.82698961932,1130.0,94.0,1036.0,2806,56,1096,60.0,311.77777777777777,1.1603342211638283,-0.3926752913197497,151049.06172839506,408.0,60.0,348.0,1634046389.466227,0.0,11.605582952499388
2814,0,1,0,0,3,2,1104,2211110130,1138,64,1124,17,59861,29483,4,0,0,43,15,2211110130,17,59861,11123,10195,54,1150,284.5,566.3888888888889,0.1800695872764758,-1.8959950332922324,245232.90432098767,1130.0,94.0,1036.0,3910,56,1104,76.5,391.0,0.7676069599518782,-1.2416327236806803,192429.6,789.75,60.0,729.75,1634046389.466227,0.0,11.605582952499388
2815,0,1,0,0,3,2,1096,2211110130,1130,64,1116,17,59861,29483,4,0,0,43,15,2211110130,17,59861,11123,11325,54,1150,442.0,596.0526315789474,0.064948599479018,-1.9291895672332708,248164.7867036011,1130.0,94.0,1036.0,5006,56,1104,93.0,455.09090909090907,0.487701460175421,-1.6336416689752375,216012.44628099172,1006.5,60.0,946.5,1634046389.466227,0.0,11.605582952499388
2816,0,1,0,0,3,2,1096,2211110130,1130,64,1116,17,59861,29483,4,0,0,43,15,2211110130,17,59861,11123,12455,54,1150,696.5,622.75,-0.0381331476358968,-1.9355782425894523,249298.7875,1130.0,94.0,1036.0,6102,56,1104,250.5,508.5,0.2722883494358516,-1.8183325591419808,229389.25,1096.0,60.0,1036.0,1634046389.466227,0.0,11.605582952499388
2817,0,1,0,0,3,2,1096,2211110130,1130,64,1116,17,59861,29483,4,0,0,43,15,2211110130,17,59861,11123,1130,1130,1130,1130.0,1130.0,0.0,-3.0,0.0,1130.0,1130.0,0.0,7198,56,1104,408.0,553.6923076923077,0.0965723260298594,-1.8953536433431708,236252.0591715976,1096.0,60.0,1036.0,1634046389.466227,0.0,11.605582952499388
2818,0,1,0,0,3,2,1096,2211110130,1130,64,1116,17,59861,29483,4,0,0,43,15,2211110130,17,59861,11123,2260,1130,1130,1130.0,1130.0,0.0,-3.0,0.0,1130.0,1130.0,0.0,8294,56,1104,662.5,592.4285714285714,-0.0524918903750075,-1.9095524407112847,238883.38775510204,1096.0,60.0,1036.0,1634046389.466227,0.0,11.605582952499388
2819,0,1,0,0,3,2,508,2211110130,542,64,528,17,59861,29483,4,0,0,43,15,2211110130,17,59861,11123,2802,542,1130,1130.0,934.0,-0.7071067811865476,-1.5,76832.0,1130.0,836.0,294.0,8802,56,1104,508.0,586.8,-0.0188254667884735,-1.837977597963248,223401.36,1096.0,60.0,1036.0,1634046389.466227,0.0,11.605582952499388
2820,0,1,0,0,3,2,408,2211110130,442,64,428,17,59861,29483,4,0,0,43,15,2211110130,17,59861,11123,3244,442,1130,836.0,811.0,-0.0361823313089974,-1.9519032418770488,103011.0,1130.0,517.0,613.0,9210,56,1104,458.0,575.625,0.0500816814365254,-1.7796330861098366,211311.984375,1096.0,60.0,1036.0,1634046389.480231,0.0140039920806884,11.619586944580076
2821,0,1,0,0,3,2,1096,2211110130,1130,64,1116,17,59861,29483,4,0,0,43,15,2211110130,17,59861,11123,4374,442,1130,1130.0,874.8,-0.4390998099237985,-1.766329704016709,98690.56,1130.0,542.0,588.0,10306,56,1104,508.0,606.2352941176471,-0.0687630668897126,-1.7925714146687208,213873.70934256056,1096.0,60.0,1036.0,1634046389.480231,0.0,11.619586944580076
2822,0,1,0,0,3,2,1096,2211110130,1130,64,1116,17,59861,29483,4,0,0,43,15,2211110130,17,59861,11123,5504,442,1130,1130.0,917.3333333333334,-0.735998959485909,-1.4184670264114558,91287.55555555556,1130.0,689.0,441.0,11402,56,1104,712.5,633.4444444444445,-0.1753798581102577,-1.7772029153952524,214577.5802469136,1096.0,68.25,1027.75,1634046389.480231,0.0,11.619586944580076
2823,0,1,0,0,3,2,1096,2211110130,1130,64,1116,17,59861,29483,4,0,0,43,15,2211110130,17,59861,11123,6634,442,1130,1130.0,947.7142857142856,-0.9768436929336356,-1.0052146644430606,83784.48979591837,1130.0,836.0,294.0,12498,56,1104,917.0,657.7894736842105,-0.2722872243382778,-1.741449345907216,213952.27146814408,1096.0,76.5,1019.5,1634046389.480935,0.0007040500640869,11.620290994644163
2824,0,1,0,0,3,2,983,2211110130,1017,64,1003,17,59861,29483,4,0,0,43,15,2211110130,17,59861,11123,7651,442,1130,1130.0,956.375,-1.126748767493206,-0.6144709675683777,73836.484375,1130.0,898.25,231.75,13481,56,1104,950.0,674.05,-0.3581566499671553,-1.6820289723787938,208278.3475000001,1096.0,84.75,1011.25,1634046389.480935,0.0,11.620290994644163
2825,0,1,0,0,3,2,408,2211110130,442,64,428,17,59861,29483,4,0,0,43,15,2211110130,17,59861,11123,8093,442,1130,1130.0,899.2222222222222,-0.6941547907338952,-1.4421310496597617,91763.95061728396,1130.0,542.0,588.0,408,408,408,408.0,408.0,0.0,-3.0,0.0,408.0,408.0,0.0,1634046389.498058,0.0171229839324951,11.637413978576658
2826,0,1,0,0,2,3,60,3232270721,94,47,80,17,29483,59861,4,0,0,43,15,2211110130,17,59861,11123,8187,94,1130,1073.5,818.7,-0.6615891449644079,-1.1350733322063906,140942.01,1130.0,467.0,663.0,468,60,408,234.0,234.0,0.0,-2.0,30276.0,321.0,147.0,174.0,1634046389.498476,0.000417947769165,11.637831926345823
2827,0,1,0,0,3,2,1096,2211110130,1130,64,1116,17,59861,29483,4,0,0,43,15,2211110130,17,59861,11123,9317,94,1130,1130.0,847.0,-0.8095134805510104,-0.9237562529295548,136138.0,1130.0,492.0,638.0,1564,60,1096,408.0,521.3333333333334,0.3766675336035382,-1.5000000000000004,185304.8888888889,752.0,234.0,518.0,1634046389.501641,0.0031650066375732,11.640996932983397
2828,0,1,0,0,3,2,1116,2211110130,1150,64,1136,17,59861,29483,4,0,0,43,15,2211110130,17,59861,11123,10467,94,1150,1130.0,872.25,-0.9394732042585322,-0.6968828826345455,131806.35416666666,1130.0,517.0,613.0,2680,60,1116,752.0,670.0,-0.2121811345254524,-1.7205520884704166,205284.0,1101.0,321.0,780.0,1634046389.503143,0.0015020370483398,11.642498970031737
2829,0,1,0,0,3,2,1096,2211110130,1130,64,1116,17,59861,29483,4,0,0,43,15,2211110130,17,59861,11123,11597,94,1150,1130.0,892.0769230769231,-1.0617724801217423,-0.4482872288629016,126384.68639053254,1130.0,542.0,588.0,3776,60,1116,1096.0,755.2,-0.5925350610361636,-1.4362353753721304,193263.36000000004,1096.0,408.0,688.0,1634046389.503143,0.0,11.642498970031737
2830,0,1,0,0,3,2,1096,2211110130,1130,64,1116,17,59861,29483,4,0,0,43,15,2211110130,17,59861,11123,12727,94,1150,1130.0,909.0714285714286,-1.174806478228897,-0.1889725156587847,121111.78061224488,1130.0,660.75,469.25,4872,60,1116,1096.0,812.0,-0.8813172507595509,-1.0118860367294815,177184.0,1096.0,580.0,516.0,1634046389.503143,0.0,11.642498970031737
2831,0,1,0,0,3,2,1096,2211110130,1130,64,1116,17,59861,29483,4,0,0,43,15,2211110130,17,59861,11123,13857,94,1150,1130.0,923.8,-1.2802225052102432,0.0782226103291727,116074.69333333331,1130.0,779.5,350.5,5968,60,1116,1096.0,852.5714285714286,-1.1194496798094469,-0.529061877997425,161748.2448979592,1096.0,752.0,344.0,1634046389.503774,0.0006308555603027,11.64312982559204
2832,0,1,0,0,3,2,1096,2211110130,1130,64,1116,17,59861,29483,4,0,0,43,15,2211110130,17,59861,11123,14987,94,1150,1130.0,936.6875,-1.3792537735259247,0.3513797313953728,111311.33984375,1130.0,898.25,231.75,7064,60,1116,1096.0,883.0,-1.3251089312637043,-0.0162840207842385,148011.0,1096.0,924.0,172.0,1634046389.503774,0.0,11.64312982559204
2833,0,1,0,0,3,2,1096,2211110130,1130,64,1116,17,59861,29483,4,0,0,43,15,2211110130,17,59861,11123,16117,94,1150,1130.0,948.0588235294116,-1.4728476422918952,0.629155982092136,106832.52595155708,1130.0,1017.0,113.0,8160,60,1116,1096.0,906.6666666666666,-1.5079868392686109,0.5138805160278546,136046.22222222222,1096.0,1096.0,0.0,1634046389.503774,0.0,11.64312982559204
2834,0,1,0,0,3,2,182,2211110130,216,64,202,17,59861,29483,4,0,0,43,15,2211110130,17,59861,11123,16333,94,1150,1130.0,907.3888888888888,-1.177342823964505,-0.3015681502125757,129016.12654320986,1130.0,660.75,469.25,8342,60,1116,1096.0,834.2,-0.9853314029725104,-0.8899485810909309,169704.36000000002,1096.0,580.0,516.0,1634046389.504472,0.0006980895996093,11.643827915191649
2835,0,1,0,0,2,3,56,3232270721,90,47,76,17,29483,59861,4,0,0,43,15,2211110130,17,59861,11123,16423,90,1150,1130.0,864.3684210526316,-0.982631999201518,-0.7702680838773643,155539.49584487535,1130.0,492.0,638.0,8398,56,1116,1096.0,763.4545454545455,-0.6685340639437877,-1.4442569134926135,204325.88429752065,1096.0,295.0,801.0,1634046389.544567,0.0400950908660888,11.683923006057737
2836,0,1,0,0,2,3,60,3232270721,94,47,80,17,29483,59861,4,0,0,43,15,2211110130,17,59861,11123,16517,90,1150,1130.0,825.85,-0.809327155521675,-1.1238507978443315,175952.22749999998,1130.0,442.0,688.0,8458,56,1116,1096.0,704.8333333333334,-0.4290425630935526,-1.7261232054559903,225099.6388888889,1096.0,151.5,944.5,1634046389.544599,3.1948089599609375e-05,11.683954954147337
2837,1,0,1,0,1,2,32,3232270721,66,45,52,6,80,48090,4,0,0,43,15,2211110130,17,59861,11123,66,66,66,66.0,66.0,0.0,-3.0,0.0,66.0,66.0,0.0,8490,32,1116,1096.0,653.0769230769231,-0.2410946977871464,-1.8601347326462037,239928.99408284025,1096.0,60.0,1036.0,1634046389.544634,3.504753112792969e-05,11.683990001678465
2838,0,1,0,0,3,2,408,2211110130,442,64,428,17,59861,29483,4,0,0,43,15,2211110130,17,59861,11123,508,66,442,254.0,254.0,0.0,-2.0,35344.0,348.0,160.0,188.0,8898,32,1116,752.0,635.5714285714286,-0.1430381780180473,-1.8393339955535075,226774.95918367343,1096.0,90.5,1005.5,1634046389.549553,0.0049188137054443,11.68890881538391
2839,0,1,0,0,3,2,1096,2211110130,1130,64,1116,17,59861,29483,4,0,0,43,15,2211110130,17,59861,11123,1638,66,1130,442.0,546.0,0.3409419542391187,-1.5,194090.66666666663,786.0,254.0,532.0,9994,32,1116,1096.0,666.2666666666667,-0.2686606926053239,-1.7943905956818311,224847.3955555556,1096.0,121.0,975.0,1634046389.562391,0.0128381252288818,11.701746940612791
2840,0,1,0,0,3,2,1096,2211110130,1130,64,1116,17,59861,29483,4,0,0,43,15,2211110130,17,59861,11123,2768,66,1130,786.0,692.0,-0.2421337214474572,-1.6839560171967116,209516.0,1130.0,348.0,782.0,11090,32,1116,1096.0,693.125,-0.3812029839434777,-1.7256763165845586,221614.984375,1096.0,151.5,944.5,1634046389.562391,0.0,11.701746940612791
2841,0,1,0,0,3,2,1096,2211110130,1130,64,1116,17,59861,29483,4,0,0,43,15,2211110130,17,59861,11123,3898,66,1130,1130.0,779.6,-0.6178099997840428,-1.3851651033677952,198307.84000000003,1130.0,442.0,688.0,12186,32,1116,1096.0,716.8235294117648,-0.4834943968221634,-1.6400618212913844,217564.73356401385,1096.0,182.0,914.0,1634046389.562867,0.0004758834838867,11.702222824096678
2842,0,1,0,0,3,2,1096,2211110130,1130,64,1116,17,59861,29483,4,0,0,43,15,2211110130,17,59861,11123,5028,66,1130,1130.0,838.0,-0.9048479534554872,-0.949715872532312,182309.3333333333,1130.0,614.0,516.0,13282,32,1116,1096.0,737.8888888888889,-0.577533444355326,-1.5420030212959084,213021.54320987652,1096.0,238.5,857.5,1634046389.562867,0.0,11.702222824096678
2843,0,1,0,0,3,2,592,2211110130,626,64,612,17,59861,29483,4,0,0,43,15,2211110130,17,59861,11123,5654,66,1130,1130.0,807.7142857142857,-0.7224957510047271,-1.0086232075498618,161768.48979591837,1130.0,534.0,596.0,13874,32,1116,1096.0,730.2105263157895,-0.5393507362083235,-1.5150048620493224,202871.1135734072,1096.0,295.0,801.0,1634046389.562867,0.0,11.702222824096678
2844,0,1,0,0,2,3,60,3232270721,94,47,80,17,29483,59861,4,0,0,43,15,2211110130,17,59861,11123,5748,66,1130,878.0,718.5,-0.3774743792665292,-1.5416514547504403,197261.75,1130.0,355.0,775.0,13934,32,1116,1096.0,696.7,-0.4070426248515331,-1.662196838910985,214063.71,1096.0,151.5,944.5,1634046389.563281,0.0004141330718994,11.702636957168577
2845,0,1,0,0,2,3,60,3232270721,94,47,80,17,29483,59861,4,0,0,43,15,2211110130,17,59861,11123,5842,66,1130,626.0,649.1111111111111,-0.117342700953899,-1.733637667924485,213862.3209876543,1130.0,94.0,1036.0,60,60,60,60.0,60.0,0.0,-3.0,0.0,60.0,60.0,0.0,1634046389.571112,0.0078308582305908,11.710467815399168
2846,0,1,0,0,3,2,1096,2211110130,1130,64,1116,17,59861,29483,4,0,0,43,15,2211110130,17,59861,11123,6972,66,1130,878.0,697.2,-0.3066457048230004,-1.674034509814654,213288.96,1130.0,181.0,949.0,1156,60,1096,578.0,578.0,0.0,-2.0,268324.0,837.0,319.0,518.0,1634046389.571609,0.0004971027374267,11.710964918136595
2847,0,1,0,0,3,2,1096,2211110130,1130,64,1116,17,59861,29483,4,0,0,43,15,2211110130,17,59861,11123,8102,66,1130,1130.0,736.5454545454545,-0.4682808671490776,-1.5597393556652024,209379.70247933883,1130.0,268.0,862.0,2252,60,1096,1096.0,750.6666666666666,-0.7071067811865472,-1.5,238510.22222222225,1096.0,578.0,518.0,1634046389.571609,0.0,11.710964918136595
2848,0,1,0,0,3,2,1096,2211110130,1130,64,1116,17,59861,29483,4,0,0,43,15,2211110130,17,59861,11123,9232,66,1130,1130.0,769.3333333333334,-0.6102552046155777,-1.4121632283238763,203756.8888888889,1130.0,355.0,775.0,3348,60,1096,1096.0,837.0,-1.1547005383792517,-0.6666666666666665,201243.0,1096.0,837.0,259.0,1634046389.571609,0.0,11.710964918136595
2849,0,1,0,0,3,2,1096,2211110130,1130,64,1116,17,59861,29483,4,0,0,43,15,2211110130,17,59861,11123,10362,66,1130,1130.0,797.0769230769231,-0.7375407736861964,-1.2428475286287644,197319.76331360944,1130.0,442.0,688.0,4444,60,1096,1096.0,888.8,-1.5000000000000004,0.2500000000000004,171727.35999999996,1096.0,1096.0,0.0,1634046389.572284,0.0006749629974365,11.711639881134031
2850,0,1,0,0,3,2,458,2211110130,492,64,478,17,59861,29483,4,0,0,43,15,2211110130,17,59861,11123,10854,66,1130,1130.0,775.2857142857143,-0.6025340583425782,-1.3475061836900164,189398.63265306124,1130.0,454.5,675.5,4902,60,1096,1096.0,817.0,-0.9442376351572804,-0.8423546734262422,168882.33333333334,1096.0,617.5,478.5,1634046389.572284,0.0,11.711639881134031
2851,0,1,0,0,3,2,60,2211110130,94,64,80,17,59861,29483,4,0,0,43,15,2211110130,17,59861,11123,10948,66,1130,1130.0,729.8666666666667,-0.4216068064743551,-1.581433354996508,205652.51555555547,1130.0,268.0,862.0,4962,60,1096,1096.0,708.8571428571429,-0.47319810017767,-1.6135066974400063,214925.5510204081,1096.0,259.0,837.0,1634046389.594497,0.0222129821777343,11.733852863311766
2852,0,1,0,0,3,2,408,2211110130,442,64,428,17,59861,29483,4,0,0,43,15,2211110130,17,59861,11123,11390,66,1130,878.0,711.875,-0.3149821468424722,-1.6101219211242856,197654.734375,1130.0,355.0,775.0,5370,60,1096,777.0,671.25,-0.2528712816461816,-1.6722417311836475,197959.9375,1096.0,321.0,775.0,1634046389.595433,0.0009360313415527,11.734788894653319
2853,0,1,0,0,2,3,52,3232270721,86,47,72,17,29483,59861,4,0,0,43,15,2211110130,17,59861,11123,11476,66,1130,626.0,675.0588235294117,-0.1846515014879752,-1.7051797433242812,207714.8788927336,1130.0,94.0,1036.0,5422,52,1096,458.0,602.4444444444445,-0.0173642473976805,-1.7748788252532142,213838.024691358,1096.0,60.0,1036.0,1634046389.599156,0.0037229061126708,11.73851180076599
2854,0,1,0,0,3,2,56,2211110130,90,64,76,17,59861,29483,4,0,0,43,15,2211110130,17,59861,11123,11566,66,1130,559.0,642.5555555555555,-0.0678213223738529,-1.75606977228408,214135.02469135803,1130.0,94.0,1036.0,5478,52,1096,433.0,547.8,0.1777324386584981,-1.7654711266284322,219328.36,1096.0,60.0,1036.0,1634046389.606881,0.0077250003814697,11.74623680114746
2855,0,1,0,0,2,3,32,3232270721,66,47,52,17,29483,59861,4,0,0,43,15,2211110130,17,59861,11123,11632,66,1130,492.0,612.2105263157895,0.0345417598019876,-1.7732936115869,219439.5346260388,1130.0,94.0,1036.0,5510,32,1096,408.0,500.9090909090909,0.3395369505294129,-1.6914138898791855,221376.9917355372,1096.0,58.0,1038.0,1634046389.609121,0.0022401809692382,11.748476982116697
2856,0,1,0,0,3,2,1096,2211110130,1130,64,1116,17,59861,29483,4,0,0,43,15,2211110130,17,59861,11123,12762,66,1130,559.0,638.1,-0.0661643467576612,-1.7833011988921093,221202.59,1130.0,94.0,1036.0,6606,32,1096,433.0,550.5,0.1418419386016476,-1.8138882227680275,229980.75,1096.0,59.0,1037.0,1634046389.616184,0.0070629119873046,11.755539894104002
2857,0,1,0,0,3,2,1096,2211110130,1130,64,1116,17,59861,29483,4,0,0,43,15,2211110130,17,59861,11123,1130,1130,1130,1130.0,1130.0,0.0,-3.0,0.0,1130.0,1130.0,0.0,7702,32,1096,458.0,592.4615384615385,-0.0224419434660835,-1.8496519274512837,233419.17159763307,1096.0,60.0,1036.0,1634046389.616184,0.0,11.755539894104002
2858,0,1,0,0,3,2,1116,2211110130,1150,64,1136,17,59861,29483,4,0,0,43,15,2211110130,17,59861,11123,2280,1130,1150,1140.0,1140.0,0.0,-2.0,100.0,1145.0,1135.0,10.0,8818,32,1116,777.0,629.8571428571429,-0.1625419236348067,-1.8338360360568595,234925.97959183677,1096.0,60.0,1036.0,1634046389.616184,0.0,11.755539894104002
2859,0,1,0,0,3,2,1096,2211110130,1130,64,1116,17,59861,29483,4,0,0,43,15,2211110130,17,59861,11123,3410,1130,1150,1130.0,1136.6666666666667,0.7071067811865236,-1.5000000000000222,88.88888888888887,1140.0,1130.0,10.0,9914,32,1116,1096.0,660.9333333333333,-0.2871779350136884,-1.784296185476144,232784.46222222224,1096.0,60.0,1036.0,1634046389.616935,0.0007510185241699,11.756290912628172
2860,0,1,0,0,3,2,1005,2211110130,1039,64,1025,17,59861,29483,4,0,0,43,15,2211110130,17,59861,11123,4449,1039,1150,1130.0,1112.25,-1.026346176034777,-0.7468687982716187,1855.1875,1135.0,1107.25,27.75,10919,32,1116,1050.5,682.4375,-0.3952174304689412,-1.7053218210899452,225171.87109375,1096.0,60.0,1036.0,1634046389.616935,0.0,11.756290912628172
2861,0,1,0,0,3,2,408,2211110130,442,64,428,17,59861,29483,4,0,0,43,15,2211110130,17,59861,11123,4891,442,1150,1130.0,978.2,-1.4279767764098144,0.1441794731502432,73361.76000000001,1130.0,1039.0,91.0,11327,32,1116,1005.0,666.2941176470588,-0.303526509199004,-1.7192331067039717,216096.20761245675,1096.0,60.0,1036.0,1634046389.623564,0.0066289901733398,11.762919902801512
2862,0,1,0,0,2,3,60,3232270721,94,47,80,17,29483,59861,4,0,0,43,15,2211110130,17,59861,11123,4985,94,1150,1084.5,830.8333333333334,-0.8670649077020398,-0.9985899247838192,169719.47222222222,1130.0,591.25,538.75,11387,32,1116,731.5,632.6111111111111,-0.1758753600825733,-1.7981569176941938,223378.1265432099,1096.0,60.0,1036.0,1634046389.625154,0.0015900135040283,11.76450991630554
2863,0,1,0,0,3,2,1096,2211110130,1130,64,1116,17,59861,29483,4,0,0,43,15,2211110130,17,59861,11123,6115,94,1150,1130.0,873.5714285714286,-1.1034730840426723,-0.5272070755271527,156433.10204081633,1130.0,740.5,389.5,12483,32,1116,1005.0,657.0,-0.2731554205424294,-1.7610808178825768,222328.1052631579,1096.0,60.0,1036.0,1634046389.636692,0.011538028717041,11.776047945022581
2864,0,1,0,0,3,2,1096,2211110130,1130,64,1116,17,59861,29483,4,0,0,43,15,2211110130,17,59861,11123,7245,94,1150,1130.0,905.625,-1.30784364092426,-0.0240836354010944,144070.984375,1130.0,889.75,240.25,13579,32,1116,1050.5,678.95,-0.362456723857618,-1.7090628772808254,220365.94749999995,1096.0,60.0,1036.0,1634046389.636692,0.0,11.776047945022581
2865,1,0,1,0,1,2,32,3232270721,66,45,52,6,80,48090,4,0,0,43,15,2211110130,17,59861,11123,7311,66,1150,1130.0,812.3333333333334,-0.8327861700678365,-1.147150455305378,197689.77777777775,1130.0,442.0,688.0,32,32,32,32.0,32.0,0.0,-3.0,0.0,32.0,32.0,0.0,1634046389.638425,0.0017330646514892,11.77778100967407
2866,0,1,0,0,3,2,1096,2211110130,1130,64,1116,17,59861,29483,4,0,0,43,15,2211110130,17,59861,11123,8441,66,1150,1130.0,844.1,-0.9958003557680236,-0.8470757511124538,187002.89,1130.0,591.25,538.75,1128,32,1096,564.0,564.0,0.0,-2.0,283024.0,830.0,298.0,532.0,1634046389.641789,0.0033638477325439,11.781144857406614
2867,0,1,0,0,3,2,816,2211110130,850,64,836,17,59861,29483,4,0,0,43,15,2211110130,17,59861,11123,9291,66,1150,1130.0,844.6363636363636,-1.0482800052559564,-0.6264189977987233,170005.50413223144,1130.0,646.0,484.0,1944,32,1096,816.0,648.0,-0.50767200344337,-1.5,202794.66666666663,956.0,424.0,532.0,1634046389.641789,0.0,11.781144857406614
2868,0,1,0,0,2,3,60,3232270721,94,47,80,17,29483,59861,4,0,0,43,15,2211110130,17,59861,11123,9385,66,1150,1084.5,782.0833333333334,-0.7332803660336125,-1.2711021441062178,198880.07638888888,1130.0,355.0,775.0,2004,32,1096,438.0,501.0,0.131079724117734,-1.823811305545488,216923.0,886.0,53.0,833.0,1634046389.643328,0.0015389919281005,11.782683849334715
2869,1,0,1,0,2,1,32,760003462,66,64,52,6,48090,80,4,0,0,43,15,2211110130,17,59861,11123,9451,66,1150,1039.0,727.0,-0.5016149022897334,-1.596358527089316,219991.6923076923,1130.0,94.0,1036.0,2036,32,1096,60.0,407.2,0.5193239821756567,-1.5898555778187409,208732.16,816.0,32.0,784.0,1634046389.64695,0.0036220550537109,11.786305904388426
2870,0,1,0,0,2,3,60,3232270721,94,47,80,17,29483,59861,4,0,0,43,15,2211110130,17,59861,11123,9545,66,1150,944.5,681.7857142857143,-0.3134888894462641,-1.7724203431978578,230854.31122448976,1130.0,94.0,1036.0,2096,32,1096,60.0,349.3333333333333,0.8117368442280758,-1.200726002202549,190686.22222222225,627.0,39.0,588.0,1634046389.658058,0.0111079216003417,11.797413825988768
2871,0,1,0,0,3,2,416,2211110130,450,64,436,17,59861,29483,4,0,0,43,15,2211110130,17,59861,11123,9995,66,1150,850.0,666.3333333333334,-0.2260562216598583,-1.7570175475534815,218806.8888888889,1130.0,94.0,1036.0,2512,32,1096,60.0,358.85714285714283,0.8024851229339507,-0.9934621869530648,163989.55102040814,616.0,46.0,570.0,1634046389.67143,0.0133721828460693,11.810786008834837
2872,0,1,0,0,2,3,60,3232270721,94,47,80,17,29483,59861,4,0,0,43,15,2211110130,17,59861,11123,10089,66,1150,650.0,630.5625,-0.087434664985058,-1.818729831636771,224324.74609375,1130.0,94.0,1036.0,2572,32,1096,60.0,321.5,1.0087213548691325,-0.617074016819882,153259.75,516.0,53.0,463.0,1634046389.677132,0.0057017803192138,11.816487789154051
2873,0,1,0,0,3,2,1096,2211110130,1130,64,1116,17,59861,29483,4,0,0,43,15,2211110130,17,59861,11123,11219,66,1150,850.0,659.9411764705883,-0.1993339927038095,-1.7955910587145247,224938.8788927336,1130.0,94.0,1036.0,3668,32,1096,60.0,407.55555555555554,0.6284692296385943,-1.3696816942123171,195475.35802469135,816.0,60.0,756.0,1634046389.680234,0.0031020641326904,11.819589853286741
2874,0,1,0,0,3,2,1096,2211110130,1130,64,1116,17,59861,29483,4,0,0,43,15,2211110130,17,59861,11123,12349,66,1150,944.5,686.0555555555555,-0.3006707149625694,-1.7511918180838395,224035.60802469132,1130.0,94.0,1036.0,4764,32,1096,238.0,476.4,0.3526791634462288,-1.6946998811283636,218583.84000000003,1026.0,60.0,966.0,1634046389.680234,0.0,11.819589853286741
2875,0,1,0,0,3,2,1096,2211110130,1130,64,1116,17,59861,29483,4,0,0,43,15,2211110130,17,59861,11123,13479,66,1150,1039.0,709.421052631579,-0.3934990333674339,-1.69115528464572,222071.296398892,1130.0,94.0,1036.0,5860,32,1096,416.0,532.7272727272727,0.1380449346985282,-1.8276091170304567,230440.19834710748,1096.0,60.0,1036.0,1634046389.681036,0.0008020401000976,11.820391893386839
2876,0,1,0,0,3,2,1096,2211110130,1130,64,1116,17,59861,29483,4,0,0,43,15,2211110130,17,59861,11123,14609,66,1150,1084.5,730.45,-0.479332461458224,-1.61929026289657,219369.8475,1130.0,94.0,1036.0,6956,32,1096,616.0,579.6666666666666,-0.0382574320570103,-1.8608947311459063,235473.22222222216,1096.0,60.0,1036.0,1634046389.681036,0.0,11.820391893386839
2877,0,1,0,0,3,2,1096,2211110130,1130,64,1116,17,59861,29483,4,0,0,43,15,2211110130,17,59861,11123,1130,1130,1130,1130.0,1130.0,0.0,-3.0,0.0,1130.0,1130.0,0.0,8052,32,1096,816.0,619.3846153846154,-0.1886118356044448,-1.8363096324572008,236290.08284023672,1096.0,60.0,1036.0,1634046389.681036,0.0,11.820391893386839
2878,0,1,0,0,3,2,960,2211110130,994,64,980,17,59861,29483,4,0,0,43,15,2211110130,17,59861,11123,2124,994,1130,1062.0,1062.0,0.0,-2.0,4624.0,1096.0,1028.0,68.0,9012,32,1096,888.0,643.7142857142857,-0.3130796871559227,-1.7633512247548937,227107.34693877547,1096.0,60.0,1036.0,1634046389.681036,0.0,11.820391893386839
2879,0,1,0,0,2,3,52,3232270721,86,48,72,17,10001,59861,4,0,0,43,15,2211110130,17,59861,11123,2210,86,1130,994.0,736.6666666666666,-0.6617080071985104,-1.5000000000000009,214766.22222222225,1062.0,540.0,522.0,9064,32,1096,816.0,604.2666666666667,-0.15673104506171,-1.8520535583427855,233752.46222222215,1096.0,60.0,1036.0,1634046389.683059,0.0020229816436767,11.822414875030516
2880,0,1,0,0,3,2,408,2211110130,442,64,428,17,59861,29483,4,0,0,43,15,2211110130,17,59861,11123,2652,86,1130,718.0,663.0,-0.2168337057352387,-1.6266515062864726,177355.0,1028.0,353.0,675.0,9472,32,1096,616.0,592.0,-0.0857108140577407,-1.8114866018904088,221400.0,1096.0,60.0,1036.0,1634046389.693173,0.0101139545440673,11.832528829574583
2881,0,1,0,0,3,2,60,2211110130,94,64,80,17,59861,29483,4,0,0,43,15,2211110130,17,59861,11123,2746,86,1130,442.0,549.2,0.208794249374661,-1.7096375534052974,193685.76,994.0,94.0,900.0,9532,32,1096,416.0,560.7058823529412,0.0358688672184046,-1.830551240333968,224045.6193771626,1096.0,60.0,1036.0,1634046389.698751,0.0055780410766601,11.838106870651243
2882,0,1,0,0,3,2,1096,2211110130,1130,64,1116,17,59861,29483,4,0,0,43,15,2211110130,17,59861,11123,3876,86,1130,718.0,646.0,-0.146254594460926,-1.7805118890125868,208256.0,1096.0,181.0,915.0,10628,32,1096,616.0,590.4444444444445,-0.0753699117854075,-1.8363850319577983,226633.1358024691,1096.0,60.0,1036.0,1634046389.698751,0.0,11.838106870651243
2883,0,1,0,0,3,2,1096,2211110130,1130,64,1116,17,59861,29483,4,0,0,43,15,2211110130,17,59861,11123,5006,86,1130,994.0,715.1428571428571,-0.4137952760749991,-1.648868933233216,207189.5510204082,1130.0,268.0,862.0,11724,32,1096,816.0,617.0526315789474,-0.175875269179502,-1.8184995974020064,227448.9972299169,1096.0,60.0,1036.0,1634046389.701727,0.0029759407043457,11.841082811355589
2884,0,1,0,0,3,2,1096,2211110130,1130,64,1116,17,59861,29483,4,0,0,43,15,2211110130,17,59861,11123,6136,86,1130,1062.0,767.0,-0.6310678415748118,-1.428423145260548,200115.0,1130.0,355.0,775.0,12820,32,1096,888.0,641.0,-0.2677305795275863,-1.7831225212268431,226972.6,1096.0,60.0,1036.0,1634046389.701727,0.0,11.841082811355589
2885,0,1,0,0,3,2,1096,2211110130,1130,64,1116,17,59861,29483,4,0,0,43,15,2211110130,17,59861,11123,7266,86,1130,1130.0,807.3333333333334,-0.8160864314270655,-1.1617460006637037,190894.22222222225,1130.0,442.0,688.0,1096,1096,1096,1096.0,1096.0,0.0,-3.0,0.0,1096.0,1096.0,0.0,1634046389.703352,0.0016250610351562,11.842707872390745
2886,0,1,0,0,3,2,256,2211110130,290,64,276,17,59861,29483,4,0,0,43,15,2211110130,17,59861,11123,7556,86,1130,1062.0,755.6,-0.5139892859429007,-1.5647245735964777,195891.84000000003,1130.0,328.0,802.0,1352,256,1096,676.0,676.0,0.0,-2.0,176400.0,886.0,466.0,420.0,1634046389.703352,0.0,11.842707872390745
2887,0,1,0,0,3,2,1116,2211110130,1150,64,1136,17,59861,29483,4,0,0,43,15,2211110130,17,59861,11123,8706,86,1150,1130.0,791.4545454545455,-0.6654279787147922,-1.388339431188647,190938.9752066116,1130.0,366.0,764.0,2468,256,1116,1096.0,822.6666666666666,-0.7057863204056113,-1.5000000000000002,160622.22222222222,1106.0,676.0,430.0,1634046389.703352,0.0,11.842707872390745
2888,0,1,0,0,2,3,60,3232270721,94,47,80,17,29483,59861,4,0,0,43,15,2211110130,17,59861,11123,8800,86,1150,1062.0,733.3333333333334,-0.429414628957623,-1.6782294414542591,212186.22222222225,1130.0,241.0,889.0,2528,60,1116,676.0,632.0,-0.0614500894883849,-1.9168026733358772,229528.0,1101.0,207.0,894.0,1634046389.706084,0.0027320384979248,11.84543991088867
2889,0,1,0,0,3,2,408,2211110130,442,64,428,17,59861,29483,4,0,0,43,15,2211110130,17,59861,11123,9242,86,1150,994.0,710.9230769230769,-0.2983030061858848,-1.7131429295893923,201890.84023668643,1130.0,290.0,840.0,2936,60,1116,408.0,587.2,0.2168516986561089,-1.7175334453165014,191650.56,1096.0,256.0,840.0,1634046389.733436,0.0273520946502685,11.872792005538939
2890,0,1,0,0,2,3,56,3232270721,90,47,76,17,29483,59861,4,0,0,43,15,2211110130,17,59861,11123,9332,86,1150,718.0,666.5714285714286,-0.1402735216646957,-1.802345702747564,213041.95918367343,1130.0,143.0,987.0,2992,56,1116,332.0,498.6666666666667,0.4926588099768638,-1.5191205769956877,198899.55555555556,924.0,109.0,815.0,1634046389.733527,9.083747863769533e-05,11.872882843017576
2891,0,1,0,0,2,3,60,3232270721,94,47,80,17,29483,59861,4,0,0,43,15,2211110130,17,59861,11123,9426,86,1150,442.0,628.4,-0.0022059694079468,-1.836046380284523,219237.97333333333,1130.0,94.0,1036.0,3052,56,1116,256.0,436.0,0.726800010211663,-1.2341869964193968,194048.0,752.0,60.0,692.0,1634046389.733546,1.9073486328125e-05,11.872901916503904
2892,0,1,0,0,3,2,1096,2211110130,1130,64,1116,17,59861,29483,4,0,0,43,15,2211110130,17,59861,11123,10556,86,1150,718.0,659.75,-0.1264452244716122,-1.830539205474176,220277.9375,1130.0,94.0,1036.0,4148,56,1116,332.0,518.5,0.3542848453653124,-1.707266127982416,217435.75,1096.0,60.0,1036.0,1634046389.74851,0.0149638652801513,11.887865781784056
2893,0,1,0,0,3,2,1096,2211110130,1130,64,1116,17,59861,29483,4,0,0,43,15,2211110130,17,59861,11123,11686,86,1150,994.0,687.4117647058823,-0.2374393918465613,-1.7973387469021114,219563.18339100343,1130.0,94.0,1036.0,5244,56,1116,408.0,582.6666666666666,0.0884744718865679,-1.8541447072163924,226215.11111111112,1096.0,60.0,1036.0,1634046389.74851,0.0,11.887865781784056
2894,0,1,0,0,3,2,1096,2211110130,1130,64,1116,17,59861,29483,4,0,0,43,15,2211110130,17,59861,11123,12816,86,1150,1062.0,712.0,-0.3380487159500955,-1.744428091183663,217643.11111111112,1130.0,143.0,987.0,6340,56,1116,752.0,634.0,-0.1203860504501691,-1.862091497476159,227309.6,1096.0,109.0,987.0,1634046389.74851,0.0,11.887865781784056
2895,0,1,0,0,3,2,861,2211110130,895,64,881,17,59861,29483,4,0,0,43,15,2211110130,17,59861,11123,13711,86,1150,994.0,721.6315789473684,-0.403118577140061,-1.6631292905591977,207858.0221606648,1130.0,192.0,938.0,7201,56,1116,861.0,654.6363636363636,-0.2463758861742753,-1.7607475840831188,210903.68595041323,1096.0,158.0,938.0,1634046389.749079,0.0005691051483154,11.888434886932371
2896,0,1,0,0,2,3,60,3232270721,94,47,80,17,29483,59861,4,0,0,43,15,2211110130,17,59861,11123,13805,86,1150,944.5,690.25,-0.2812709186070646,-1.7630991897458494,216176.3875,1130.0,94.0,1036.0,7261,56,1116,634.5,605.0833333333334,-0.0630286058600341,-1.838222273289325,220338.90972222225,1096.0,60.0,1036.0,1634046389.751096,0.0020170211791992,11.89045190811157
2897,0,1,0,0,3,2,1096,2211110130,1130,64,1116,17,59861,29483,4,0,0,43,15,2211110130,17,59861,11123,1130,1130,1130,1130.0,1130.0,0.0,-3.0,0.0,1130.0,1130.0,0.0,8357,56,1116,861.0,642.8461538461538,-0.2119980774044565,-1.8079385418234937,220502.1301775148,1096.0,60.0,1036.0,1634046389.780485,0.0293889045715332,11.919840812683104
2898,0,1,0,0,3,2,1096,2211110130,1130,64,1116,17,59861,29483,4,0,0,43,15,2211110130,17,59861,11123,2260,1130,1130,1130.0,1130.0,0.0,-3.0,0.0,1130.0,1130.0,0.0,9453,56,1116,978.5,675.2142857142857,-0.3427376975084141,-1.7420725342018462,218372.02551020405,1096.0,109.0,987.0,1634046389.780485,0.0,11.919840812683104
2899,0,1,0,0,3,2,1096,2211110130,1130,64,1116,17,59861,29483,4,0,0,43,15,2211110130,17,59861,11123,3390,1130,1130,1130.0,1130.0,0.0,-3.0,0.0,1130.0,1130.0,0.0,10549,56,1116,1096.0,703.2666666666667,-0.4597387961048431,-1.652318408840617,214830.9955555556,1096.0,158.0,938.0,1634046389.780485,0.0,11.919840812683104
2900,0,1,0,0,3,2,1096,2211110130,1130,64,1116,17,59861,29483,4,0,0,43,15,2211110130,17,59861,11123,4520,1130,1130,1130.0,1130.0,0.0,-3.0,0.0,1130.0,1130.0,0.0,11645,56,1116,1096.0,727.8125,-0.5660178678629251,-1.5457595610799924,210441.52734375,1096.0,207.0,889.0,1634046389.781083,0.0005981922149658,11.92043900489807
2901,0,1,0,0,3,2,1096,2211110130,1130,64,1116,17,59861,29483,4,0,0,43,15,2211110130,17,59861,11123,5650,1130,1130,1130.0,1130.0,0.0,-3.0,0.0,1130.0,1130.0,0.0,12741,56,1116,1096.0,749.4705882352941,-0.6636935450945711,-1.4269340641567343,205567.77854671283,1096.0,256.0,840.0,1634046389.781083,0.0,11.92043900489807
2902,0,1,0,0,3,2,541,2211110130,575,64,561,17,59861,29483,4,0,0,43,15,2211110130,17,59861,11123,6225,575,1130,1130.0,1037.5,-1.788854381999832,1.2000000000000002,42781.25,1130.0,1130.0,0.0,13282,56,1116,1096.0,737.8888888888889,-0.5984456132137846,-1.4367800656421712,196427.65432098764,1096.0,294.0,802.0,1634046389.781083,0.0,11.92043900489807
2903,0,1,0,0,3,2,408,2211110130,442,64,428,17,59861,29483,4,0,0,43,15,2211110130,17,59861,11123,6667,442,1130,1130.0,952.4285714285714,-1.0005603314394584,-0.92570347889398,80092.5306122449,1130.0,852.5,277.5,13690,56,1116,1096.0,720.5263157894736,-0.4923581175501346,-1.5127020656483146,191515.61772853188,1096.0,332.0,764.0,1634046389.781598,0.0005149841308593,11.920953989028929
2904,0,1,0,0,2,3,60,3232270721,94,47,80,17,29483,59861,4,0,0,43,15,2211110130,17,59861,11123,6761,94,1130,1130.0,845.125,-0.8407545587570304,-0.8915181758882689,150679.359375,1130.0,541.75,588.25,13750,56,1116,978.5,687.5,-0.3671342748485011,-1.646566467104286,202663.85,1096.0,207.0,889.0,1634046389.800097,0.0184988975524902,11.93945288658142
2905,0,1,0,0,2,3,52,3232270721,86,47,72,17,29483,59861,4,0,0,43,15,2211110130,17,59861,11123,6847,86,1130,1130.0,760.7777777777778,-0.5208214688128087,-1.446041520000824,190852.83950617287,1130.0,442.0,688.0,52,52,52,52.0,52.0,0.0,-3.0,0.0,52.0,52.0,0.0,1634046389.800152,5.507469177246094e-05,11.939507961273192
2906,0,1,0,0,3,2,56,2211110130,90,64,76,17,59861,29483,4,0,0,43,15,2211110130,17,59861,11123,6937,86,1130,852.5,693.7,-0.2683954604631909,-1.7039451230939195,212262.41,1130.0,181.0,949.0,108,52,56,54.0,54.0,0.0,-2.0,4.0,55.0,53.0,2.0,1634046389.813268,0.0131158828735351,11.952623844146727
2907,0,1,0,0,3,2,60,2211110130,94,64,80,17,59861,29483,4,0,0,43,15,2211110130,17,59861,11123,7031,86,1130,575.0,639.1818181818181,-0.065512081142879,-1.802934968987137,222688.14876033057,1130.0,94.0,1036.0,168,52,60,56.0,56.0,0.0,-1.5,10.666666666666666,58.0,54.0,4.0,1634046389.826754,0.0134861469268798,11.966109991073607
2908,0,1,0,0,3,2,1096,2211110130,1130,64,1116,17,59861,29483,4,0,0,43,15,2211110130,17,59861,11123,8161,86,1130,852.5,680.0833333333334,-0.2270193364523036,-1.7699297118178892,222533.0763888889,1130.0,94.0,1036.0,1264,52,1096,58.0,316.0,1.1545638948396435,-0.6667718528378468,202808.0,319.0,55.0,264.0,1634046389.826754,0.0,11.966109991073607
2909,0,1,0,0,3,2,1096,2211110130,1130,64,1116,17,59861,29483,4,0,0,43,15,2211110130,17,59861,11123,9291,86,1130,1130.0,714.6923076923077,-0.3673721822434137,-1.6950141734282995,219788.52071005915,1130.0,94.0,1036.0,2360,52,1096,60.0,472.0,0.4081728034638198,-1.8332922431617744,259590.4,1096.0,56.0,1040.0,1634046389.827226,0.0004718303680419,11.966581821441649
2910,0,1,0,0,3,2,1096,2211110130,1130,64,1116,17,59861,29483,4,0,0,43,15,2211110130,17,59861,11123,10421,86,1130,1130.0,744.3571428571429,-0.4921129887736692,-1.592851242535526,215529.3724489796,1130.0,181.0,949.0,3456,52,1096,578.0,576.0,-5.91698470373136e-05,-1.999921106870613,270405.3333333333,1096.0,57.0,1039.0,1634046389.827983,0.0007569789886474,11.967338800430296
2911,0,1,0,0,3,2,715,2211110130,749,64,735,17,59861,29483,4,0,0,43,15,2211110130,17,59861,11123,11170,86,1130,1130.0,744.6666666666666,-0.5114505118427158,-1.4909517415375453,201162.0888888889,1130.0,268.0,862.0,4171,52,1096,715.0,595.8571428571429,-0.1198572008382317,-1.84616067929978,234141.83673469388,1096.0,58.0,1038.0,1634046389.827983,0.0,11.967338800430296
2912,0,1,0,0,3,2,408,2211110130,442,64,428,17,59861,29483,4,0,0,43,15,2211110130,17,59861,11123,11612,86,1130,939.5,725.75,-0.3977981237463035,-1.5436845861450226,193957.0625,1130.0,355.0,775.0,4579,52,1096,561.5,572.375,0.0210431993850815,-1.7376028530250258,208733.984375,1096.0,59.0,1037.0,1634046389.828511,0.0005280971527099,11.967866897583006
2913,0,1,0,0,2,3,60,3232270721,94,47,80,17,29483,59861,4,0,0,43,15,2211110130,17,59861,11123,11706,86,1130,749.0,688.5882352941177,-0.2586686989390474,-1.670562116588221,204643.7716262976,1130.0,94.0,1036.0,4639,52,1096,408.0,515.4444444444445,0.2379500950239718,-1.7098362546790382,211470.024691358,1096.0,60.0,1036.0,1634046389.835361,0.0068500041961669,11.974716901779173
2914,0,1,0,0,3,2,1096,2211110130,1130,64,1116,17,59861,29483,4,0,0,43,15,2211110130,17,59861,11123,12836,86,1130,939.5,713.1111111111111,-0.3575596954936236,-1.6192997989191291,203497.987654321,1130.0,181.0,949.0,5735,52,1096,561.5,573.5,0.0170411045089821,-1.800520290946488,220657.05,1096.0,60.0,1036.0,1634046389.835944,0.0005829334259033,11.975299835205076
2915,0,1,0,0,3,2,1096,2211110130,1130,64,1116,17,59861,29483,4,0,0,43,15,2211110130,17,59861,11123,13966,86,1130,1130.0,735.0526315789474,-0.448510011546501,-1.5527511458649998,201453.3130193906,1130.0,268.0,862.0,6831,52,1096,715.0,621.0,-0.1644265370555434,-1.7924607856717163,223159.81818181815,1096.0,60.0,1036.0,1634046389.838154,0.0022101402282714,11.977509975433348
2916,0,1,0,0,3,2,1096,2211110130,1130,64,1116,17,59861,29483,4,0,0,43,15,2211110130,17,59861,11123,15096,86,1130,1130.0,754.8,-0.5328818936554944,-1.4746065164542517,198789.86000000004,1130.0,355.0,775.0,7927,52,1096,905.5,660.5833333333334,-0.3193560955651108,-1.7282942860690718,221798.40972222225,1096.0,60.0,1036.0,1634046389.838154,0.0,11.977509975433348
2917,0,1,0,0,3,2,1116,2211110130,1150,64,1136,17,59861,29483,4,0,0,43,15,2211110130,17,59861,11123,1150,1150,1150,1150.0,1150.0,0.0,-3.0,0.0,1150.0,1150.0,0.0,9043,52,1116,1096.0,695.6153846153846,-0.453593166823579,-1.6302148837294066,219463.9289940828,1096.0,60.0,1036.0,1634046389.839405,0.0012509822845458,11.978760957717894
2918,0,1,0,0,3,2,1096,2211110130,1130,64,1116,17,59861,29483,4,0,0,43,15,2211110130,17,59861,11123,2280,1130,1150,1140.0,1140.0,0.0,-2.0,100.0,1145.0,1135.0,10.0,10139,52,1116,1096.0,724.2142857142857,-0.5754854923222981,-1.5083240157030753,214420.59693877547,1096.0,147.0,949.0,1634046389.839405,0.0,11.978760957717894
2919,0,1,0,0,3,2,1096,2211110130,1130,64,1116,17,59861,29483,4,0,0,43,15,2211110130,17,59861,11123,3410,1130,1150,1130.0,1136.6666666666667,0.7071067811865236,-1.5000000000000222,88.88888888888887,1140.0,1130.0,10.0,11235,52,1116,1096.0,749.0,-0.6862355186995028,-1.370286957816196,208726.53333333333,1096.0,234.0,862.0,1634046389.839405,0.0,11.978760957717894
2920,0,1,0,0,3,2,517,2211110130,551,64,537,17,59861,29483,4,0,0,43,15,2211110130,17,59861,11123,3961,551,1150,1130.0,990.25,-1.151087594028972,-0.6693627381221567,64380.1875,1135.0,985.25,149.75,11752,52,1116,1096.0,734.5,-0.6031604350483837,-1.396566570373984,198834.875,1096.0,321.0,775.0,1634046389.839405,0.0,11.978760957717894
2921,0,1,0,0,3,2,416,2211110130,450,64,436,17,59861,29483,4,0,0,43,15,2211110130,17,59861,11123,4411,450,1150,1130.0,882.2,-0.4381958024682998,-1.7637755549713012,98203.36,1130.0,551.0,579.0,12168,52,1116,1096.0,715.7647058823529,-0.489110213868667,-1.472307399193191,192754.8858131488,1096.0,408.0,688.0,1634046389.873457,0.0340518951416015,12.012812852859495
2922,0,1,0,0,2,3,60,3232270721,94,47,80,17,29483,59861,4,0,0,43,15,2211110130,17,59861,11123,4505,94,1150,840.5,750.8333333333334,-0.3528920091504068,-1.4513128095523435,168122.1388888889,1130.0,475.25,654.75,12228,52,1116,905.5,679.3333333333334,-0.349507569595495,-1.6256864539720943,204609.44444444444,1096.0,147.0,949.0,1634046389.888907,0.0154500007629394,12.028262853622435
2923,0,1,0,0,3,2,1096,2211110130,1130,64,1116,17,59861,29483,4,0,0,43,15,2211110130,17,59861,11123,5635,94,1150,1130.0,805.0,-0.6074376085781013,-1.2341655084678365,161708.85714285713,1130.0,500.5,629.5,13324,52,1116,1096.0,701.2631578947369,-0.440841147983118,-1.5603468043262354,202497.03601108032,1096.0,234.0,862.0,1634046389.889934,0.0010271072387695,12.029289960861204
2924,0,1,0,0,3,2,1096,2211110130,1130,64,1116,17,59861,29483,4,0,0,43,15,2211110130,17,59861,11123,6765,94,1150,1130.0,845.625,-0.8182403157152915,-0.940478200138774,153047.984375,1130.0,525.75,604.25,14420,52,1116,1096.0,721.0,-0.5255105957477633,-1.4832479327851018,199773.5,1096.0,321.0,775.0,1634046389.889934,0.0,12.029289960861204
2925,0,1,0,0,3,2,1096,2211110130,1130,64,1116,17,59861,29483,4,0,0,43,15,2211110130,17,59861,11123,7895,94,1150,1130.0,877.2222222222222,-1.0002963668852811,-0.6063663951212903,144029.72839506174,1130.0,551.0,579.0,1096,1096,1096,1096.0,1096.0,0.0,-3.0,0.0,1096.0,1096.0,0.0,1634046389.890422,0.0004880428314208,12.029778003692625
2926,0,1,0,0,3,2,423,2211110130,457,64,443,17,59861,29483,4,0,0,43,15,2211110130,17,59861,11123,8352,94,1150,1130.0,835.2,-0.6883407298971076,-1.1186220333852843,145519.56,1130.0,480.5,649.5,1519,423,1096,759.5,759.5,0.0,-2.0,113232.25,927.75,591.25,336.5,1634046389.890422,0.0,12.029778003692625
2927,0,1,0,0,3,2,408,2211110130,442,64,428,17,59861,29483,4,0,0,43,15,2211110130,17,59861,11123,8794,94,1150,1130.0,799.4545454545455,-0.4463328241168524,-1.3962109375640193,145067.88429752065,1130.0,453.5,676.5,1927,408,1096,423.0,642.3333333333334,0.7059478413837437,-1.5000000000000009,102944.22222222223,759.5,415.5,344.0,1634046389.89656,0.0061378479003906,12.035915851593016
2928,0,1,0,0,2,3,60,3232270721,94,47,80,17,29483,59861,4,0,0,43,15,2211110130,17,59861,11123,8888,94,1150,840.5,740.6666666666666,-0.3040971074004766,-1.53061178847033,170995.05555555556,1130.0,448.0,682.0,1987,60,1096,415.5,496.75,0.6188958549278465,-0.9135793926605768,140791.6875,591.25,321.0,270.25,1634046389.903846,0.0072860717773437,12.04320192337036
2929,0,1,0,0,3,2,1096,2211110130,1130,64,1116,17,59861,29483,4,0,0,43,15,2211110130,17,59861,11123,10018,94,1150,1130.0,770.6153846153846,-0.4403205476232567,-1.446221966357264,168604.6982248521,1130.0,450.0,680.0,3083,60,1096,423.0,616.6,0.0900540446056247,-1.583394069165865,170089.44,1096.0,408.0,688.0,1634046389.918668,0.0148220062255859,12.058023929595945
2930,0,1,0,0,3,2,1096,2211110130,1130,64,1116,17,59861,29483,4,0,0,43,15,2211110130,17,59861,11123,11148,94,1150,1130.0,796.2857142857143,-0.5622054505879317,-1.334012536715072,165128.0612244898,1130.0,451.75,678.25,4179,60,1096,759.5,696.5,-0.2557638249998596,-1.6014218699167109,173661.25,1096.0,411.75,684.25,1634046389.918668,0.0,12.058023929595945
2931,0,1,0,0,3,2,1096,2211110130,1130,64,1116,17,59861,29483,4,0,0,43,15,2211110130,17,59861,11123,12278,94,1150,1130.0,818.5333333333333,-0.6729348103172541,-1.2026605070832463,161048.91555555555,1130.0,453.5,676.5,5275,60,1096,1096.0,753.5714285714286,-0.5176960073742427,-1.425178885087459,168395.38775510204,1096.0,415.5,680.5,1634046389.919402,0.0007338523864746,12.05875778198242
2932,0,1,0,0,3,2,1096,2211110130,1130,64,1116,17,59861,29483,4,0,0,43,15,2211110130,17,59861,11123,13408,94,1150,1130.0,838.0,-0.7747341460004159,-1.057576227950087,156667.625,1130.0,455.25,674.75,6371,60,1096,1096.0,796.375,-0.7320995534730905,-1.1654611309093983,160170.984375,1096.0,419.25,676.75,1634046389.919402,0.0,12.05875778198242
2933,0,1,0,0,3,2,381,2211110130,415,64,401,17,59861,29483,4,0,0,43,15,2211110130,17,59861,11123,13823,94,1150,1130.0,813.1176470588235,-0.6072683284119529,-1.2877746349024004,157357.98615916955,1130.0,450.0,680.0,6752,60,1096,1096.0,750.2222222222222,-0.4321736997311957,-1.5038128845473755,159414.83950617284,1096.0,408.0,688.0,1634046389.919402,0.0,12.05875778198242
2934,0,1,0,0,2,3,56,3232270721,90,47,76,17,29483,59861,4,0,0,43,15,2211110130,17,59861,11123,13913,90,1150,1130.0,772.9444444444445,-0.4809143467916699,-1.4572575477246044,176051.94135802466,1130.0,444.0,686.0,6808,56,1096,759.5,680.8,-0.234818251120176,-1.660795305425605,186848.36,1096.0,387.75,708.25,1634046389.938913,0.0195112228393554,12.078269004821776
2935,0,1,0,0,2,3,60,3232270721,94,47,80,17,29483,59861,4,0,0,43,15,2211110130,17,59861,11123,14007,90,1150,1130.0,737.2105263157895,-0.3597187916193504,-1.5900281527766924,189770.48199445984,1130.0,428.5,701.5,6868,56,1096,423.0,624.3636363636364,-0.0514384436316335,-1.7443518660317552,201712.7768595041,1096.0,220.5,875.5,1634046389.93897,5.698204040527344e-05,12.07832598686218
2936,0,1,0,0,3,2,60,2211110130,94,64,80,17,59861,29483,4,0,0,43,15,2211110130,17,59861,11123,14101,90,1150,840.5,705.05,-0.2486962642165524,-1.6817625654467114,199933.6475,1130.0,334.75,795.25,6928,56,1096,415.5,577.3333333333334,0.1083909626583038,-1.7561060033232818,209233.72222222225,1096.0,60.0,1036.0,1634046389.94943,0.0104598999023437,12.088785886764525
2937,0,1,0,0,3,2,408,2211110130,442,64,428,17,59861,29483,4,0,0,43,15,2211110130,17,59861,11123,442,442,442,442.0,442.0,0.0,-3.0,0.0,442.0,442.0,0.0,7336,56,1096,408.0,564.3076923076923,0.1952023863888085,-1.6609509888553946,195174.82840236684,1096.0,60.0,1036.0,1634046389.94943,0.0,12.088785886764525
2938,0,1,0,0,3,2,1096,2211110130,1130,64,1116,17,59861,29483,4,0,0,43,15,2211110130,17,59861,11123,1572,442,1130,786.0,786.0,0.0,-2.0,118336.0,958.0,614.0,344.0,8432,56,1096,415.5,602.2857142857143,0.0394228591035578,-1.7296660104293669,199984.06122448976,1096.0,140.25,955.75,1634046389.950023,0.0005929470062255,12.08937883377075
2939,0,1,0,0,3,2,1096,2211110130,1130,64,1116,17,59861,29483,4,0,0,43,15,2211110130,17,59861,11123,2702,442,1130,1130.0,900.6666666666666,-0.7071067811865471,-1.5000000000000009,105187.55555555556,1130.0,786.0,344.0,9528,56,1096,423.0,635.2,-0.0954079307325129,-1.742839095836013,201818.69333333336,1096.0,220.5,875.5,1634046389.950023,0.0,12.08937883377075
2940,0,1,0,0,3,2,1096,2211110130,1130,64,1116,17,59861,29483,4,0,0,43,15,2211110130,17,59861,11123,3832,442,1130,1130.0,958.0,-1.1547005383792517,-0.6666666666666665,88752.0,1130.0,958.0,172.0,10624,56,1096,759.5,664.0,-0.2146937780043597,-1.7197161654171174,201646.625,1096.0,300.75,795.25,1634046389.950023,0.0,12.08937883377075
2941,0,1,0,0,3,2,1096,2211110130,1130,64,1116,17,59861,29483,4,0,0,43,15,2211110130,17,59861,11123,4962,442,1130,1130.0,992.4,-1.5,0.2499999999999982,75735.04000000001,1130.0,1130.0,0.0,11720,56,1096,1096.0,689.4117647058823,-0.3220107473210579,-1.671583084541326,200117.1833910035,1096.0,381.0,715.0,1634046389.95049,0.0004670619964599,12.08984589576721
2942,0,1,0,0,3,2,1096,2211110130,1130,64,1116,17,59861,29483,4,0,0,43,15,2211110130,17,59861,11123,6092,442,1130,1130.0,1015.3333333333334,-1.7888543819998322,1.2000000000000002,65742.22222222223,1130.0,1130.0,0.0,12816,56,1096,1096.0,712.0,-0.4198366266508314,-1.6054907454395213,197673.44444444444,1096.0,387.75,708.25,1634046389.95049,0.0,12.08984589576721
2943,0,1,0,0,3,2,681,2211110130,715,64,701,17,59861,29483,4,0,0,43,15,2211110130,17,59861,11123,6807,442,1130,1130.0,972.4285714285714,-1.198105671039765,-0.2752192949952698,67395.38775510206,1130.0,922.5,207.5,13497,56,1096,1096.0,710.3684210526316,-0.4198855021482655,-1.5351864256377958,187317.4958448753,1096.0,394.5,701.5,1634046389.95049,0.0,12.08984589576721
2944,0,1,0,0,2,3,60,3232270721,94,47,80,17,29483,59861,4,0,0,43,15,2211110130,17,59861,11123,6901,94,1130,1130.0,862.625,-1.0043149239169238,-0.5287921281412151,143368.734375,1130.0,646.75,483.25,13557,56,1096,888.5,677.85,-0.3033899454264016,-1.6477370744100608,198043.1275,1096.0,300.75,795.25,1634046389.956592,0.0061020851135253,12.095947980880736
2945,0,1,0,0,3,2,1096,2211110130,1130,64,1116,17,59861,29483,4,0,0,43,15,2211110130,17,59861,11123,8031,94,1130,1130.0,892.3333333333334,-1.1829600558101565,-0.1288349226597778,134499.55555555556,1130.0,715.0,415.0,1096,1096,1096,1096.0,1096.0,0.0,-3.0,0.0,1096.0,1096.0,0.0,1634046389.972777,0.0161848068237304,12.112132787704466
2946,0,1,0,0,3,2,1096,2211110130,1130,64,1116,17,59861,29483,4,0,0,43,15,2211110130,17,59861,11123,9161,94,1130,1130.0,916.1,-1.3434187243345992,0.2909799747518033,126133.29,1130.0,818.75,311.25,2192,1096,1096,1096.0,1096.0,0.0,-3.0,0.0,1096.0,1096.0,0.0,1634046389.972777,0.0,12.112132787704466
2947,0,1,0,0,3,2,1096,2211110130,1130,64,1116,17,59861,29483,4,0,0,43,15,2211110130,17,59861,11123,10291,94,1130,1130.0,935.5454545454544,-1.4899192360950773,0.7237633692085894,118447.88429752068,1130.0,922.5,207.5,3288,1096,1096,1096.0,1096.0,0.0,-3.0,0.0,1096.0,1096.0,0.0,1634046389.972777,0.0,12.112132787704466
2948,0,1,0,0,3,2,968,2211110130,1002,64,988,17,59861,29483,4,0,0,43,15,2211110130,17,59861,11123,11293,94,1130,1130.0,941.0833333333334,-1.598610740999899,1.1429097443525509,108914.57638888888,1130.0,930.25,199.75,4256,968,1096,1096.0,1064.0,-1.1547005383792517,-0.6666666666666665,3072.0,1096.0,1064.0,32.0,1634046389.973395,0.0006182193756103,12.112751007080076
2949,0,1,0,0,3,2,1116,2211110130,1150,64,1136,17,59861,29483,4,0,0,43,15,2211110130,17,59861,11123,12443,94,1150,1130.0,957.1538461538462,-1.718672668788516,1.56560737602097,103635.66863905329,1130.0,1002.0,128.0,5372,968,1116,1096.0,1074.4,-1.4188585163266223,0.1558558449006528,2890.24,1096.0,1096.0,0.0,1634046389.980245,0.0068500041961669,12.119601011276243
2950,0,1,0,0,3,2,408,2211110130,442,64,428,17,59861,29483,4,0,0,43,15,2211110130,17,59861,11123,12885,94,1150,1130.0,920.3571428571428,-1.3120761918090729,0.2581405366585989,113835.08673469388,1130.0,786.75,343.25,5780,408,1116,1096.0,963.3333333333334,-1.6508240578492337,0.9191235681409832,64087.55555555556,1096.0,1000.0,96.0,1634046389.980245,0.0,12.119601011276243
2951,0,1,0,0,2,3,60,3232270721,94,47,80,17,29483,59861,4,0,0,43,15,2211110130,17,59861,11123,12979,94,1150,1130.0,865.2666666666667,-1.044325349698835,-0.5330506701340947,148735.52888888886,1130.0,578.5,551.5,5840,60,1116,1096.0,834.2857142857143,-1.085765981098487,-0.5387104674818284,154851.91836734695,1096.0,688.0,408.0,1634046389.993694,0.01344895362854,12.133049964904783
2952,0,1,0,0,3,2,1096,2211110130,1130,64,1116,17,59861,29483,4,0,0,43,15,2211110130,17,59861,11123,14109,94,1150,1130.0,881.8125,-1.1423991668770292,-0.3139788886757664,143546.02734375,1130.0,646.75,483.25,6936,60,1116,1096.0,867.0,-1.289464662208925,-0.0441826255335162,142987.0,1096.0,828.0,268.0,1634046390.009724,0.0160298347473144,12.149079799652098
2953,0,1,0,0,2,3,60,3232270721,94,47,80,17,29483,59861,4,0,0,43,15,2211110130,17,59861,11123,14203,94,1150,1130.0,835.4705882352941,-0.9113741617441516,-0.883665595279409,169463.3079584775,1130.0,442.0,688.0,6996,60,1116,1096.0,777.3333333333334,-0.8137976673481918,-1.1687864156636023,191420.44444444447,1096.0,408.0,688.0,1634046390.009842,0.0001180171966552,12.149197816848753
2954,0,1,0,0,2,3,52,3232270721,86,47,72,17,29483,59861,4,0,0,43,15,2211110130,17,59861,11123,14289,86,1150,1130.0,793.8333333333334,-0.7234462252249813,-1.2456492722884045,189520.91666666663,1130.0,442.0,688.0,7048,52,1116,1032.0,704.8,-0.4986743558060567,-1.6272706766814151,219628.16,1096.0,147.0,949.0,1634046390.009886,4.410743713378906e-05,12.149241924285887
2955,0,1,0,0,3,2,1096,2211110130,1130,64,1116,17,59861,29483,4,0,0,43,15,2211110130,17,59861,11123,15419,86,1150,1130.0,811.5263157894736,-0.8079293651465284,-1.1168381267368994,185180.88088642657,1130.0,442.0,688.0,8144,52,1116,1096.0,740.3636363636364,-0.653355099503802,-1.451379216811383,212309.68595041323,1096.0,234.0,862.0,1634046390.013136,0.0032498836517333,12.15249180793762
2956,0,1,0,0,3,2,1096,2211110130,1130,64,1116,17,59861,29483,4,0,0,43,15,2211110130,17,59861,11123,16549,86,1150,1130.0,827.45,-0.8873974571024711,-0.9817150460588356,180739.5475,1130.0,442.0,688.0,9240,52,1116,1096.0,770.0,-0.7909698474334556,-1.2530308074714964,204278.66666666663,1096.0,321.0,775.0,1634046390.013136,0.0,12.15249180793762
2957,0,1,0,0,3,2,1096,2211110130,1130,64,1116,17,59861,29483,4,0,0,43,15,2211110130,17,59861,11123,1130,1130,1130,1130.0,1130.0,0.0,-3.0,0.0,1130.0,1130.0,0.0,10336,52,1116,1096.0,795.0769230769231,-0.9155847344026968,-1.039568482695473,196111.14792899403,1096.0,408.0,688.0,1634046390.013806,0.0006701946258544,12.153162002563475
2958,0,1,0,0,3,2,1096,2211110130,1130,64,1116,17,59861,29483,4,0,0,43,15,2211110130,17,59861,11123,2260,1130,1130,1130.0,1130.0,0.0,-3.0,0.0,1130.0,1130.0,0.0,11432,52,1116,1096.0,816.5714285714286,-1.0299474831414326,-0.8154508573025772,188109.38775510195,1096.0,548.0,548.0,1634046390.013806,0.0,12.153162002563475
2959,0,1,0,0,3,2,602,2211110130,636,64,622,17,59861,29483,4,0,0,43,15,2211110130,17,59861,11123,2896,636,1130,1130.0,965.3333333333334,-0.7071067811865481,-1.4999999999999991,54230.22222222222,1130.0,883.0,247.0,12034,52,1116,1096.0,802.2666666666667,-0.9476319772634532,-0.8647721974695028,178433.52888888892,1096.0,505.0,591.0,1634046390.013806,0.0,12.153162002563475
2960,0,1,0,0,3,2,56,2211110130,90,64,76,17,59861,29483,4,0,0,43,15,2211110130,17,59861,11123,2986,90,1130,883.0,746.5,-0.5417064815949243,-1.313981378950333,184336.75,1130.0,499.5,630.5,12090,52,1116,1096.0,755.625,-0.7256594779311115,-1.288442562901428,199913.109375,1096.0,321.0,775.0,1634046390.02881,0.0150039196014404,12.168165922164915
2961,0,1,0,0,3,2,408,2211110130,442,64,428,17,59861,29483,4,0,0,43,15,2211110130,17,59861,11123,3428,90,1130,636.0,685.6,-0.1539429715002408,-1.4255802709751026,162304.63999999998,1130.0,442.0,688.0,12498,52,1116,1096.0,735.1764705882352,-0.5994557183778956,-1.4055446163322944,194843.79238754325,1096.0,408.0,688.0,1634046390.02881,0.0,12.168165922164915
2962,0,1,0,0,2,3,60,3232270721,94,47,80,17,29483,59861,4,0,0,43,15,2211110130,17,59861,11123,3522,90,1130,539.0,587.0,0.157891255098694,-1.548545288151867,183863.66666666663,1006.5,181.0,825.5,12558,52,1116,1032.0,697.6666666666666,-0.4465306529647758,-1.5983632158247527,207937.88888888888,1096.0,147.0,949.0,1634046390.043155,0.0143449306488037,12.182510852813719
2963,0,1,0,0,3,2,1096,2211110130,1130,64,1116,17,59861,29483,4,0,0,43,15,2211110130,17,59861,11123,4652,90,1130,636.0,664.5714285714286,-0.1407870007208626,-1.636150765640684,193701.387755102,1130.0,268.0,862.0,13654,52,1116,1096.0,718.6315789473684,-0.5356338205480043,-1.514622984686092,204905.2853185596,1096.0,234.0,862.0,1634046390.062293,0.0191380977630615,12.20164895057678
2964,0,1,0,0,3,2,1096,2211110130,1130,64,1116,17,59861,29483,4,0,0,43,15,2211110130,17,59861,11123,5782,90,1130,883.0,722.75,-0.3746768908063264,-1.5500822041621305,193181.9375,1130.0,355.0,775.0,14750,52,1116,1096.0,737.5,-0.6185754160278094,-1.421290002454613,201424.35,1096.0,321.0,775.0,1634046390.062293,0.0,12.20164895057678
2965,0,1,0,0,3,2,1096,2211110130,1130,64,1116,17,59861,29483,4,0,0,43,15,2211110130,17,59861,11123,6912,90,1130,1130.0,768.0,-0.5687831558051635,-1.3822447449626494,188097.77777777775,1130.0,442.0,688.0,1096,1096,1096,1096.0,1096.0,0.0,-3.0,0.0,1096.0,1096.0,0.0,1634046390.065875,0.0035820007324218,12.205230951309202
2966,0,1,0,0,3,2,1080,2211110130,1114,64,1100,17,59861,29483,4,0,0,43,15,2211110130,17,59861,11123,8026,90,1130,1122.0,802.6,-0.7374970424651985,-1.1663672199625303,180062.44,1130.0,490.5,639.5,2176,1080,1096,1088.0,1088.0,0.0,-2.0,64.0,1092.0,1084.0,8.0,1634046390.065875,0.0,12.205230951309202
2967,0,1,0,0,3,2,60,2211110130,94,64,80,17,59861,29483,4,0,0,43,15,2211110130,17,59861,11123,8120,90,1130,1114.0,738.1818181818181,-0.4696384268942882,-1.560855775858767,205190.1487603306,1130.0,268.0,862.0,2236,60,1096,1080.0,745.3333333333334,-0.7065288172437811,-1.4999999999999996,234883.55555555556,1088.0,570.0,518.0,1634046390.071968,0.0060930252075195,12.211323976516722
2968,0,1,0,0,3,2,408,2211110130,442,64,428,17,59861,29483,4,0,0,43,15,2211110130,17,59861,11123,8562,90,1130,875.0,713.5,-0.3226688064089257,-1.6102369605900155,194792.0833333333,1130.0,355.0,775.0,2644,60,1096,744.0,661.0,-0.22047089169588,-1.7105071801217917,197499.0,1084.0,321.0,763.0,1634046390.071968,0.0,12.211323976516722
2969,0,1,0,0,3,2,52,2211110130,86,64,72,17,59861,29483,4,0,0,43,15,2211110130,17,59861,11123,8648,86,1130,636.0,665.2307692307693,-0.1522034239825648,-1.7279633410189985,207767.10059171595,1130.0,94.0,1036.0,2696,52,1096,408.0,539.2,0.2030042588065678,-1.767819930727588,217340.16,1080.0,60.0,1020.0,1634046390.080813,0.0088448524475097,12.220168828964232
2970,0,1,0,0,3,2,1096,2211110130,1130,64,1116,17,59861,29483,4,0,0,43,15,2211110130,17,59861,11123,9778,86,1130,875.0,698.4285714285714,-0.2850077055227788,-1.684174042289581,207253.8163265306,1130.0,181.0,949.0,3792,52,1096,744.0,632.0,-0.1629757788230744,-1.8202843885404008,224176.0,1092.0,147.0,945.0,1634046390.081748,0.0009350776672363,12.221103906631468
2971,0,1,0,0,3,2,1096,2211110130,1130,64,1116,17,59861,29483,4,0,0,43,15,2211110130,17,59861,11123,10908,86,1130,1114.0,727.2,-0.4035117829904064,-1.611726834413784,205026.02666666664,1130.0,268.0,862.0,4888,52,1096,1080.0,698.2857142857143,-0.4337006235639705,-1.6721020740481076,218513.6326530612,1096.0,234.0,862.0,1634046390.081748,0.0,12.221103906631468
2972,0,1,0,0,3,2,1096,2211110130,1130,64,1116,17,59861,29483,4,0,0,43,15,2211110130,17,59861,11123,12038,86,1130,1122.0,752.375,-0.5108836286533831,-1.5193462806412723,201718.609375,1130.0,355.0,775.0,5984,52,1096,1088.0,748.0,-0.6524707694338729,-1.4389731126408225,208500.0,1096.0,321.0,775.0,1634046390.081748,0.0,12.221103906631468
2973,0,1,0,0,3,2,1096,2211110130,1130,64,1116,17,59861,29483,4,0,0,43,15,2211110130,17,59861,11123,13168,86,1130,1130.0,774.5882352941177,-0.6093473310687793,-1.412548667213776,197747.6539792388,1130.0,442.0,688.0,7080,52,1096,1096.0,786.6666666666666,-0.8384619848351081,-1.1620245011966557,197294.22222222225,1096.0,408.0,688.0,1634046390.082363,0.0006148815155029,12.22171878814697
2974,0,1,0,0,3,2,1096,2211110130,1130,64,1116,17,59861,29483,4,0,0,43,15,2211110130,17,59861,11123,14298,86,1130,1130.0,794.3333333333334,-0.7005198932799543,-1.294989912594399,193389.44444444444,1130.0,442.0,688.0,8176,52,1096,1096.0,817.6,-1.0018031733266115,-0.8595319787824964,186176.64,1096.0,576.0,520.0,1634046390.082363,0.0,12.22171878814697
2975,0,1,0,0,2,3,60,3232270721,94,47,80,17,29483,59861,4,0,0,43,15,2211110130,17,59861,11123,14392,86,1130,1130.0,757.4736842105264,-0.5442519171799924,-1.5209918718010391,207666.459833795,1130.0,268.0,862.0,8236,52,1096,1096.0,748.7272727272727,-0.6701214834885671,-1.4540904420757552,216686.0165289256,1096.0,234.0,862.0,1634046390.082671,0.0003080368041992,12.22202682495117
2976,0,1,0,0,3,2,651,2211110130,685,64,671,17,59861,29483,4,0,0,43,15,2211110130,17,59861,11123,15077,86,1130,1122.0,753.85,-0.5330896141059,-1.464828733290316,197532.6275,1130.0,355.0,775.0,8887,52,1096,1088.0,740.5833333333334,-0.6422291922609925,-1.3745350783467525,199358.40972222225,1096.0,321.0,775.0,1634046390.082962,0.000291109085083,12.222317934036253
2977,0,1,0,0,3,2,408,2211110130,442,64,428,17,59861,29483,4,0,0,43,15,2211110130,17,59861,11123,442,442,442,442.0,442.0,0.0,-3.0,0.0,442.0,442.0,0.0,9295,52,1096,1080.0,715.0,-0.4860897638253819,-1.488762404458959,191877.2307692308,1096.0,408.0,688.0,1634046390.103718,0.0207560062408447,12.243073940277098
2978,0,1,0,0,3,2,1096,2211110130,1130,64,1116,17,59861,29483,4,0,0,43,15,2211110130,17,59861,11123,1572,442,1130,786.0,786.0,0.0,-2.0,118336.0,958.0,614.0,344.0,10391,52,1096,1088.0,742.2142857142857,-0.6062514121880511,-1.363825005041566,187799.7397959184,1096.0,408.0,688.0,1634046390.103718,0.0,12.243073940277098
2979,0,1,0,0,3,2,1096,2211110130,1130,64,1116,17,59861,29483,4,0,0,43,15,2211110130,17,59861,11123,2702,442,1130,1130.0,900.6666666666666,-0.7071067811865471,-1.5000000000000009,105187.55555555556,1130.0,786.0,344.0,11487,52,1096,1096.0,765.8,-0.7157662155574496,-1.2221909261786532,183067.76000000004,1096.0,408.0,688.0,1634046390.105351,0.0016329288482666,12.244706869125364
2980,0,1,0,0,3,2,1096,2211110130,1130,64,1116,17,59861,29483,4,0,0,43,15,2211110130,17,59861,11123,3832,442,1130,1130.0,958.0,-1.1547005383792517,-0.6666666666666665,88752.0,1130.0,958.0,172.0,12583,52,1096,1096.0,786.4375,-0.8167032223900743,-1.0684621159460992,178014.62109375,1096.0,408.0,688.0,1634046390.105351,0.0,12.244706869125364
2981,0,1,0,0,3,2,1096,2211110130,1130,64,1116,17,59861,29483,4,0,0,43,15,2211110130,17,59861,11123,4962,442,1130,1130.0,992.4,-1.5,0.2499999999999982,75735.04000000001,1130.0,1130.0,0.0,13679,52,1096,1096.0,804.6470588235294,-0.9105773313545028,-0.9056944220200944,172848.58131487886,1096.0,408.0,688.0,1634046390.106677,0.0013260841369628,12.246032953262327
2982,0,1,0,0,3,2,167,2211110130,201,64,187,17,59861,29483,4,0,0,43,15,2211110130,17,59861,11123,5163,201,1130,1130.0,860.5,-0.8077650868792802,-1.2175879424717886,150100.58333333334,1130.0,614.0,516.0,13846,52,1096,1096.0,769.2222222222222,-0.7130290062813828,-1.2719059817827,184579.5061728395,1096.0,408.0,688.0,1634046390.106677,0.0,12.246032953262327
2983,0,1,0,0,3,2,1116,2211110130,1150,64,1136,17,59861,29483,4,0,0,43,15,2211110130,17,59861,11123,6313,201,1150,1130.0,901.8571428571428,-1.0449192183386375,-0.774657730996601,138920.1224489796,1130.0,786.0,344.0,14962,52,1116,1096.0,787.4736842105264,-0.7967345483765473,-1.1458583439625698,180860.88088642657,1096.0,408.0,688.0,1634046390.107467,0.0007898807525634,12.24682283401489
2984,0,1,0,0,2,3,56,3232270721,90,47,76,17,29483,59861,4,0,0,43,15,2211110130,17,59861,11123,6403,90,1150,1130.0,800.375,-0.6363907508938588,-1.4586963257889352,193645.484375,1130.0,381.75,748.25,15018,52,1116,1096.0,750.9,-0.6404279387433633,-1.4025943365244042,197232.89,1096.0,347.75,748.25,1634046390.133412,0.0259449481964111,12.272767782211302
2985,0,1,0,0,2,3,60,3232270721,94,47,80,17,29483,59861,4,0,0,43,15,2211110130,17,59861,11123,6497,90,1150,1130.0,721.8888888888889,-0.3335441174081011,-1.7779643926321549,221409.8765432099,1130.0,201.0,929.0,60,60,60,60.0,60.0,0.0,-3.0,0.0,60.0,60.0,0.0,1634046390.133467,5.507469177246094e-05,12.272822856903074
2986,0,1,0,0,3,2,408,2211110130,442,64,428,17,59861,29483,4,0,0,43,15,2211110130,17,59861,11123,6939,90,1150,786.0,693.9,-0.1720243297870164,-1.784175820607099,206319.29,1130.0,261.25,868.75,468,60,408,234.0,234.0,0.0,-2.0,30276.0,321.0,147.0,174.0,1634046390.13776,0.0042929649353027,12.277115821838377
2987,0,1,0,0,3,2,1096,2211110130,1130,64,1116,17,59861,29483,4,0,0,43,15,2211110130,17,59861,11123,8069,90,1150,1130.0,733.5454545454545,-0.3421140729702531,-1.7079630896737044,203280.61157024797,1130.0,321.5,808.5,1564,60,1096,408.0,521.3333333333334,0.3766675336035382,-1.5000000000000004,185304.8888888889,752.0,234.0,518.0,1634046390.147487,0.0097270011901855,12.286842823028563
2988,0,1,0,0,3,2,1096,2211110130,1130,64,1116,17,59861,29483,4,0,0,43,15,2211110130,17,59861,11123,9199,90,1150,1130.0,766.5833333333334,-0.4895480085306626,-1.5914385517172138,198347.07638888888,1130.0,381.75,748.25,2660,60,1096,752.0,665.0,-0.2173703793443629,-1.715628269693377,200899.0,1096.0,321.0,775.0,1634046390.147487,0.0,12.286842823028563
2989,0,1,0,0,3,2,1096,2211110130,1130,64,1116,17,59861,29483,4,0,0,43,15,2211110130,17,59861,11123,10329,90,1150,1130.0,794.5384615384615,-0.6204509892665255,-1.4491515599156906,192467.47928994088,1130.0,442.0,688.0,3756,60,1096,1096.0,751.2,-0.5960310217014525,-1.4309581812273606,190440.96,1096.0,408.0,688.0,1634046390.147487,0.0,12.286842823028563
2990,0,1,0,0,3,2,1096,2211110130,1130,64,1116,17,59861,29483,4,0,0,43,15,2211110130,17,59861,11123,11459,90,1150,1130.0,818.5,-0.7387466694776919,-1.2894026707490611,186183.82142857145,1130.0,442.0,688.0,4852,60,1096,1096.0,808.6666666666666,-0.8841304010018901,-1.0064953845451037,175212.8888888889,1096.0,580.0,516.0,1634046390.148116,0.000629186630249,12.287472009658812
2991,0,1,0,0,3,2,1096,2211110130,1130,64,1116,17,59861,29483,4,0,0,43,15,2211110130,17,59861,11123,12589,90,1150,1130.0,839.2666666666667,-0.847096438222219,-1.1172727539102123,179809.12888888892,1130.0,442.0,688.0,5948,60,1096,1096.0,849.7142857142857,-1.1219136136324064,-0.5235409323099716,160291.91836734695,1096.0,752.0,344.0,1634046390.148116,0.0,12.287472009658812
2992,0,1,0,0,3,2,834,2211110130,868,64,854,17,59861,29483,4,0,0,43,15,2211110130,17,59861,11123,13457,90,1150,1130.0,841.0625,-0.8875996354743334,-0.9774959238061038,168619.43359375,1130.0,442.0,688.0,6782,60,1096,1096.0,847.75,-1.1833053679961791,-0.1958387459200556,140282.4375,1096.0,727.5,368.5,1634046390.148116,0.0,12.287472009658812
2993,0,1,0,0,2,3,60,3232270721,94,47,80,17,29483,59861,4,0,0,43,15,2211110130,17,59861,11123,13551,90,1150,1130.0,797.1176470588235,-0.6939200291593847,-1.3260771471993624,189599.04498269895,1130.0,442.0,688.0,6842,60,1096,1096.0,760.2222222222222,-0.7489738555684032,-1.2018352988550334,185984.3950617284,1096.0,408.0,688.0,1634046390.153028,0.0049118995666503,12.292383909225462
2994,0,1,0,0,2,3,60,3232270721,94,47,80,17,29483,59861,4,0,0,43,15,2211110130,17,59861,11123,13645,90,1150,1130.0,758.0555555555555,-0.5314867011528213,-1.5528020050036049,205005.1635802469,1130.0,261.25,868.75,6902,60,1096,965.0,690.2,-0.4484455824713194,-1.6241142765795873,211513.96,1096.0,147.0,949.0,1634046390.168393,0.0153648853302001,12.307748794555662
2995,0,1,0,0,3,2,1096,2211110130,1130,64,1116,17,59861,29483,4,0,0,43,15,2211110130,17,59861,11123,14775,90,1150,1130.0,777.6315789473684,-0.6192111725012106,-1.4538079309530856,201113.39058171745,1130.0,321.5,808.5,7998,60,1096,1096.0,727.0909090909091,-0.6038968557009723,-1.4651517364385516,205894.8099173554,1096.0,234.0,862.0,1634046390.174402,0.0060091018676757,12.313757896423338
2996,0,1,0,0,3,2,1096,2211110130,1130,64,1116,17,59861,29483,4,0,0,43,15,2211110130,17,59861,11123,15905,90,1150,1130.0,795.25,-0.7011098037946649,-1.3466974085088663,196955.4875,1130.0,381.75,748.25,9094,60,1096,1096.0,757.8333333333334,-0.7419252155205845,-1.281009771600623,199132.97222222225,1096.0,321.0,775.0,1634046390.174402,0.0,12.313757896423338
2997,0,1,0,0,3,2,1096,2211110130,1130,64,1116,17,59861,29483,4,0,0,43,15,2211110130,17,59861,11123,1130,1130,1130,1130.0,1130.0,0.0,-3.0,0.0,1130.0,1130.0,0.0,10190,60,1096,1096.0,783.8461538461538,-0.8666982894643338,-1.08000990045261,191935.05325443784,1096.0,408.0,688.0,1634046390.174402,0.0,12.313757896423338
2998,0,1,0,0,3,2,1096,2211110130,1130,64,1116,17,59861,29483,4,0,0,43,15,2211110130,17,59861,11123,2260,1130,1130,1130.0,1130.0,0.0,-3.0,0.0,1130.0,1130.0,0.0,11286,60,1096,1096.0,806.1428571428571,-0.981034863210699,-0.8671780018580861,184688.2653061224,1096.0,514.5,581.5,1634046390.175183,0.0007810592651367,12.314538955688475
2999,0,1,0,0,3,2,171,2211110130,205,64,191,17,59861,29483,4,0,0,43,15,2211110130,17,59861,11123,2465,205,1130,1130.0,821.6666666666666,-0.7071067811865472,-1.5000000000000002,190138.8888888889,1130.0,667.5,462.5,11457,60,1096,1096.0,763.8,-0.7360750634799322,-1.31573875500863,197476.56,1096.0,289.5,806.5,1634046390.175183,0.0,12.314538955688475
3000,0,1,0,0,3,2,32,2211110130,66,64,52,17,59861,29483,4,0,0,43,15,2211110130,17,59861,11123,2531,66,1130,667.5,632.75,-0.0288787975311336,-1.9615880519766369,249672.6875,1130.0,170.25,959.75,11489,32,1096,1096.0,718.0625,-0.5483833029171546,-1.5777683725535332,216513.05859375,1096.0,143.25,952.75,1634046390.176696,0.0015130043029785,12.316051959991453
3001,0,1,0,0,2,3,52,3232270721,86,48,72,17,10001,59861,4,0,0,43,15,2211110130,17,59861,11123,2617,66,1130,205.0,523.4,0.3811595771986172,-1.8205363686786629,247567.84,1130.0,86.0,1044.0,11541,32,1096,1096.0,678.8823529411765,-0.3893294031836042,-1.742503968849885,228338.339100346,1096.0,60.0,1036.0,1634046390.183566,0.0068700313568115,12.322921991348265
3002,0,1,0,0,3,2,60,2211110130,94,64,80,17,59861,29483,4,0,0,43,15,2211110130,17,59861,11123,2711,66,1130,149.5,451.8333333333333,0.6812840282645954,-1.5026279579404047,231915.47222222225,898.75,88.0,810.75,11601,32,1096,965.0,644.5,-0.2527528462597666,-1.8409220723645312,235749.36111111112,1096.0,60.0,1036.0,1634046390.184464,0.0008978843688964,12.323819875717161
3003,0,1,0,0,3,2,408,2211110130,442,64,428,17,59861,29483,4,0,0,43,15,2211110130,17,59861,11123,3153,66,1130,205.0,450.4285714285714,0.7452555229255949,-1.2439414441692644,198796.5306122449,786.0,90.0,696.0,12009,32,1096,834.0,632.0526315789474,-0.1828192090333839,-1.826554061470264,226130.3656509695,1096.0,60.0,1036.0,1634046390.185052,0.0005879402160644,12.324407815933226
3004,0,1,0,0,2,3,60,3232270721,94,47,80,17,29483,59861,4,0,0,43,15,2211110130,17,59861,11123,3247,66,1130,149.5,405.875,0.949921899320204,-0.8947475340095088,187842.109375,614.0,92.0,522.0,12069,32,1096,621.0,603.45,-0.0745711556768327,-1.8640624750722716,230367.94749999995,1096.0,60.0,1036.0,1634046390.200191,0.015139102935791,12.339546918869017
3005,0,1,0,0,2,3,52,3232270721,86,47,72,17,29483,59861,4,0,0,43,15,2211110130,17,59861,11123,3333,66,1130,94.0,370.3333333333333,1.127718643212856,-0.5189660030676984,177076.44444444447,442.0,86.0,356.0,52,52,52,52.0,52.0,0.0,-3.0,0.0,52.0,52.0,0.0,1634046390.212458,0.0122668743133544,12.351813793182371
3006,0,1,0,0,3,2,1096,2211110130,1130,64,1116,17,59861,29483,4,0,0,43,15,2211110130,17,59861,11123,4463,66,1130,149.5,446.3,0.7296398984401261,-1.3329780649833791,211307.21000000005,958.0,88.0,870.0,1148,52,1096,574.0,574.0,0.0,-2.0,272484.0,835.0,313.0,522.0,1634046390.21888,0.0064220428466796,12.358235836029051
3007,0,1,0,0,3,2,1096,2211110130,1130,64,1116,17,59861,29483,4,0,0,43,15,2211110130,17,59861,11123,5593,66,1130,205.0,508.45454545454544,0.4531387958777668,-1.6910687395836608,230729.33884297524,1130.0,90.0,1040.0,2244,52,1096,1096.0,748.0,-0.7071067811865475,-1.5,242208.0,1096.0,574.0,522.0,1634046390.21964,0.0007600784301757,12.358995914459227
3008,0,1,0,0,3,2,1096,2211110130,1130,64,1116,17,59861,29483,4,0,0,43,15,2211110130,17,59861,11123,6723,66,1130,323.5,560.25,0.2405040930789128,-1.8546491724938552,241012.35416666663,1130.0,92.0,1038.0,3340,52,1096,1096.0,835.0,-1.1547005383792517,-0.6666666666666665,204363.0,1096.0,835.0,261.0,1634046390.21964,0.0,12.358995914459227
3009,0,1,0,0,3,2,1096,2211110130,1130,64,1116,17,59861,29483,4,0,0,43,15,2211110130,17,59861,11123,7853,66,1130,442.0,604.0769230769231,0.0668168845693652,-1.917414085483724,245522.53254437872,1130.0,94.0,1036.0,4436,52,1096,1096.0,887.2,-1.5000000000000009,0.2500000000000018,174389.75999999995,1096.0,1096.0,0.0,1634046390.21964,0.0,12.358995914459227
3010,0,1,0,0,3,2,1096,2211110130,1130,64,1116,17,59861,29483,4,0,0,43,15,2211110130,17,59861,11123,8983,66,1130,786.0,641.6428571428571,-0.0807739875161746,-1.9212207327029465,246330.8010204082,1130.0,94.0,1036.0,5532,52,1096,1096.0,922.0,-1.7888543819998317,1.2000000000000002,151380.0,1096.0,1096.0,0.0,1634046390.221011,0.0013709068298339,12.36036682128906
3011,0,1,0,0,3,2,543,2211110130,577,64,563,17,59861,29483,4,0,0,43,15,2211110130,17,59861,11123,9560,66,1130,577.0,637.3333333333334,-0.0566816927627249,-1.8492737311044327,230168.7555555556,1130.0,94.0,1036.0,6075,52,1096,1096.0,867.8571428571429,-1.3082971182833794,0.0778273903409085,147342.97959183677,1096.0,819.5,276.5,1634046390.221011,0.0,12.36036682128906
3012,0,1,0,0,3,2,408,2211110130,442,64,428,17,59861,29483,4,0,0,43,15,2211110130,17,59861,11123,10002,66,1130,509.5,625.125,0.0162383373188963,-1.7980926037256302,218018.859375,1130.0,94.0,1036.0,6483,52,1096,1096.0,810.375,-0.8515401250728813,-0.8624034309518009,152054.484375,1096.0,509.25,586.75,1634046390.22162,0.0006091594696044,12.360975980758665
3013,0,1,0,0,3,2,56,2211110130,90,64,76,17,59861,29483,4,0,0,43,15,2211110130,17,59861,11123,10092,66,1130,442.0,593.6470588235294,0.1293924315832905,-1.7931282149058465,221047.9930795848,1130.0,94.0,1036.0,6539,52,1096,1096.0,726.5555555555555,-0.5240593464185099,-1.4410488685206004,191365.13580246916,1096.0,408.0,688.0,1634046390.225618,0.003997802734375,12.36497378349304
3014,0,1,0,0,2,3,60,3232270721,94,47,80,17,29483,59861,4,0,0,43,15,2211110130,17,59861,11123,10186,66,1130,442.0,565.8888888888889,0.2322164727130846,-1.764340247439075,221866.32098765436,1130.0,94.0,1036.0,6599,52,1096,819.5,659.9,-0.2697022867410714,-1.7029312411301265,212215.29,1096.0,147.0,949.0,1634046390.226905,0.0012872219085693,12.36626100540161
3015,0,1,0,0,3,2,1096,2211110130,1130,64,1116,17,59861,29483,4,0,0,43,15,2211110130,17,59861,11123,11316,66,1130,442.0,595.578947368421,0.1142314858808216,-1.8200145055895829,226056.13850415515,1130.0,94.0,1036.0,7695,52,1096,1096.0,699.5454545454545,-0.4334338572812506,-1.5993366576203918,208640.61157024797,1096.0,234.0,862.0,1634046390.244226,0.0173208713531494,12.383581876754759
3016,0,1,0,0,3,2,1096,2211110130,1130,64,1116,17,59861,29483,4,0,0,43,15,2211110130,17,59861,11123,12446,66,1130,509.5,622.3,0.0089225066960379,-1.8436608280559956,228319.61,1130.0,94.0,1036.0,8791,52,1096,1096.0,732.5833333333334,-0.576761398998167,-1.4605471370439138,203260.40972222225,1096.0,321.0,775.0,1634046390.244226,0.0,12.383581876754759
3017,0,1,0,0,3,2,1096,2211110130,1130,64,1116,17,59861,29483,4,0,0,43,15,2211110130,17,59861,11123,1130,1130,1130,1130.0,1130.0,0.0,-3.0,0.0,1130.0,1130.0,0.0,9887,52,1096,1096.0,760.5384615384615,-0.704937172256179,-1.2989057958923214,197002.8639053255,1096.0,408.0,688.0,1634046390.245003,0.0007770061492919,12.384358882904051
3018,0,1,0,0,3,2,873,2211110130,907,64,893,17,59861,29483,4,0,0,43,15,2211110130,17,59861,11123,2037,907,1130,1018.5,1018.5,0.0,-2.0,12432.25,1074.25,962.75,111.5,10760,52,1096,1096.0,768.5714285714286,-0.7814774704769339,-1.1279323756359871,183770.1020408164,1096.0,441.75,654.25,1634046390.245003,0.0,12.384358882904051
3019,0,1,0,0,2,3,60,3232270721,94,47,80,17,29483,59861,4,0,0,43,15,2211110130,17,59861,11123,2131,94,1130,907.0,710.3333333333334,-0.5764007918913747,-1.4999999999999996,198221.55555555556,1018.5,500.5,518.0,10820,52,1096,1096.0,721.3333333333334,-0.5732513986256219,-1.4626120892184111,202758.8888888889,1096.0,234.0,862.0,1634046390.245339,0.0003359317779541,12.384694814682005
3020,0,1,0,0,3,2,408,2211110130,442,64,428,17,59861,29483,4,0,0,43,15,2211110130,17,59861,11123,2573,94,1130,674.5,643.25,-0.1537997471157346,-1.5396113697276137,162166.6875,962.75,355.0,607.75,11228,52,1096,984.5,701.75,-0.4554981718329248,-1.5317183027951602,195839.0625,1096.0,321.0,775.0,1634046390.276408,0.0310690402984619,12.415763854980467
3021,0,1,0,0,3,2,1116,2211110130,1150,64,1136,17,59861,29483,4,0,0,43,15,2211110130,17,59861,11123,3723,94,1150,907.0,744.6,-0.4955723317714387,-1.373395691402442,170820.63999999998,1130.0,442.0,688.0,12344,52,1116,1096.0,726.1176470588235,-0.5526349368515997,-1.439068395369479,193819.63321799305,1096.0,408.0,688.0,1634046390.276408,0.0,12.415763854980467
3022,0,1,0,0,3,2,52,2211110130,86,64,72,17,59861,29483,4,0,0,43,15,2211110130,17,59861,11123,3809,86,1150,674.5,634.8333333333334,-0.0957520542212635,-1.7261259055148634,202594.1388888889,1074.25,181.0,893.25,12396,52,1116,984.5,688.6666666666666,-0.4065236608261459,-1.6128281213210205,206895.6666666667,1096.0,147.0,949.0,1634046390.276408,0.0,12.415763854980467
3023,0,1,0,0,3,2,1096,2211110130,1130,64,1116,17,59861,29483,4,0,0,43,15,2211110130,17,59861,11123,4939,86,1150,907.0,705.5714285714286,-0.3668061497967732,-1.630677515349215,203675.38775510204,1130.0,268.0,862.0,13492,52,1116,1096.0,710.1052631578947,-0.4964301721737886,-1.5365545101585036,204279.4626038781,1096.0,234.0,862.0,1634046390.282047,0.0056390762329101,12.421402931213377
3024,0,1,0,0,3,2,1096,2211110130,1130,64,1116,17,59861,29483,4,0,0,43,15,2211110130,17,59861,11123,6069,86,1150,1018.5,758.625,-0.5859752158403896,-1.4335912840419038,197918.734375,1130.0,355.0,775.0,14588,52,1116,1096.0,729.4,-0.5799910042070291,-1.4498660269864918,201138.94,1096.0,321.0,775.0,1634046390.282776,0.0007290840148925,12.42213201522827
3025,0,1,0,0,3,2,1096,2211110130,1130,64,1116,17,59861,29483,4,0,0,43,15,2211110130,17,59861,11123,7199,86,1150,1130.0,799.8888888888889,-0.7719661505790703,-1.1844568581937658,189549.43209876545,1130.0,442.0,688.0,1096,1096,1096,1096.0,1096.0,0.0,-3.0,0.0,1096.0,1096.0,0.0,1634046390.282776,0.0,12.42213201522827
3026,0,1,0,0,3,2,1096,2211110130,1130,64,1116,17,59861,29483,4,0,0,43,15,2211110130,17,59861,11123,8329,86,1150,1130.0,832.9,-0.934961479044654,-0.9052324894079522,180402.09,1130.0,558.25,571.75,2192,1096,1096,1096.0,1096.0,0.0,-3.0,0.0,1096.0,1096.0,0.0,1634046390.282776,0.0,12.42213201522827
3027,0,1,0,0,3,2,1096,2211110130,1130,64,1116,17,59861,29483,4,0,0,43,15,2211110130,17,59861,11123,9459,86,1150,1130.0,859.9090909090909,-1.0810529209088064,-0.6070761048697277,171296.8099173554,1130.0,674.5,455.5,3288,1096,1096,1096.0,1096.0,0.0,-3.0,0.0,1096.0,1096.0,0.0,1634046390.283356,0.000579833984375,12.422711849212645
3028,0,1,0,0,3,2,1096,2211110130,1130,64,1116,17,59861,29483,4,0,0,43,15,2211110130,17,59861,11123,10589,86,1150,1130.0,882.4166666666666,-1.2141618801757734,-0.2962448785952678,162594.5763888889,1130.0,790.75,339.25,4384,1096,1096,1096.0,1096.0,0.0,-3.0,0.0,1096.0,1096.0,0.0,1634046390.283356,0.0,12.422711849212645
3029,0,1,0,0,3,2,1096,2211110130,1130,64,1116,17,59861,29483,4,0,0,43,15,2211110130,17,59861,11123,11719,86,1150,1130.0,901.4615384615385,-1.3369593825030626,0.023484317751989,154439.78698224857,1130.0,907.0,223.0,5480,1096,1096,1096.0,1096.0,0.0,-3.0,0.0,1096.0,1096.0,0.0,1634046390.284024,0.0006680488586425,12.423379898071287
3030,0,1,0,0,3,2,1096,2211110130,1130,64,1116,17,59861,29483,4,0,0,43,15,2211110130,17,59861,11123,12849,86,1150,1130.0,917.7857142857144,-1.4513473934809895,0.3496981331529163,146872.59693877544,1130.0,962.75,167.25,6576,1096,1096,1096.0,1096.0,0.0,-3.0,0.0,1096.0,1096.0,0.0,1634046390.284024,0.0,12.423379898071287
3031,0,1,0,0,3,2,1096,2211110130,1130,64,1116,17,59861,29483,4,0,0,43,15,2211110130,17,59861,11123,13979,86,1150,1130.0,931.9333333333332,-1.5587294220253178,0.6807829033955857,139883.2622222222,1130.0,1018.5,111.5,7672,1096,1096,1096.0,1096.0,0.0,-3.0,0.0,1096.0,1096.0,0.0,1634046390.284024,0.0,12.423379898071287
3032,0,1,0,0,3,2,1096,2211110130,1130,64,1116,17,59861,29483,4,0,0,43,15,2211110130,17,59861,11123,15109,86,1150,1130.0,944.3125,-1.660171828901423,1.0156190021364715,133439.21484375,1130.0,1074.25,55.75,8768,1096,1096,1096.0,1096.0,0.0,-3.0,0.0,1096.0,1096.0,0.0,1634046390.284024,0.0,12.423379898071287
3033,0,1,0,0,3,2,1096,2211110130,1130,64,1116,17,59861,29483,4,0,0,43,15,2211110130,17,59861,11123,16239,86,1150,1130.0,955.2352941176472,-1.756504735934179,1.353405330228469,127498.76816608995,1130.0,1130.0,0.0,9864,1096,1096,1096.0,1096.0,0.0,-3.0,0.0,1096.0,1096.0,0.0,1634046390.284554,0.0005300045013427,12.42390990257263
3034,0,1,0,0,3,2,1096,2211110130,1130,64,1116,17,59861,29483,4,0,0,43,15,2211110130,17,59861,11123,17369,86,1150,1130.0,964.9444444444443,-1.8483877477166413,1.6935536215612368,122018.05246913584,1130.0,1130.0,0.0,10960,1096,1096,1096.0,1096.0,0.0,-3.0,0.0,1096.0,1096.0,0.0,1634046390.284554,0.0,12.42390990257263
3035,0,1,0,0,3,2,1096,2211110130,1130,64,1116,17,59861,29483,4,0,0,43,15,2211110130,17,59861,11123,18499,86,1150,1130.0,973.6315789473684,-1.936354241713556,2.035622195632511,116954.4432132964,1130.0,1130.0,0.0,12056,1096,1096,1096.0,1096.0,0.0,-3.0,0.0,1096.0,1096.0,0.0,1634046390.285991,0.0014369487762451,12.425346851348875
3036,0,1,0,0,3,2,1096,2211110130,1130,64,1116,17,59861,29483,4,0,0,43,15,2211110130,17,59861,11123,19629,86,1150,1130.0,981.45,-2.020842100952521,2.379272994412948,112268.1475,1130.0,1130.0,0.0,13152,1096,1096,1096.0,1096.0,0.0,-3.0,0.0,1096.0,1096.0,0.0,1634046390.285991,0.0,12.425346851348875
3037,0,1,0,0,3,2,1096,2211110130,1130,64,1116,17,59861,29483,4,0,0,43,15,2211110130,17,59861,11123,1130,1130,1130,1130.0,1130.0,0.0,-3.0,0.0,1130.0,1130.0,0.0,14248,1096,1096,1096.0,1096.0,0.0,-3.0,0.0,1096.0,1096.0,0.0,1634046390.285991,0.0,12.425346851348875
3038,0,1,0,0,3,2,1096,2211110130,1130,64,1116,17,59861,29483,4,0,0,43,15,2211110130,17,59861,11123,2260,1130,1130,1130.0,1130.0,0.0,-3.0,0.0,1130.0,1130.0,0.0,15344,1096,1096,1096.0,1096.0,0.0,-3.0,0.0,1096.0,1096.0,0.0,1634046390.286495,0.0005040168762207,12.425850868225096
3039,0,1,0,0,3,2,1096,2211110130,1130,64,1116,17,59861,29483,4,0,0,43,15,2211110130,17,59861,11123,3390,1130,1130,1130.0,1130.0,0.0,-3.0,0.0,1130.0,1130.0,0.0,16440,1096,1096,1096.0,1096.0,0.0,-3.0,0.0,1096.0,1096.0,0.0,1634046390.286495,0.0,12.425850868225096
3040,0,1,0,0,3,2,1096,2211110130,1130,64,1116,17,59861,29483,4,0,0,43,15,2211110130,17,59861,11123,4520,1130,1130,1130.0,1130.0,0.0,-3.0,0.0,1130.0,1130.0,0.0,17536,1096,1096,1096.0,1096.0,0.0,-3.0,0.0,1096.0,1096.0,0.0,1634046390.286495,0.0,12.425850868225096
3041,0,1,0,0,3,2,1096,2211110130,1130,64,1116,17,59861,29483,4,0,0,43,15,2211110130,17,59861,11123,5650,1130,1130,1130.0,1130.0,0.0,-3.0,0.0,1130.0,1130.0,0.0,18632,1096,1096,1096.0,1096.0,0.0,-3.0,0.0,1096.0,1096.0,0.0,1634046390.286495,0.0,12.425850868225096
3042,0,1,0,0,3,2,1096,2211110130,1130,64,1116,17,59861,29483,4,0,0,43,15,2211110130,17,59861,11123,6780,1130,1130,1130.0,1130.0,0.0,-3.0,0.0,1130.0,1130.0,0.0,19728,1096,1096,1096.0,1096.0,0.0,-3.0,0.0,1096.0,1096.0,0.0,1634046390.287019,0.0005240440368652,12.426374912261961
3043,0,1,0,0,3,2,1096,2211110130,1130,64,1116,17,59861,29483,4,0,0,43,15,2211110130,17,59861,11123,7910,1130,1130,1130.0,1130.0,0.0,-3.0,0.0,1130.0,1130.0,0.0,20824,1096,1096,1096.0,1096.0,0.0,-3.0,0.0,1096.0,1096.0,0.0,1634046390.287019,0.0,12.426374912261961
3044,0,1,0,0,3,2,1096,2211110130,1130,64,1116,17,59861,29483,4,0,0,43,15,2211110130,17,59861,11123,9040,1130,1130,1130.0,1130.0,0.0,-3.0,0.0,1130.0,1130.0,0.0,21920,1096,1096,1096.0,1096.0,0.0,-3.0,0.0,1096.0,1096.0,0.0,1634046390.287019,0.0,12.426374912261961
3045,0,1,0,0,3,2,1096,2211110130,1130,64,1116,17,59861,29483,4,0,0,43,15,2211110130,17,59861,11123,10170,1130,1130,1130.0,1130.0,0.0,-3.0,0.0,1130.0,1130.0,0.0,1096,1096,1096,1096.0,1096.0,0.0,-3.0,0.0,1096.0,1096.0,0.0,1634046390.287019,0.0,12.426374912261961
3046,0,1,0,0,3,2,1096,2211110130,1130,64,1116,17,59861,29483,4,0,0,43,15,2211110130,17,59861,11123,11300,1130,1130,1130.0,1130.0,0.0,-3.0,0.0,1130.0,1130.0,0.0,2192,1096,1096,1096.0,1096.0,0.0,-3.0,0.0,1096.0,1096.0,0.0,1634046390.287872,0.0008530616760253,12.427227973937987
3047,0,1,0,0,3,2,1096,2211110130,1130,64,1116,17,59861,29483,4,0,0,43,15,2211110130,17,59861,11123,12430,1130,1130,1130.0,1130.0,0.0,-3.0,0.0,1130.0,1130.0,0.0,3288,1096,1096,1096.0,1096.0,0.0,-3.0,0.0,1096.0,1096.0,0.0,1634046390.287872,0.0,12.427227973937987
3048,0,1,0,0,2,3,60,3232270721,94,47,80,17,29483,59861,4,0,0,43,15,2211110130,17,59861,11123,12524,94,1130,1130.0,1043.6666666666667,-3.015113445777637,7.090909090909092,81987.88888888889,1130.0,1130.0,0.0,3348,60,1096,1096.0,837.0,-1.1547005383792517,-0.6666666666666665,201243.0,1096.0,837.0,259.0,1634046390.291285,0.0034129619598388,12.430640935897825
3049,0,1,0,0,3,2,1116,2211110130,1150,64,1136,17,59861,29483,4,0,0,43,15,2211110130,17,59861,11123,13674,94,1150,1130.0,1051.8461538461538,-3.1733286004817054,8.075371862370881,76483.97633136094,1130.0,1130.0,0.0,4464,60,1116,1096.0,892.8,-1.498694639451965,0.2482875521764365,173448.96000000002,1096.0,1096.0,0.0,1634046390.292148,0.0008630752563476,12.431504011154173
3050,0,1,0,0,3,2,1096,2211110130,1130,64,1116,17,59861,29483,4,0,0,43,15,2211110130,17,59861,11123,14804,94,1150,1130.0,1057.428571428571,-3.326027414504146,9.068203973225344,71425.95918367348,1130.0,1130.0,0.0,5560,60,1116,1096.0,926.6666666666666,-1.787415105428971,1.1974652125141088,150275.55555555553,1096.0,1096.0,0.0,1634046390.292148,0.0,12.431504011154173
3051,0,1,0,0,3,2,1096,2211110130,1130,64,1116,17,59861,29483,4,0,0,43,15,2211110130,17,59861,11123,15934,94,1150,1130.0,1062.2666666666669,-3.472149200414126,10.061953585421174,66991.92888888888,1130.0,1130.0,0.0,6656,60,1116,1096.0,950.8571428571428,-2.0396857689846426,2.163330484531224,132318.69387755104,1096.0,1096.0,0.0,1634046390.292148,0.0,12.431504011154173
3052,0,1,0,0,3,2,1096,2211110130,1130,64,1116,17,59861,29483,4,0,0,43,15,2211110130,17,59861,11123,17064,94,1150,1130.0,1066.5,-3.612466745270548,11.056437214953894,63073.75,1130.0,1130.0,0.0,7752,60,1116,1096.0,969.0,-2.2661257914347903,3.1387335290790803,118083.0,1096.0,1096.0,0.0,1634046390.292727,0.0005788803100585,12.432082891464232
3053,0,1,0,0,3,2,1096,2211110130,1130,64,1116,17,59861,29483,4,0,0,43,15,2211110130,17,59861,11123,18194,94,1150,1130.0,1070.235294117647,-3.7476137006394223,12.051517244761015,59586.76816608997,1130.0,1130.0,0.0,8848,60,1116,1096.0,983.1111111111112,-2.4731151991695586,4.120098479969196,106555.65432098764,1096.0,1096.0,0.0,1634046390.292727,0.0,12.432082891464232
3054,0,1,0,0,3,2,1096,2211110130,1130,64,1116,17,59861,29483,4,0,0,43,15,2211110130,17,59861,11123,19324,94,1150,1130.0,1073.5555555555557,-3.878117093396444,13.047088435632762,56463.80246913579,1130.0,1130.0,0.0,9944,60,1116,1096.0,994.4,-2.66481670133602,5.105438403123673,97047.04,1096.0,1096.0,0.0,1634046390.292727,0.0,12.432082891464232
3055,0,1,0,0,3,2,1096,2211110130,1130,64,1116,17,59861,29483,4,0,0,43,15,2211110130,17,59861,11123,20454,94,1150,1130.0,1076.5263157894738,-4.004420723481373,14.043068933092911,53650.88088642659,1130.0,1130.0,0.0,11040,60,1116,1096.0,1003.6363636363636,-2.8441133943241,6.093560994871311,89077.68595041323,1096.0,1096.0,0.0,1634046390.29362,0.0008931159973144,12.432976007461546
3056,0,1,0,0,3,2,1096,2211110130,1130,64,1116,17,59861,29483,4,0,0,43,15,2211110130,17,59861,11123,21584,94,1150,1130.0,1079.2,-4.126902377109573,15.039394113983292,51104.16,1130.0,1130.0,0.0,12136,60,1116,1096.0,1011.3333333333334,-3.013094503731087,7.083707449494314,82306.22222222225,1096.0,1096.0,0.0,1634046390.29362,0.0,12.432976007461546
3057,0,1,0,0,3,2,1096,2211110130,1130,64,1116,17,59861,29483,4,0,0,43,15,2211110130,17,59861,11123,1130,1130,1130,1130.0,1130.0,0.0,-3.0,0.0,1130.0,1130.0,0.0,13232,60,1116,1096.0,1017.8461538461538,-3.173328600481708,8.07537186237088,76483.97633136093,1096.0,1096.0,0.0,1634046390.294171,0.0005509853363037,12.43352699279785
3058,0,1,0,0,3,2,1096,2211110130,1130,64,1116,17,59861,29483,4,0,0,43,15,2211110130,17,59861,11123,2260,1130,1130,1130.0,1130.0,0.0,-3.0,0.0,1130.0,1130.0,0.0,14328,60,1116,1096.0,1023.4285714285714,-3.3260274145041477,9.068203973225346,71425.95918367348,1096.0,1096.0,0.0,1634046390.294171,0.0,12.43352699279785
3059,0,1,0,0,3,2,1096,2211110130,1130,64,1116,17,59861,29483,4,0,0,43,15,2211110130,17,59861,11123,3390,1130,1130,1130.0,1130.0,0.0,-3.0,0.0,1130.0,1130.0,0.0,15424,60,1116,1096.0,1028.2666666666669,-3.4721492004141234,10.061953585421174,66991.9288888889,1096.0,1096.0,0.0,1634046390.294171,0.0,12.43352699279785
3060,0,1,0,0,3,2,1096,2211110130,1130,64,1116,17,59861,29483,4,0,0,43,15,2211110130,17,59861,11123,4520,1130,1130,1130.0,1130.0,0.0,-3.0,0.0,1130.0,1130.0,0.0,16520,60,1116,1096.0,1032.5,-3.612466745270548,11.056437214953894,63073.75,1096.0,1096.0,0.0,1634046390.294941,0.0007698535919189,12.434296846389769
3061,0,1,0,0,3,2,1096,2211110130,1130,64,1116,17,59861,29483,4,0,0,43,15,2211110130,17,59861,11123,5650,1130,1130,1130.0,1130.0,0.0,-3.0,0.0,1130.0,1130.0,0.0,17616,60,1116,1096.0,1036.235294117647,-3.7476137006394223,12.051517244761015,59586.76816608997,1096.0,1096.0,0.0,1634046390.294941,0.0,12.434296846389769
3062,0,1,0,0,3,2,1096,2211110130,1130,64,1116,17,59861,29483,4,0,0,43,15,2211110130,17,59861,11123,6780,1130,1130,1130.0,1130.0,0.0,-3.0,0.0,1130.0,1130.0,0.0,18712,60,1116,1096.0,1039.5555555555557,-3.878117093396444,13.047088435632762,56463.80246913579,1096.0,1096.0,0.0,1634046390.294941,0.0,12.434296846389769
3063,0,1,0,0,3,2,1096,2211110130,1130,64,1116,17,59861,29483,4,0,0,43,15,2211110130,17,59861,11123,7910,1130,1130,1130.0,1130.0,0.0,-3.0,0.0,1130.0,1130.0,0.0,19808,60,1116,1096.0,1042.5263157894738,-4.004420723481373,14.043068933092911,53650.88088642659,1096.0,1096.0,0.0,1634046390.295444,0.0005030632019042,12.434799909591673
3064,0,1,0,0,3,2,1096,2211110130,1130,64,1116,17,59861,29483,4,0,0,43,15,2211110130,17,59861,11123,9040,1130,1130,1130.0,1130.0,0.0,-3.0,0.0,1130.0,1130.0,0.0,20904,60,1116,1096.0,1045.2,-4.126902377109573,15.039394113983292,51104.16,1096.0,1096.0,0.0,1634046390.295444,0.0,12.434799909591673
3065,0,1,0,0,3,2,1096,2211110130,1130,64,1116,17,59861,29483,4,0,0,43,15,2211110130,17,59861,11123,10170,1130,1130,1130.0,1130.0,0.0,-3.0,0.0,1130.0,1130.0,0.0,1096,1096,1096,1096.0,1096.0,0.0,-3.0,0.0,1096.0,1096.0,0.0,1634046390.295444,0.0,12.434799909591673
3066,0,1,0,0,3,2,1096,2211110130,1130,64,1116,17,59861,29483,4,0,0,43,15,2211110130,17,59861,11123,11300,1130,1130,1130.0,1130.0,0.0,-3.0,0.0,1130.0,1130.0,0.0,2192,1096,1096,1096.0,1096.0,0.0,-3.0,0.0,1096.0,1096.0,0.0,1634046390.295444,0.0,12.434799909591673
3067,0,1,0,0,3,2,1096,2211110130,1130,64,1116,17,59861,29483,4,0,0,43,15,2211110130,17,59861,11123,12430,1130,1130,1130.0,1130.0,0.0,-3.0,0.0,1130.0,1130.0,0.0,3288,1096,1096,1096.0,1096.0,0.0,-3.0,0.0,1096.0,1096.0,0.0,1634046390.295962,0.0005180835723876,12.43531799316406
3068,0,1,0,0,3,2,1096,2211110130,1130,64,1116,17,59861,29483,4,0,0,43,15,2211110130,17,59861,11123,13560,1130,1130,1130.0,1130.0,0.0,-3.0,0.0,1130.0,1130.0,0.0,4384,1096,1096,1096.0,1096.0,0.0,-3.0,0.0,1096.0,1096.0,0.0,1634046390.295962,0.0,12.43531799316406
3069,0,1,0,0,3,2,1096,2211110130,1130,64,1116,17,59861,29483,4,0,0,43,15,2211110130,17,59861,11123,14690,1130,1130,1130.0,1130.0,0.0,-3.0,0.0,1130.0,1130.0,0.0,5480,1096,1096,1096.0,1096.0,0.0,-3.0,0.0,1096.0,1096.0,0.0,1634046390.295962,0.0,12.43531799316406
3070,0,1,0,0,3,2,1096,2211110130,1130,64,1116,17,59861,29483,4,0,0,43,15,2211110130,17,59861,11123,15820,1130,1130,1130.0,1130.0,0.0,-3.0,0.0,1130.0,1130.0,0.0,6576,1096,1096,1096.0,1096.0,0.0,-3.0,0.0,1096.0,1096.0,0.0,1634046390.296474,0.000511884689331,12.435829877853392
3071,0,1,0,0,3,2,1096,2211110130,1130,64,1116,17,59861,29483,4,0,0,43,15,2211110130,17,59861,11123,16950,1130,1130,1130.0,1130.0,0.0,-3.0,0.0,1130.0,1130.0,0.0,7672,1096,1096,1096.0,1096.0,0.0,-3.0,0.0,1096.0,1096.0,0.0,1634046390.296474,0.0,12.435829877853392
3072,0,1,0,0,3,2,1096,2211110130,1130,64,1116,17,59861,29483,4,0,0,43,15,2211110130,17,59861,11123,18080,1130,1130,1130.0,1130.0,0.0,-3.0,0.0,1130.0,1130.0,0.0,8768,1096,1096,1096.0,1096.0,0.0,-3.0,0.0,1096.0,1096.0,0.0,1634046390.296474,0.0,12.435829877853392
3073,0,1,0,0,3,2,1096,2211110130,1130,64,1116,17,59861,29483,4,0,0,43,15,2211110130,17,59861,11123,19210,1130,1130,1130.0,1130.0,0.0,-3.0,0.0,1130.0,1130.0,0.0,9864,1096,1096,1096.0,1096.0,0.0,-3.0,0.0,1096.0,1096.0,0.0,1634046390.296474,0.0,12.435829877853392
3074,0,1,0,0,3,2,1096,2211110130,1130,64,1116,17,59861,29483,4,0,0,43,15,2211110130,17,59861,11123,20340,1130,1130,1130.0,1130.0,0.0,-3.0,0.0,1130.0,1130.0,0.0,10960,1096,1096,1096.0,1096.0,0.0,-3.0,0.0,1096.0,1096.0,0.0,1634046390.296991,0.0005171298980712,12.436347007751463
3075,0,1,0,0,3,2,1116,2211110130,1150,64,1136,17,59861,29483,4,0,0,43,15,2211110130,17,59861,11123,21490,1130,1150,1130.0,1131.0526315789473,4.006938426723826,14.05555555555586,19.944598337950136,1130.0,1130.0,0.0,12076,1096,1116,1096.0,1097.8181818181818,2.846049894151573,6.100000000000126,33.05785123966942,1096.0,1096.0,0.0,1634046390.296991,0.0,12.436347007751463
3076,0,1,0,0,3,2,1096,2211110130,1130,64,1116,17,59861,29483,4,0,0,43,15,2211110130,17,59861,11123,22620,1130,1150,1130.0,1131.0,4.129483209670112,15.05263157894737,19.0,1130.0,1130.0,0.0,13172,1096,1116,1096.0,1097.6666666666667,3.0151134457775943,7.090909090908923,30.55555555555556,1096.0,1096.0,0.0,1634046390.296991,0.0,12.436347007751463
3077,0,1,0,0,3,2,1096,2211110130,1130,64,1116,17,59861,29483,4,0,0,43,15,2211110130,17,59861,11123,1130,1130,1130,1130.0,1130.0,0.0,-3.0,0.0,1130.0,1130.0,0.0,14268,1096,1116,1096.0,1097.5384615384614,3.175426480543001,8.083333333333583,28.40236686390533,1096.0,1096.0,0.0,1634046390.297509,0.0005178451538085,12.436864852905272
3078,0,1,0,0,3,2,1096,2211110130,1130,64,1116,17,59861,29483,4,0,0,43,15,2211110130,17,59861,11123,2260,1130,1130,1130.0,1130.0,0.0,-3.0,0.0,1130.0,1130.0,0.0,15364,1096,1116,1096.0,1097.428571428571,3.3282011773514317,9.076923076923327,26.53061224489796,1096.0,1096.0,0.0,1634046390.297509,0.0,12.436864852905272
3079,0,1,0,0,3,2,1096,2211110130,1130,64,1116,17,59861,29483,4,0,0,43,15,2211110130,17,59861,11123,3390,1130,1130,1130.0,1130.0,0.0,-3.0,0.0,1130.0,1130.0,0.0,16460,1096,1116,1096.0,1097.3333333333333,3.474396144861561,10.071428571428774,24.8888888888889,1096.0,1096.0,0.0,1634046390.297509,0.0,12.436864852905272
3080,0,1,0,0,3,2,1096,2211110130,1130,64,1116,17,59861,29483,4,0,0,43,15,2211110130,17,59861,11123,4520,1130,1130,1130.0,1130.0,0.0,-3.0,0.0,1130.0,1130.0,0.0,17556,1096,1116,1096.0,1097.25,3.614784456460256,11.066666666666666,23.4375,1096.0,1096.0,0.0,1634046390.297509,0.0,12.436864852905272
3081,0,1,0,0,3,2,1096,2211110130,1130,64,1116,17,59861,29483,4,0,0,43,15,2211110130,17,59861,11123,5650,1130,1130,1130.0,1130.0,0.0,-3.0,0.0,1130.0,1130.0,0.0,18652,1096,1116,1096.0,1097.1764705882354,3.749999999999957,12.06249999999979,22.14532871972318,1096.0,1096.0,0.0,1634046390.298038,0.0005290508270263,12.437393903732298
3082,0,1,0,0,3,2,1096,2211110130,1130,64,1116,17,59861,29483,4,0,0,43,15,2211110130,17,59861,11123,6780,1130,1130,1130.0,1130.0,0.0,-3.0,0.0,1130.0,1130.0,0.0,19748,1096,1116,1096.0,1097.111111111111,3.880570000581343,13.058823529411846,20.98765432098766,1096.0,1096.0,0.0,1634046390.298038,0.0,12.437393903732298
3083,0,1,0,0,3,2,1096,2211110130,1130,64,1116,17,59861,29483,4,0,0,43,15,2211110130,17,59861,11123,7910,1130,1130,1130.0,1130.0,0.0,-3.0,0.0,1130.0,1130.0,0.0,20844,1096,1116,1096.0,1097.0526315789473,4.006938426723828,14.055555555555864,19.944598337950133,1096.0,1096.0,0.0,1634046390.298038,0.0,12.437393903732298
3084,0,1,0,0,3,2,1096,2211110130,1130,64,1116,17,59861,29483,4,0,0,43,15,2211110130,17,59861,11123,9040,1130,1130,1130.0,1130.0,0.0,-3.0,0.0,1130.0,1130.0,0.0,21940,1096,1116,1096.0,1097.0,4.129483209670112,15.05263157894737,19.0,1096.0,1096.0,0.0,1634046390.298038,0.0,12.437393903732298
3085,0,1,0,0,3,2,1096,2211110130,1130,64,1116,17,59861,29483,4,0,0,43,15,2211110130,17,59861,11123,10170,1130,1130,1130.0,1130.0,0.0,-3.0,0.0,1130.0,1130.0,0.0,1096,1096,1096,1096.0,1096.0,0.0,-3.0,0.0,1096.0,1096.0,0.0,1634046390.298546,0.0005080699920654,12.437901973724363
3086,0,1,0,0,3,2,1096,2211110130,1130,64,1116,17,59861,29483,4,0,0,43,15,2211110130,17,59861,11123,11300,1130,1130,1130.0,1130.0,0.0,-3.0,0.0,1130.0,1130.0,0.0,2192,1096,1096,1096.0,1096.0,0.0,-3.0,0.0,1096.0,1096.0,0.0,1634046390.298546,0.0,12.437901973724363
3087,0,1,0,0,3,2,1096,2211110130,1130,64,1116,17,59861,29483,4,0,0,43,15,2211110130,17,59861,11123,12430,1130,1130,1130.0,1130.0,0.0,-3.0,0.0,1130.0,1130.0,0.0,3288,1096,1096,1096.0,1096.0,0.0,-3.0,0.0,1096.0,1096.0,0.0,1634046390.298546,0.0,12.437901973724363
3088,0,1,0,0,3,2,1096,2211110130,1130,64,1116,17,59861,29483,4,0,0,43,15,2211110130,17,59861,11123,13560,1130,1130,1130.0,1130.0,0.0,-3.0,0.0,1130.0,1130.0,0.0,4384,1096,1096,1096.0,1096.0,0.0,-3.0,0.0,1096.0,1096.0,0.0,1634046390.298546,0.0,12.437901973724363
3089,0,1,0,0,3,2,1096,2211110130,1130,64,1116,17,59861,29483,4,0,0,43,15,2211110130,17,59861,11123,14690,1130,1130,1130.0,1130.0,0.0,-3.0,0.0,1130.0,1130.0,0.0,5480,1096,1096,1096.0,1096.0,0.0,-3.0,0.0,1096.0,1096.0,0.0,1634046390.299065,0.0005190372467041,12.438421010971068
3090,0,1,0,0,3,2,1096,2211110130,1130,64,1116,17,59861,29483,4,0,0,43,15,2211110130,17,59861,11123,15820,1130,1130,1130.0,1130.0,0.0,-3.0,0.0,1130.0,1130.0,0.0,6576,1096,1096,1096.0,1096.0,0.0,-3.0,0.0,1096.0,1096.0,0.0,1634046390.299065,0.0,12.438421010971068
3091,0,1,0,0,3,2,1096,2211110130,1130,64,1116,17,59861,29483,4,0,0,43,15,2211110130,17,59861,11123,16950,1130,1130,1130.0,1130.0,0.0,-3.0,0.0,1130.0,1130.0,0.0,7672,1096,1096,1096.0,1096.0,0.0,-3.0,0.0,1096.0,1096.0,0.0,1634046390.299065,0.0,12.438421010971068
3092,0,1,0,0,3,2,1096,2211110130,1130,64,1116,17,59861,29483,4,0,0,43,15,2211110130,17,59861,11123,18080,1130,1130,1130.0,1130.0,0.0,-3.0,0.0,1130.0,1130.0,0.0,8768,1096,1096,1096.0,1096.0,0.0,-3.0,0.0,1096.0,1096.0,0.0,1634046390.299566,0.0005009174346923,12.43892192840576
3093,0,1,0,0,3,2,1096,2211110130,1130,64,1116,17,59861,29483,4,0,0,43,15,2211110130,17,59861,11123,19210,1130,1130,1130.0,1130.0,0.0,-3.0,0.0,1130.0,1130.0,0.0,9864,1096,1096,1096.0,1096.0,0.0,-3.0,0.0,1096.0,1096.0,0.0,1634046390.299566,0.0,12.43892192840576
3094,0,1,0,0,3,2,1096,2211110130,1130,64,1116,17,59861,29483,4,0,0,43,15,2211110130,17,59861,11123,20340,1130,1130,1130.0,1130.0,0.0,-3.0,0.0,1130.0,1130.0,0.0,10960,1096,1096,1096.0,1096.0,0.0,-3.0,0.0,1096.0,1096.0,0.0,1634046390.299566,0.0,12.43892192840576
3095,0,1,0,0,3,2,1096,2211110130,1130,64,1116,17,59861,29483,4,0,0,43,15,2211110130,17,59861,11123,21470,1130,1130,1130.0,1130.0,0.0,-3.0,0.0,1130.0,1130.0,0.0,12056,1096,1096,1096.0,1096.0,0.0,-3.0,0.0,1096.0,1096.0,0.0,1634046390.299566,0.0,12.43892192840576
3096,0,1,0,0,3,2,1096,2211110130,1130,64,1116,17,59861,29483,4,0,0,43,15,2211110130,17,59861,11123,22600,1130,1130,1130.0,1130.0,0.0,-3.0,0.0,1130.0,1130.0,0.0,13152,1096,1096,1096.0,1096.0,0.0,-3.0,0.0,1096.0,1096.0,0.0,1634046390.300122,0.0005559921264648,12.439477920532225
3097,0,1,0,0,3,2,1096,2211110130,1130,64,1116,17,59861,29483,4,0,0,43,15,2211110130,17,59861,11123,1130,1130,1130,1130.0,1130.0,0.0,-3.0,0.0,1130.0,1130.0,0.0,14248,1096,1096,1096.0,1096.0,0.0,-3.0,0.0,1096.0,1096.0,0.0,1634046390.300122,0.0,12.439477920532225
3098,0,1,0,0,3,2,1096,2211110130,1130,64,1116,17,59861,29483,4,0,0,43,15,2211110130,17,59861,11123,2260,1130,1130,1130.0,1130.0,0.0,-3.0,0.0,1130.0,1130.0,0.0,15344,1096,1096,1096.0,1096.0,0.0,-3.0,0.0,1096.0,1096.0,0.0,1634046390.300122,0.0,12.439477920532225
3099,0,1,0,0,3,2,1096,2211110130,1130,64,1116,17,59861,29483,4,0,0,43,15,2211110130,17,59861,11123,3390,1130,1130,1130.0,1130.0,0.0,-3.0,0.0,1130.0,1130.0,0.0,16440,1096,1096,1096.0,1096.0,0.0,-3.0,0.0,1096.0,1096.0,0.0,1634046390.300122,0.0,12.439477920532225
3100,0,1,0,0,3,2,1096,2211110130,1130,64,1116,17,59861,29483,4,0,0,43,15,2211110130,17,59861,11123,4520,1130,1130,1130.0,1130.0,0.0,-3.0,0.0,1130.0,1130.0,0.0,17536,1096,1096,1096.0,1096.0,0.0,-3.0,0.0,1096.0,1096.0,0.0,1634046390.300728,0.0006060600280761,12.440083980560301
3101,0,1,0,0,3,2,1116,2211110130,1150,64,1136,17,59861,29483,4,0,0,43,15,2211110130,17,59861,11123,5670,1130,1150,1130.0,1134.0,1.5,0.25,64.0,1130.0,1130.0,0.0,18652,1096,1116,1096.0,1097.1764705882354,3.7499999999999583,12.062499999999789,22.14532871972318,1096.0,1096.0,0.0,1634046390.300728,0.0,12.440083980560301
3102,0,1,0,0,3,2,1096,2211110130,1130,64,1116,17,59861,29483,4,0,0,43,15,2211110130,17,59861,11123,6800,1130,1150,1130.0,1133.3333333333333,1.788854381999862,1.200000000000072,55.55555555555557,1130.0,1130.0,0.0,19748,1096,1116,1096.0,1097.111111111111,3.880570000581343,13.058823529411846,20.98765432098766,1096.0,1096.0,0.0,1634046390.300728,0.0,12.440083980560301
3103,0,1,0,0,3,2,1096,2211110130,1130,64,1116,17,59861,29483,4,0,0,43,15,2211110130,17,59861,11123,7930,1130,1150,1130.0,1132.857142857143,2.041241452319301,2.166666666666627,48.9795918367347,1130.0,1130.0,0.0,20844,1096,1116,1096.0,1097.0526315789473,4.006938426723827,14.055555555555864,19.944598337950133,1096.0,1096.0,0.0,1634046390.300728,0.0,12.440083980560301
3104,0,1,0,0,3,2,1096,2211110130,1130,64,1116,17,59861,29483,4,0,0,43,15,2211110130,17,59861,11123,9060,1130,1150,1130.0,1132.5,2.2677868380553634,3.1428571428571432,43.75,1130.0,1130.0,0.0,21940,1096,1116,1096.0,1097.0,4.129483209670112,15.05263157894737,19.0,1096.0,1096.0,0.0,1634046390.301252,0.0005238056182861,12.440607786178587
3105,0,1,0,0,3,2,1096,2211110130,1130,64,1116,17,59861,29483,4,0,0,43,15,2211110130,17,59861,11123,10190,1130,1150,1130.0,1132.2222222222222,2.4748737341529403,4.125000000000078,39.50617283950618,1130.0,1130.0,0.0,1096,1096,1096,1096.0,1096.0,0.0,-3.0,0.0,1096.0,1096.0,0.0,1634046390.301252,0.0,12.440607786178587
3106,0,1,0,0,3,2,1096,2211110130,1130,64,1116,17,59861,29483,4,0,0,43,15,2211110130,17,59861,11123,11320,1130,1150,1130.0,1132.0,2.6666666666666665,5.111111111111111,36.0,1130.0,1130.0,0.0,2192,1096,1096,1096.0,1096.0,0.0,-3.0,0.0,1096.0,1096.0,0.0,1634046390.301252,0.0,12.440607786178587
3107,0,1,0,0,3,2,1096,2211110130,1130,64,1116,17,59861,29483,4,0,0,43,15,2211110130,17,59861,11123,12450,1130,1150,1130.0,1131.8181818181818,2.8460498941515744,6.100000000000124,33.05785123966942,1130.0,1130.0,0.0,3288,1096,1096,1096.0,1096.0,0.0,-3.0,0.0,1096.0,1096.0,0.0,1634046390.301252,0.0,12.440607786178587
3108,0,1,0,0,3,2,1096,2211110130,1130,64,1116,17,59861,29483,4,0,0,43,15,2211110130,17,59861,11123,13580,1130,1150,1130.0,1131.6666666666667,3.015113445777593,7.090909090908916,30.555555555555568,1130.0,1130.0,0.0,4384,1096,1096,1096.0,1096.0,0.0,-3.0,0.0,1096.0,1096.0,0.0,1634046390.301774,0.0005221366882324,12.44112992286682
3109,0,1,0,0,3,2,1096,2211110130,1130,64,1116,17,59861,29483,4,0,0,43,15,2211110130,17,59861,11123,14710,1130,1150,1130.0,1131.5384615384614,3.1754264805429995,8.083333333333577,28.40236686390534,1130.0,1130.0,0.0,5480,1096,1096,1096.0,1096.0,0.0,-3.0,0.0,1096.0,1096.0,0.0,1634046390.301774,0.0,12.44112992286682
3110,0,1,0,0,3,2,1096,2211110130,1130,64,1116,17,59861,29483,4,0,0,43,15,2211110130,17,59861,11123,15840,1130,1150,1130.0,1131.428571428571,3.3282011773514317,9.07692307692333,26.530612244897952,1130.0,1130.0,0.0,6576,1096,1096,1096.0,1096.0,0.0,-3.0,0.0,1096.0,1096.0,0.0,1634046390.301774,0.0,12.44112992286682
3111,0,1,0,0,3,2,1096,2211110130,1130,64,1116,17,59861,29483,4,0,0,43,15,2211110130,17,59861,11123,16970,1130,1150,1130.0,1131.3333333333333,3.474396144861561,10.071428571428772,24.888888888888903,1130.0,1130.0,0.0,7672,1096,1096,1096.0,1096.0,0.0,-3.0,0.0,1096.0,1096.0,0.0,1634046390.301774,0.0,12.44112992286682
3112,0,1,0,0,3,2,1096,2211110130,1130,64,1116,17,59861,29483,4,0,0,43,15,2211110130,17,59861,11123,18100,1130,1150,1130.0,1131.25,3.614784456460256,11.066666666666666,23.4375,1130.0,1130.0,0.0,8768,1096,1096,1096.0,1096.0,0.0,-3.0,0.0,1096.0,1096.0,0.0,1634046390.302294,0.0005199909210205,12.44164991378784
3113,0,1,0,0,3,2,1096,2211110130,1130,64,1116,17,59861,29483,4,0,0,43,15,2211110130,17,59861,11123,19230,1130,1150,1130.0,1131.1764705882354,3.749999999999957,12.06249999999979,22.14532871972318,1130.0,1130.0,0.0,9864,1096,1096,1096.0,1096.0,0.0,-3.0,0.0,1096.0,1096.0,0.0,1634046390.302294,0.0,12.44164991378784
3114,0,1,0,0,3,2,1096,2211110130,1130,64,1116,17,59861,29483,4,0,0,43,15,2211110130,17,59861,11123,20360,1130,1150,1130.0,1131.111111111111,3.880570000581343,13.058823529411846,20.98765432098766,1130.0,1130.0,0.0,10960,1096,1096,1096.0,1096.0,0.0,-3.0,0.0,1096.0,1096.0,0.0,1634046390.302294,0.0,12.44164991378784
3115,0,1,0,0,3,2,1096,2211110130,1130,64,1116,17,59861,29483,4,0,0,43,15,2211110130,17,59861,11123,21490,1130,1150,1130.0,1131.0526315789473,4.006938426723828,14.055555555555864,19.944598337950133,1130.0,1130.0,0.0,12056,1096,1096,1096.0,1096.0,0.0,-3.0,0.0,1096.0,1096.0,0.0,1634046390.30287,0.0005760192871093,12.44222593307495
3116,0,1,0,0,3,2,60,2211110130,94,64,80,17,59861,29483,4,0,0,43,15,2211110130,17,59861,11123,21584,94,1150,1130.0,1079.2,-4.126902377109574,15.039394113983295,51104.16,1130.0,1130.0,0.0,12116,60,1096,1096.0,1009.6666666666666,-3.015113445777636,7.090909090909092,81987.88888888889,1096.0,1096.0,0.0,1634046390.30287,0.0,12.44222593307495
3117,0,1,0,0,3,2,1096,2211110130,1130,64,1116,17,59861,29483,4,0,0,43,15,2211110130,17,59861,11123,1130,1130,1130,1130.0,1130.0,0.0,-3.0,0.0,1130.0,1130.0,0.0,13212,60,1096,1096.0,1016.3076923076924,-3.1754264805429413,8.08333333333333,76210.36686390532,1096.0,1096.0,0.0,1634046390.30287,0.0,12.44222593307495
3118,0,1,0,0,3,2,1096,2211110130,1130,64,1116,17,59861,29483,4,0,0,43,15,2211110130,17,59861,11123,2260,1130,1130,1130.0,1130.0,0.0,-3.0,0.0,1130.0,1130.0,0.0,14308,60,1096,1096.0,1022.0,-3.328201177351375,9.076923076923077,71188.0,1096.0,1096.0,0.0,1634046390.30287,0.0,12.44222593307495
3119,0,1,0,0,3,2,1096,2211110130,1130,64,1116,17,59861,29483,4,0,0,43,15,2211110130,17,59861,11123,3390,1130,1130,1130.0,1130.0,0.0,-3.0,0.0,1130.0,1130.0,0.0,15404,60,1096,1096.0,1026.9333333333334,-3.4743961448615197,10.071428571428578,66782.8622222222,1096.0,1096.0,0.0,1634046390.30287,0.0,12.44222593307495
3120,0,1,0,0,3,2,1096,2211110130,1130,64,1116,17,59861,29483,4,0,0,43,15,2211110130,17,59861,11123,4520,1130,1130,1130.0,1130.0,0.0,-3.0,0.0,1130.0,1130.0,0.0,16500,60,1096,1096.0,1031.25,-3.614784456460256,11.066666666666666,62888.4375,1096.0,1096.0,0.0,1634046390.30287,0.0,12.44222593307495
3121,0,1,0,0,3,2,1096,2211110130,1130,64,1116,17,59861,29483,4,0,0,43,15,2211110130,17,59861,11123,5650,1130,1130,1130.0,1130.0,0.0,-3.0,0.0,1130.0,1130.0,0.0,17596,60,1096,1096.0,1035.0588235294117,-3.749999999999999,12.062499999999991,59421.231833910046,1096.0,1096.0,0.0,1634046390.303464,0.0005939006805419,12.442819833755491
3122,0,1,0,0,3,2,1096,2211110130,1130,64,1116,17,59861,29483,4,0,0,43,15,2211110130,17,59861,11123,6780,1130,1130,1130.0,1130.0,0.0,-3.0,0.0,1130.0,1130.0,0.0,18692,60,1096,1096.0,1038.4444444444443,-3.8805700005813257,13.058823529411756,56314.91358024691,1096.0,1096.0,0.0,1634046390.303464,0.0,12.442819833755491
3123,0,1,0,0,3,2,1096,2211110130,1130,64,1116,17,59861,29483,4,0,0,43,15,2211110130,17,59861,11123,7910,1130,1130,1130.0,1130.0,0.0,-3.0,0.0,1130.0,1130.0,0.0,19788,60,1096,1096.0,1041.4736842105262,-4.006938426723766,14.055555555555546,53516.144044321336,1096.0,1096.0,0.0,1634046390.303464,0.0,12.442819833755491
3124,0,1,0,0,3,2,1096,2211110130,1130,64,1116,17,59861,29483,4,0,0,43,15,2211110130,17,59861,11123,9040,1130,1130,1130.0,1130.0,0.0,-3.0,0.0,1130.0,1130.0,0.0,20884,60,1096,1096.0,1044.2,-4.129483209670113,15.052631578947372,50981.56,1096.0,1096.0,0.0,1634046390.304725,0.0012609958648681,12.44408082962036
3125,0,1,0,0,3,2,1096,2211110130,1130,64,1116,17,59861,29483,4,0,0,43,15,2211110130,17,59861,11123,10170,1130,1130,1130.0,1130.0,0.0,-3.0,0.0,1130.0,1130.0,0.0,1096,1096,1096,1096.0,1096.0,0.0,-3.0,0.0,1096.0,1096.0,0.0,1634046390.304725,0.0,12.44408082962036
3126,0,1,0,0,3,2,1096,2211110130,1130,64,1116,17,59861,29483,4,0,0,43,15,2211110130,17,59861,11123,11300,1130,1130,1130.0,1130.0,0.0,-3.0,0.0,1130.0,1130.0,0.0,2192,1096,1096,1096.0,1096.0,0.0,-3.0,0.0,1096.0,1096.0,0.0,1634046390.304725,0.0,12.44408082962036
3127,0,1,0,0,3,2,1096,2211110130,1130,64,1116,17,59861,29483,4,0,0,43,15,2211110130,17,59861,11123,12430,1130,1130,1130.0,1130.0,0.0,-3.0,0.0,1130.0,1130.0,0.0,3288,1096,1096,1096.0,1096.0,0.0,-3.0,0.0,1096.0,1096.0,0.0,1634046390.304725,0.0,12.44408082962036
3128,0,1,0,0,3,2,1116,2211110130,1150,64,1136,17,59861,29483,4,0,0,43,15,2211110130,17,59861,11123,13580,1130,1150,1130.0,1131.6666666666667,3.015113445777595,7.090909090908927,30.55555555555556,1130.0,1130.0,0.0,4404,1096,1116,1096.0,1101.0,1.1547005383792517,-0.6666666666666665,75.0,1101.0,1096.0,5.0,1634046390.305251,0.000525951385498,12.444606781005858
3129,0,1,0,0,3,2,1096,2211110130,1130,64,1116,17,59861,29483,4,0,0,43,15,2211110130,17,59861,11123,14710,1130,1150,1130.0,1131.5384615384614,3.1754264805430004,8.083333333333583,28.40236686390533,1130.0,1130.0,0.0,5500,1096,1116,1096.0,1100.0,1.5,0.25,64.0,1096.0,1096.0,0.0,1634046390.305251,0.0,12.444606781005858
3130,0,1,0,0,3,2,1096,2211110130,1130,64,1116,17,59861,29483,4,0,0,43,15,2211110130,17,59861,11123,15840,1130,1150,1130.0,1131.428571428571,3.3282011773514317,9.076923076923327,26.53061224489796,1130.0,1130.0,0.0,6596,1096,1116,1096.0,1099.3333333333333,1.788854381999862,1.2000000000000703,55.55555555555557,1096.0,1096.0,0.0,1634046390.30793,0.0026791095733642,12.447285890579222
3131,0,1,0,0,3,2,1096,2211110130,1130,64,1116,17,59861,29483,4,0,0,43,15,2211110130,17,59861,11123,16970,1130,1150,1130.0,1131.3333333333333,3.4743961448615623,10.07142857142878,24.888888888888896,1130.0,1130.0,0.0,7692,1096,1116,1096.0,1098.857142857143,2.041241452319301,2.166666666666627,48.9795918367347,1096.0,1096.0,0.0,1634046390.30793,0.0,12.447285890579222
3132,0,1,0,0,3,2,1096,2211110130,1130,64,1116,17,59861,29483,4,0,0,43,15,2211110130,17,59861,11123,18100,1130,1150,1130.0,1131.25,3.614784456460256,11.066666666666666,23.4375,1130.0,1130.0,0.0,8788,1096,1116,1096.0,1098.5,2.2677868380553634,3.1428571428571432,43.75,1096.0,1096.0,0.0,1634046390.30793,0.0,12.447285890579222
3133,0,1,0,0,3,2,1096,2211110130,1130,64,1116,17,59861,29483,4,0,0,43,15,2211110130,17,59861,11123,19230,1130,1150,1130.0,1131.1764705882354,3.749999999999957,12.06249999999979,22.14532871972318,1130.0,1130.0,0.0,9884,1096,1116,1096.0,1098.2222222222222,2.4748737341529403,4.125000000000078,39.50617283950618,1096.0,1096.0,0.0,1634046390.30793,0.0,12.447285890579222
3134,0,1,0,0,3,2,1096,2211110130,1130,64,1116,17,59861,29483,4,0,0,43,15,2211110130,17,59861,11123,20360,1130,1150,1130.0,1131.111111111111,3.880570000581343,13.058823529411846,20.98765432098766,1130.0,1130.0,0.0,10980,1096,1116,1096.0,1098.0,2.6666666666666665,5.111111111111111,36.0,1096.0,1096.0,0.0,1634046390.30845,0.0005199909210205,12.447805881500242
3135,0,1,0,0,3,2,1096,2211110130,1130,64,1116,17,59861,29483,4,0,0,43,15,2211110130,17,59861,11123,21490,1130,1150,1130.0,1131.0526315789473,4.006938426723828,14.055555555555864,19.944598337950133,1130.0,1130.0,0.0,12076,1096,1116,1096.0,1097.8181818181818,2.8460498941515744,6.100000000000124,33.05785123966942,1096.0,1096.0,0.0,1634046390.30845,0.0,12.447805881500242
3136,0,1,0,0,3,2,1096,2211110130,1130,64,1116,17,59861,29483,4,0,0,43,15,2211110130,17,59861,11123,22620,1130,1150,1130.0,1131.0,4.129483209670112,15.05263157894737,19.0,1130.0,1130.0,0.0,13172,1096,1116,1096.0,1097.6666666666667,3.015113445777593,7.090909090908916,30.555555555555568,1096.0,1096.0,0.0,1634046390.30845,0.0,12.447805881500242
3137,0,1,0,0,3,2,1096,2211110130,1130,64,1116,17,59861,29483,4,0,0,43,15,2211110130,17,59861,11123,1130,1130,1130,1130.0,1130.0,0.0,-3.0,0.0,1130.0,1130.0,0.0,14268,1096,1116,1096.0,1097.5384615384614,3.1754264805429995,8.083333333333577,28.40236686390534,1096.0,1096.0,0.0,1634046390.30845,0.0,12.447805881500242
3138,0,1,0,0,3,2,1096,2211110130,1130,64,1116,17,59861,29483,4,0,0,43,15,2211110130,17,59861,11123,2260,1130,1130,1130.0,1130.0,0.0,-3.0,0.0,1130.0,1130.0,0.0,15364,1096,1116,1096.0,1097.428571428571,3.3282011773514317,9.07692307692333,26.530612244897952,1096.0,1096.0,0.0,1634046390.308972,0.0005218982696533,12.448327779769896
3139,0,1,0,0,3,2,1096,2211110130,1130,64,1116,17,59861,29483,4,0,0,43,15,2211110130,17,59861,11123,3390,1130,1130,1130.0,1130.0,0.0,-3.0,0.0,1130.0,1130.0,0.0,16460,1096,1116,1096.0,1097.3333333333333,3.474396144861561,10.071428571428772,24.888888888888903,1096.0,1096.0,0.0,1634046390.308972,0.0,12.448327779769896
3140,0,1,0,0,3,2,1096,2211110130,1130,64,1116,17,59861,29483,4,0,0,43,15,2211110130,17,59861,11123,4520,1130,1130,1130.0,1130.0,0.0,-3.0,0.0,1130.0,1130.0,0.0,17556,1096,1116,1096.0,1097.25,3.614784456460256,11.066666666666666,23.4375,1096.0,1096.0,0.0,1634046390.308972,0.0,12.448327779769896
3141,0,1,0,0,3,2,1096,2211110130,1130,64,1116,17,59861,29483,4,0,0,43,15,2211110130,17,59861,11123,5650,1130,1130,1130.0,1130.0,0.0,-3.0,0.0,1130.0,1130.0,0.0,18652,1096,1116,1096.0,1097.1764705882354,3.749999999999957,12.06249999999979,22.14532871972318,1096.0,1096.0,0.0,1634046390.308972,0.0,12.448327779769896
3142,0,1,0,0,3,2,1096,2211110130,1130,64,1116,17,59861,29483,4,0,0,43,15,2211110130,17,59861,11123,6780,1130,1130,1130.0,1130.0,0.0,-3.0,0.0,1130.0,1130.0,0.0,19748,1096,1116,1096.0,1097.111111111111,3.880570000581343,13.058823529411846,20.98765432098766,1096.0,1096.0,0.0,1634046390.309522,0.0005500316619873,12.448877811431883
3143,0,1,0,0,3,2,1096,2211110130,1130,64,1116,17,59861,29483,4,0,0,43,15,2211110130,17,59861,11123,7910,1130,1130,1130.0,1130.0,0.0,-3.0,0.0,1130.0,1130.0,0.0,20844,1096,1116,1096.0,1097.0526315789473,4.006938426723828,14.055555555555864,19.944598337950133,1096.0,1096.0,0.0,1634046390.309522,0.0,12.448877811431883
3144,0,1,0,0,3,2,1096,2211110130,1130,64,1116,17,59861,29483,4,0,0,43,15,2211110130,17,59861,11123,9040,1130,1130,1130.0,1130.0,0.0,-3.0,0.0,1130.0,1130.0,0.0,21940,1096,1116,1096.0,1097.0,4.129483209670112,15.05263157894737,19.0,1096.0,1096.0,0.0,1634046390.309522,0.0,12.448877811431883
3145,0,1,0,0,3,2,1096,2211110130,1130,64,1116,17,59861,29483,4,0,0,43,15,2211110130,17,59861,11123,10170,1130,1130,1130.0,1130.0,0.0,-3.0,0.0,1130.0,1130.0,0.0,1096,1096,1096,1096.0,1096.0,0.0,-3.0,0.0,1096.0,1096.0,0.0,1634046390.309522,0.0,12.448877811431883
3146,0,1,0,0,2,3,60,3232270721,94,47,80,17,29483,59861,4,0,0,43,15,2211110130,17,59861,11123,10264,94,1130,1130.0,1026.4,-2.666666666666668,5.111111111111116,96596.63999999998,1130.0,1130.0,0.0,1156,60,1096,578.0,578.0,0.0,-2.0,268324.0,837.0,319.0,518.0,1634046390.310061,0.0005390644073486,12.449416875839232
3147,0,1,0,0,3,2,479,2211110130,513,64,499,17,59861,29483,4,0,0,43,15,2211110130,17,59861,11123,10777,94,1130,1130.0,979.7272727272727,-1.919219391539855,2.0518439190352256,109598.56198347104,1130.0,1130.0,0.0,1635,60,1096,479.0,545.0,0.228929152402962,-1.5,181060.66666666663,787.5,269.5,518.0,1634046390.311109,0.0010480880737304,12.450464963912962
3148,0,1,0,0,3,2,408,2211110130,442,64,428,17,59861,29483,4,0,0,43,15,2211110130,17,59861,11123,11219,94,1130,1130.0,934.9166666666666,-1.4037424315372,0.3501638511802851,122553.24305555556,1130.0,975.75,154.25,2043,60,1096,443.5,510.75,0.5180875224935461,-0.9556586503702272,139314.6875,633.25,321.0,312.25,1634046390.311109,0.0,12.450464963912962
3149,0,1,0,0,3,2,1096,2211110130,1130,64,1116,17,59861,29483,4,0,0,43,15,2211110130,17,59861,11123,12349,94,1130,1130.0,949.9230769230768,-1.528107470675611,0.7281230550035627,115828.37869822489,1130.0,1130.0,0.0,3139,60,1096,479.0,627.8,0.0244842829682188,-1.5320773739930484,166254.56,1096.0,408.0,688.0,1634046390.316848,0.0057389736175537,12.456203937530516
3150,0,1,0,0,3,2,1096,2211110130,1130,64,1116,17,59861,29483,4,0,0,43,15,2211110130,17,59861,11123,13479,94,1130,1130.0,962.7857142857144,-1.6444689196251807,1.1116551542817223,109705.73979591836,1130.0,1130.0,0.0,4235,60,1096,787.5,705.8333333333334,-0.3101647490367707,-1.517579091544915,168991.47222222222,1096.0,425.75,670.25,1634046390.316848,0.0,12.456203937530516
3151,0,1,0,0,3,2,1096,2211110130,1130,64,1116,17,59861,29483,4,0,0,43,15,2211110130,17,59861,11123,14609,94,1130,1130.0,973.9333333333332,-1.754108665782833,1.4994012683429867,104131.79555555552,1130.0,1130.0,0.0,5331,60,1096,1096.0,761.5714285714286,-0.5671996737249014,-1.320170251015706,163490.2448979592,1096.0,443.5,652.5,1634046390.317667,0.0008189678192138,12.45702290534973
3152,0,1,0,0,3,2,126,2211110130,160,64,146,17,59861,29483,4,0,0,43,15,2211110130,17,59861,11123,14769,94,1130,1130.0,923.0625,-1.3493634052295018,0.0729654866647795,136441.18359375,1130.0,975.75,154.25,5457,60,1096,787.5,682.125,-0.244060877089896,-1.6801481016920687,187236.109375,1096.0,337.5,758.5,1634046390.317667,0.0,12.45702290534973
3153,0,1,0,0,2,3,56,3232270721,90,47,76,17,29483,59861,4,0,0,43,15,2211110130,17,59861,11123,14859,90,1130,1130.0,874.0588235294117,-1.076653116769747,-0.6510608495468633,166836.99653979237,1130.0,513.0,617.0,5513,56,1096,479.0,612.5555555555555,-0.0182562691730346,-1.770335370740225,205151.35802469132,1096.0,126.0,970.0,1634046390.340725,0.0230579376220703,12.4800808429718
3154,0,1,0,0,2,3,60,3232270721,94,47,80,17,29483,59861,4,0,0,43,15,2211110130,17,59861,11123,14953,90,1130,1130.0,830.7222222222222,-0.8600574508133227,-1.109567024971806,189495.31172839509,1130.0,459.75,670.25,5573,56,1096,443.5,557.3,0.1733317804852323,-1.7609745622193385,212114.81,1096.0,76.5,1019.5,1634046390.340762,3.695487976074219e-05,12.48011779785156
3155,0,1,0,0,3,2,408,2211110130,442,64,428,17,59861,29483,4,0,0,43,15,2211110130,17,59861,11123,15395,90,1130,1130.0,810.2631578947369,-0.7269739274751484,-1.2786953032763997,187056.1939058172,1130.0,442.0,688.0,5981,56,1096,408.0,543.7272727272727,0.2680101419972855,-1.6342533894108806,194673.83471074377,1096.0,93.0,1003.0,1634046390.357069,0.0163071155548095,12.49642491340637
3156,0,1,0,0,3,2,1096,2211110130,1130,64,1116,17,59861,29483,4,0,0,43,15,2211110130,17,59861,11123,16525,90,1130,1130.0,826.25,-0.807647402089903,-1.1550555556013264,182559.3875,1130.0,442.0,688.0,7077,56,1096,443.5,589.75,0.0793038192588533,-1.7394897975812402,201750.0208333333,1096.0,109.5,986.5,1634046390.357069,0.0,12.49642491340637
3157,0,1,0,0,2,3,60,3232270721,94,47,80,17,29483,59861,4,0,0,43,15,2211110130,17,59861,11123,94,94,94,94.0,94.0,0.0,-3.0,0.0,94.0,94.0,0.0,7137,56,1096,408.0,549.0,0.2186657314253104,-1.7130243666267746,206157.53846153847,1096.0,60.0,1036.0,1634046390.358031,0.0009620189666748,12.497386932373045
3158,0,1,0,0,3,2,1116,2211110130,1150,64,1136,17,59861,29483,4,0,0,43,15,2211110130,17,59861,11123,1244,94,1150,622.0,622.0,0.0,-2.0,278784.0,886.0,358.0,528.0,8253,56,1116,443.5,589.5,0.0622646588010339,-1.7830098745311431,212755.25,1096.0,76.5,1019.5,1634046390.362962,0.0049309730529785,12.502317905426024
3159,0,1,0,0,3,2,1096,2211110130,1130,64,1116,17,59861,29483,4,0,0,43,15,2211110130,17,59861,11123,2374,94,1150,1130.0,791.3333333333334,-0.7062346401382238,-1.4999999999999996,243203.55555555556,1140.0,612.0,528.0,9349,56,1116,479.0,623.2666666666667,-0.0745242684890662,-1.7977555801576075,214534.19555555555,1096.0,93.0,1003.0,1634046390.362962,0.0,12.502317905426024
3160,0,1,0,0,3,2,1096,2211110130,1130,64,1116,17,59861,29483,4,0,0,43,15,2211110130,17,59861,11123,3504,94,1150,1130.0,876.0,-1.1535632802536944,-0.6675271247646477,203908.0,1135.0,871.0,264.0,10445,56,1116,787.5,652.8125,-0.1951940339937925,-1.776195925638166,214220.15234375,1096.0,109.5,986.5,1634046390.362962,0.0,12.502317905426024
3161,0,1,0,0,3,2,1096,2211110130,1130,64,1116,17,59861,29483,4,0,0,43,15,2211110130,17,59861,11123,4634,94,1150,1130.0,926.8,-1.4986946394519651,0.2482875521764378,173448.96,1130.0,1130.0,0.0,11541,56,1116,1096.0,678.8823529411765,-0.3035249062502844,-1.729665368228768,212493.16262975775,1096.0,126.0,970.0,1634046390.36356,0.0005979537963867,12.50291585922241
3162,0,1,0,0,3,2,1096,2211110130,1130,64,1116,17,59861,29483,4,0,0,43,15,2211110130,17,59861,11123,5764,94,1150,1130.0,960.6666666666666,-1.787415105428971,1.1974652125141103,150275.55555555553,1130.0,1130.0,0.0,12637,56,1116,1096.0,702.0555555555555,-0.4021133047832718,-1.6652277052422912,209816.94135802463,1096.0,196.5,899.5,1634046390.36356,0.0,12.50291585922241
3163,0,1,0,0,3,2,570,2211110130,604,64,590,17,59861,29483,4,0,0,43,15,2211110130,17,59861,11123,6368,94,1150,1130.0,909.7142857142856,-1.3402405192670397,0.1812308170362526,144384.48979591834,1130.0,867.0,263.0,13207,56,1116,1096.0,695.1052631578947,-0.365125458679828,-1.627088377849572,199643.4626038781,1096.0,267.0,829.0,1634046390.36356,0.0,12.50291585922241
3164,0,1,0,0,3,2,408,2211110130,442,64,428,17,59861,29483,4,0,0,43,15,2211110130,17,59861,11123,6810,94,1150,1130.0,851.25,-0.8682451640536736,-0.8258303683805694,150262.9375,1130.0,563.5,566.5,13615,56,1116,833.0,680.75,-0.2792789789817265,-1.646471366068778,193576.6875,1096.0,337.5,758.5,1634046390.372536,0.0089759826660156,12.511891841888426
3165,0,1,0,0,2,3,60,3232270721,94,47,80,17,29483,59861,4,0,0,43,15,2211110130,17,59861,11123,6904,94,1150,1130.0,767.1111111111111,-0.5376144547540626,-1.4234808507303978,190201.8765432099,1130.0,442.0,688.0,60,60,60,60.0,60.0,0.0,-3.0,0.0,60.0,60.0,0.0,1634046390.373736,0.0011999607086181,12.513091802597044
3166,0,1,0,0,3,2,1096,2211110130,1130,64,1116,17,59861,29483,4,0,0,43,15,2211110130,17,59861,11123,8034,94,1150,1130.0,803.4,-0.7066023083673976,-1.219535161393162,183033.64,1130.0,482.5,647.5,1156,60,1096,578.0,578.0,0.0,-2.0,268324.0,837.0,319.0,518.0,1634046390.380674,0.0069379806518554,12.5200297832489
3167,0,1,0,0,3,2,1096,2211110130,1130,64,1116,17,59861,29483,4,0,0,43,15,2211110130,17,59861,11123,9164,94,1150,1130.0,833.0909090909091,-0.8558398303638476,-0.9873042885793172,175209.71900826445,1130.0,523.0,607.0,2252,60,1096,1096.0,750.6666666666666,-0.7071067811865472,-1.5,238510.22222222225,1096.0,578.0,518.0,1634046390.380674,0.0,12.5200297832489
3168,0,1,0,0,3,2,1096,2211110130,1130,64,1116,17,59861,29483,4,0,0,43,15,2211110130,17,59861,11123,10294,94,1150,1130.0,857.8333333333334,-0.9902951419208972,-0.7367388135076696,167342.97222222225,1130.0,563.5,566.5,3348,60,1096,1096.0,837.0,-1.1547005383792517,-0.6666666666666665,201243.0,1096.0,837.0,259.0,1634046390.381979,0.0013051033020019,12.521334886550902
3169,0,1,0,0,3,2,1096,2211110130,1130,64,1116,17,59861,29483,4,0,0,43,15,2211110130,17,59861,11123,11424,94,1150,1130.0,878.7692307692307,-1.113244532152846,-0.4736138943263346,159730.17751479291,1130.0,604.0,526.0,4444,60,1096,1096.0,888.8,-1.5000000000000004,0.2500000000000004,171727.35999999996,1096.0,1096.0,0.0,1634046390.382505,0.000525951385498,12.5218608379364
3170,0,1,0,0,3,2,1096,2211110130,1130,64,1116,17,59861,29483,4,0,0,43,15,2211110130,17,59861,11123,12554,94,1150,1130.0,896.7142857142857,-1.2269621288016428,-0.2015105661161489,152507.20408163266,1130.0,735.5,394.5,5540,60,1096,1096.0,923.3333333333334,-1.7888543819998324,1.2000000000000002,149068.88888888888,1096.0,1096.0,0.0,1634046390.382505,0.0,12.5218608379364
3171,0,1,0,0,2,3,60,3232270721,94,47,80,17,29483,59861,4,0,0,43,15,2211110130,17,59861,11123,12648,94,1150,1130.0,843.2,-0.939968756151483,-0.9085473794842164,182432.96,1130.0,523.0,607.0,5600,60,1096,1096.0,800.0,-0.948683298050514,-1.1,219040.0,1096.0,578.0,518.0,1634046390.390571,0.008066177368164,12.529927015304564
3172,0,1,0,0,3,2,1096,2211110130,1130,64,1116,17,59861,29483,4,0,0,43,15,2211110130,17,59861,11123,13778,94,1150,1130.0,861.125,-1.0394795698653017,-0.7092870943203771,175850.484375,1130.0,563.5,566.5,6696,60,1096,1096.0,837.0,-1.1547005383792517,-0.6666666666666665,201243.0,1096.0,837.0,259.0,1634046390.392171,0.0015997886657714,12.531526803970335
3173,0,1,0,0,3,2,134,2211110130,168,64,154,17,59861,29483,4,0,0,43,15,2211110130,17,59861,11123,13946,94,1150,1130.0,820.3529411764706,-0.8095969088090716,-1.178774554587512,192104.1107266436,1130.0,442.0,688.0,6830,60,1096,1096.0,758.8888888888889,-0.7126774086225061,-1.4845062654803345,227693.43209876545,1096.0,134.0,962.0,1634046390.392171,0.0,12.531526803970335
3174,0,1,0,0,2,3,60,3232270721,94,47,80,17,29483,59861,4,0,0,43,15,2211110130,17,59861,11123,14040,94,1150,1130.0,780.0,-0.630468144592279,-1.4640846856755034,209113.77777777775,1130.0,236.5,893.5,6890,60,1096,1096.0,689.0,-0.4131738950600078,-1.822936749120457,248884.2,1096.0,78.5,1017.5,1634046390.413166,0.0209951400756835,12.552521944046019
3175,0,1,0,0,3,2,1096,2211110130,1130,64,1116,17,59861,29483,4,0,0,43,15,2211110130,17,59861,11123,15170,94,1150,1130.0,798.421052631579,-0.7168077138309975,-1.3484440454489228,204215.82271468145,1130.0,305.0,825.0,7986,60,1096,1096.0,726.0,-0.5716768675821197,-1.6669737091303527,239948.36363636365,1096.0,97.0,999.0,1634046390.415135,0.0019688606262207,12.55449080467224
3176,0,1,0,0,3,2,1096,2211110130,1130,64,1116,17,59861,29483,4,0,0,43,15,2211110130,17,59861,11123,16300,94,1150,1130.0,815.0,-0.797686551377942,-1.2260045689587995,199227.4,1130.0,373.5,756.5,9082,60,1096,1096.0,756.8333333333334,-0.711714681236187,-1.48728638869132,230410.3055555556,1096.0,115.5,980.5,1634046390.418924,0.0037891864776611,12.5582799911499
3177,0,1,0,0,3,2,1096,2211110130,1130,64,1116,17,59861,29483,4,0,0,43,15,2211110130,17,59861,11123,1130,1130,1130,1130.0,1130.0,0.0,-3.0,0.0,1130.0,1130.0,0.0,10178,60,1096,1096.0,782.9230769230769,-0.8378657328892052,-1.291775926982082,220854.5325443788,1096.0,134.0,962.0,1634046390.418924,0.0,12.5582799911499
3178,0,1,0,0,3,2,1096,2211110130,1130,64,1116,17,59861,29483,4,0,0,43,15,2211110130,17,59861,11123,2260,1130,1130,1130.0,1130.0,0.0,-3.0,0.0,1130.0,1130.0,0.0,11274,60,1096,1096.0,805.2857142857143,-0.9531716312276683,-1.0851855095722285,211580.34693877556,1096.0,374.5,721.5,1634046390.421753,0.00282883644104,12.56110882759094
3179,0,1,0,0,3,2,1096,2211110130,1130,64,1116,17,59861,29483,4,0,0,43,15,2211110130,17,59861,11123,3390,1130,1130,1130.0,1130.0,0.0,-3.0,0.0,1130.0,1130.0,0.0,12370,60,1096,1096.0,824.6666666666666,-1.0597559449739768,-0.8705347685292626,202733.6888888889,1096.0,615.0,481.0,1634046390.421753,0.0,12.56110882759094
3180,0,1,0,0,3,2,1028,2211110130,1062,64,1048,17,59861,29483,4,0,0,43,15,2211110130,17,59861,11123,4452,1062,1130,1130.0,1113.0,-1.1547005383792517,-0.6666666666666665,867.0,1130.0,1113.0,17.0,13398,60,1096,1096.0,837.375,-1.1546147582740125,-0.6537575809966816,192485.359375,1096.0,804.5,291.5,1634046390.421753,0.0,12.56110882759094
3181,0,1,0,0,3,2,408,2211110130,442,64,428,17,59861,29483,4,0,0,43,15,2211110130,17,59861,11123,4894,442,1130,1130.0,978.8,-1.465560519371975,0.2003495742334347,72732.16,1130.0,1062.0,68.0,13806,60,1096,1096.0,812.1176470588235,-0.9784339456686596,-0.9573310627637536,191369.6332179931,1096.0,408.0,688.0,1634046390.421753,0.0,12.56110882759094
3182,0,1,0,0,2,3,60,3232270721,94,47,80,17,29483,59861,4,0,0,43,15,2211110130,17,59861,11123,4988,94,1130,1096.0,831.3333333333334,-0.8793597997507473,-0.9934690535215148,169342.22222222222,1130.0,597.0,533.0,13866,60,1096,1096.0,770.3333333333334,-0.7723330497803435,-1.3340450715611958,210418.77777777775,1096.0,202.5,893.5,1634046390.426409,0.0046560764312744,12.565764904022215
3183,0,1,0,0,2,3,52,3232270721,86,47,72,17,29483,59861,4,0,0,43,15,2211110130,17,59861,11123,5074,86,1130,1062.0,724.8571428571429,-0.430527909586243,-1.6635890595262492,213173.5510204082,1130.0,268.0,862.0,13918,52,1096,1096.0,732.5263157894736,-0.6045230781218914,-1.5747645377787602,225072.77562326868,1096.0,97.0,999.0,1634046390.426464,5.507469177246094e-05,12.565819978713987
3184,0,1,0,0,3,2,60,2211110130,94,64,80,17,59861,29483,4,0,0,43,15,2211110130,17,59861,11123,5168,86,1130,752.0,646.0,-0.1227609418221542,-1.8655290968651324,230056.0,1130.0,94.0,1036.0,13978,52,1096,1096.0,698.9,-0.4622044355448489,-1.7334812101481825,235302.99,1096.0,60.0,1036.0,1634046390.431373,0.004908800125122,12.57072877883911
3185,0,1,0,0,2,3,60,3232270721,94,47,80,17,29483,59861,4,0,0,43,15,2211110130,17,59861,11123,5262,86,1130,442.0,584.6666666666666,0.11147209674539,-1.8827227499145869,234588.44444444444,1130.0,94.0,1036.0,60,60,60,60.0,60.0,0.0,-3.0,0.0,60.0,60.0,0.0,1634046390.442924,0.0115511417388916,12.582279920578001
3186,0,1,0,0,3,2,56,2211110130,90,64,76,17,59861,29483,4,0,0,43,15,2211110130,17,59861,11123,5352,86,1130,268.0,535.2,0.302147654697014,-1.8111425726338712,233152.16,1113.0,94.0,1019.0,116,56,60,58.0,58.0,0.0,-2.0,4.0,59.0,57.0,2.0,1634046390.449202,0.0062780380249023,12.588557958602903
3187,0,1,0,0,3,2,1096,2211110130,1130,64,1116,17,59861,29483,4,0,0,43,15,2211110130,17,59861,11123,6482,86,1130,442.0,589.2727272727273,0.0909138873202048,-1.907425533729876,241195.1074380165,1130.0,94.0,1036.0,1212,56,1096,60.0,404.0,0.7070713425338421,-1.4999999999999998,239434.66666666663,578.0,58.0,520.0,1634046390.449202,0.0,12.588557958602903
3188,0,1,0,0,3,2,1096,2211110130,1130,64,1116,17,59861,29483,4,0,0,43,15,2211110130,17,59861,11123,7612,86,1130,752.0,634.3333333333334,-0.0828608117168492,-1.9164070590186104,243430.5555555556,1130.0,94.0,1036.0,2308,56,1096,578.0,577.0,-2.2274691495062288e-05,-1.9999703004664693,269363.0,1096.0,59.0,1037.0,1634046390.450021,0.0008189678192138,12.589376926422117
3189,0,1,0,0,3,2,1096,2211110130,1130,64,1116,17,59861,29483,4,0,0,43,15,2211110130,17,59861,11123,8742,86,1130,1062.0,672.4615384615385,-0.2313933983107135,-1.8743113953271564,242150.24852071007,1130.0,94.0,1036.0,3404,56,1096,1096.0,680.8,-0.4082672355030085,-1.8332920839046392,258588.16,1096.0,60.0,1036.0,1634046390.450021,0.0,12.589376926422117
3190,0,1,0,0,3,2,1096,2211110130,1130,64,1116,17,59861,29483,4,0,0,43,15,2211110130,17,59861,11123,9872,86,1130,1096.0,705.1428571428571,-0.3617955725210829,-1.7997754163039503,238738.693877551,1130.0,94.0,1036.0,4500,56,1096,1096.0,750.0,-0.7071245006362423,-1.4999498818976211,239433.3333333333,1096.0,319.0,777.0,1634046390.450021,0.0,12.589376926422117
3191,0,1,0,0,3,2,348,2211110130,382,64,368,17,59861,29483,4,0,0,43,15,2211110130,17,59861,11123,10254,86,1130,1062.0,683.6,-0.2441255943628148,-1.8281359112199984,229320.10666666663,1130.0,94.0,1036.0,4848,56,1096,1096.0,692.5714285714286,-0.3872551589940335,-1.746216113436068,225016.81632653065,1096.0,204.0,892.0,1634046390.450021,0.0,12.589376926422117
3192,0,1,0,0,3,2,1116,2211110130,1150,64,1136,17,59861,29483,4,0,0,43,15,2211110130,17,59861,11123,11404,86,1150,1096.0,712.75,-0.3563961210536924,-1.7643122883120677,227733.4375,1130.0,94.0,1036.0,5964,56,1116,1096.0,745.5,-0.6075659089622301,-1.5305547160809936,216499.75,1096.0,276.0,820.0,1634046390.45596,0.0059390068054199,12.595315933227537
3193,0,1,0,0,2,3,60,3232270721,94,47,80,17,29483,59861,4,0,0,43,15,2211110130,17,59861,11123,11498,86,1150,1062.0,676.3529411764706,-0.2154014951052173,-1.855727031223216,235533.2871972318,1130.0,94.0,1036.0,6024,56,1116,1096.0,669.3333333333334,-0.3013208758409008,-1.8309934395818568,238855.11111111112,1096.0,60.0,1036.0,1634046390.458951,0.0029909610748291,12.598306894302366
3194,0,1,0,0,3,2,408,2211110130,442,64,428,17,59861,29483,4,0,0,43,15,2211110130,17,59861,11123,11940,86,1150,752.0,663.3333333333334,-0.1417896431983913,-1.835977437902788,225329.77777777775,1130.0,94.0,1036.0,6432,56,1116,752.0,643.2,-0.1547355937114482,-1.8157130570386573,221116.16,1096.0,132.0,964.0,1634046390.475405,0.0164539813995361,12.614760875701903
3195,0,1,0,0,2,3,60,3232270721,94,47,80,17,29483,59861,4,0,0,43,15,2211110130,17,59861,11123,12034,86,1150,442.0,633.3684210526316,-0.0309980550059877,-1.864540509822156,229632.4432132964,1130.0,94.0,1036.0,6492,56,1116,408.0,590.1818181818181,0.0358650738921236,-1.854859739422172,229123.96694214872,1096.0,60.0,1036.0,1634046390.477019,0.0016140937805175,12.61637496948242
3196,0,1,0,0,3,2,1104,2211110130,1138,64,1124,17,59861,29483,4,0,0,43,15,2211110130,17,59861,11123,13172,86,1150,752.0,658.6,-0.1290684607628258,-1.8553510628951255,230246.84000000003,1130.0,94.0,1036.0,7596,56,1116,752.0,633.0,-0.1334435563936742,-1.850660428196389,230197.66666666663,1096.0,60.0,1036.0,1634046390.493777,0.0167579650878906,12.63313293457031
3197,0,1,0,0,3,2,1096,2211110130,1130,64,1116,17,59861,29483,4,0,0,43,15,2211110130,17,59861,11123,1130,1130,1130,1130.0,1130.0,0.0,-3.0,0.0,1130.0,1130.0,0.0,8692,56,1116,1096.0,668.6153846153846,-0.2792612009743109,-1.7976892321297422,227711.6213017752,1096.0,60.0,1036.0,1634046390.494552,0.00077486038208,12.63390779495239
3198,0,1,0,0,3,2,1096,2211110130,1130,64,1116,17,59861,29483,4,0,0,43,15,2211110130,17,59861,11123,2260,1130,1130,1130.0,1130.0,0.0,-3.0,0.0,1130.0,1130.0,0.0,9788,56,1116,1096.0,699.1428571428571,-0.4077787131355611,-1.7137692763500674,223561.5510204082,1096.0,132.0,964.0,1634046390.494552,0.0,12.63390779495239
3199,0,1,0,0,3,2,1096,2211110130,1130,64,1116,17,59861,29483,4,0,0,43,15,2211110130,17,59861,11123,3390,1130,1130,1130.0,1130.0,0.0,-3.0,0.0,1130.0,1130.0,0.0,10884,56,1116,1096.0,725.6,-0.5231990335256657,-1.6088832858078712,218457.17333333337,1096.0,204.0,892.0,1634046390.494552,0.0,12.63390779495239
3200,0,1,0,0,3,2,695,2211110130,729,64,715,17,59861,29483,4,0,0,43,15,2211110130,17,59861,11123,4119,729,1130,1130.0,1029.75,-1.1547005383792517,-0.6666666666666665,30150.1875,1130.0,1029.75,100.25,11579,56,1116,1096.0,723.6875,-0.5274834201425773,-1.5259581459905511,204858.46484375,1096.0,276.0,820.0,1634046390.495213,0.0006611347198486,12.63456892967224
3201,0,1,0,0,3,2,408,2211110130,442,64,428,17,59861,29483,4,0,0,43,15,2211110130,17,59861,11123,4561,442,1130,1130.0,912.2,-0.7072765926581684,-1.1990775631761368,79392.16,1130.0,729.0,401.0,11987,56,1116,1096.0,705.1176470588235,-0.4169723864871063,-1.584890876314918,198325.39792387543,1096.0,348.0,748.0,1634046390.496423,0.0012099742889404,12.63577890396118
3202,0,1,0,0,2,3,60,3232270721,94,47,80,17,29483,59861,4,0,0,43,15,2211110130,17,59861,11123,4655,94,1130,929.5,775.8333333333334,-0.5802348306796716,-1.1852536566984655,159139.47222222222,1130.0,513.75,616.25,12047,56,1116,895.5,669.2777777777778,-0.2840090461769243,-1.7041298655588482,209143.75617283952,1096.0,132.0,964.0,1634046390.513048,0.0166249275207519,12.652403831481932
3203,0,1,0,0,3,2,1096,2211110130,1130,64,1116,17,59861,29483,4,0,0,43,15,2211110130,17,59861,11123,5785,94,1130,1130.0,826.4285714285714,-0.8185061654626765,-0.8683414843094903,151764.5306122449,1130.0,585.5,544.5,13143,56,1116,1096.0,691.7368421052631,-0.3776032440296273,-1.6488277516259515,207215.5623268698,1096.0,204.0,892.0,1634046390.524531,0.0114829540252685,12.6638867855072
3204,0,1,0,0,3,2,1096,2211110130,1130,64,1116,17,59861,29483,4,0,0,43,15,2211110130,17,59861,11123,6915,94,1130,1130.0,864.375,-1.021506865535782,-0.4937973942306373,142873.484375,1130.0,657.25,472.75,14239,56,1116,1096.0,711.95,-0.4640308609929533,-1.5807319859256714,204617.6475,1096.0,276.0,820.0,1634046390.524531,0.0,12.6638867855072
3205,0,1,0,0,3,2,1096,2211110130,1130,64,1116,17,59861,29483,4,0,0,43,15,2211110130,17,59861,11123,8045,94,1130,1130.0,893.8888888888889,-1.2000053286497685,-0.0873959384532585,133967.2098765432,1130.0,729.0,401.0,1096,1096,1096,1096.0,1096.0,0.0,-3.0,0.0,1096.0,1096.0,0.0,1634046390.524531,0.0,12.6638867855072
3206,0,1,0,0,3,2,1096,2211110130,1130,64,1116,17,59861,29483,4,0,0,43,15,2211110130,17,59861,11123,9175,94,1130,1130.0,917.5,-1.3604748706459928,0.3384330572360943,125587.85,1130.0,829.25,300.75,2192,1096,1096,1096.0,1096.0,0.0,-3.0,0.0,1096.0,1096.0,0.0,1634046390.525279,0.0007481575012207,12.664634943008421
3207,0,1,0,0,3,2,1096,2211110130,1130,64,1116,17,59861,29483,4,0,0,43,15,2211110130,17,59861,11123,10305,94,1130,1130.0,936.818181818182,-1.5070828345836518,0.7769727862144657,117902.69421487604,1130.0,929.5,200.5,3288,1096,1096,1096.0,1096.0,0.0,-3.0,0.0,1096.0,1096.0,0.0,1634046390.525279,0.0,12.664634943008421
3208,0,1,0,0,3,2,1096,2211110130,1130,64,1116,17,59861,29483,4,0,0,43,15,2211110130,17,59861,11123,11435,94,1130,1130.0,952.9166666666666,-1.6426659538182276,1.2242795191883769,110928.24305555558,1130.0,1029.75,100.25,4384,1096,1096,1096.0,1096.0,0.0,-3.0,0.0,1096.0,1096.0,0.0,1634046390.525813,0.0005340576171875,12.665169000625609
3209,0,1,0,0,3,2,275,2211110130,309,64,295,17,59861,29483,4,0,0,43,15,2211110130,17,59861,11123,11744,94,1130,1130.0,903.3846153846154,-1.18754565359146,-0.2385454232330954,131836.39053254438,1130.0,729.0,401.0,4659,275,1096,1096.0,931.8,-1.4999999999999991,0.2499999999999982,107846.56,1096.0,1096.0,0.0,1634046390.525813,0.0,12.665169000625609
3210,0,1,0,0,3,2,408,2211110130,442,64,428,17,59861,29483,4,0,0,43,15,2211110130,17,59861,11123,12186,94,1130,1130.0,870.4285714285714,-0.9170255343006842,-0.8106910016573168,136538.81632653065,1130.0,513.75,616.25,5067,275,1096,1096.0,844.5,-0.7435104779165917,-1.39733118837493,127978.58333333331,1096.0,580.0,516.0,1634046390.532619,0.0068058967590332,12.671974897384642
3211,0,1,0,0,3,2,60,2211110130,94,64,80,17,59861,29483,4,0,0,43,15,2211110130,17,59861,11123,12280,94,1130,1130.0,818.6666666666666,-0.7259773493120558,-1.177198903206995,164946.35555555558,1130.0,442.0,688.0,5127,60,1096,1096.0,732.4285714285714,-0.4336842713565505,-1.6267325967423312,185055.95918367343,1096.0,341.5,754.5,1634046390.538287,0.0056679248809814,12.677642822265623
3212,0,1,0,0,2,3,56,3232270721,90,47,76,17,29483,59861,4,0,0,43,15,2211110130,17,59861,11123,12370,90,1130,1130.0,773.125,-0.5534030433495934,-1.442790190244707,185747.859375,1130.0,408.75,721.25,5183,56,1096,752.0,647.875,-0.1488278170428553,-1.8145444936388464,211969.109375,1096.0,221.25,874.75,1634046390.545334,0.0070471763610839,12.684689998626707
3213,0,1,0,0,2,3,60,3232270721,94,47,80,17,29483,59861,4,0,0,43,15,2211110130,17,59861,11123,12464,90,1130,1130.0,733.1764705882352,-0.4019291089408712,-1.6199472327051954,200355.67474048445,1130.0,309.0,821.0,5243,56,1096,408.0,582.5555555555555,0.0800526094534468,-1.8471949500885407,222550.02469135803,1096.0,60.0,1036.0,1634046390.54539,5.5789947509765625e-05,12.684745788574217
3214,0,1,0,0,3,2,1096,2211110130,1130,64,1116,17,59861,29483,4,0,0,43,15,2211110130,17,59861,11123,13594,90,1130,1130.0,755.2222222222222,-0.4972919985494142,-1.5392480067230687,197487.06172839509,1130.0,342.25,787.75,6339,56,1096,752.0,633.9,-0.1277196417426536,-1.852901694448168,224021.29,1096.0,113.75,982.25,1634046390.555507,0.0101170539855957,12.694862842559813
3215,0,1,0,0,3,2,1096,2211110130,1130,64,1116,17,59861,29483,4,0,0,43,15,2211110130,17,59861,11123,14724,90,1130,1130.0,774.9473684210526,-0.5855246945034925,-1.446967007298257,194096.4709141274,1130.0,375.5,754.5,7435,56,1096,1096.0,675.9090909090909,-0.3006996094031648,-1.787272163746855,221303.35537190083,1096.0,167.5,928.5,1634046390.555507,0.0,12.694862842559813
3216,0,1,0,0,3,2,1096,2211110130,1130,64,1116,17,59861,29483,4,0,0,43,15,2211110130,17,59861,11123,15854,90,1130,1130.0,792.7,-0.6678037490970676,-1.3457765641218231,190379.61,1130.0,408.75,721.25,8531,56,1096,1096.0,710.9166666666666,-0.4500018446442578,-1.67985595605034,216342.24305555556,1096.0,221.25,874.75,1634046390.55614,0.0006330013275146,12.695495843887327
3217,0,1,0,0,3,2,1096,2211110130,1130,64,1116,17,59861,29483,4,0,0,43,15,2211110130,17,59861,11123,1130,1130,1130,1130.0,1130.0,0.0,-3.0,0.0,1130.0,1130.0,0.0,9627,56,1096,1096.0,740.5384615384615,-0.5821467421564555,-1.5458655779369304,210229.9408284024,1096.0,275.0,821.0,1634046390.55614,0.0,12.695495843887327
3218,0,1,0,0,3,2,1096,2211110130,1130,64,1116,17,59861,29483,4,0,0,43,15,2211110130,17,59861,11123,2260,1130,1130,1130.0,1130.0,0.0,-3.0,0.0,1130.0,1130.0,0.0,10723,56,1096,1096.0,765.9285714285714,-0.7012754170069856,-1.393929610811378,203594.0663265307,1096.0,308.25,787.75,1634046390.55614,0.0,12.695495843887327
3219,0,1,0,0,3,2,408,2211110130,442,64,428,17,59861,29483,4,0,0,43,15,2211110130,17,59861,11123,2702,442,1130,1130.0,900.6666666666666,-0.7071067811865472,-1.5,105187.55555555556,1130.0,786.0,344.0,11131,56,1096,1096.0,742.0666666666667,-0.5561607037822145,-1.5236348290175743,197992.59555555557,1096.0,341.5,754.5,1634046390.55614,0.0,12.695495843887327
3220,0,1,0,0,3,2,1096,2211110130,1130,64,1116,17,59861,29483,4,0,0,43,15,2211110130,17,59861,11123,3832,442,1130,1130.0,958.0,-1.1547005383792517,-0.6666666666666665,88752.0,1130.0,958.0,172.0,12227,56,1096,1096.0,764.1875,-0.6604490031398382,-1.3985838425756938,192958.02734375,1096.0,374.75,721.25,1634046390.575332,0.0191919803619384,12.714687824249266
3221,0,1,0,0,3,2,1096,2211110130,1130,64,1116,17,59861,29483,4,0,0,43,15,2211110130,17,59861,11123,4962,442,1130,1130.0,992.4,-1.4999999999999998,0.2499999999999986,75735.04000000001,1130.0,1130.0,0.0,13323,56,1096,1096.0,783.7058823529412,-0.7567048131985908,-1.2627913757464084,187703.0311418685,1096.0,408.0,688.0,1634046390.575332,0.0,12.714687824249266
3222,0,1,0,0,3,2,1096,2211110130,1130,64,1116,17,59861,29483,4,0,0,43,15,2211110130,17,59861,11123,6092,442,1130,1130.0,1015.3333333333334,-1.7888543819998322,1.2000000000000002,65742.22222222223,1130.0,1130.0,0.0,14419,56,1096,1096.0,801.0555555555555,-0.8463234847679919,-1.118861453366669,182392.274691358,1096.0,408.0,688.0,1634046390.575921,0.0005891323089599,12.715276956558226
3223,0,1,0,0,3,2,757,2211110130,791,64,777,17,59861,29483,4,0,0,43,15,2211110130,17,59861,11123,6883,442,1130,1130.0,983.2857142857144,-1.3701926224452143,0.2727914077616886,62512.77551020408,1130.0,960.5,169.5,15176,56,1096,1096.0,798.7368421052631,-0.8521176390202189,-1.0357634239641402,172889.45706371195,1096.0,408.0,688.0,1634046390.575921,0.0,12.715276956558226
3224,0,1,0,0,3,2,1116,2211110130,1150,64,1136,17,59861,29483,4,0,0,43,15,2211110130,17,59861,11123,8033,442,1150,1130.0,1004.125,-1.5697348606077954,0.8851724913857022,57738.609375,1130.0,1045.25,84.75,16292,56,1116,1096.0,814.6,-0.9302570904581664,-0.8953289858714402,169026.13999999998,1096.0,408.0,688.0,1634046390.575921,0.0,12.715276956558226
3225,0,1,0,0,2,3,60,3232270721,94,47,80,17,29483,59861,4,0,0,43,15,2211110130,17,59861,11123,8127,94,1150,1130.0,903.0,-1.27014434302144,0.0758844452457347,133133.33333333334,1130.0,791.0,339.0,60,60,60,60.0,60.0,0.0,-3.0,0.0,60.0,60.0,0.0,1634046390.580008,0.0040869712829589,12.719363927841185
3226,0,1,0,0,3,2,408,2211110130,442,64,428,17,59861,29483,4,0,0,43,15,2211110130,17,59861,11123,8569,94,1150,1130.0,856.9,-0.8883907135018901,-0.7560548503536166,138946.89,1130.0,529.25,600.75,468,60,408,234.0,234.0,0.0,-2.0,30276.0,321.0,147.0,174.0,1634046390.593264,0.0132560729980468,12.732620000839232
3227,0,1,0,0,2,3,60,3232270721,94,47,80,17,29483,59861,4,0,0,43,15,2211110130,17,59861,11123,8663,94,1150,1130.0,787.5454545454545,-0.6256316280028456,-1.274894443308409,174415.88429752065,1130.0,442.0,688.0,528,60,408,60.0,176.0,0.7071067811865476,-1.5,26912.0,234.0,60.0,174.0,1634046390.614647,0.0213828086853027,12.754002809524534
3228,0,1,0,0,3,2,1096,2211110130,1130,64,1116,17,59861,29483,4,0,0,43,15,2211110130,17,59861,11123,9793,94,1150,1130.0,816.0833333333334,-0.7625894574209601,-1.08938289361621,168839.74305555553,1130.0,442.0,688.0,1624,60,1096,234.0,406.0,0.8117587838515856,-1.0051628355158138,178884.0,580.0,60.0,520.0,1634046390.627678,0.013031005859375,12.76703381538391
3229,0,1,0,0,3,2,1096,2211110130,1130,64,1116,17,59861,29483,4,0,0,43,15,2211110130,17,59861,11123,10923,94,1150,1130.0,840.2307692307693,-0.8866446245225194,-0.8853223685021829,162849.25443786982,1130.0,442.0,688.0,2720,60,1096,408.0,544.0,0.2086335827709203,-1.769752916353344,219283.2,1096.0,60.0,1036.0,1634046390.628458,0.0007801055908203,12.76781392097473
3230,0,1,0,0,3,2,1096,2211110130,1130,64,1116,17,59861,29483,4,0,0,43,15,2211110130,17,59861,11123,12053,94,1150,1130.0,860.9285714285714,-1.0004927630091864,-0.6682918671466069,156786.35204081633,1130.0,529.25,600.75,3816,60,1096,752.0,636.0,-0.1593041753593395,-1.824694925543368,225056.0,1096.0,147.0,949.0,1634046390.628458,0.0,12.76781392097473
3231,0,1,0,0,3,2,1096,2211110130,1130,64,1116,17,59861,29483,4,0,0,43,15,2211110130,17,59861,11123,13183,94,1150,1130.0,878.8666666666667,-1.1060540700521917,-0.4418397848863797,150838.78222222225,1130.0,616.5,513.5,4912,60,1096,1096.0,701.7142857142857,-0.4307983090929525,-1.6774453555450637,218815.34693877556,1096.0,234.0,862.0,1634046390.628458,0.0,12.76781392097473
3232,0,1,0,0,3,2,1096,2211110130,1130,64,1116,17,59861,29483,4,0,0,43,15,2211110130,17,59861,11123,14313,94,1150,1130.0,894.5625,-1.20474348800254,-0.2083296410862014,145106.74609375,1130.0,703.75,426.25,6008,60,1096,1096.0,751.0,-0.6499560248353045,-1.4449176388181533,208467.0,1096.0,321.0,775.0,1634046390.629082,0.0006239414215087,12.768437862396238
3233,0,1,0,0,3,2,547,2211110130,581,64,567,17,59861,29483,4,0,0,43,15,2211110130,17,59861,11123,14894,94,1150,1130.0,876.1176470588235,-1.058045310647897,-0.4502051214065448,142014.45674740485,1130.0,581.0,549.0,6555,60,1096,1096.0,728.3333333333334,-0.5221233156868774,-1.445324100873981,189414.22222222225,1096.0,408.0,688.0,1634046390.629082,0.0,12.768437862396238
3234,0,1,0,0,3,2,408,2211110130,442,64,428,17,59861,29483,4,0,0,43,15,2211110130,17,59861,11123,15336,94,1150,1130.0,852.0,-0.8707878273365532,-0.8087103710309997,144013.0,1130.0,476.75,653.25,6963,60,1096,821.5,696.3,-0.3245132319475701,-1.5453399186796388,179708.00999999998,1096.0,408.0,688.0,1634046390.629082,0.0,12.768437862396238
3235,0,1,0,0,2,3,60,3232270721,94,47,80,17,29483,59861,4,0,0,43,15,2211110130,17,59861,11123,15430,94,1150,1130.0,812.1052631578947,-0.7184091158457979,-1.1226626336893264,165081.98891966755,1130.0,442.0,688.0,7023,60,1096,547.0,638.4545454545455,-0.1321924961041363,-1.6842487610270491,196831.88429752068,1096.0,234.0,862.0,1634046390.633541,0.0044591426849365,12.772897005081175
3236,0,1,0,0,2,3,52,3232270721,86,47,72,17,29483,59861,4,0,0,43,15,2211110130,17,59861,11123,15516,86,1150,1130.0,775.8,-0.5809768863831087,-1.3517977561724297,181871.26,1130.0,442.0,688.0,7075,52,1096,477.5,589.5833333333334,0.0322628438189697,-1.7312033343573732,206701.5763888889,1096.0,60.0,1036.0,1634046390.633597,5.5789947509765625e-05,12.772952795028685
3237,0,1,0,0,3,2,56,2211110130,90,64,76,17,59861,29483,4,0,0,43,15,2211110130,17,59861,11123,90,90,90,90.0,90.0,0.0,-3.0,0.0,90.0,90.0,0.0,7131,52,1096,408.0,548.5384615384615,0.1770834761181065,-1.720866073499412,211017.6331360947,1096.0,60.0,1036.0,1634046390.643507,0.0099101066589355,12.78286290168762
3238,0,1,0,0,2,3,60,3232270721,94,47,80,17,29483,59861,4,0,0,43,15,2211110130,17,59861,11123,184,90,94,92.0,92.0,0.0,-2.0,4.0,93.0,91.0,2.0,7191,52,1096,408.0,513.6428571428571,0.3060165608180419,-1.671704841634323,211775.0867346939,1096.0,60.0,1036.0,1634046390.649827,0.0063199996948242,12.789182901382445
3239,0,1,0,0,3,2,60,2211110130,94,64,80,17,59861,29483,4,0,0,43,15,2211110130,17,59861,11123,278,90,94,94.0,92.66666666666669,-0.707106781186555,-1.499999999999993,3.555555555555556,94.0,92.0,2.0,7251,52,1096,408.0,483.4,0.4218884830538598,-1.5958391473399796,210461.57333333333,1096.0,60.0,1036.0,1634046390.658619,0.0087919235229492,12.797974824905394
3240,0,1,0,0,3,2,1096,2211110130,1130,64,1116,17,59861,29483,4,0,0,43,15,2211110130,17,59861,11123,1408,90,1130,94.0,352.0,1.154654715169188,-0.6667018203542612,201764.0,353.0,93.0,260.0,8347,52,1096,408.0,521.6875,0.265948386977899,-1.7316322038552916,219296.71484375,1096.0,60.0,1036.0,1634046390.658619,0.0,12.797974824905394
3241,0,1,0,0,3,2,1096,2211110130,1130,64,1116,17,59861,29483,4,0,0,43,15,2211110130,17,59861,11123,2538,90,1130,94.0,507.6,0.4082229763206219,-1.8333194950443288,258256.64,1130.0,94.0,1036.0,9443,52,1096,408.0,555.4705882352941,0.1318547058913189,-1.8038387770792568,224657.660899654,1096.0,60.0,1036.0,1634046390.664964,0.0063450336456298,12.804319858551024
3242,0,1,0,0,3,2,1096,2211110130,1130,64,1116,17,59861,29483,4,0,0,43,15,2211110130,17,59861,11123,3668,90,1130,612.0,611.3333333333334,-1.98421959330261e-05,-1.999973498437163,269016.8888888888,1130.0,94.0,1036.0,10539,52,1096,477.5,585.5,0.0139272001826227,-1.8340889757147705,227506.69444444444,1096.0,60.0,1036.0,1634046390.664964,0.0,12.804319858551024
3243,0,1,0,0,3,2,753,2211110130,787,64,773,17,59861,29483,4,0,0,43,15,2211110130,17,59861,11123,4455,90,1130,787.0,636.4285714285714,-0.1488477225762773,-1.8534098283145757,234364.53061224488,1130.0,94.0,1036.0,11292,52,1096,547.0,594.3157894736842,-0.0401715145593996,-1.7833654868338766,216931.58448753465,1096.0,60.0,1036.0,1634046390.667235,0.0022709369659423,12.806590795516966
3244,0,1,0,0,3,2,408,2211110130,442,64,428,17,59861,29483,4,0,0,43,15,2211110130,17,59861,11123,4897,90,1130,614.5,612.125,-0.0044755888565293,-1.7547138880860085,209203.609375,1130.0,94.0,1036.0,11700,52,1096,477.5,585.0,0.0171855445914335,-1.7392875937937375,207733.9,1096.0,60.0,1036.0,1634046390.679497,0.0122621059417724,12.818852901458738
3245,0,1,0,0,2,3,52,3232270721,86,48,72,17,10001,59861,4,0,0,43,15,2211110130,17,59861,11123,4983,86,1130,442.0,553.6666666666666,0.2136283966480897,-1.7362612978737166,213297.77777777775,1130.0,94.0,1036.0,52,52,52,52.0,52.0,0.0,-3.0,0.0,52.0,52.0,0.0,1634046390.684145,0.0046479701995849,12.823500871658323
3246,0,1,0,0,2,3,60,3232270721,94,47,80,17,29483,59861,4,0,0,43,15,2211110130,17,59861,11123,5077,86,1130,268.0,507.7,0.3964384298060199,-1.6387603946812157,210984.41,1044.25,94.0,950.25,112,52,60,56.0,56.0,0.0,-2.0,16.0,58.0,54.0,4.0,1634046390.687499,0.0033540725708007,12.826854944229124
3247,0,1,0,0,3,2,1104,2211110130,1138,64,1124,17,59861,29483,4,0,0,43,15,2211110130,17,59861,11123,6215,86,1138,442.0,565.0,0.1774006304453644,-1.797718065721855,224636.9090909091,1130.0,94.0,1036.0,1216,52,1104,60.0,405.3333333333333,0.7069677253250936,-1.4999999999999996,244078.22222222225,582.0,56.0,526.0,1634046390.696766,0.0092668533325195,12.836121797561644
3248,0,1,0,0,3,2,1096,2211110130,1130,64,1116,17,59861,29483,4,0,0,43,15,2211110130,17,59861,11123,7345,86,1138,614.5,612.0833333333334,-0.0026309666609813,-1.8481706601245795,230302.40972222216,1130.0,94.0,1036.0,2312,52,1104,578.0,578.0,0.0,-1.999765151404764,272500.0,1098.0,58.0,1040.0,1634046390.696766,0.0,12.836121797561644
3249,0,1,0,0,3,2,1096,2211110130,1130,64,1116,17,59861,29483,4,0,0,43,15,2211110130,17,59861,11123,8475,86,1138,787.0,651.9230769230769,-0.1554501088515775,-1.835488641694528,231633.30177514796,1130.0,94.0,1036.0,3408,52,1104,1096.0,681.6,-0.4082230867013364,-1.8331147658573648,260931.84000000003,1096.0,60.0,1036.0,1634046390.696766,0.0,12.836121797561644
3250,0,1,0,0,3,2,1096,2211110130,1130,64,1116,17,59861,29483,4,0,0,43,15,2211110130,17,59861,11123,9605,86,1138,958.5,686.0714285714286,-0.2888663479955518,-1.7834117957361606,230247.49489795917,1130.0,94.0,1036.0,4504,52,1104,1096.0,750.6666666666666,-0.7070713456649789,-1.4998003193989835,241294.22222222228,1096.0,319.0,777.0,1634046390.697515,0.0007491111755371,12.83687090873718
3251,0,1,0,0,3,2,1096,2211110130,1130,64,1116,17,59861,29483,4,0,0,43,15,2211110130,17,59861,11123,10735,86,1138,1130.0,715.6666666666666,-0.4077776847696526,-1.705130830691144,227159.95555555556,1130.0,94.0,1036.0,5600,52,1104,1096.0,800.0,-0.9486418307403616,-1.099814173984382,221426.2857142857,1096.0,578.0,518.0,1634046390.697515,0.0,12.83687090873718
3252,0,1,0,0,3,2,652,2211110130,686,64,672,17,59861,29483,4,0,0,43,15,2211110130,17,59861,11123,11421,86,1138,958.5,713.8125,-0.4089624003318874,-1.6261425168015011,213014.02734375,1130.0,94.0,1036.0,6252,52,1104,1096.0,781.5,-0.8748933065849587,-1.036182485567826,196143.75,1096.0,504.0,592.0,1634046390.697515,0.0,12.83687090873718
3253,0,1,0,0,3,2,408,2211110130,442,64,428,17,59861,29483,4,0,0,43,15,2211110130,17,59861,11123,11863,86,1138,787.0,697.8235294117648,-0.3156404896408209,-1.6425250178123538,204574.1453287197,1130.0,94.0,1036.0,6660,52,1104,1096.0,740.0,-0.6109453105969442,-1.330198045340343,188128.0,1096.0,408.0,688.0,1634046390.698063,0.0005478858947753,12.837418794631956
3254,0,1,0,0,2,3,60,3232270721,94,47,80,17,29483,59861,4,0,0,43,15,2211110130,17,59861,11123,11957,86,1138,736.5,664.2777777777778,-0.1881222757740106,-1.7328031394612948,212339.31172839503,1130.0,94.0,1036.0,6720,52,1104,874.0,672.0,-0.3402903748919602,-1.657524917076384,210931.2,1096.0,147.0,949.0,1634046390.720183,0.0221199989318847,12.859538793563841
3255,0,1,0,0,3,2,1096,2211110130,1130,64,1116,17,59861,29483,4,0,0,43,15,2211110130,17,59861,11123,13087,86,1138,787.0,688.7894736842105,-0.284069445653394,-1.6968237984428258,211978.376731302,1130.0,94.0,1036.0,7816,52,1104,1096.0,710.5454545454545,-0.5003271130205912,-1.532683986045263,206613.1570247934,1096.0,234.0,862.0,1634046390.728621,0.0084381103515625,12.867976903915403
3256,0,1,0,0,3,2,1096,2211110130,1130,64,1116,17,59861,29483,4,0,0,43,15,2211110130,17,59861,11123,14217,86,1138,958.5,710.85,-0.3723590918299517,-1.6455990818156174,210626.1275,1130.0,94.0,1036.0,8912,52,1104,1096.0,742.6666666666666,-0.6412733653874955,-1.3764936884082477,200744.8888888889,1096.0,321.0,775.0,1634046390.728621,0.0,12.867976903915403
3257,0,1,0,0,3,2,1096,2211110130,1130,64,1116,17,59861,29483,4,0,0,43,15,2211110130,17,59861,11123,1130,1130,1130,1130.0,1130.0,0.0,-3.0,0.0,1130.0,1130.0,0.0,10008,52,1104,1096.0,769.8461538461538,-0.7678941213928542,-1.1997131981730498,194167.66863905327,1096.0,408.0,688.0,1634046390.729165,0.0005440711975097,12.868520975112913
3258,0,1,0,0,3,2,544,2211110130,578,64,564,17,59861,29483,4,0,0,43,15,2211110130,17,59861,11123,1708,578,1130,854.0,854.0,0.0,-2.0,76176.0,992.0,716.0,276.0,10552,52,1104,1096.0,753.7142857142857,-0.6724458008929467,-1.2362278850246846,183681.63265306127,1096.0,442.0,654.0,1634046390.729165,0.0,12.868520975112913
3259,0,1,0,0,3,2,408,2211110130,442,64,428,17,59861,29483,4,0,0,43,15,2211110130,17,59861,11123,2150,442,1130,578.0,716.6666666666666,0.5978986482284575,-1.4999999999999996,88504.88888888888,854.0,510.0,344.0,10960,52,1104,1096.0,730.6666666666666,-0.5258604679834524,-1.3668014145529523,178872.88888888893,1096.0,408.0,688.0,1634046390.733719,0.0045540332794189,12.873075008392332
3260,0,1,0,0,3,2,1116,2211110130,1150,64,1136,17,59861,29483,4,0,0,43,15,2211110130,17,59861,11123,3300,442,1150,854.0,825.0,-0.0660187361879988,-1.9086626083628744,101587.0,1135.0,544.0,591.0,12076,52,1116,1096.0,754.75,-0.6273719957782785,-1.257083998725724,176393.4375,1096.0,408.0,688.0,1634046390.737105,0.0033857822418212,12.876460790634153
3261,0,1,0,0,2,3,60,3232270721,94,47,80,17,29483,59861,4,0,0,43,15,2211110130,17,59861,11123,3394,94,1150,578.0,678.8,-0.0523404285909667,-1.4830086459997829,166767.36,1130.0,442.0,688.0,12136,52,1116,1096.0,713.8823529411765,-0.4700151914382771,-1.4842244034892171,192739.98615916955,1096.0,408.0,688.0,1634046390.738622,0.0015170574188232,12.877977848052977
3262,0,1,0,0,2,3,56,3232270721,90,47,76,17,29483,59861,4,0,0,43,15,2211110130,17,59861,11123,3484,90,1150,510.0,580.6666666666666,0.2352491994634885,-1.5217962463008503,187123.5555555556,992.0,181.0,811.0,12192,52,1116,874.0,677.3333333333334,-0.3333519011709283,-1.6299768296068808,204741.3333333333,1096.0,147.0,949.0,1634046390.755916,0.01729416847229,12.895272016525267
3263,0,1,0,0,2,3,60,3232270721,94,47,80,17,29483,59861,4,0,0,43,15,2211110130,17,59861,11123,3578,90,1150,442.0,511.1428571428572,0.4815882379492134,-1.3857788263324131,189392.97959183677,854.0,94.0,760.0,12252,52,1116,652.0,644.8421052631579,-0.2121096104893856,-1.721380556292436,212967.71191135733,1096.0,60.0,1036.0,1634046390.755971,5.4836273193359375e-05,12.89532685279846
3264,0,1,0,0,3,2,1096,2211110130,1130,64,1116,17,59861,29483,4,0,0,43,15,2211110130,17,59861,11123,4708,90,1150,510.0,588.5,0.1661389818176583,-1.6857445284019743,207607.75,1130.0,94.0,1036.0,13348,52,1116,874.0,667.4,-0.3029604464513463,-1.6829931848939097,211987.64,1096.0,60.0,1036.0,1634046390.773752,0.0177810192108154,12.913107872009276
3265,0,1,0,0,3,2,1096,2211110130,1130,64,1116,17,59861,29483,4,0,0,43,15,2211110130,17,59861,11123,5838,90,1150,578.0,648.6666666666666,-0.0724054671162445,-1.7500964753932415,213500.44444444447,1130.0,94.0,1036.0,1096,1096,1096,1096.0,1096.0,0.0,-3.0,0.0,1096.0,1096.0,0.0,1634046390.773752,0.0,12.913107872009276
3266,0,1,0,0,3,2,1096,2211110130,1130,64,1116,17,59861,29483,4,0,0,43,15,2211110130,17,59861,11123,6968,90,1150,854.0,696.8,-0.2659675385567503,-1.7059306722669767,213001.76,1130.0,181.0,949.0,2192,1096,1096,1096.0,1096.0,0.0,-3.0,0.0,1096.0,1096.0,0.0,1634046390.773752,0.0,12.913107872009276
3267,0,1,0,0,3,2,1096,2211110130,1130,64,1116,17,59861,29483,4,0,0,43,15,2211110130,17,59861,11123,8098,90,1150,1130.0,736.1818181818181,-0.4302145912736871,-1.6029798017342802,209147.2396694215,1130.0,268.0,862.0,3288,1096,1096,1096.0,1096.0,0.0,-3.0,0.0,1096.0,1096.0,0.0,1634046390.774424,0.0006721019744873,12.913779973983763
3268,0,1,0,0,3,2,1096,2211110130,1130,64,1116,17,59861,29483,4,0,0,43,15,2211110130,17,59861,11123,9228,90,1150,1130.0,769.0,-0.5738751455410862,-1.464640374819136,203565.66666666663,1130.0,355.0,775.0,4384,1096,1096,1096.0,1096.0,0.0,-3.0,0.0,1096.0,1096.0,0.0,1634046390.774424,0.0,12.913779973983763
3269,0,1,0,0,3,2,610,2211110130,644,64,630,17,59861,29483,4,0,0,43,15,2211110130,17,59861,11123,9872,90,1150,1130.0,759.3846153846154,-0.5275247240689382,-1.4052401423055638,189016.23668639056,1130.0,442.0,688.0,4994,610,1096,1096.0,998.8,-1.4999999999999991,0.2499999999999986,37791.36,1096.0,1096.0,0.0,1634046390.789931,0.0155069828033447,12.929286956787108
3270,0,1,0,0,3,2,408,2211110130,442,64,428,17,59861,29483,4,0,0,43,15,2211110130,17,59861,11123,10314,90,1150,887.0,736.7142857142857,-0.3874838392809041,-1.4836338856317508,182196.34693877556,1130.0,442.0,688.0,5402,408,1096,1096.0,900.3333333333334,-0.8390089236732376,-1.1308841280199615,79971.22222222223,1096.0,731.5,364.5,1634046390.789931,0.0,12.929286956787108
3271,0,1,0,0,3,2,60,2211110130,94,64,80,17,59861,29483,4,0,0,43,15,2211110130,17,59861,11123,10408,90,1150,644.0,693.8666666666667,-0.2376635960097412,-1.6255178068973846,195752.78222222216,1130.0,268.0,862.0,5462,60,1096,1096.0,780.2857142857143,-0.7123870442322168,-1.0443528951064671,155015.34693877553,1096.0,509.0,587.0,1634046390.789931,0.0,12.929286956787108
3272,0,1,0,0,3,2,1096,2211110130,1130,64,1116,17,59861,29483,4,0,0,43,15,2211110130,17,59861,11123,11538,90,1150,887.0,721.125,-0.3498935486712911,-1.5737355730405735,194663.484375,1130.0,355.0,775.0,6558,60,1096,1096.0,819.75,-0.918437354354208,-0.7124716249214531,146540.4375,1096.0,559.5,536.5,1634046390.790624,0.0006928443908691,12.929979801177977
3273,0,1,0,0,3,2,1096,2211110130,1130,64,1116,17,59861,29483,4,0,0,43,15,2211110130,17,59861,11123,12668,90,1150,1130.0,745.1764705882352,-0.451975700773135,-1.5013848466988722,192468.26297577855,1130.0,442.0,688.0,7654,60,1096,1096.0,850.4444444444445,-1.098161289435074,-0.3441322062944851,137795.35802469135,1096.0,610.0,486.0,1634046390.790624,0.0,12.929979801177977
3274,0,1,0,0,3,2,1096,2211110130,1130,64,1116,17,59861,29483,4,0,0,43,15,2211110130,17,59861,11123,13798,90,1150,1130.0,766.5555555555555,-0.5458465970812351,-1.4140042611039505,189545.69135802463,1130.0,442.0,688.0,8750,60,1096,1096.0,875.0,-1.2588159170265338,0.0461088450892992,129442.6,1096.0,731.5,364.5,1634046390.790624,0.0,12.929979801177977
3275,0,1,0,0,3,2,473,2211110130,507,64,493,17,59861,29483,4,0,0,43,15,2211110130,17,59861,11123,14305,90,1150,1130.0,752.8947368421053,-0.4613382464004524,-1.444736464241827,182928.7257617729,1130.0,442.0,688.0,9223,60,1096,1096.0,838.4545454545455,-0.944244044450917,-0.6018328368454502,131030.79338842978,1096.0,541.5,554.5,1634046390.790624,0.0,12.929979801177977
3276,0,1,0,0,2,3,60,3232270721,94,47,80,17,29483,59861,4,0,0,43,15,2211110130,17,59861,11123,14399,90,1150,887.0,719.95,-0.342331877265159,-1.5782662249894348,194404.0475,1130.0,355.0,775.0,9283,60,1096,1096.0,773.5833333333334,-0.7028346339576168,-1.1312130674109635,166402.5763888889,1096.0,456.75,639.25,1634046390.791673,0.0010490417480468,12.931028842926024
3277,0,1,0,0,3,2,408,2211110130,442,64,428,17,59861,29483,4,0,0,43,15,2211110130,17,59861,11123,442,442,442,442.0,442.0,0.0,-3.0,0.0,442.0,442.0,0.0,9691,60,1096,1096.0,745.4615384615385,-0.5164441980760863,-1.325541405015494,163092.4023668639,1096.0,408.0,688.0,1634046390.815478,0.0238051414489746,12.954833984374998
3278,0,1,0,0,3,2,1096,2211110130,1130,64,1116,17,59861,29483,4,0,0,43,15,2211110130,17,59861,11123,1572,442,1130,786.0,786.0,0.0,-2.0,118336.0,958.0,614.0,344.0,10787,60,1096,1096.0,770.5,-0.6354316932523032,-1.198147019476811,159592.9642857143,1096.0,424.25,671.75,1634046390.83584,0.0203619003295898,12.975195884704588
3279,0,1,0,0,3,2,1096,2211110130,1130,64,1116,17,59861,29483,4,0,0,43,15,2211110130,17,59861,11123,2702,442,1130,1130.0,900.6666666666666,-0.7071067811865471,-1.5000000000000009,105187.55555555556,1130.0,786.0,344.0,11883,60,1096,1096.0,792.2,-0.7441182000848273,-1.0530927447239111,155545.89333333334,1096.0,440.5,655.5,1634046390.83584,0.0,12.975195884704588
3280,0,1,0,0,3,2,1096,2211110130,1130,64,1116,17,59861,29483,4,0,0,43,15,2211110130,17,59861,11123,3832,442,1130,1130.0,958.0,-1.1547005383792517,-0.6666666666666665,88752.0,1130.0,958.0,172.0,12979,60,1096,1096.0,811.1875,-0.8444658499167427,-0.895269915327602,151232.15234375,1096.0,456.75,639.25,1634046390.83584,0.0,12.975195884704588
3281,0,1,0,0,3,2,1096,2211110130,1130,64,1116,17,59861,29483,4,0,0,43,15,2211110130,17,59861,11123,4962,442,1130,1130.0,992.4,-1.5,0.2499999999999982,75735.04000000001,1130.0,1130.0,0.0,14075,60,1096,1096.0,827.9411764705883,-0.9379218027116888,-0.7279183871701815,146827.11418685122,1096.0,473.0,623.0,1634046390.836549,0.000709056854248,12.975904941558836
3282,0,1,0,0,3,2,1096,2211110130,1130,64,1116,17,59861,29483,4,0,0,43,15,2211110130,17,59861,11123,6092,442,1130,1130.0,1015.3333333333334,-1.7888543819998322,1.2000000000000002,65742.22222222223,1130.0,1130.0,0.0,15171,60,1096,1096.0,842.8333333333334,-1.0255822303583573,-0.5532684957643794,142440.25,1096.0,507.25,588.75,1634046390.836549,0.0,12.975904941558836
3283,0,1,0,0,3,2,267,2211110130,301,64,287,17,59861,29483,4,0,0,43,15,2211110130,17,59861,11123,6393,301,1130,1130.0,913.2857142857144,-0.9880737218399908,-0.967529079657628,118832.77551020404,1130.0,786.0,344.0,15438,60,1096,1096.0,812.5263157894736,-0.8223477601847801,-0.9907184378815614,151476.67036011085,1096.0,440.5,655.5,1634046390.836549,0.0,12.975904941558836
3284,0,1,0,0,2,3,52,3232270721,86,47,72,17,29483,59861,4,0,0,43,15,2211110130,17,59861,11123,6479,86,1130,1130.0,809.875,-0.6559050907555695,-1.387947131468113,178835.109375,1130.0,406.75,723.25,15490,52,1096,1096.0,774.5,-0.6828593827263997,-1.2408039246915683,171376.85,1096.0,408.0,688.0,1634046390.841625,0.0050759315490722,12.980980873107908
3285,0,1,0,0,3,2,1096,2211110130,1130,64,1116,17,59861,29483,4,0,0,43,15,2211110130,17,59861,11123,7609,86,1130,1130.0,845.4444444444445,-0.8418951097572933,-1.109896770460313,169086.024691358,1130.0,442.0,688.0,1096,1096,1096,1096.0,1096.0,0.0,-3.0,0.0,1096.0,1096.0,0.0,1634046390.847168,0.0055429935455322,12.98652386665344
3286,0,1,0,0,3,2,1096,2211110130,1130,64,1116,17,59861,29483,4,0,0,43,15,2211110130,17,59861,11123,8739,86,1130,1130.0,873.9,-1.0052560714054266,-0.8056258670671594,159464.88999999996,1130.0,614.0,516.0,2192,1096,1096,1096.0,1096.0,0.0,-3.0,0.0,1096.0,1096.0,0.0,1634046390.847168,0.0,12.98652386665344
3287,0,1,0,0,3,2,1096,2211110130,1130,64,1116,17,59861,29483,4,0,0,43,15,2211110130,17,59861,11123,9869,86,1130,1130.0,897.1818181818181,-1.1519778868911383,-0.484762665074518,150388.5123966942,1130.0,786.0,344.0,3288,1096,1096,1096.0,1096.0,0.0,-3.0,0.0,1096.0,1096.0,0.0,1634046390.847665,0.0004971027374267,12.987020969390867
3288,0,1,0,0,3,2,529,2211110130,563,64,549,17,59861,29483,4,0,0,43,15,2211110130,17,59861,11123,10432,86,1130,1130.0,869.3333333333334,-0.9363550645389211,-0.8225256088186539,146387.05555555556,1130.0,532.75,597.25,3817,529,1096,1096.0,954.25,-1.1547005383792517,-0.6666666666666665,60279.1875,1096.0,954.25,141.75,1634046390.847665,0.0,12.987020969390867
3289,0,1,0,0,2,3,60,3232270721,94,47,80,17,29483,59861,4,0,0,43,15,2211110130,17,59861,11123,10526,86,1130,1130.0,809.6923076923077,-0.6966737967528702,-1.273044788657895,177811.13609467458,1130.0,442.0,688.0,3877,60,1096,1096.0,775.4,-0.7633838442145243,-1.0841048094700512,176172.63999999998,1096.0,529.0,567.0,1634046390.858979,0.0113139152526855,12.998334884643553
3290,0,1,0,0,3,2,56,2211110130,90,64,76,17,59861,29483,4,0,0,43,15,2211110130,17,59861,11123,10616,86,1130,1130.0,758.2857142857143,-0.4965413076725709,-1.55230326911601,199464.63265306124,1130.0,336.25,793.75,3933,56,1096,812.5,655.5,-0.2806918693909564,-1.7170915065562014,218690.5833333333,1096.0,177.25,918.75,1634046390.860691,0.0017120838165283,13.000046968460081
3291,0,1,0,0,3,2,408,2211110130,442,64,428,17,59861,29483,4,0,0,43,15,2211110130,17,59861,11123,11058,86,1130,1130.0,737.2,-0.3698967644922115,-1.6146135636845884,192391.49333333332,1130.0,371.5,758.5,4341,56,1096,529.0,620.1428571428571,-0.0702667185610662,-1.6631513368077366,194949.83673469388,1096.0,234.0,862.0,1634046390.860691,0.0,13.000046968460081
3292,0,1,0,0,2,3,60,3232270721,94,47,80,17,29483,59861,4,0,0,43,15,2211110130,17,59861,11123,11152,86,1130,846.5,697.0,-0.2285665271709609,-1.7248475637114988,204607.625,1130.0,249.25,880.75,4401,56,1096,468.5,550.125,0.1738228886937563,-1.684567127614587,204898.609375,1096.0,60.0,1036.0,1634046390.876316,0.015625,13.015671968460081
3293,0,1,0,0,3,2,1096,2211110130,1130,64,1116,17,59861,29483,4,0,0,43,15,2211110130,17,59861,11123,12282,86,1130,1130.0,722.4705882352941,-0.3353242061973362,-1.6733481633129044,202951.8961937716,1130.0,301.0,829.0,5497,56,1096,529.0,610.7777777777778,-0.0648935898100605,-1.7532065183137944,211562.17283950615,1096.0,60.0,1036.0,1634046390.89336,0.0170438289642334,13.032715797424315
3294,0,1,0,0,3,2,1096,2211110130,1130,64,1116,17,59861,29483,4,0,0,43,15,2211110130,17,59861,11123,13412,86,1130,1130.0,745.1111111111111,-0.4327272280647798,-1.6044720921166251,200390.8765432099,1130.0,336.25,793.75,6593,56,1096,812.5,659.3,-0.2586453176056952,-1.7121856021263355,211595.61,1096.0,147.0,949.0,1634046390.89336,0.0,13.032715797424315
3295,0,1,0,0,2,3,60,3232270721,94,47,80,17,29483,59861,4,0,0,43,15,2211110130,17,59861,11123,13506,86,1130,1130.0,710.8421052631579,-0.3051507464171594,-1.7193161863671231,210982.55401662047,1130.0,197.5,932.5,6653,56,1096,529.0,604.8181818181819,-0.0573481036808605,-1.805884865143634,222042.3305785124,1096.0,60.0,1036.0,1634046390.894369,0.0010089874267578,13.033724784851072
3296,0,1,0,0,3,2,1116,2211110130,1150,64,1136,17,59861,29483,4,0,0,43,15,2211110130,17,59861,11123,14656,86,1150,1130.0,732.8,-0.3926428412889547,-1.6633243023360542,209594.25999999995,1130.0,249.25,880.75,7769,56,1116,812.5,647.4166666666666,-0.2177577733748983,-1.7760077334472566,223499.7430555556,1096.0,60.0,1036.0,1634046390.896004,0.0016350746154785,13.035359859466551
3297,0,1,0,0,3,2,1096,2211110130,1130,64,1116,17,59861,29483,4,0,0,43,15,2211110130,17,59861,11123,1130,1130,1130,1130.0,1130.0,0.0,-3.0,0.0,1130.0,1130.0,0.0,8865,56,1116,1096.0,681.9230769230769,-0.358773622977997,-1.7031907277492104,220595.76331360947,1096.0,60.0,1036.0,1634046390.896004,0.0,13.035359859466551
3298,0,1,0,0,3,2,1096,2211110130,1130,64,1116,17,59861,29483,4,0,0,43,15,2211110130,17,59861,11123,2260,1130,1130,1130.0,1130.0,0.0,-3.0,0.0,1130.0,1130.0,0.0,9961,56,1116,1096.0,711.5,-0.48397155720865,-1.6027200653216735,216211.25,1096.0,147.0,949.0,1634046390.896611,0.0006070137023925,13.035966873168944
3299,0,1,0,0,3,2,232,2211110130,266,64,252,17,59861,29483,4,0,0,43,15,2211110130,17,59861,11123,2526,266,1130,1130.0,842.0,-0.7071067811865476,-1.5,165888.0,1130.0,698.0,432.0,10193,56,1116,1096.0,679.5333333333333,-0.3185869354316451,-1.7351292988879303,216103.3155555556,1096.0,146.0,950.0,1634046390.896611,0.0,13.035966873168944
3300,0,1,0,0,3,2,52,2211110130,86,64,72,17,59861,29483,4,0,0,43,15,2211110130,17,59861,11123,2612,86,1130,698.0,653.0,-0.0520050951870202,-1.9309630272327185,231579.0,1130.0,221.0,909.0,10245,52,1116,812.5,640.3125,-0.1757068896334788,-1.821256659834076,225670.96484375,1096.0,60.0,1036.0,1634046390.896611,0.0,13.035966873168944
3301,0,1,0,0,3,2,60,2211110130,94,64,80,17,59861,29483,4,0,0,43,15,2211110130,17,59861,11123,2706,86,1130,266.0,541.2,0.3569534856607091,-1.8109735306807584,235260.16,1130.0,94.0,1036.0,10305,52,1116,529.0,606.1764705882352,-0.0497427123745483,-1.861004456571542,231040.4982698962,1096.0,60.0,1036.0,1634046390.896611,0.0,13.035966873168944
3302,0,1,0,0,3,2,408,2211110130,442,64,428,17,59861,29483,4,0,0,43,15,2211110130,17,59861,11123,3148,86,1130,354.0,524.6666666666666,0.4967981868002636,-1.526807039901705,197416.88888888888,958.0,137.0,821.0,10713,52,1116,468.5,595.1666666666666,0.0157383867131656,-1.816523429832741,220265.5833333333,1096.0,60.0,1036.0,1634046390.896611,0.0,13.035966873168944
3303,0,1,0,0,3,2,1096,2211110130,1130,64,1116,17,59861,29483,4,0,0,43,15,2211110130,17,59861,11123,4278,86,1130,442.0,611.1428571428571,0.1297566809505638,-1.8155105953068889,214083.26530612248,1130.0,180.0,950.0,11809,52,1116,529.0,621.5263157894736,-0.0899414564568798,-1.8190627921116944,221179.61772853183,1096.0,60.0,1036.0,1634046390.909328,0.0127170085906982,13.048683881759642
3304,0,1,0,0,3,2,1096,2211110130,1130,64,1116,17,59861,29483,4,0,0,43,15,2211110130,17,59861,11123,5408,86,1130,786.0,676.0,-0.1361718299223815,-1.8372158675053731,216768.0,1130.0,223.0,907.0,12905,52,1116,812.5,645.25,-0.1857711112169669,-1.800204999979507,220814.0875,1096.0,60.0,1036.0,1634046390.91049,0.001162052154541,13.049845933914183
3305,0,1,0,0,3,2,1096,2211110130,1130,64,1116,17,59861,29483,4,0,0,43,15,2211110130,17,59861,11123,6538,86,1130,1130.0,726.4444444444445,-0.3476714764378119,-1.7457361926784414,213039.80246913584,1130.0,266.0,864.0,1096,1096,1096,1096.0,1096.0,0.0,-3.0,0.0,1096.0,1096.0,0.0,1634046390.91049,0.0,13.049845933914183
3306,0,1,0,0,3,2,1096,2211110130,1130,64,1116,17,59861,29483,4,0,0,43,15,2211110130,17,59861,11123,7668,86,1130,1130.0,766.8,-0.5252376404390637,-1.5958020152462582,206392.96,1130.0,310.0,820.0,2192,1096,1096,1096.0,1096.0,0.0,-3.0,0.0,1096.0,1096.0,0.0,1634046390.91049,0.0,13.049845933914183
3307,0,1,0,0,3,2,1096,2211110130,1130,64,1116,17,59861,29483,4,0,0,43,15,2211110130,17,59861,11123,8798,86,1130,1130.0,799.8181818181819,-0.6796065128527246,-1.411761852712316,198531.96694214875,1130.0,354.0,776.0,3288,1096,1096,1096.0,1096.0,0.0,-3.0,0.0,1096.0,1096.0,0.0,1634046390.911114,0.0006239414215087,13.050469875335692
3308,0,1,0,0,3,2,740,2211110130,774,64,760,17,59861,29483,4,0,0,43,15,2211110130,17,59861,11123,9572,86,1130,1130.0,797.6666666666666,-0.6944182994054189,-1.282504133069976,182038.55555555556,1130.0,398.0,732.0,4028,740,1096,1096.0,1007.0,-1.1547005383792517,-0.6666666666666665,23763.0,1096.0,1007.0,89.0,1634046390.911114,0.0,13.050469875335692
3309,0,1,0,0,2,3,60,3232270721,94,47,80,17,29483,59861,4,0,0,43,15,2211110130,17,59861,11123,9666,86,1130,1130.0,743.5384615384615,-0.4741902409637537,-1.585263693265149,203193.9408284024,1130.0,266.0,864.0,4088,60,1096,1096.0,817.6,-1.1313944898603117,-0.3681514287935048,162499.84,1096.0,740.0,356.0,1634046390.912555,0.0014410018920898,13.051910877227781
3310,0,1,0,0,3,2,408,2211110130,442,64,428,17,59861,29483,4,0,0,43,15,2211110130,17,59861,11123,10108,86,1130,952.0,722.0,-0.3456499525547785,-1.6355656796097555,194710.85714285716,1130.0,310.0,820.0,4496,60,1096,918.0,749.3333333333334,-0.638758952590373,-1.1296663170065693,158718.22222222222,1096.0,491.0,605.0,1634046390.93581,0.0232551097869873,13.075165987014769
3311,0,1,0,0,3,2,1096,2211110130,1130,64,1116,17,59861,29483,4,0,0,43,15,2211110130,17,59861,11123,11238,86,1130,1130.0,749.2,-0.4618767357860776,-1.5499112874877252,192087.8933333333,1130.0,354.0,776.0,5592,60,1096,1096.0,798.8571428571429,-0.8744709103988677,-0.7840857395129239,150759.8367346939,1096.0,574.0,522.0,1634046390.96274,0.0269298553466796,13.102095842361448
3312,0,1,0,0,3,2,1096,2211110130,1130,64,1116,17,59861,29483,4,0,0,43,15,2211110130,17,59861,11123,12368,86,1130,1130.0,773.0,-0.5675909362097806,-1.4461257610533438,188579.0,1130.0,398.0,732.0,6688,60,1096,1096.0,836.0,-1.076388317189134,-0.3861587605413077,141572.0,1096.0,657.0,439.0,1634046390.96274,0.0,13.102095842361448
3313,0,1,0,0,3,2,1096,2211110130,1130,64,1116,17,59861,29483,4,0,0,43,15,2211110130,17,59861,11123,13498,86,1130,1130.0,794.0,-0.6648370564797718,-1.329133293519512,184542.11764705885,1130.0,442.0,688.0,7784,60,1096,1096.0,864.8888888888889,-1.25459065632465,0.0410680324487264,132518.3209876543,1096.0,740.0,356.0,1634046390.963231,0.0004911422729492,13.102586984634398
3314,0,1,0,0,3,2,865,2211110130,899,64,885,17,59861,29483,4,0,0,43,15,2211110130,17,59861,11123,14397,86,1130,1130.0,799.8333333333334,-0.7216918725038142,-1.2032100759687374,174868.25,1130.0,442.0,688.0,8649,60,1096,1096.0,864.9,-1.3225511703919397,0.3791346157154214,119266.49000000002,1096.0,771.25,324.75,1634046390.963231,0.0,13.102586984634398
3315,0,1,0,0,2,3,56,3232270721,90,47,76,17,29483,59861,4,0,0,43,15,2211110130,17,59861,11123,14487,86,1130,1130.0,762.4736842105264,-0.5686085037094872,-1.4413968916422908,190788.03878116343,1130.0,354.0,776.0,8705,56,1096,1096.0,791.3636363636364,-0.9371912193017838,-0.7558980245721671,162500.04958677688,1096.0,574.0,522.0,1634046390.964597,0.0013659000396728,13.10395288467407
3316,0,1,0,0,2,3,60,3232270721,94,47,80,17,29483,59861,4,0,0,43,15,2211110130,17,59861,11123,14581,86,1130,1014.5,729.05,-0.4347780272766086,-1.604093239646723,202474.3475,1130.0,223.0,907.0,8765,56,1096,980.5,730.4166666666666,-0.6522679236323924,-1.313456748995365,189818.24305555556,1096.0,321.0,775.0,1634046390.964636,3.910064697265625e-05,13.103991985321043
3317,0,1,0,0,2,3,60,3232270721,94,47,80,17,29483,59861,4,0,0,43,15,2211110130,17,59861,11123,94,94,94,94.0,94.0,0.0,-3.0,0.0,94.0,94.0,0.0,8825,56,1096,865.0,678.8461538461538,-0.4326924276832266,-1.603687146004816,207131.0532544379,1096.0,60.0,1036.0,1634046390.981789,0.0171530246734619,13.121145009994505
3318,0,1,0,0,3,2,408,2211110130,442,64,428,17,59861,29483,4,0,0,43,15,2211110130,17,59861,11123,536,94,442,268.0,268.0,0.0,-2.0,30276.0,355.0,181.0,174.0,9233,56,1096,802.5,659.5,-0.3179385712189262,-1.626476908914529,197201.5357142857,1096.0,147.0,949.0,1634046390.994632,0.0128428936004638,13.133987903594969
3319,0,1,0,0,3,2,1096,2211110130,1130,64,1116,17,59861,29483,4,0,0,43,15,2211110130,17,59861,11123,1666,94,1130,442.0,555.3333333333334,0.3766675336035382,-1.5000000000000004,185304.8888888889,786.0,268.0,518.0,10329,56,1096,865.0,688.6,-0.4332611509753822,-1.550045267241609,195910.10666666663,1096.0,234.0,862.0,1634046390.994632,0.0,13.133987903594969
3320,0,1,0,0,3,2,1096,2211110130,1130,64,1116,17,59861,29483,4,0,0,43,15,2211110130,17,59861,11123,2796,94,1130,786.0,699.0,-0.2173703793443629,-1.715628269693377,200899.0,1130.0,355.0,775.0,11425,56,1096,980.5,714.0625,-0.5383487226319866,-1.454428552509268,193390.80859375,1096.0,321.0,775.0,1634046390.995096,0.0004639625549316,13.1344518661499
3321,0,1,0,0,3,2,1096,2211110130,1130,64,1116,17,59861,29483,4,0,0,43,15,2211110130,17,59861,11123,3926,94,1130,1130.0,785.2,-0.5960310217014525,-1.4309581812273606,190440.96,1130.0,442.0,688.0,12521,56,1096,1096.0,736.5294117647059,-0.6351144773755085,-1.344791555271004,190091.07266435985,1096.0,408.0,688.0,1634046390.995096,0.0,13.1344518661499
3322,0,1,0,0,3,2,1096,2211110130,1130,64,1116,17,59861,29483,4,0,0,43,15,2211110130,17,59861,11123,5056,94,1130,1130.0,842.6666666666666,-0.8841304010018901,-1.0064953845451037,175212.8888888889,1130.0,614.0,516.0,13617,56,1096,1096.0,756.5,-0.7249911463400656,-1.2246122577816303,186310.47222222225,1096.0,408.0,688.0,1634046390.995684,0.0005879402160644,13.135039806365965
3323,0,1,0,0,3,2,1096,2211110130,1130,64,1116,17,59861,29483,4,0,0,43,15,2211110130,17,59861,11123,6186,94,1130,1130.0,883.7142857142857,-1.1219136136324064,-0.5235409323099716,160291.91836734695,1130.0,786.0,344.0,14713,56,1096,1096.0,774.3684210526316,-0.809073716300873,-1.0963129809182035,182251.7063711911,1096.0,408.0,688.0,1634046390.995684,0.0,13.135039806365965
3324,0,1,0,0,3,2,448,2211110130,482,64,468,17,59861,29483,4,0,0,43,15,2211110130,17,59861,11123,6668,94,1130,1130.0,833.5,-0.7520369739218749,-1.1127522546919029,157905.75,1130.0,472.0,658.0,15161,56,1096,1096.0,758.05,-0.702070040139819,-1.2079572225392197,178198.64750000002,1096.0,408.0,688.0,1634046390.995684,0.0,13.135039806365965
3325,0,1,0,0,2,3,60,3232270721,94,47,80,17,29483,59861,4,0,0,43,15,2211110130,17,59861,11123,6762,94,1130,1130.0,751.3333333333334,-0.4482438128614373,-1.5571025358161494,194371.5555555556,1130.0,442.0,688.0,60,60,60,60.0,60.0,0.0,-3.0,0.0,60.0,60.0,0.0,1634046391.007346,0.0116620063781738,13.146701812744139
3326,0,1,0,0,2,3,60,3232270721,94,47,80,17,29483,59861,4,0,0,43,15,2211110130,17,59861,11123,6856,94,1130,806.0,685.6,-0.2075712965812489,-1.7582356146264553,213822.24000000005,1130.0,181.0,949.0,120,60,60,60.0,60.0,0.0,-3.0,0.0,60.0,60.0,0.0,1634046391.017945,0.010599136352539,13.157300949096678
3327,0,1,0,0,3,2,60,2211110130,94,64,80,17,59861,29483,4,0,0,43,15,2211110130,17,59861,11123,6950,94,1130,482.0,631.8181818181819,-0.0122741913694997,-1.8251607782694812,223308.69421487607,1130.0,94.0,1036.0,180,60,60,60.0,60.0,0.0,-3.0,0.0,60.0,60.0,0.0,1634046391.027032,0.0090868473052978,13.166387796401976
3328,0,1,0,0,3,2,408,2211110130,442,64,428,17,59861,29483,4,0,0,43,15,2211110130,17,59861,11123,7392,94,1130,462.0,616.0,0.0856325887810988,-1.7449684783900632,207452.0,1130.0,94.0,1036.0,588,60,408,60.0,147.0,1.1547005383792517,-0.6666666666666665,22707.0,147.0,60.0,87.0,1634046391.027032,0.0,13.166387796401976
3329,0,1,0,0,3,2,1096,2211110130,1130,64,1116,17,59861,29483,4,0,0,43,15,2211110130,17,59861,11123,8522,94,1130,482.0,655.5384615384615,-0.0735036740926168,-1.7700351530543363,210253.6331360947,1130.0,94.0,1036.0,1684,60,1096,60.0,336.8,1.1454034124634815,-0.3424161373246619,162261.76,408.0,60.0,348.0,1634046391.027032,0.0,13.166387796401976
3330,0,1,0,0,3,2,1096,2211110130,1130,64,1116,17,59861,29483,4,0,0,43,15,2211110130,17,59861,11123,9652,94,1130,806.0,689.4285714285714,-0.2112921875659474,-1.7453331124976936,210166.5306122449,1130.0,181.0,949.0,2780,60,1096,234.0,463.3333333333333,0.5163876025149761,-1.5620300128950404,215271.5555555556,924.0,60.0,864.0,1634046391.027729,0.0006971359252929,13.167084932327269
3331,0,1,0,0,3,2,1116,2211110130,1150,64,1136,17,59861,29483,4,0,0,43,15,2211110130,17,59861,11123,10802,94,1150,1130.0,720.1333333333333,-0.3319814937470732,-1.6893583930988574,209354.38222222216,1130.0,268.0,862.0,3896,60,1116,408.0,556.5714285714286,0.1468857361993593,-1.8519152987252128,236678.5306122449,1096.0,60.0,1036.0,1634046391.02953,0.0018010139465332,13.168885946273802
3332,0,1,0,0,3,2,1096,2211110130,1130,64,1116,17,59861,29483,4,0,0,43,15,2211110130,17,59861,11123,11932,94,1150,1130.0,745.75,-0.442068817926384,-1.6101421284130215,206112.9375,1130.0,355.0,775.0,4992,60,1116,752.0,624.0,-0.121741524265215,-1.8761382760174008,238920.0,1096.0,60.0,1036.0,1634046391.02953,0.0,13.168885946273802
3333,0,1,0,0,3,2,1096,2211110130,1130,64,1116,17,59861,29483,4,0,0,43,15,2211110130,17,59861,11123,13062,94,1150,1130.0,768.3529411764706,-0.5425423418476335,-1.5149788732488518,202162.93425605536,1130.0,442.0,688.0,6088,60,1116,1096.0,676.4444444444445,-0.3346625725021887,-1.7870490457524402,234376.69135802463,1096.0,60.0,1036.0,1634046391.02953,0.0,13.168885946273802
3334,0,1,0,0,3,2,1096,2211110130,1130,64,1116,17,59861,29483,4,0,0,43,15,2211110130,17,59861,11123,14192,94,1150,1130.0,788.4444444444445,-0.6352192320693304,-1.4080099410972196,197794.02469135803,1130.0,442.0,688.0,7184,60,1116,1096.0,718.4,-0.5130589820219897,-1.6395751668832246,226781.43999999997,1096.0,147.0,949.0,1634046391.030172,0.0006420612335205,13.169528007507322
3335,0,1,0,0,3,2,275,2211110130,309,64,295,17,59861,29483,4,0,0,43,15,2211110130,17,59861,11123,14501,94,1150,1130.0,763.2105263157895,-0.4924908543140985,-1.568070622511586,198845.32409972305,1130.0,375.5,754.5,7459,60,1116,1096.0,678.0909090909091,-0.2987389670287643,-1.7891792239477948,222413.173553719,1096.0,167.5,928.5,1634046391.030172,0.0,13.169528007507322
3336,0,1,0,0,3,2,1096,2211110130,1130,64,1116,17,59861,29483,4,0,0,43,15,2211110130,17,59861,11123,15631,94,1150,1130.0,781.55,-0.5766697367395617,-1.4806174412995357,195293.44749999995,1130.0,408.75,721.25,8555,60,1116,1096.0,712.9166666666666,-0.4482295338963036,-1.6820656412249009,217219.90972222228,1096.0,221.25,874.75,1634046391.038721,0.0085489749908447,13.178076982498167
3337,0,1,0,0,3,2,1096,2211110130,1130,64,1116,17,59861,29483,4,0,0,43,15,2211110130,17,59861,11123,1130,1130,1130,1130.0,1130.0,0.0,-3.0,0.0,1130.0,1130.0,0.0,9651,60,1116,1096.0,742.3846153846154,-0.5805022988175037,-1.5483182282323371,210931.0059171597,1096.0,275.0,821.0,1634046391.038721,0.0,13.178076982498167
3338,0,1,0,0,3,2,1096,2211110130,1130,64,1116,17,59861,29483,4,0,0,43,15,2211110130,17,59861,11123,2260,1130,1130,1130.0,1130.0,0.0,-3.0,0.0,1130.0,1130.0,0.0,10747,60,1116,1096.0,767.6428571428571,-0.6997214737499583,-1.3965926131133442,204158.22959183672,1096.0,308.25,787.75,1634046391.038721,0.0,13.178076982498167
3339,0,1,0,0,3,2,914,2211110130,948,64,934,17,59861,29483,4,0,0,43,15,2211110130,17,59861,11123,3208,948,1130,1130.0,1069.3333333333333,-0.707106781186545,-1.5000000000000022,7360.888888888888,1130.0,1039.0,91.0,11661,60,1116,1096.0,777.4,-0.7810950910164398,-1.2383990749901397,191880.50666666665,1096.0,341.5,754.5,1634046391.039314,0.0005929470062255,13.178669929504393
3340,0,1,0,0,2,3,60,3232270721,94,47,80,17,29483,59861,4,0,0,43,15,2211110130,17,59861,11123,3302,94,1130,1039.0,825.5,-1.0561260030532151,-0.7542839157309111,183884.75,1130.0,734.5,395.5,11721,60,1116,1096.0,732.5625,-0.5846565539071887,-1.532853972597235,210043.99609375,1096.0,221.25,874.75,1634046391.050915,0.0116009712219238,13.190270900726317
3341,0,1,0,0,2,3,52,3232270721,86,47,72,17,29483,59861,4,0,0,43,15,2211110130,17,59861,11123,3388,86,1130,948.0,677.6,-0.3535394115249616,-1.809527388493292,234605.44,1130.0,94.0,1036.0,11773,52,1116,1096.0,692.5294117647059,-0.4228367518998747,-1.7119553548330932,223330.83737024225,1096.0,60.0,1036.0,1634046391.05097,5.507469177246094e-05,13.190325975418089
3342,0,1,0,0,3,2,56,2211110130,90,64,76,17,59861,29483,4,0,0,43,15,2211110130,17,59861,11123,3478,86,1130,521.0,579.6666666666666,0.0430833472127411,-1.9472819157689256,243459.22222222225,1084.5,91.0,993.5,11829,52,1116,1005.0,657.1666666666666,-0.2842331600829408,-1.8211047212981912,232182.47222222225,1096.0,60.0,1036.0,1634046391.072418,0.0214478969573974,13.211773872375487
3343,0,1,0,0,3,2,408,2211110130,442,64,428,17,59861,29483,4,0,0,43,15,2211110130,17,59861,11123,3920,86,1130,442.0,560.0,0.1704457040264818,-1.779355369940991,211000.0,1039.0,92.0,947.0,12237,52,1116,914.0,644.0526315789474,-0.2103702003532829,-1.813824829899686,223057.94459833796,1096.0,60.0,1036.0,1634046391.072418,0.0,13.211773872375487
3344,0,1,0,0,3,2,1096,2211110130,1130,64,1116,17,59861,29483,4,0,0,43,15,2211110130,17,59861,11123,5050,86,1130,695.0,631.25,-0.0950315845019607,-1.8279058297022748,220160.9375,1130.0,93.0,1037.0,13333,52,1116,1005.0,666.65,-0.3016917970688831,-1.771757373914867,221607.22750000004,1096.0,60.0,1036.0,1634046391.082158,0.0097401142120361,13.221513986587523
3345,0,1,0,0,3,2,1096,2211110130,1130,64,1116,17,59861,29483,4,0,0,43,15,2211110130,17,59861,11123,6180,86,1130,948.0,686.6666666666666,-0.3069425967228906,-1.7563074328668555,220266.66666666663,1130.0,94.0,1036.0,1096,1096,1096,1096.0,1096.0,0.0,-3.0,0.0,1096.0,1096.0,0.0,1634046391.082158,0.0,13.221513986587523
3346,0,1,0,0,2,3,60,3232270721,94,47,80,17,29483,59861,4,0,0,43,15,2211110130,17,59861,11123,6274,86,1130,695.0,627.4,-0.0753124637099116,-1.867728175760839,229852.84,1130.0,94.0,1036.0,1156,60,1096,578.0,578.0,0.0,-2.0,268324.0,837.0,319.0,518.0,1634046391.088048,0.005889892578125,13.227403879165648
3347,0,1,0,0,3,2,1096,2211110130,1130,64,1116,17,59861,29483,4,0,0,43,15,2211110130,17,59861,11123,7404,86,1130,948.0,673.0909090909091,-0.2505098614672721,-1.8197552731297284,229833.71900826448,1130.0,94.0,1036.0,2252,60,1096,1096.0,750.6666666666666,-0.7071067811865472,-1.5,238510.22222222225,1096.0,578.0,518.0,1634046391.088107,5.91278076171875e-05,13.227463006973265
3348,0,1,0,0,3,2,1096,2211110130,1130,64,1116,17,59861,29483,4,0,0,43,15,2211110130,17,59861,11123,8534,86,1130,1039.0,711.1666666666666,-0.4013024885207637,-1.7266093444688475,226628.30555555556,1130.0,94.0,1036.0,3348,60,1096,1096.0,837.0,-1.1547005383792517,-0.6666666666666665,201243.0,1096.0,837.0,259.0,1634046391.088107,0.0,13.227463006973265
3349,0,1,0,0,3,2,1096,2211110130,1130,64,1116,17,59861,29483,4,0,0,43,15,2211110130,17,59861,11123,9664,86,1130,1130.0,743.3846153846154,-0.5344380770673247,-1.6048295239527377,221651.3136094674,1130.0,94.0,1036.0,4444,60,1096,1096.0,888.8,-1.5000000000000004,0.2500000000000004,171727.35999999996,1096.0,1096.0,0.0,1634046391.088107,0.0,13.227463006973265
3350,0,1,0,0,3,2,220,2211110130,254,64,240,17,59861,29483,4,0,0,43,15,2211110130,17,59861,11123,9918,86,1130,1039.0,708.4285714285714,-0.3531566051128346,-1.759719772577779,221704.10204081636,1130.0,134.0,996.0,4664,60,1096,1096.0,777.3333333333334,-0.7399818175168712,-1.4072569209883703,205230.22222222225,1096.0,439.0,657.0,1634046391.088107,0.0,13.227463006973265
3351,0,1,0,0,3,2,408,2211110130,442,64,428,17,59861,29483,4,0,0,43,15,2211110130,17,59861,11123,10360,86,1130,948.0,690.6666666666666,-0.2511622562324622,-1.7663461515141454,211340.62222222227,1130.0,174.0,956.0,5072,60,1096,1096.0,724.5714285714286,-0.4203351078188286,-1.667509792252418,192614.53061224488,1096.0,314.0,782.0,1634046391.09589,0.0077829360961914,13.235245943069456
3352,0,1,0,0,3,2,1104,2211110130,1138,64,1124,17,59861,29483,4,0,0,43,15,2211110130,17,59861,11123,11498,86,1138,1039.0,718.625,-0.3630907922008722,-1.7039332049215938,209856.859375,1130.0,214.0,916.0,6176,60,1104,1096.0,772.0,-0.6394987346533542,-1.440762233086513,184284.0,1096.0,361.0,735.0,1634046391.103673,0.0077829360961914,13.243028879165648
3353,0,1,0,0,3,2,1096,2211110130,1130,64,1116,17,59861,29483,4,0,0,43,15,2211110130,17,59861,11123,12628,86,1138,1130.0,742.8235294117648,-0.4653685977081217,-1.6234285069060863,206881.4394463668,1130.0,254.0,876.0,7272,60,1104,1096.0,808.0,-0.8260697049935708,-1.1677887346904203,174176.0,1096.0,408.0,688.0,1634046391.103673,0.0,13.243028879165648
3354,0,1,0,0,3,2,1096,2211110130,1130,64,1116,17,59861,29483,4,0,0,43,15,2211110130,17,59861,11123,13758,86,1138,1130.0,764.3333333333334,-0.5593879283321872,-1.5297661488655816,203253.44444444444,1130.0,301.0,829.0,8368,60,1104,1096.0,836.8,-0.989731291978841,-0.868548285422472,164223.36000000002,1096.0,580.0,516.0,1634046391.10424,0.0005669593811035,13.243595838546751
3355,0,1,0,0,3,2,1096,2211110130,1130,64,1116,17,59861,29483,4,0,0,43,15,2211110130,17,59861,11123,14888,86,1138,1130.0,783.578947368421,-0.6466050153650801,-1.4261470914734518,199222.9806094183,1130.0,348.0,782.0,9464,60,1104,1096.0,860.3636363636364,-1.1365873628732186,-0.5527047314132707,154846.41322314047,1096.0,752.0,344.0,1634046391.10424,0.0,13.243595838546751
3356,0,1,0,0,3,2,1096,2211110130,1130,64,1116,17,59861,29483,4,0,0,43,15,2211110130,17,59861,11123,16018,86,1138,1130.0,800.9,-0.7281198268067688,-1.3148131892010892,194962.19,1130.0,395.0,735.0,10560,60,1104,1096.0,880.0,-1.270540860560688,-0.2256993896563148,146184.0,1096.0,924.0,172.0,1634046391.10424,0.0,13.243595838546751
3357,0,1,0,0,3,2,159,2211110130,193,64,179,17,59861,29483,4,0,0,43,15,2211110130,17,59861,11123,193,193,193,193.0,193.0,0.0,-3.0,0.0,193.0,193.0,0.0,10719,60,1104,1096.0,824.5384615384615,-0.921072872949388,-1.0437027962112655,171850.86390532542,1096.0,408.0,688.0,1634046391.10424,0.0,13.243595838546751
3358,0,1,0,0,3,2,408,2211110130,442,64,428,17,59861,29483,4,0,0,43,15,2211110130,17,59861,11123,635,193,442,317.5,317.5,0.0,-2.0,15500.25,379.75,255.25,124.5,11127,60,1104,1096.0,794.7857142857143,-0.7178222458883108,-1.3312570888732325,171083.73979591837,1096.0,408.0,688.0,1634046391.135078,0.0308380126953125,13.274433851242064
3359,0,1,0,0,2,3,60,3232270721,94,47,80,17,29483,59861,4,0,0,43,15,2211110130,17,59861,11123,729,94,442,193.0,243.0,0.4724485382146473,-1.5,21434.0,317.5,143.5,174.0,11187,60,1104,1096.0,745.8,-0.5335798746817382,-1.5718134674501385,193272.56,1096.0,314.0,782.0,1634046391.139708,0.0046300888061523,13.279063940048216
3360,0,1,0,0,3,2,60,2211110130,94,64,80,17,59861,29483,4,0,0,43,15,2211110130,17,59861,11123,823,94,442,143.5,205.75,0.902443603356757,-0.9081595854898792,20238.1875,255.25,94.0,161.25,11247,60,1104,1096.0,702.9375,-0.3747377990984279,-1.7285155593200092,208750.93359375,1096.0,204.75,891.25,1634046391.146757,0.0070488452911376,13.286112785339354
3361,0,1,0,0,3,2,1096,2211110130,1130,64,1116,17,59861,29483,4,0,0,43,15,2211110130,17,59861,11123,1953,94,1130,193.0,390.6,1.1526827105844604,-0.2963638572031417,152868.63999999998,442.0,94.0,348.0,12343,60,1104,1096.0,726.0588235294117,-0.4771962863234679,-1.644198146840236,205024.9965397924,1096.0,220.0,876.0,1634046391.146757,0.0,13.286112785339354
3362,0,1,0,0,3,2,1096,2211110130,1130,64,1116,17,59861,29483,4,0,0,43,15,2211110130,17,59861,11123,3083,94,1130,317.5,513.8333333333334,0.520781267129749,-1.5444230480120862,203322.80555555556,958.0,118.75,839.25,13439,60,1104,1096.0,746.6111111111111,-0.571359887279393,-1.5472797703485568,200815.45987654323,1096.0,267.0,829.0,1634046391.147225,0.0004680156707763,13.28658080101013
3363,0,1,0,0,3,2,1116,2211110130,1150,64,1136,17,59861,29483,4,0,0,43,15,2211110130,17,59861,11123,4233,94,1150,442.0,604.7142857142857,0.1504109202266227,-1.8418389794852297,223832.77551020408,1130.0,143.5,986.5,14555,60,1116,1096.0,766.0526315789474,-0.6580257358316197,-1.4416323411064638,197049.7340720221,1096.0,314.0,782.0,1634046391.14871,0.0014851093292236,13.288065910339354
3364,0,1,0,0,3,2,1096,2211110130,1130,64,1116,17,59861,29483,4,0,0,43,15,2211110130,17,59861,11123,5363,94,1150,786.0,670.375,-0.118673663982564,-1.869217243348132,226032.984375,1130.0,168.25,961.75,15651,60,1116,1096.0,782.55,-0.7396901454854153,-1.3278060216857193,192368.3475,1096.0,361.0,735.0,1634046391.14871,0.0,13.288065910339354
3365,0,1,0,0,3,2,1096,2211110130,1130,64,1116,17,59861,29483,4,0,0,43,15,2211110130,17,59861,11123,6493,94,1150,1130.0,721.4444444444445,-0.3318410384060022,-1.7819086677952922,221782.91358024688,1130.0,193.0,937.0,1096,1096,1096,1096.0,1096.0,0.0,-3.0,0.0,1096.0,1096.0,0.0,1634046391.14871,0.0,13.288065910339354
3366,0,1,0,0,3,2,1075,2211110130,1109,64,1095,17,59861,29483,4,0,0,43,15,2211110130,17,59861,11123,7602,94,1150,1119.5,760.2,-0.5103215399694515,-1.634113054151616,213122.56,1130.0,255.25,874.75,2171,1075,1096,1085.5,1085.5,0.0,-2.0,110.25,1090.75,1080.25,10.5,1634046391.149318,0.0006079673767089,13.288673877716063
3367,0,1,0,0,2,3,60,3232270721,94,47,80,17,29483,59861,4,0,0,43,15,2211110130,17,59861,11123,7696,94,1150,1109.0,699.6363636363636,-0.2751611171723027,-1.8351555194337827,230427.3223140496,1130.0,143.5,986.5,2231,60,1096,1075.0,743.6666666666666,-0.7061064758837946,-1.5000000000000004,233773.5555555556,1085.5,567.5,518.0,1634046391.157134,0.0078160762786865,13.29648995399475
3368,0,1,0,0,2,3,56,3232270721,90,47,76,17,29483,59861,4,0,0,43,15,2211110130,17,59861,11123,7786,90,1150,775.5,648.8333333333334,-0.0863672252480454,-1.912661198436877,239615.47222222225,1130.0,94.0,1036.0,2287,56,1096,567.5,571.75,0.000603636580288,-1.9991346039933933,263996.1875,1080.25,59.0,1021.25,1634046391.174727,0.0175929069519042,13.314082860946653
3369,0,1,0,0,2,3,60,3232270721,94,47,80,17,29483,59861,4,0,0,43,15,2211110130,17,59861,11123,7880,90,1150,442.0,606.1538461538462,0.0726684452288165,-1.920856332912612,243041.97633136093,1130.0,94.0,1036.0,2347,56,1096,60.0,469.4,0.4087559078210695,-1.8321577892956749,253099.04000000004,1075.0,60.0,1015.0,1634046391.174782,5.507469177246094e-05,13.314137935638426
3370,0,1,0,0,3,2,1096,2211110130,1130,64,1116,17,59861,29483,4,0,0,43,15,2211110130,17,59861,11123,9010,90,1150,775.5,643.5714285714286,-0.0753560761711589,-1.926042564462442,243882.81632653056,1130.0,94.0,1036.0,3443,56,1096,567.5,573.8333333333334,0.0005311136476354,-1.9992448773063425,265447.4722222222,1090.75,60.0,1030.75,1634046391.179085,0.004302978515625,13.318440914154051
3371,0,1,0,0,3,2,1096,2211110130,1130,64,1116,17,59861,29483,4,0,0,43,15,2211110130,17,59861,11123,10140,90,1150,1109.0,676.0,-0.2045931372420789,-1.8934874069613508,242346.53333333333,1130.0,94.0,1036.0,4539,56,1096,1075.0,648.4285714285714,-0.2881477064012105,-1.916222856860389,260913.1020408163,1096.0,60.0,1036.0,1634046391.179085,0.0,13.318440914154051
3372,0,1,0,0,3,2,1096,2211110130,1130,64,1116,17,59861,29483,4,0,0,43,15,2211110130,17,59861,11123,11270,90,1150,1119.5,704.375,-0.319758443217435,-1.8354884417785424,239276.984375,1130.0,94.0,1036.0,5635,56,1096,1085.5,704.375,-0.5158726871306867,-1.7331191443568683,250208.984375,1096.0,60.0,1036.0,1634046391.179665,0.0005800724029541,13.319020986557005
3373,0,1,0,0,3,2,1096,2211110130,1130,64,1116,17,59861,29483,4,0,0,43,15,2211110130,17,59861,11123,12400,90,1150,1130.0,729.4117647058823,-0.4239935822787586,-1.759524472037593,235231.30103806223,1130.0,94.0,1036.0,6731,56,1096,1096.0,747.8888888888889,-0.7065806968544862,-1.499968853389716,237555.65432098767,1096.0,60.0,1036.0,1634046391.179665,0.0,13.319020986557005
3374,0,1,0,0,3,2,936,2211110130,970,64,956,17,59861,29483,4,0,0,43,15,2211110130,17,59861,11123,13370,90,1150,1119.5,742.7777777777778,-0.5047695381354325,-1.6659646109048896,225199.95061728396,1130.0,118.75,1011.25,7667,56,1096,1085.5,766.7,-0.8430939404717238,-1.2528054858033095,216984.81,1096.0,279.0,817.0,1634046391.179665,0.0,13.319020986557005
3375,0,1,0,0,3,2,408,2211110130,442,64,428,17,59861,29483,4,0,0,43,15,2211110130,17,59861,11123,13812,90,1150,1109.0,726.9473684210526,-0.4148750585983131,-1.7036713782606951,217858.1551246537,1130.0,143.5,986.5,8075,56,1096,1075.0,734.0909090909091,-0.6466183682692432,-1.4505411325023438,207892.4462809917,1096.0,234.0,862.0,1634046391.179665,0.0,13.319020986557005
3376,0,1,0,0,2,3,52,3232270721,86,48,72,17,10001,59861,4,0,0,43,15,2211110130,17,59861,11123,13898,86,1150,1039.5,694.9,-0.2916660848296267,-1.801735521318592,226478.89,1130.0,94.0,1036.0,8127,52,1096,1005.5,677.25,-0.4082140272954924,-1.727594910482483,226107.85416666663,1096.0,60.0,1036.0,1634046391.185009,0.0053439140319824,13.324364900588987
3377,0,1,0,0,2,3,60,3232270721,94,47,80,17,29483,59861,4,0,0,43,15,2211110130,17,59861,11123,94,94,94,94.0,94.0,0.0,-3.0,0.0,94.0,94.0,0.0,8187,52,1096,936.0,629.7692307692307,-0.2176210696117801,-1.8614558466444564,235768.023668639,1096.0,60.0,1036.0,1634046391.209515,0.0245060920715332,13.34887099266052
3378,0,1,0,0,2,3,60,3232270721,94,47,80,17,29483,59861,4,0,0,43,15,2211110130,17,59861,11123,188,94,94,94.0,94.0,0.0,-3.0,0.0,94.0,94.0,0.0,8247,52,1096,672.0,589.0714285714286,-0.0586846732718434,-1.9142978506078947,240459.49489795917,1096.0,60.0,1036.0,1634046391.226483,0.0169680118560791,13.3658390045166
3379,0,1,0,0,3,2,1096,2211110130,1130,64,1116,17,59861,29483,4,0,0,43,15,2211110130,17,59861,11123,1318,94,1130,94.0,439.3333333333333,0.7071067811865478,-1.5,238510.22222222225,612.0,94.0,518.0,9343,52,1096,936.0,622.8666666666667,-0.1882152033089051,-1.8868022332924252,240418.51555555552,1096.0,60.0,1036.0,1634046391.227911,0.0014278888702392,13.367266893386839
3380,0,1,0,0,3,2,1096,2211110130,1130,64,1116,17,59861,29483,4,0,0,43,15,2211110130,17,59861,11123,2448,94,1130,612.0,612.0,0.0,-2.0,268324.0,1130.0,94.0,1036.0,10439,52,1096,1005.5,652.4375,-0.3036164516177227,-1.8330179410168708,238508.87109375,1096.0,60.0,1036.0,1634046391.227911,0.0,13.367266893386839
3381,0,1,0,0,3,2,1096,2211110130,1130,64,1116,17,59861,29483,4,0,0,43,15,2211110130,17,59861,11123,3578,94,1130,1130.0,715.6,-0.4082482904638631,-1.8333333333333333,257591.04000000004,1130.0,94.0,1036.0,11535,52,1096,1075.0,678.5294117647059,-0.4080319334476289,-1.7606721173384388,235371.54325259512,1096.0,60.0,1036.0,1634046391.228659,0.0007479190826416,13.36801481246948
3382,0,1,0,0,3,2,1096,2211110130,1130,64,1116,17,59861,29483,4,0,0,43,15,2211110130,17,59861,11123,4708,94,1130,1130.0,784.6666666666666,-0.707106781186547,-1.5000000000000009,238510.22222222228,1130.0,353.0,777.0,12631,52,1096,1085.5,701.7222222222222,-0.5036627975030306,-1.674738358766544,231439.75617283952,1096.0,60.0,1036.0,1634046391.228659,0.0,13.36801481246948
3383,0,1,0,0,3,2,930,2211110130,964,64,950,17,59861,29483,4,0,0,43,15,2211110130,17,59861,11123,5672,94,1130,1130.0,810.2857142857143,-0.9020975210783628,-1.128512723102415,208375.3469387756,1130.0,529.0,601.0,13561,52,1096,1075.0,713.7368421052631,-0.5789491171257406,-1.5756171572606157,221857.03601108032,1096.0,60.0,1036.0,1634046391.228659,0.0,13.36801481246948
3384,0,1,0,0,2,3,60,3232270721,94,47,80,17,29483,59861,4,0,0,43,15,2211110130,17,59861,11123,5766,94,1130,1047.0,720.75,-0.4831298521801871,-1.7278846375769954,238444.9375,1130.0,94.0,1036.0,13621,52,1096,1005.5,681.05,-0.4389145683164269,-1.7286297843829364,231064.3475,1096.0,60.0,1036.0,1634046391.24335,0.0146911144256591,13.38270592689514
3385,0,1,0,0,3,2,408,2211110130,442,64,428,17,59861,29483,4,0,0,43,15,2211110130,17,59861,11123,6208,94,1130,964.0,689.7777777777778,-0.3106392278385868,-1.7615749682565671,219625.28395061727,1130.0,94.0,1036.0,408,408,408,408.0,408.0,0.0,-3.0,0.0,408.0,408.0,0.0,1634046391.257573,0.0142228603363037,13.396928787231444
3386,0,1,0,0,3,2,60,2211110130,94,64,80,17,59861,29483,4,0,0,43,15,2211110130,17,59861,11123,6302,94,1130,703.0,630.2,-0.0788249995032674,-1.8734469906311355,229608.36,1130.0,94.0,1036.0,468,60,408,234.0,234.0,0.0,-2.0,30276.0,321.0,147.0,174.0,1634046391.260845,0.0032720565795898,13.400200843811033
3387,0,1,0,0,2,3,52,3232270721,86,47,72,17,29483,59861,4,0,0,43,15,2211110130,17,59861,11123,6388,86,1130,442.0,580.7272727272727,0.1083105104673987,-1.8793457784536003,233210.38016528924,1130.0,94.0,1036.0,520,52,408,60.0,173.33333333333334,0.7058747686471649,-1.5000000000000009,27544.88888888889,234.0,56.0,178.0,1634046391.261284,0.000439167022705,13.400640010833738
3388,0,1,0,0,3,2,1096,2211110130,1130,64,1116,17,59861,29483,4,0,0,43,15,2211110130,17,59861,11123,7518,86,1130,703.0,626.5,-0.0661589427649392,-1.896855973431532,236822.75,1130.0,94.0,1036.0,1616,52,1096,234.0,404.0,0.8068770070569964,-1.010312693087089,180280.0,580.0,58.0,522.0,1634046391.261548,0.0002639293670654,13.400903940200804
3389,0,1,0,0,3,2,1096,2211110130,1130,64,1116,17,59861,29483,4,0,0,43,15,2211110130,17,59861,11123,8648,86,1130,964.0,665.2307692307693,-0.2152167185296835,-1.8610770241159769,236606.48520710057,1130.0,94.0,1036.0,2712,52,1096,408.0,542.4,0.2056277821717038,-1.769079447190631,220842.24,1096.0,60.0,1036.0,1634046391.261548,0.0,13.400903940200804
3390,0,1,0,0,3,2,1096,2211110130,1130,64,1116,17,59861,29483,4,0,0,43,15,2211110130,17,59861,11123,9778,86,1130,1047.0,698.4285714285714,-0.346003191652486,-1.791495296105335,234033.24489795923,1130.0,94.0,1036.0,3808,52,1096,752.0,634.6666666666666,-0.1617496194897335,-1.8222586973094632,226600.88888888888,1096.0,147.0,949.0,1634046391.261548,0.0,13.400903940200804
3391,0,1,0,0,3,2,1096,2211110130,1130,64,1116,17,59861,29483,4,0,0,43,15,2211110130,17,59861,11123,10908,86,1130,1130.0,727.2,-0.4630344671059677,-1.699146812199985,230020.16,1130.0,94.0,1036.0,4904,52,1096,1096.0,700.5714285714286,-0.4330013432510904,-1.6739823289169846,220289.95918367343,1096.0,234.0,862.0,1634046391.261548,0.0,13.400903940200804
3392,0,1,0,0,3,2,1092,2211110130,1126,64,1112,17,59861,29483,4,0,0,43,15,2211110130,17,59861,11123,12034,86,1130,1128.0,752.125,-0.5694611633739677,-1.5906367047089487,224962.734375,1130.0,94.0,1036.0,5996,52,1096,1094.0,749.5,-0.6522200914788449,-1.440248449310556,209511.75,1096.0,321.0,775.0,1634046391.262945,0.001396894454956,13.40230083465576
3393,0,1,0,0,3,2,96,2211110130,130,64,116,17,59861,29483,4,0,0,43,15,2211110130,17,59861,11123,12164,86,1130,1126.0,715.5294117647059,-0.4059645676083161,-1.760616873482441,233157.42560553635,1130.0,94.0,1036.0,6092,52,1096,1092.0,676.8888888888889,-0.3340707484805646,-1.787133795891336,228411.65432098764,1096.0,96.0,1000.0,1634046391.262945,0.0,13.40230083465576
3394,0,1,0,0,3,2,56,2211110130,90,64,76,17,59861,29483,4,0,0,43,15,2211110130,17,59861,11123,12254,86,1130,1045.0,680.7777777777778,-0.2677353473464841,-1.8612047955676736,240734.7283950617,1130.0,94.0,1036.0,6148,52,1096,750.0,614.8,-0.0998896643266836,-1.9031753870940304,240265.76,1096.0,69.0,1027.0,1634046391.27985,0.0169050693511962,13.419205904006956
3395,0,1,0,0,3,2,408,2211110130,442,64,428,17,59861,29483,4,0,0,43,15,2211110130,17,59861,11123,12696,86,1130,964.0,668.2105263157895,-0.1979884439108317,-1.8489623347400064,230907.32409972296,1130.0,94.0,1036.0,6556,52,1096,408.0,596.0,0.0098157731390021,-1.8362262695046536,221957.81818181815,1096.0,78.0,1018.0,1634046391.27985,0.0,13.419205904006956
3396,0,1,0,0,2,3,60,3232270721,94,47,80,17,29483,59861,4,0,0,43,15,2211110130,17,59861,11123,12790,86,1130,703.0,639.5,-0.0883785231282623,-1.8880652430570668,235023.55,1130.0,94.0,1036.0,6616,52,1096,408.0,551.3333333333334,0.1719546580001578,-1.8187099329597511,225407.55555555556,1096.0,60.0,1036.0,1634046391.294625,0.0147750377655029,13.43398094177246
3397,0,1,0,0,3,2,1104,2211110130,1138,64,1124,17,59861,29483,4,0,0,43,15,2211110130,17,59861,11123,1138,1138,1138,1138.0,1138.0,0.0,-3.0,0.0,1138.0,1138.0,0.0,7720,52,1104,408.0,593.8461538461538,0.0053757144477693,-1.863687295870041,229756.59171597636,1096.0,60.0,1036.0,1634046391.313258,0.0186328887939453,13.452613830566404
3398,0,1,0,0,3,2,1096,2211110130,1130,64,1116,17,59861,29483,4,0,0,43,15,2211110130,17,59861,11123,2268,1130,1138,1134.0,1134.0,0.0,-2.0,16.0,1136.0,1132.0,4.0,8816,52,1104,750.0,629.7142857142857,-0.1378149811184027,-1.854284844910337,230070.20408163263,1096.0,69.0,1027.0,1634046391.313258,0.0,13.452613830566404
3399,0,1,0,0,3,2,1096,2211110130,1130,64,1116,17,59861,29483,4,0,0,43,15,2211110130,17,59861,11123,3398,1130,1138,1130.0,1132.6666666666667,0.7071067811864872,-1.5000000000000566,14.222222222222223,1134.0,1130.0,4.0,9912,52,1104,1092.0,660.8,-0.2636540781047427,-1.809958722081946,228260.69333333336,1096.0,78.0,1018.0,1634046391.313258,0.0,13.452613830566404
3400,0,1,0,0,2,3,60,3232270721,94,47,80,17,29483,59861,4,0,0,43,15,2211110130,17,59861,11123,3492,94,1138,1130.0,873.0,-1.154517569640643,-0.6668065497241153,202291.0,1132.0,871.0,261.0,9972,52,1104,750.0,623.25,-0.122498195980805,-1.8753827842305493,235144.4375,1096.0,60.0,1036.0,1634046391.313585,0.0003271102905273,13.452940940856932
3401,0,1,0,0,3,2,1116,2211110130,1150,64,1136,17,59861,29483,4,0,0,43,15,2211110130,17,59861,11123,4642,94,1150,1130.0,928.4,-1.4988415156478945,0.2484694478370452,174109.44,1138.0,1130.0,8.0,11088,52,1116,1092.0,652.2352941176471,-0.2333894885589339,-1.8407313831800785,234754.76816609,1096.0,60.0,1036.0,1634046391.31589,0.0023050308227539,13.455245971679686
3402,0,1,0,0,3,2,1096,2211110130,1130,64,1116,17,59861,29483,4,0,0,43,15,2211110130,17,59861,11123,5772,94,1150,1130.0,962.0,-1.787480361977669,1.1975676794117431,150736.0,1136.0,1130.0,6.0,12184,52,1116,1094.0,676.8888888888889,-0.3345332120774618,-1.7866448319112285,232045.43209876545,1096.0,69.0,1027.0,1634046391.31589,0.0,13.455245971679686
3403,0,1,0,0,3,2,1096,2211110130,1130,64,1116,17,59861,29483,4,0,0,43,15,2211110130,17,59861,11123,6902,94,1150,1130.0,986.0,-2.039693342038409,2.163332992365283,132658.2857142857,1134.0,1130.0,4.0,13280,52,1116,1096.0,698.9473684210526,-0.4271932957980749,-1.718361593593827,228590.89196675905,1096.0,78.0,1018.0,1634046391.321672,0.0057818889617919,13.461027860641478
3404,0,1,0,0,3,2,1096,2211110130,1130,64,1116,17,59861,29483,4,0,0,43,15,2211110130,17,59861,11123,8032,94,1150,1130.0,1004.0,-2.266088928952498,3.1386271800080614,118344.0,1132.0,1130.0,2.0,14376,52,1116,1096.0,718.8,-0.5128965361563426,-1.6393224922357723,224649.75999999995,1096.0,87.0,1009.0,1634046391.321672,0.0,13.461027860641478
3405,0,1,0,0,3,2,1096,2211110130,1130,64,1116,17,59861,29483,4,0,0,43,15,2211110130,17,59861,11123,9162,94,1150,1130.0,1018.0,-2.4730421080046163,4.1198788958855,106762.66666666669,1130.0,1130.0,0.0,1096,1096,1096,1096.0,1096.0,0.0,-3.0,0.0,1096.0,1096.0,0.0,1634046391.321672,0.0,13.461027860641478
3406,0,1,0,0,3,2,1096,2211110130,1130,64,1116,17,59861,29483,4,0,0,43,15,2211110130,17,59861,11123,10292,94,1150,1130.0,1029.2,-2.66471288668996,5.10510322915469,97215.36,1130.0,1130.0,0.0,2192,1096,1096,1096.0,1096.0,0.0,-3.0,0.0,1096.0,1096.0,0.0,1634046391.322405,0.0007331371307373,13.461760997772215
3407,0,1,0,0,3,2,1096,2211110130,1130,64,1116,17,59861,29483,4,0,0,43,15,2211110130,17,59861,11123,11422,94,1150,1130.0,1038.3636363636365,-2.8439827736848726,6.093108878722649,89217.32231404957,1130.0,1130.0,0.0,3288,1096,1096,1096.0,1096.0,0.0,-3.0,0.0,1096.0,1096.0,0.0,1634046391.322405,0.0,13.461760997772215
3408,0,1,0,0,3,2,1096,2211110130,1130,64,1116,17,59861,29483,4,0,0,43,15,2211110130,17,59861,11123,12552,94,1150,1130.0,1046.0,-3.012939994123075,7.083137575168408,82424.0,1130.0,1130.0,0.0,4384,1096,1096,1096.0,1096.0,0.0,-3.0,0.0,1096.0,1096.0,0.0,1634046391.322405,0.0,13.461760997772215
3409,0,1,0,0,3,2,1096,2211110130,1130,64,1116,17,59861,29483,4,0,0,43,15,2211110130,17,59861,11123,13682,94,1150,1130.0,1052.4615384615386,-3.17315245314123,8.074683718335596,76584.7100591716,1130.0,1130.0,0.0,5480,1096,1096,1096.0,1096.0,0.0,-3.0,0.0,1096.0,1096.0,0.0,1634046391.323146,0.0007410049438476,13.462502002716063
3410,0,1,0,0,3,2,1096,2211110130,1130,64,1116,17,59861,29483,4,0,0,43,15,2211110130,17,59861,11123,14812,94,1150,1130.0,1058.0,-3.3258314177372763,9.067397229200044,71513.14285714286,1130.0,1130.0,0.0,6576,1096,1096,1096.0,1096.0,0.0,-3.0,0.0,1096.0,1096.0,0.0,1634046391.323146,0.0,13.462502002716063
3411,0,1,0,0,3,2,1096,2211110130,1130,64,1116,17,59861,29483,4,0,0,43,15,2211110130,17,59861,11123,15942,94,1150,1130.0,1062.8,-3.471934808859259,10.061028023265434,67068.15999999997,1130.0,1130.0,0.0,7672,1096,1096,1096.0,1096.0,0.0,-3.0,0.0,1096.0,1096.0,0.0,1634046391.324049,0.0009028911590576,13.46340489387512
3412,0,1,0,0,3,2,1096,2211110130,1130,64,1116,17,59861,29483,4,0,0,43,15,2211110130,17,59861,11123,17072,94,1150,1130.0,1067.0,-3.61223516574482,11.055392688143211,63141.0,1130.0,1130.0,0.0,8768,1096,1096,1096.0,1096.0,0.0,-3.0,0.0,1096.0,1096.0,0.0,1634046391.324049,0.0,13.46340489387512
3413,0,1,0,0,3,2,1096,2211110130,1130,64,1116,17,59861,29483,4,0,0,43,15,2211110130,17,59861,11123,18202,94,1150,1130.0,1070.7058823529412,-3.747365951170235,12.050353653726187,59646.560553633215,1130.0,1130.0,0.0,9864,1096,1096,1096.0,1096.0,0.0,-3.0,0.0,1096.0,1096.0,0.0,1634046391.324049,0.0,13.46340489387512
3414,0,1,0,0,3,2,1096,2211110130,1130,64,1116,17,59861,29483,4,0,0,43,15,2211110130,17,59861,11123,19332,94,1150,1130.0,1074.0,-3.877854045036048,13.045805712273488,56517.333333333336,1130.0,1130.0,0.0,10960,1096,1096,1096.0,1096.0,0.0,-3.0,0.0,1096.0,1096.0,0.0,1634046391.324844,0.0007948875427246,13.464199781417845
3415,0,1,0,0,3,2,1096,2211110130,1130,64,1116,17,59861,29483,4,0,0,43,15,2211110130,17,59861,11123,20462,94,1150,1130.0,1076.9473684210527,-4.004143130693274,14.041667030788004,53699.1024930748,1130.0,1130.0,0.0,12056,1096,1096,1096.0,1096.0,0.0,-3.0,0.0,1096.0,1096.0,0.0,1634046391.324844,0.0,13.464199781417845
3416,0,1,0,0,3,2,1096,2211110130,1130,64,1116,17,59861,29483,4,0,0,43,15,2211110130,17,59861,11123,21592,94,1150,1130.0,1079.6,-4.12661090034729,15.037873000995456,51147.84000000001,1130.0,1130.0,0.0,13152,1096,1096,1096.0,1096.0,0.0,-3.0,0.0,1096.0,1096.0,0.0,1634046391.325335,0.0004911422729492,13.464690923690794
3417,0,1,0,0,3,2,1096,2211110130,1130,64,1116,17,59861,29483,4,0,0,43,15,2211110130,17,59861,11123,1130,1130,1130,1130.0,1130.0,0.0,-3.0,0.0,1130.0,1130.0,0.0,14248,1096,1096,1096.0,1096.0,0.0,-3.0,0.0,1096.0,1096.0,0.0,1634046391.325335,0.0,13.464690923690794
3418,0,1,0,0,3,2,1096,2211110130,1130,64,1116,17,59861,29483,4,0,0,43,15,2211110130,17,59861,11123,2260,1130,1130,1130.0,1130.0,0.0,-3.0,0.0,1130.0,1130.0,0.0,15344,1096,1096,1096.0,1096.0,0.0,-3.0,0.0,1096.0,1096.0,0.0,1634046391.325335,0.0,13.464690923690794
3419,0,1,0,0,3,2,1096,2211110130,1130,64,1116,17,59861,29483,4,0,0,43,15,2211110130,17,59861,11123,3390,1130,1130,1130.0,1130.0,0.0,-3.0,0.0,1130.0,1130.0,0.0,16440,1096,1096,1096.0,1096.0,0.0,-3.0,0.0,1096.0,1096.0,0.0,1634046391.325984,0.0006489753723144,13.465339899063109
3420,0,1,0,0,2,3,60,3232270721,94,47,80,17,29483,59861,4,0,0,43,15,2211110130,17,59861,11123,3484,94,1130,1130.0,871.0,-1.1547005383792517,-0.6666666666666665,201243.0,1130.0,871.0,259.0,16500,60,1096,1096.0,1031.25,-3.614784456460256,11.066666666666666,62888.4375,1096.0,1096.0,0.0,1634046391.326917,0.0009329319000244,13.466272830963133
3421,0,1,0,0,3,2,1096,2211110130,1130,64,1116,17,59861,29483,4,0,0,43,15,2211110130,17,59861,11123,4614,94,1130,1130.0,922.8,-1.5,0.25,171727.36,1130.0,1130.0,0.0,17596,60,1096,1096.0,1035.0588235294117,-3.749999999999999,12.062499999999991,59421.231833910046,1096.0,1096.0,0.0,1634046391.326961,4.410743713378906e-05,13.466316938400267
3422,0,1,0,0,3,2,1096,2211110130,1130,64,1116,17,59861,29483,4,0,0,43,15,2211110130,17,59861,11123,5744,94,1130,1130.0,957.3333333333334,-1.7888543819998324,1.200000000000001,149068.88888888888,1130.0,1130.0,0.0,18692,60,1096,1096.0,1038.4444444444443,-3.8805700005813257,13.058823529411756,56314.91358024691,1096.0,1096.0,0.0,1634046391.326961,0.0,13.466316938400267
3423,0,1,0,0,3,2,1096,2211110130,1130,64,1116,17,59861,29483,4,0,0,43,15,2211110130,17,59861,11123,6874,94,1130,1130.0,982.0,-2.0412414523193148,2.166666666666667,131424.0,1130.0,1130.0,0.0,19788,60,1096,1096.0,1041.4736842105262,-4.006938426723766,14.055555555555546,53516.144044321336,1096.0,1096.0,0.0,1634046391.326961,0.0,13.466316938400267
3424,0,1,0,0,3,2,1096,2211110130,1130,64,1116,17,59861,29483,4,0,0,43,15,2211110130,17,59861,11123,8004,94,1130,1130.0,1000.5,-2.2677868380553634,3.1428571428571432,117391.75,1130.0,1130.0,0.0,20884,60,1096,1096.0,1044.2,-4.129483209670113,15.052631578947372,50981.56,1096.0,1096.0,0.0,1634046391.327515,0.0005538463592529,13.46687078475952
3425,0,1,0,0,3,2,1096,2211110130,1130,64,1116,17,59861,29483,4,0,0,43,15,2211110130,17,59861,11123,9134,94,1130,1130.0,1014.8888888888888,-2.474873734152917,4.124999999999999,106004.54320987656,1130.0,1130.0,0.0,1096,1096,1096,1096.0,1096.0,0.0,-3.0,0.0,1096.0,1096.0,0.0,1634046391.327515,0.0,13.46687078475952
3426,0,1,0,0,3,2,1096,2211110130,1130,64,1116,17,59861,29483,4,0,0,43,15,2211110130,17,59861,11123,10264,94,1130,1130.0,1026.4,-2.666666666666668,5.111111111111114,96596.63999999998,1130.0,1130.0,0.0,2192,1096,1096,1096.0,1096.0,0.0,-3.0,0.0,1096.0,1096.0,0.0,1634046391.327515,0.0,13.46687078475952
3427,0,1,0,0,3,2,1096,2211110130,1130,64,1116,17,59861,29483,4,0,0,43,15,2211110130,17,59861,11123,11394,94,1130,1130.0,1035.8181818181818,-2.846049894151541,6.100000000000001,88702.14876033057,1130.0,1130.0,0.0,3288,1096,1096,1096.0,1096.0,0.0,-3.0,0.0,1096.0,1096.0,0.0,1634046391.329797,0.0022821426391601,13.46915292739868
3428,0,1,0,0,3,2,1116,2211110130,1150,64,1136,17,59861,29483,4,0,0,43,15,2211110130,17,59861,11123,12544,94,1150,1130.0,1045.3333333333333,-3.013094503731086,7.083707449494312,82306.22222222223,1130.0,1130.0,0.0,4404,1096,1116,1096.0,1101.0,1.1547005383792517,-0.6666666666666665,75.0,1101.0,1096.0,5.0,1634046391.333468,0.0036709308624267,13.472823858261107
3429,0,1,0,0,3,2,1096,2211110130,1130,64,1116,17,59861,29483,4,0,0,43,15,2211110130,17,59861,11123,13674,94,1150,1130.0,1051.8461538461538,-3.173328600481707,8.075371862370881,76483.97633136093,1130.0,1130.0,0.0,5500,1096,1116,1096.0,1100.0,1.5,0.25,64.0,1096.0,1096.0,0.0,1634046391.333468,0.0,13.472823858261107
3430,0,1,0,0,3,2,1096,2211110130,1130,64,1116,17,59861,29483,4,0,0,43,15,2211110130,17,59861,11123,14804,94,1150,1130.0,1057.428571428571,-3.326027414504145,9.06820397322534,71425.95918367348,1130.0,1130.0,0.0,6596,1096,1116,1096.0,1099.3333333333333,1.788854381999862,1.2000000000000703,55.55555555555557,1096.0,1096.0,0.0,1634046391.334173,0.0007050037384033,13.47352886199951
3431,0,1,0,0,3,2,1096,2211110130,1130,64,1116,17,59861,29483,4,0,0,43,15,2211110130,17,59861,11123,15934,94,1150,1130.0,1062.2666666666669,-3.472149200414124,10.061953585421172,66991.9288888889,1130.0,1130.0,0.0,7692,1096,1116,1096.0,1098.857142857143,2.041241452319301,2.166666666666627,48.9795918367347,1096.0,1096.0,0.0,1634046391.334173,0.0,13.47352886199951
3432,0,1,0,0,3,2,1096,2211110130,1130,64,1116,17,59861,29483,4,0,0,43,15,2211110130,17,59861,11123,17064,94,1150,1130.0,1066.5,-3.612466745270548,11.056437214953894,63073.75,1130.0,1130.0,0.0,8788,1096,1116,1096.0,1098.5,2.2677868380553634,3.1428571428571432,43.75,1096.0,1096.0,0.0,1634046391.334173,0.0,13.47352886199951
3433,0,1,0,0,3,2,1096,2211110130,1130,64,1116,17,59861,29483,4,0,0,43,15,2211110130,17,59861,11123,18194,94,1150,1130.0,1070.235294117647,-3.7476137006394223,12.051517244761014,59586.76816608997,1130.0,1130.0,0.0,9884,1096,1116,1096.0,1098.2222222222222,2.4748737341529403,4.125000000000078,39.50617283950618,1096.0,1096.0,0.0,1634046391.334688,0.0005149841308593,13.47404384613037
3434,0,1,0,0,3,2,1096,2211110130,1130,64,1116,17,59861,29483,4,0,0,43,15,2211110130,17,59861,11123,19324,94,1150,1130.0,1073.5555555555557,-3.878117093396443,13.047088435632755,56463.8024691358,1130.0,1130.0,0.0,10980,1096,1116,1096.0,1098.0,2.6666666666666665,5.111111111111111,36.0,1096.0,1096.0,0.0,1634046391.334688,0.0,13.47404384613037
3435,0,1,0,0,3,2,1096,2211110130,1130,64,1116,17,59861,29483,4,0,0,43,15,2211110130,17,59861,11123,20454,94,1150,1130.0,1076.5263157894738,-4.004420723481373,14.043068933092917,53650.88088642659,1130.0,1130.0,0.0,12076,1096,1116,1096.0,1097.8181818181818,2.8460498941515744,6.100000000000124,33.05785123966942,1096.0,1096.0,0.0,1634046391.334688,0.0,13.47404384613037
3436,0,1,0,0,3,2,1096,2211110130,1130,64,1116,17,59861,29483,4,0,0,43,15,2211110130,17,59861,11123,21584,94,1150,1130.0,1079.2,-4.126902377109574,15.039394113983292,51104.16,1130.0,1130.0,0.0,13172,1096,1116,1096.0,1097.6666666666667,3.015113445777593,7.090909090908916,30.555555555555568,1096.0,1096.0,0.0,1634046391.334688,0.0,13.47404384613037
3437,0,1,0,0,3,2,1096,2211110130,1130,64,1116,17,59861,29483,4,0,0,43,15,2211110130,17,59861,11123,1130,1130,1130,1130.0,1130.0,0.0,-3.0,0.0,1130.0,1130.0,0.0,14268,1096,1116,1096.0,1097.5384615384614,3.1754264805429995,8.083333333333577,28.40236686390534,1096.0,1096.0,0.0,1634046391.335226,0.0005381107330322,13.474581956863402
3438,0,1,0,0,3,2,1096,2211110130,1130,64,1116,17,59861,29483,4,0,0,43,15,2211110130,17,59861,11123,2260,1130,1130,1130.0,1130.0,0.0,-3.0,0.0,1130.0,1130.0,0.0,15364,1096,1116,1096.0,1097.428571428571,3.3282011773514317,9.07692307692333,26.530612244897952,1096.0,1096.0,0.0,1634046391.335226,0.0,13.474581956863402
3439,0,1,0,0,3,2,1096,2211110130,1130,64,1116,17,59861,29483,4,0,0,43,15,2211110130,17,59861,11123,3390,1130,1130,1130.0,1130.0,0.0,-3.0,0.0,1130.0,1130.0,0.0,16460,1096,1116,1096.0,1097.3333333333333,3.474396144861561,10.071428571428772,24.888888888888903,1096.0,1096.0,0.0,1634046391.335226,0.0,13.474581956863402
3440,0,1,0,0,3,2,1096,2211110130,1130,64,1116,17,59861,29483,4,0,0,43,15,2211110130,17,59861,11123,4520,1130,1130,1130.0,1130.0,0.0,-3.0,0.0,1130.0,1130.0,0.0,17556,1096,1116,1096.0,1097.25,3.614784456460256,11.066666666666666,23.4375,1096.0,1096.0,0.0,1634046391.335226,0.0,13.474581956863402
3441,0,1,0,0,3,2,1096,2211110130,1130,64,1116,17,59861,29483,4,0,0,43,15,2211110130,17,59861,11123,5650,1130,1130,1130.0,1130.0,0.0,-3.0,0.0,1130.0,1130.0,0.0,18652,1096,1116,1096.0,1097.1764705882354,3.749999999999957,12.06249999999979,22.14532871972318,1096.0,1096.0,0.0,1634046391.33585,0.0006239414215087,13.47520589828491
3442,0,1,0,0,3,2,1096,2211110130,1130,64,1116,17,59861,29483,4,0,0,43,15,2211110130,17,59861,11123,6780,1130,1130,1130.0,1130.0,0.0,-3.0,0.0,1130.0,1130.0,0.0,19748,1096,1116,1096.0,1097.111111111111,3.880570000581343,13.058823529411846,20.98765432098766,1096.0,1096.0,0.0,1634046391.33585,0.0,13.47520589828491
3443,0,1,0,0,3,2,1096,2211110130,1130,64,1116,17,59861,29483,4,0,0,43,15,2211110130,17,59861,11123,7910,1130,1130,1130.0,1130.0,0.0,-3.0,0.0,1130.0,1130.0,0.0,20844,1096,1116,1096.0,1097.0526315789473,4.006938426723828,14.055555555555864,19.944598337950133,1096.0,1096.0,0.0,1634046391.33585,0.0,13.47520589828491
3444,0,1,0,0,3,2,1096,2211110130,1130,64,1116,17,59861,29483,4,0,0,43,15,2211110130,17,59861,11123,9040,1130,1130,1130.0,1130.0,0.0,-3.0,0.0,1130.0,1130.0,0.0,21940,1096,1116,1096.0,1097.0,4.129483209670112,15.05263157894737,19.0,1096.0,1096.0,0.0,1634046391.33585,0.0,13.47520589828491
3445,0,1,0,0,3,2,1096,2211110130,1130,64,1116,17,59861,29483,4,0,0,43,15,2211110130,17,59861,11123,10170,1130,1130,1130.0,1130.0,0.0,-3.0,0.0,1130.0,1130.0,0.0,1096,1096,1096,1096.0,1096.0,0.0,-3.0,0.0,1096.0,1096.0,0.0,1634046391.336373,0.0005230903625488,13.47572898864746
3446,0,1,0,0,3,2,1096,2211110130,1130,64,1116,17,59861,29483,4,0,0,43,15,2211110130,17,59861,11123,11300,1130,1130,1130.0,1130.0,0.0,-3.0,0.0,1130.0,1130.0,0.0,2192,1096,1096,1096.0,1096.0,0.0,-3.0,0.0,1096.0,1096.0,0.0,1634046391.336373,0.0,13.47572898864746
3447,0,1,0,0,3,2,1096,2211110130,1130,64,1116,17,59861,29483,4,0,0,43,15,2211110130,17,59861,11123,12430,1130,1130,1130.0,1130.0,0.0,-3.0,0.0,1130.0,1130.0,0.0,3288,1096,1096,1096.0,1096.0,0.0,-3.0,0.0,1096.0,1096.0,0.0,1634046391.336373,0.0,13.47572898864746
3448,0,1,0,0,3,2,1096,2211110130,1130,64,1116,17,59861,29483,4,0,0,43,15,2211110130,17,59861,11123,13560,1130,1130,1130.0,1130.0,0.0,-3.0,0.0,1130.0,1130.0,0.0,4384,1096,1096,1096.0,1096.0,0.0,-3.0,0.0,1096.0,1096.0,0.0,1634046391.336373,0.0,13.47572898864746
3449,0,1,0,0,3,2,1096,2211110130,1130,64,1116,17,59861,29483,4,0,0,43,15,2211110130,17,59861,11123,14690,1130,1130,1130.0,1130.0,0.0,-3.0,0.0,1130.0,1130.0,0.0,5480,1096,1096,1096.0,1096.0,0.0,-3.0,0.0,1096.0,1096.0,0.0,1634046391.336892,0.000518798828125,13.476247787475584
3450,0,1,0,0,3,2,1096,2211110130,1130,64,1116,17,59861,29483,4,0,0,43,15,2211110130,17,59861,11123,15820,1130,1130,1130.0,1130.0,0.0,-3.0,0.0,1130.0,1130.0,0.0,6576,1096,1096,1096.0,1096.0,0.0,-3.0,0.0,1096.0,1096.0,0.0,1634046391.336892,0.0,13.476247787475584
3451,0,1,0,0,3,2,1096,2211110130,1130,64,1116,17,59861,29483,4,0,0,43,15,2211110130,17,59861,11123,16950,1130,1130,1130.0,1130.0,0.0,-3.0,0.0,1130.0,1130.0,0.0,7672,1096,1096,1096.0,1096.0,0.0,-3.0,0.0,1096.0,1096.0,0.0,1634046391.336892,0.0,13.476247787475584
3452,0,1,0,0,3,2,1096,2211110130,1130,64,1116,17,59861,29483,4,0,0,43,15,2211110130,17,59861,11123,18080,1130,1130,1130.0,1130.0,0.0,-3.0,0.0,1130.0,1130.0,0.0,8768,1096,1096,1096.0,1096.0,0.0,-3.0,0.0,1096.0,1096.0,0.0,1634046391.336892,0.0,13.476247787475584
3453,0,1,0,0,3,2,1096,2211110130,1130,64,1116,17,59861,29483,4,0,0,43,15,2211110130,17,59861,11123,19210,1130,1130,1130.0,1130.0,0.0,-3.0,0.0,1130.0,1130.0,0.0,9864,1096,1096,1096.0,1096.0,0.0,-3.0,0.0,1096.0,1096.0,0.0,1634046391.337376,0.0004842281341552,13.47673201560974
3454,0,1,0,0,3,2,1116,2211110130,1150,64,1136,17,59861,29483,4,0,0,43,15,2211110130,17,59861,11123,20360,1130,1150,1130.0,1131.111111111111,3.880570000581344,13.05882352941185,20.98765432098765,1130.0,1130.0,0.0,10980,1096,1116,1096.0,1098.0,2.6666666666666665,5.111111111111111,36.0,1096.0,1096.0,0.0,1634046391.342209,0.0048329830169677,13.481564998626707
3455,0,1,0,0,3,2,1096,2211110130,1130,64,1116,17,59861,29483,4,0,0,43,15,2211110130,17,59861,11123,21490,1130,1150,1130.0,1131.0526315789473,4.006938426723826,14.05555555555586,19.944598337950136,1130.0,1130.0,0.0,12076,1096,1116,1096.0,1097.8181818181818,2.846049894151573,6.100000000000124,33.05785123966942,1096.0,1096.0,0.0,1634046391.342209,0.0,13.481564998626707
3456,0,1,0,0,3,2,1096,2211110130,1130,64,1116,17,59861,29483,4,0,0,43,15,2211110130,17,59861,11123,22620,1130,1150,1130.0,1131.0,4.129483209670112,15.05263157894737,19.0,1130.0,1130.0,0.0,13172,1096,1116,1096.0,1097.6666666666667,3.0151134457775943,7.090909090908921,30.55555555555556,1096.0,1096.0,0.0,1634046391.342209,0.0,13.481564998626707
3457,0,1,0,0,3,2,1096,2211110130,1130,64,1116,17,59861,29483,4,0,0,43,15,2211110130,17,59861,11123,1130,1130,1130,1130.0,1130.0,0.0,-3.0,0.0,1130.0,1130.0,0.0,14268,1096,1116,1096.0,1097.5384615384614,3.175426480543,8.08333333333358,28.402366863905332,1096.0,1096.0,0.0,1634046391.342209,0.0,13.481564998626707
3458,0,1,0,0,3,2,1096,2211110130,1130,64,1116,17,59861,29483,4,0,0,43,15,2211110130,17,59861,11123,2260,1130,1130,1130.0,1130.0,0.0,-3.0,0.0,1130.0,1130.0,0.0,15364,1096,1116,1096.0,1097.428571428571,3.328201177351432,9.07692307692333,26.530612244897952,1096.0,1096.0,0.0,1634046391.342709,0.0004999637603759,13.482064962387083
3459,0,1,0,0,3,2,1096,2211110130,1130,64,1116,17,59861,29483,4,0,0,43,15,2211110130,17,59861,11123,3390,1130,1130,1130.0,1130.0,0.0,-3.0,0.0,1130.0,1130.0,0.0,16460,1096,1116,1096.0,1097.3333333333333,3.474396144861562,10.071428571428774,24.8888888888889,1096.0,1096.0,0.0,1634046391.342709,0.0,13.482064962387083
3460,0,1,0,0,3,2,1096,2211110130,1130,64,1116,17,59861,29483,4,0,0,43,15,2211110130,17,59861,11123,4520,1130,1130,1130.0,1130.0,0.0,-3.0,0.0,1130.0,1130.0,0.0,17556,1096,1116,1096.0,1097.25,3.614784456460256,11.066666666666666,23.4375,1096.0,1096.0,0.0,1634046391.342709,0.0,13.482064962387083
3461,0,1,0,0,3,2,1096,2211110130,1130,64,1116,17,59861,29483,4,0,0,43,15,2211110130,17,59861,11123,5650,1130,1130,1130.0,1130.0,0.0,-3.0,0.0,1130.0,1130.0,0.0,18652,1096,1116,1096.0,1097.1764705882354,3.749999999999957,12.06249999999979,22.14532871972318,1096.0,1096.0,0.0,1634046391.342709,0.0,13.482064962387083
3462,0,1,0,0,3,2,1096,2211110130,1130,64,1116,17,59861,29483,4,0,0,43,15,2211110130,17,59861,11123,6780,1130,1130,1130.0,1130.0,0.0,-3.0,0.0,1130.0,1130.0,0.0,19748,1096,1116,1096.0,1097.111111111111,3.880570000581343,13.058823529411846,20.98765432098766,1096.0,1096.0,0.0,1634046391.343246,0.0005369186401367,13.48260188102722
3463,0,1,0,0,3,2,1096,2211110130,1130,64,1116,17,59861,29483,4,0,0,43,15,2211110130,17,59861,11123,7910,1130,1130,1130.0,1130.0,0.0,-3.0,0.0,1130.0,1130.0,0.0,20844,1096,1116,1096.0,1097.0526315789473,4.006938426723828,14.055555555555864,19.944598337950133,1096.0,1096.0,0.0,1634046391.343246,0.0,13.48260188102722
3464,0,1,0,0,3,2,1096,2211110130,1130,64,1116,17,59861,29483,4,0,0,43,15,2211110130,17,59861,11123,9040,1130,1130,1130.0,1130.0,0.0,-3.0,0.0,1130.0,1130.0,0.0,21940,1096,1116,1096.0,1097.0,4.129483209670112,15.05263157894737,19.0,1096.0,1096.0,0.0,1634046391.343246,0.0,13.48260188102722
3465,0,1,0,0,3,2,1096,2211110130,1130,64,1116,17,59861,29483,4,0,0,43,15,2211110130,17,59861,11123,10170,1130,1130,1130.0,1130.0,0.0,-3.0,0.0,1130.0,1130.0,0.0,1096,1096,1096,1096.0,1096.0,0.0,-3.0,0.0,1096.0,1096.0,0.0,1634046391.343246,0.0,13.48260188102722
3466,0,1,0,0,3,2,1096,2211110130,1130,64,1116,17,59861,29483,4,0,0,43,15,2211110130,17,59861,11123,11300,1130,1130,1130.0,1130.0,0.0,-3.0,0.0,1130.0,1130.0,0.0,2192,1096,1096,1096.0,1096.0,0.0,-3.0,0.0,1096.0,1096.0,0.0,1634046391.343766,0.0005199909210205,13.48312187194824
3467,0,1,0,0,3,2,1096,2211110130,1130,64,1116,17,59861,29483,4,0,0,43,15,2211110130,17,59861,11123,12430,1130,1130,1130.0,1130.0,0.0,-3.0,0.0,1130.0,1130.0,0.0,3288,1096,1096,1096.0,1096.0,0.0,-3.0,0.0,1096.0,1096.0,0.0,1634046391.343766,0.0,13.48312187194824
3468,0,1,0,0,3,2,1096,2211110130,1130,64,1116,17,59861,29483,4,0,0,43,15,2211110130,17,59861,11123,13560,1130,1130,1130.0,1130.0,0.0,-3.0,0.0,1130.0,1130.0,0.0,4384,1096,1096,1096.0,1096.0,0.0,-3.0,0.0,1096.0,1096.0,0.0,1634046391.343766,0.0,13.48312187194824
3469,0,1,0,0,3,2,1096,2211110130,1130,64,1116,17,59861,29483,4,0,0,43,15,2211110130,17,59861,11123,14690,1130,1130,1130.0,1130.0,0.0,-3.0,0.0,1130.0,1130.0,0.0,5480,1096,1096,1096.0,1096.0,0.0,-3.0,0.0,1096.0,1096.0,0.0,1634046391.343766,0.0,13.48312187194824
3470,0,1,0,0,3,2,1096,2211110130,1130,64,1116,17,59861,29483,4,0,0,43,15,2211110130,17,59861,11123,15820,1130,1130,1130.0,1130.0,0.0,-3.0,0.0,1130.0,1130.0,0.0,6576,1096,1096,1096.0,1096.0,0.0,-3.0,0.0,1096.0,1096.0,0.0,1634046391.344268,0.0005021095275878,13.483623981475828
3471,0,1,0,0,3,2,1096,2211110130,1130,64,1116,17,59861,29483,4,0,0,43,15,2211110130,17,59861,11123,16950,1130,1130,1130.0,1130.0,0.0,-3.0,0.0,1130.0,1130.0,0.0,7672,1096,1096,1096.0,1096.0,0.0,-3.0,0.0,1096.0,1096.0,0.0,1634046391.344268,0.0,13.483623981475828
3472,0,1,0,0,3,2,1096,2211110130,1130,64,1116,17,59861,29483,4,0,0,43,15,2211110130,17,59861,11123,18080,1130,1130,1130.0,1130.0,0.0,-3.0,0.0,1130.0,1130.0,0.0,8768,1096,1096,1096.0,1096.0,0.0,-3.0,0.0,1096.0,1096.0,0.0,1634046391.344268,0.0,13.483623981475828
3473,0,1,0,0,3,2,1096,2211110130,1130,64,1116,17,59861,29483,4,0,0,43,15,2211110130,17,59861,11123,19210,1130,1130,1130.0,1130.0,0.0,-3.0,0.0,1130.0,1130.0,0.0,9864,1096,1096,1096.0,1096.0,0.0,-3.0,0.0,1096.0,1096.0,0.0,1634046391.344268,0.0,13.483623981475828
3474,0,1,0,0,3,2,1096,2211110130,1130,64,1116,17,59861,29483,4,0,0,43,15,2211110130,17,59861,11123,20340,1130,1130,1130.0,1130.0,0.0,-3.0,0.0,1130.0,1130.0,0.0,10960,1096,1096,1096.0,1096.0,0.0,-3.0,0.0,1096.0,1096.0,0.0,1634046391.344807,0.0005388259887695,13.484162807464598
3475,0,1,0,0,3,2,1096,2211110130,1130,64,1116,17,59861,29483,4,0,0,43,15,2211110130,17,59861,11123,21470,1130,1130,1130.0,1130.0,0.0,-3.0,0.0,1130.0,1130.0,0.0,12056,1096,1096,1096.0,1096.0,0.0,-3.0,0.0,1096.0,1096.0,0.0,1634046391.344807,0.0,13.484162807464598
3476,0,1,0,0,3,2,1096,2211110130,1130,64,1116,17,59861,29483,4,0,0,43,15,2211110130,17,59861,11123,22600,1130,1130,1130.0,1130.0,0.0,-3.0,0.0,1130.0,1130.0,0.0,13152,1096,1096,1096.0,1096.0,0.0,-3.0,0.0,1096.0,1096.0,0.0,1634046391.344807,0.0,13.484162807464598
3477,0,1,0,0,3,2,1096,2211110130,1130,64,1116,17,59861,29483,4,0,0,43,15,2211110130,17,59861,11123,1130,1130,1130,1130.0,1130.0,0.0,-3.0,0.0,1130.0,1130.0,0.0,14248,1096,1096,1096.0,1096.0,0.0,-3.0,0.0,1096.0,1096.0,0.0,1634046391.344807,0.0,13.484162807464598
3478,0,1,0,0,3,2,1096,2211110130,1130,64,1116,17,59861,29483,4,0,0,43,15,2211110130,17,59861,11123,2260,1130,1130,1130.0,1130.0,0.0,-3.0,0.0,1130.0,1130.0,0.0,15344,1096,1096,1096.0,1096.0,0.0,-3.0,0.0,1096.0,1096.0,0.0,1634046391.34844,0.0036330223083496,13.487795829772947
3479,0,1,0,0,3,2,1096,2211110130,1130,64,1116,17,59861,29483,4,0,0,43,15,2211110130,17,59861,11123,3390,1130,1130,1130.0,1130.0,0.0,-3.0,0.0,1130.0,1130.0,0.0,16440,1096,1096,1096.0,1096.0,0.0,-3.0,0.0,1096.0,1096.0,0.0,1634046391.34844,0.0,13.487795829772947
3480,0,1,0,0,3,2,1116,2211110130,1150,64,1136,17,59861,29483,4,0,0,43,15,2211110130,17,59861,11123,4540,1130,1150,1130.0,1135.0,1.1547005383792517,-0.6666666666666665,75.0,1135.0,1130.0,5.0,17556,1096,1116,1096.0,1097.25,3.614784456460256,11.066666666666666,23.4375,1096.0,1096.0,0.0,1634046391.34844,0.0,13.487795829772947
3481,0,1,0,0,3,2,1096,2211110130,1130,64,1116,17,59861,29483,4,0,0,43,15,2211110130,17,59861,11123,5670,1130,1150,1130.0,1134.0,1.5,0.25,64.0,1130.0,1130.0,0.0,18652,1096,1116,1096.0,1097.1764705882354,3.749999999999957,12.06249999999979,22.14532871972318,1096.0,1096.0,0.0,1634046391.34844,0.0,13.487795829772947
3482,0,1,0,0,3,2,1096,2211110130,1130,64,1116,17,59861,29483,4,0,0,43,15,2211110130,17,59861,11123,6800,1130,1150,1130.0,1133.3333333333333,1.788854381999862,1.2000000000000703,55.55555555555557,1130.0,1130.0,0.0,19748,1096,1116,1096.0,1097.111111111111,3.880570000581343,13.058823529411846,20.98765432098766,1096.0,1096.0,0.0,1634046391.348972,0.0005321502685546,13.488327980041502
3483,0,1,0,0,3,2,1096,2211110130,1130,64,1116,17,59861,29483,4,0,0,43,15,2211110130,17,59861,11123,7930,1130,1150,1130.0,1132.857142857143,2.041241452319301,2.166666666666627,48.9795918367347,1130.0,1130.0,0.0,20844,1096,1116,1096.0,1097.0526315789473,4.006938426723828,14.055555555555864,19.944598337950133,1096.0,1096.0,0.0,1634046391.348972,0.0,13.488327980041502
3484,0,1,0,0,3,2,1096,2211110130,1130,64,1116,17,59861,29483,4,0,0,43,15,2211110130,17,59861,11123,9060,1130,1150,1130.0,1132.5,2.2677868380553634,3.1428571428571432,43.75,1130.0,1130.0,0.0,21940,1096,1116,1096.0,1097.0,4.129483209670112,15.05263157894737,19.0,1096.0,1096.0,0.0,1634046391.348972,0.0,13.488327980041502
3485,0,1,0,0,3,2,1096,2211110130,1130,64,1116,17,59861,29483,4,0,0,43,15,2211110130,17,59861,11123,10190,1130,1150,1130.0,1132.2222222222222,2.4748737341529403,4.125000000000078,39.50617283950618,1130.0,1130.0,0.0,1096,1096,1096,1096.0,1096.0,0.0,-3.0,0.0,1096.0,1096.0,0.0,1634046391.348972,0.0,13.488327980041502
3486,0,1,0,0,3,2,1096,2211110130,1130,64,1116,17,59861,29483,4,0,0,43,15,2211110130,17,59861,11123,11320,1130,1150,1130.0,1132.0,2.6666666666666665,5.111111111111111,36.0,1130.0,1130.0,0.0,2192,1096,1096,1096.0,1096.0,0.0,-3.0,0.0,1096.0,1096.0,0.0,1634046391.349486,0.0005140304565429,13.488842010498045
3487,0,1,0,0,3,2,1096,2211110130,1130,64,1116,17,59861,29483,4,0,0,43,15,2211110130,17,59861,11123,12450,1130,1150,1130.0,1131.8181818181818,2.8460498941515744,6.100000000000124,33.05785123966942,1130.0,1130.0,0.0,3288,1096,1096,1096.0,1096.0,0.0,-3.0,0.0,1096.0,1096.0,0.0,1634046391.349486,0.0,13.488842010498045
3488,0,1,0,0,3,2,1096,2211110130,1130,64,1116,17,59861,29483,4,0,0,43,15,2211110130,17,59861,11123,13580,1130,1150,1130.0,1131.6666666666667,3.015113445777593,7.090909090908916,30.555555555555568,1130.0,1130.0,0.0,4384,1096,1096,1096.0,1096.0,0.0,-3.0,0.0,1096.0,1096.0,0.0,1634046391.349486,0.0,13.488842010498045
3489,0,1,0,0,3,2,1096,2211110130,1130,64,1116,17,59861,29483,4,0,0,43,15,2211110130,17,59861,11123,14710,1130,1150,1130.0,1131.5384615384614,3.1754264805429995,8.083333333333577,28.40236686390534,1130.0,1130.0,0.0,5480,1096,1096,1096.0,1096.0,0.0,-3.0,0.0,1096.0,1096.0,0.0,1634046391.349486,0.0,13.488842010498045
3490,0,1,0,0,3,2,1096,2211110130,1130,64,1116,17,59861,29483,4,0,0,43,15,2211110130,17,59861,11123,15840,1130,1150,1130.0,1131.428571428571,3.3282011773514317,9.07692307692333,26.530612244897952,1130.0,1130.0,0.0,6576,1096,1096,1096.0,1096.0,0.0,-3.0,0.0,1096.0,1096.0,0.0,1634046391.350014,0.0005278587341308,13.489369869232176
3491,0,1,0,0,3,2,1096,2211110130,1130,64,1116,17,59861,29483,4,0,0,43,15,2211110130,17,59861,11123,16970,1130,1150,1130.0,1131.3333333333333,3.474396144861561,10.071428571428772,24.888888888888903,1130.0,1130.0,0.0,7672,1096,1096,1096.0,1096.0,0.0,-3.0,0.0,1096.0,1096.0,0.0,1634046391.350014,0.0,13.489369869232176
3492,0,1,0,0,3,2,1096,2211110130,1130,64,1116,17,59861,29483,4,0,0,43,15,2211110130,17,59861,11123,18100,1130,1150,1130.0,1131.25,3.614784456460256,11.066666666666666,23.4375,1130.0,1130.0,0.0,8768,1096,1096,1096.0,1096.0,0.0,-3.0,0.0,1096.0,1096.0,0.0,1634046391.350014,0.0,13.489369869232176
3493,0,1,0,0,3,2,1096,2211110130,1130,64,1116,17,59861,29483,4,0,0,43,15,2211110130,17,59861,11123,19230,1130,1150,1130.0,1131.1764705882354,3.749999999999957,12.06249999999979,22.14532871972318,1130.0,1130.0,0.0,9864,1096,1096,1096.0,1096.0,0.0,-3.0,0.0,1096.0,1096.0,0.0,1634046391.350014,0.0,13.489369869232176
3494,0,1,0,0,3,2,1096,2211110130,1130,64,1116,17,59861,29483,4,0,0,43,15,2211110130,17,59861,11123,20360,1130,1150,1130.0,1131.111111111111,3.880570000581343,13.058823529411846,20.98765432098766,1130.0,1130.0,0.0,10960,1096,1096,1096.0,1096.0,0.0,-3.0,0.0,1096.0,1096.0,0.0,1634046391.350507,0.000493049621582,13.489862918853758
3495,0,1,0,0,3,2,1096,2211110130,1130,64,1116,17,59861,29483,4,0,0,43,15,2211110130,17,59861,11123,21490,1130,1150,1130.0,1131.0526315789473,4.006938426723828,14.055555555555864,19.944598337950133,1130.0,1130.0,0.0,12056,1096,1096,1096.0,1096.0,0.0,-3.0,0.0,1096.0,1096.0,0.0,1634046391.350507,0.0,13.489862918853758
3496,0,1,0,0,3,2,1096,2211110130,1130,64,1116,17,59861,29483,4,0,0,43,15,2211110130,17,59861,11123,22620,1130,1150,1130.0,1131.0,4.129483209670112,15.05263157894737,19.0,1130.0,1130.0,0.0,13152,1096,1096,1096.0,1096.0,0.0,-3.0,0.0,1096.0,1096.0,0.0,1634046391.350507,0.0,13.489862918853758
3497,0,1,0,0,3,2,1096,2211110130,1130,64,1116,17,59861,29483,4,0,0,43,15,2211110130,17,59861,11123,1130,1130,1130,1130.0,1130.0,0.0,-3.0,0.0,1130.0,1130.0,0.0,14248,1096,1096,1096.0,1096.0,0.0,-3.0,0.0,1096.0,1096.0,0.0,1634046391.351022,0.0005149841308593,13.490377902984617
3498,0,1,0,0,3,2,1096,2211110130,1130,64,1116,17,59861,29483,4,0,0,43,15,2211110130,17,59861,11123,2260,1130,1130,1130.0,1130.0,0.0,-3.0,0.0,1130.0,1130.0,0.0,15344,1096,1096,1096.0,1096.0,0.0,-3.0,0.0,1096.0,1096.0,0.0,1634046391.351022,0.0,13.490377902984617
3499,0,1,0,0,3,2,1096,2211110130,1130,64,1116,17,59861,29483,4,0,0,43,15,2211110130,17,59861,11123,3390,1130,1130,1130.0,1130.0,0.0,-3.0,0.0,1130.0,1130.0,0.0,16440,1096,1096,1096.0,1096.0,0.0,-3.0,0.0,1096.0,1096.0,0.0,1634046391.351022,0.0,13.490377902984617
3500,0,1,0,0,3,2,1096,2211110130,1130,64,1116,17,59861,29483,4,0,0,43,15,2211110130,17,59861,11123,4520,1130,1130,1130.0,1130.0,0.0,-3.0,0.0,1130.0,1130.0,0.0,17536,1096,1096,1096.0,1096.0,0.0,-3.0,0.0,1096.0,1096.0,0.0,1634046391.351022,0.0,13.490377902984617
3501,0,1,0,0,3,2,1096,2211110130,1130,64,1116,17,59861,29483,4,0,0,43,15,2211110130,17,59861,11123,5650,1130,1130,1130.0,1130.0,0.0,-3.0,0.0,1130.0,1130.0,0.0,18632,1096,1096,1096.0,1096.0,0.0,-3.0,0.0,1096.0,1096.0,0.0,1634046391.351524,0.0005021095275878,13.490880012512205
3502,0,1,0,0,3,2,1096,2211110130,1130,64,1116,17,59861,29483,4,0,0,43,15,2211110130,17,59861,11123,6780,1130,1130,1130.0,1130.0,0.0,-3.0,0.0,1130.0,1130.0,0.0,19728,1096,1096,1096.0,1096.0,0.0,-3.0,0.0,1096.0,1096.0,0.0,1634046391.351524,0.0,13.490880012512205
3503,0,1,0,0,3,2,1096,2211110130,1130,64,1116,17,59861,29483,4,0,0,43,15,2211110130,17,59861,11123,7910,1130,1130,1130.0,1130.0,0.0,-3.0,0.0,1130.0,1130.0,0.0,20824,1096,1096,1096.0,1096.0,0.0,-3.0,0.0,1096.0,1096.0,0.0,1634046391.351524,0.0,13.490880012512205
3504,0,1,0,0,3,2,1096,2211110130,1130,64,1116,17,59861,29483,4,0,0,43,15,2211110130,17,59861,11123,9040,1130,1130,1130.0,1130.0,0.0,-3.0,0.0,1130.0,1130.0,0.0,21920,1096,1096,1096.0,1096.0,0.0,-3.0,0.0,1096.0,1096.0,0.0,1634046391.35302,0.0014958381652832,13.492375850677488
3505,0,1,0,0,3,2,1096,2211110130,1130,64,1116,17,59861,29483,4,0,0,43,15,2211110130,17,59861,11123,10170,1130,1130,1130.0,1130.0,0.0,-3.0,0.0,1130.0,1130.0,0.0,1096,1096,1096,1096.0,1096.0,0.0,-3.0,0.0,1096.0,1096.0,0.0,1634046391.35302,0.0,13.492375850677488
3506,0,1,0,0,3,2,1116,2211110130,1150,64,1136,17,59861,29483,4,0,0,43,15,2211110130,17,59861,11123,11320,1130,1150,1130.0,1132.0,2.6666666666666665,5.111111111111111,36.0,1130.0,1130.0,0.0,2212,1096,1116,1106.0,1106.0,0.0,-2.0,100.0,1111.0,1101.0,10.0,1634046391.364,0.0109801292419433,13.503355979919432
3507,0,1,0,0,3,2,1096,2211110130,1130,64,1116,17,59861,29483,4,0,0,43,15,2211110130,17,59861,11123,12450,1130,1150,1130.0,1131.8181818181818,2.846049894151573,6.100000000000124,33.05785123966942,1130.0,1130.0,0.0,3308,1096,1116,1096.0,1102.6666666666667,0.7071067811865236,-1.5000000000000222,88.88888888888887,1106.0,1096.0,10.0,1634046391.364,0.0,13.503355979919432
3508,0,1,0,0,3,2,1096,2211110130,1130,64,1116,17,59861,29483,4,0,0,43,15,2211110130,17,59861,11123,13580,1130,1150,1130.0,1131.6666666666667,3.0151134457775943,7.090909090908921,30.55555555555556,1130.0,1130.0,0.0,4404,1096,1116,1096.0,1101.0,1.1547005383792517,-0.6666666666666665,75.0,1101.0,1096.0,5.0,1634046391.364,0.0,13.503355979919432
3509,0,1,0,0,3,2,1096,2211110130,1130,64,1116,17,59861,29483,4,0,0,43,15,2211110130,17,59861,11123,14710,1130,1150,1130.0,1131.5384615384614,3.175426480543,8.08333333333358,28.402366863905332,1130.0,1130.0,0.0,5500,1096,1116,1096.0,1100.0,1.5,0.25,64.0,1096.0,1096.0,0.0,1634046391.364742,0.000741958618164,13.504097938537596
3510,0,1,0,0,3,2,1096,2211110130,1130,64,1116,17,59861,29483,4,0,0,43,15,2211110130,17,59861,11123,15840,1130,1150,1130.0,1131.428571428571,3.328201177351432,9.07692307692333,26.530612244897952,1130.0,1130.0,0.0,6596,1096,1116,1096.0,1099.3333333333333,1.7888543819998608,1.2000000000000697,55.55555555555558,1096.0,1096.0,0.0,1634046391.364742,0.0,13.504097938537596
3511,0,1,0,0,3,2,1096,2211110130,1130,64,1116,17,59861,29483,4,0,0,43,15,2211110130,17,59861,11123,16970,1130,1150,1130.0,1131.3333333333333,3.474396144861562,10.071428571428774,24.8888888888889,1130.0,1130.0,0.0,7692,1096,1116,1096.0,1098.857142857143,2.041241452319301,2.166666666666627,48.9795918367347,1096.0,1096.0,0.0,1634046391.364742,0.0,13.504097938537596
3512,0,1,0,0,3,2,1096,2211110130,1130,64,1116,17,59861,29483,4,0,0,43,15,2211110130,17,59861,11123,18100,1130,1150,1130.0,1131.25,3.614784456460256,11.066666666666666,23.4375,1130.0,1130.0,0.0,8788,1096,1116,1096.0,1098.5,2.2677868380553634,3.1428571428571432,43.75,1096.0,1096.0,0.0,1634046391.365199,0.0004570484161376,13.504554986953734
3513,0,1,0,0,3,2,1096,2211110130,1130,64,1116,17,59861,29483,4,0,0,43,15,2211110130,17,59861,11123,19230,1130,1150,1130.0,1131.1764705882354,3.749999999999957,12.06249999999979,22.14532871972318,1130.0,1130.0,0.0,9884,1096,1116,1096.0,1098.2222222222222,2.4748737341529403,4.125000000000078,39.50617283950618,1096.0,1096.0,0.0,1634046391.365199,0.0,13.504554986953734
3514,0,1,0,0,3,2,1096,2211110130,1130,64,1116,17,59861,29483,4,0,0,43,15,2211110130,17,59861,11123,20360,1130,1150,1130.0,1131.111111111111,3.880570000581343,13.058823529411846,20.98765432098766,1130.0,1130.0,0.0,10980,1096,1116,1096.0,1098.0,2.6666666666666665,5.111111111111111,36.0,1096.0,1096.0,0.0,1634046391.365199,0.0,13.504554986953734
3515,0,1,0,0,3,2,1096,2211110130,1130,64,1116,17,59861,29483,4,0,0,43,15,2211110130,17,59861,11123,21490,1130,1150,1130.0,1131.0526315789473,4.006938426723828,14.055555555555864,19.944598337950133,1130.0,1130.0,0.0,12076,1096,1116,1096.0,1097.8181818181818,2.8460498941515744,6.100000000000124,33.05785123966942,1096.0,1096.0,0.0,1634046391.369844,0.0046448707580566,13.50919985771179
3516,0,1,0,0,3,2,1096,2211110130,1130,64,1116,17,59861,29483,4,0,0,43,15,2211110130,17,59861,11123,22620,1130,1150,1130.0,1131.0,4.129483209670112,15.05263157894737,19.0,1130.0,1130.0,0.0,13172,1096,1116,1096.0,1097.6666666666667,3.015113445777593,7.090909090908916,30.555555555555568,1096.0,1096.0,0.0,1634046391.369844,0.0,13.50919985771179
3517,0,1,0,0,3,2,1096,2211110130,1130,64,1116,17,59861,29483,4,0,0,43,15,2211110130,17,59861,11123,1130,1130,1130,1130.0,1130.0,0.0,-3.0,0.0,1130.0,1130.0,0.0,14268,1096,1116,1096.0,1097.5384615384614,3.1754264805429995,8.083333333333577,28.40236686390534,1096.0,1096.0,0.0,1634046391.369844,0.0,13.50919985771179
3518,0,1,0,0,3,2,1096,2211110130,1130,64,1116,17,59861,29483,4,0,0,43,15,2211110130,17,59861,11123,2260,1130,1130,1130.0,1130.0,0.0,-3.0,0.0,1130.0,1130.0,0.0,15364,1096,1116,1096.0,1097.428571428571,3.3282011773514317,9.07692307692333,26.530612244897952,1096.0,1096.0,0.0,1634046391.370488,0.0006439685821533,13.509843826293944
3519,0,1,0,0,3,2,1096,2211110130,1130,64,1116,17,59861,29483,4,0,0,43,15,2211110130,17,59861,11123,3390,1130,1130,1130.0,1130.0,0.0,-3.0,0.0,1130.0,1130.0,0.0,16460,1096,1116,1096.0,1097.3333333333333,3.474396144861561,10.071428571428772,24.888888888888903,1096.0,1096.0,0.0,1634046391.370488,0.0,13.509843826293944
3520,0,1,0,0,3,2,1096,2211110130,1130,64,1116,17,59861,29483,4,0,0,43,15,2211110130,17,59861,11123,4520,1130,1130,1130.0,1130.0,0.0,-3.0,0.0,1130.0,1130.0,0.0,17556,1096,1116,1096.0,1097.25,3.614784456460256,11.066666666666666,23.4375,1096.0,1096.0,0.0,1634046391.370488,0.0,13.509843826293944
3521,0,1,0,0,3,2,1096,2211110130,1130,64,1116,17,59861,29483,4,0,0,43,15,2211110130,17,59861,11123,5650,1130,1130,1130.0,1130.0,0.0,-3.0,0.0,1130.0,1130.0,0.0,18652,1096,1116,1096.0,1097.1764705882354,3.749999999999957,12.06249999999979,22.14532871972318,1096.0,1096.0,0.0,1634046391.37133,0.0008420944213867,13.51068592071533
3522,0,1,0,0,3,2,1096,2211110130,1130,64,1116,17,59861,29483,4,0,0,43,15,2211110130,17,59861,11123,6780,1130,1130,1130.0,1130.0,0.0,-3.0,0.0,1130.0,1130.0,0.0,19748,1096,1116,1096.0,1097.111111111111,3.880570000581343,13.058823529411846,20.98765432098766,1096.0,1096.0,0.0,1634046391.37133,0.0,13.51068592071533
3523,0,1,0,0,3,2,1096,2211110130,1130,64,1116,17,59861,29483,4,0,0,43,15,2211110130,17,59861,11123,7910,1130,1130,1130.0,1130.0,0.0,-3.0,0.0,1130.0,1130.0,0.0,20844,1096,1116,1096.0,1097.0526315789473,4.006938426723828,14.055555555555864,19.944598337950133,1096.0,1096.0,0.0,1634046391.37133,0.0,13.51068592071533
3524,0,1,0,0,3,2,118,2211110130,152,64,138,17,59861,29483,4,0,0,43,15,2211110130,17,59861,11123,8062,152,1130,1130.0,1007.75,-2.2677868380553634,3.1428571428571432,104615.4375,1130.0,1130.0,0.0,20962,118,1116,1096.0,1048.1,-4.126585754494023,15.037782388659693,45549.78999999999,1096.0,1096.0,0.0,1634046391.37133,0.0,13.51068592071533
3525,0,1,0,0,3,2,408,2211110130,442,64,428,17,59861,29483,4,0,0,43,15,2211110130,17,59861,11123,8504,152,1130,1130.0,944.8888888888888,-1.4683209604800105,0.3449520611790668,124603.65432098768,1130.0,1130.0,0.0,408,408,408,408.0,408.0,0.0,-3.0,0.0,408.0,408.0,0.0,1634046391.37133,0.0,13.51068592071533
3526,0,1,0,0,3,2,1096,2211110130,1130,64,1116,17,59861,29483,4,0,0,43,15,2211110130,17,59861,11123,9634,152,1130,1130.0,963.4,-1.6335705077148956,0.8676543596721489,115227.24,1130.0,1130.0,0.0,1504,408,1096,752.0,752.0,0.0,-2.0,118336.0,924.0,580.0,344.0,1634046391.371898,0.0005679130554199,13.51125383377075
3527,0,1,0,0,3,2,1096,2211110130,1130,64,1116,17,59861,29483,4,0,0,43,15,2211110130,17,59861,11123,10764,152,1130,1130.0,978.5454545454544,-1.7854984291859288,1.397901100227526,107045.88429752064,1130.0,1130.0,0.0,2600,408,1096,1096.0,866.6666666666666,-0.7071067811865471,-1.5000000000000009,105187.55555555556,1096.0,752.0,344.0,1634046391.371898,0.0,13.51125383377075
3528,0,1,0,0,2,3,56,3232270721,90,47,76,17,29483,59861,4,0,0,43,15,2211110130,17,59861,11123,10854,90,1130,1130.0,904.5,-1.2714509875894078,-0.2452588550853205,158435.41666666666,1130.0,958.0,172.0,2656,56,1096,752.0,664.0,-0.2209083806017051,-1.7110937129623651,202112.0,1096.0,320.0,776.0,1634046391.379314,0.0074160099029541,13.518669843673704
3529,0,1,0,0,3,2,939,2211110130,973,64,959,17,59861,29483,4,0,0,43,15,2211110130,17,59861,11123,11827,90,1130,1130.0,909.7692307692308,-1.3597092649161318,0.044547881162678,146581.25443786982,1130.0,973.0,157.0,3595,56,1096,939.0,719.0,-0.5623257008821914,-1.3755180362739146,173789.6,1096.0,408.0,688.0,1634046391.383618,0.0043041706085205,13.522974014282225
3530,0,1,0,0,3,2,60,2211110130,94,64,80,17,59861,29483,4,0,0,43,15,2211110130,17,59861,11123,11921,90,1130,1130.0,851.5,-1.0182898582760482,-0.8292007093601756,180250.10714285716,1130.0,574.75,555.25,3655,56,1096,673.5,609.1666666666666,-0.1370050322991867,-1.770675544228532,205141.47222222225,1056.75,147.0,909.75,1634046391.383618,0.0,13.522974014282225
3531,0,1,0,0,3,2,1096,2211110130,1130,64,1116,17,59861,29483,4,0,0,43,15,2211110130,17,59861,11123,13051,90,1130,1130.0,870.0666666666667,-1.1242274600521265,-0.5999196919235277,173059.52888888886,1130.0,707.5,422.5,4751,56,1096,939.0,678.7142857142857,-0.4045082002166461,-1.64574592782429,204856.77551020408,1096.0,234.0,862.0,1634046391.383618,0.0,13.522974014282225
3532,0,1,0,0,3,2,1096,2211110130,1130,64,1116,17,59861,29483,4,0,0,43,15,2211110130,17,59861,11123,14181,90,1130,1130.0,886.3125,-1.223271616228465,-0.3646375101483863,166202.21484375,1130.0,840.25,289.75,5847,56,1096,1017.5,730.875,-0.6218120081680569,-1.4300847279899218,198294.859375,1096.0,321.0,775.0,1634046391.383618,0.0,13.522974014282225
3533,0,1,0,0,3,2,1096,2211110130,1130,64,1116,17,59861,29483,4,0,0,43,15,2211110130,17,59861,11123,15311,90,1130,1130.0,900.6470588235294,-1.316502199209161,-0.1247237765082025,159713.2871972318,1130.0,973.0,157.0,6943,56,1096,1096.0,771.4444444444445,-0.8068224468685921,-1.1671881721592878,189429.1358024691,1096.0,408.0,688.0,1634046391.383618,0.0,13.522974014282225
3534,0,1,0,0,3,2,1116,2211110130,1150,64,1136,17,59861,29483,4,0,0,43,15,2211110130,17,59861,11123,16461,90,1150,1130.0,914.5,-1.4035524801197872,0.1165631480160054,154102.69444444444,1130.0,1012.25,117.75,8059,56,1116,1096.0,805.9,-0.9666851878569928,-0.8800709543486076,181170.89,1096.0,540.75,555.25,1634046391.383618,0.0,13.522974014282225
3535,0,1,0,0,3,2,1096,2211110130,1130,64,1116,17,59861,29483,4,0,0,43,15,2211110130,17,59861,11123,17591,90,1150,1130.0,925.842105263158,-1.4875318432511808,0.3629782764491582,148307.60664819946,1130.0,1051.5,78.5,9155,56,1116,1096.0,832.2727272727273,-1.1128882839754957,-0.5723375089786535,171656.0165289256,1096.0,673.5,422.5,1634046391.384203,0.0005848407745361,13.523558855056761
3536,0,1,0,0,3,2,752,2211110130,786,64,772,17,59861,29483,4,0,0,43,15,2211110130,17,59861,11123,18377,90,1150,1130.0,918.85,-1.458059149245125,0.3843527903961412,141821.12749999997,1130.0,926.25,203.75,9907,56,1116,1096.0,825.5833333333334,-1.107111513094301,-0.4442581346993322,157843.57638888888,1096.0,666.0,430.0,1634046391.384203,0.0,13.523558855056761
3537,0,1,0,0,3,2,408,2211110130,442,64,428,17,59861,29483,4,0,0,43,15,2211110130,17,59861,11123,442,442,442,442.0,442.0,0.0,-3.0,0.0,442.0,442.0,0.0,10315,56,1116,1096.0,793.4615384615385,-0.8658430655510974,-0.8734225143642513,158083.47928994085,1096.0,408.0,688.0,1634046391.384203,0.0,13.523558855056761
3538,0,1,0,0,3,2,408,2211110130,442,64,428,17,59861,29483,4,0,0,43,15,2211110130,17,59861,11123,884,442,442,442.0,442.0,0.0,-3.0,0.0,442.0,442.0,0.0,10723,56,1116,1017.5,765.9285714285714,-0.672035217225898,-1.1407279319606447,156646.63775510204,1096.0,408.0,688.0,1634046391.384203,0.0,13.523558855056761
3539,0,1,0,0,3,2,1096,2211110130,1130,64,1116,17,59861,29483,4,0,0,43,15,2211110130,17,59861,11123,2014,442,1130,442.0,671.3333333333334,0.7071067811865472,-1.5,105187.55555555556,786.0,442.0,344.0,11819,56,1116,1096.0,787.9333333333333,-0.7787932307785926,-0.9904882636553376,152982.4622222222,1096.0,408.0,688.0,1634046391.397316,0.0131130218505859,13.536671876907347
3540,0,1,0,0,3,2,1096,2211110130,1130,64,1116,17,59861,29483,4,0,0,43,15,2211110130,17,59861,11123,3144,442,1130,786.0,786.0,0.0,-2.0,118336.0,1130.0,442.0,688.0,12915,56,1116,1096.0,807.1875,-0.8777215610413752,-0.8279861950581444,148981.90234375,1096.0,408.0,688.0,1634046391.398168,0.0008521080017089,13.537523984909056
3541,0,1,0,0,3,2,1096,2211110130,1130,64,1116,17,59861,29483,4,0,0,43,15,2211110130,17,59861,11123,4274,442,1130,1130.0,854.8,-0.4082482904638625,-1.8333333333333337,113602.56,1130.0,442.0,688.0,14011,56,1116,1096.0,824.1764705882352,-0.9701125881694168,-0.656277585071321,144836.26297577852,1096.0,408.0,688.0,1634046391.398168,0.0,13.537523984909056
3542,0,1,0,0,3,2,1096,2211110130,1130,64,1116,17,59861,29483,4,0,0,43,15,2211110130,17,59861,11123,5404,442,1130,1130.0,900.6666666666666,-0.707106781186547,-1.4999999999999998,105187.55555555556,1130.0,614.0,516.0,15107,56,1116,1096.0,839.2777777777778,-1.05696366694326,-0.4774845939678527,140666.6450617284,1096.0,494.0,602.0,1634046391.398168,0.0,13.537523984909056
3543,0,1,0,0,3,2,1096,2211110130,1130,64,1116,17,59861,29483,4,0,0,43,15,2211110130,17,59861,11123,6534,442,1130,1130.0,933.4285714285714,-0.9486832980505144,-1.0999999999999988,96600.81632653058,1130.0,786.0,344.0,16203,56,1116,1096.0,852.7894736842105,-1.139058458534696,-0.2931256720090807,136549.32409972302,1096.0,580.0,516.0,1634046391.398849,0.000680923461914,13.53820490837097
3544,0,1,0,0,3,2,1096,2211110130,1130,64,1116,17,59861,29483,4,0,0,43,15,2211110130,17,59861,11123,7664,442,1130,1130.0,958.0,-1.1547005383792517,-0.6666666666666665,88752.0,1130.0,958.0,172.0,17299,56,1116,1096.0,864.95,-1.2170229670177544,-0.1043153470526334,132531.54750000002,1096.0,666.0,430.0,1634046391.398849,0.0,13.53820490837097
3545,0,1,0,0,3,2,351,2211110130,385,64,371,17,59861,29483,4,0,0,43,15,2211110130,17,59861,11123,8049,385,1130,1130.0,894.3333333333334,-0.7141005646826651,-1.4798746088318655,111318.22222222222,1130.0,442.0,688.0,351,351,351,351.0,351.0,0.0,-3.0,0.0,351.0,351.0,0.0,1634046391.398849,0.0,13.53820490837097
3546,0,1,0,0,2,3,60,3232270721,94,47,80,17,29483,59861,4,0,0,43,15,2211110130,17,59861,11123,8143,94,1130,1130.0,814.3,-0.5856829769087387,-1.3896037913783503,157834.41,1130.0,442.0,688.0,411,60,351,205.5,205.5,0.0,-2.0,21170.25,278.25,132.75,145.5,1634046391.415525,0.0166759490966796,13.55488085746765
3547,0,1,0,0,3,2,408,2211110130,442,64,428,17,59861,29483,4,0,0,43,15,2211110130,17,59861,11123,8585,94,1130,1130.0,780.4545454545455,-0.365755137099727,-1.5782722565637533,154940.97520661156,1130.0,442.0,688.0,819,60,408,351.0,273.0,-0.6336454811937026,-1.5,23226.0,379.5,205.5,174.0,1634046391.416533,0.0010080337524414,13.555888891220091
3548,0,1,0,0,3,2,1096,2211110130,1130,64,1116,17,59861,29483,4,0,0,43,15,2211110130,17,59861,11123,9715,94,1130,1130.0,809.5833333333334,-0.5118306163473415,-1.4604811319867324,151362.5763888889,1130.0,442.0,688.0,1915,60,1096,379.5,478.75,0.7256539210583656,-0.8879900807417802,144418.6875,580.0,278.25,301.75,1634046391.425352,0.0088191032409667,13.564707994461058
3549,0,1,0,0,3,2,1096,2211110130,1130,64,1116,17,59861,29483,4,0,0,43,15,2211110130,17,59861,11123,10845,94,1130,1130.0,834.2307692307693,-0.6418221692129282,-1.3157550320446878,147009.25443786982,1130.0,442.0,688.0,3011,60,1096,408.0,602.2,0.1571011775841223,-1.646927873526861,176494.56,1096.0,351.0,745.0,1634046391.425352,0.0,13.564707994461058
3550,0,1,0,0,3,2,1096,2211110130,1130,64,1116,17,59861,29483,4,0,0,43,15,2211110130,17,59861,11123,11975,94,1130,1130.0,855.3571428571429,-0.7594922976355954,-1.1527888136780684,142310.8010204081,1130.0,442.0,688.0,4107,60,1096,752.0,684.5,-0.2008278372758245,-1.6951410236669333,180945.25,1096.0,365.25,730.75,1634046391.426136,0.0007839202880859,13.565491914749144
3551,0,1,0,0,3,2,1096,2211110130,1130,64,1116,17,59861,29483,4,0,0,43,15,2211110130,17,59861,11123,13105,94,1130,1130.0,873.6666666666666,-0.867409293783956,-0.9768992037259884,137516.75555555554,1130.0,442.0,688.0,5203,60,1096,1096.0,743.2857142857143,-0.4680249727745274,-1.5388960148730162,175830.48979591834,1096.0,379.5,716.5,1634046391.426136,0.0,13.565491914749144
3552,0,1,0,0,3,2,1096,2211110130,1130,64,1116,17,59861,29483,4,0,0,43,15,2211110130,17,59861,11123,14235,94,1130,1130.0,889.6875,-0.9674031156820688,-0.7915198926329836,132771.96484375,1130.0,442.0,688.0,6299,60,1096,1096.0,787.375,-0.6850427076299616,-1.2960755160136912,167458.734375,1096.0,393.75,702.25,1634046391.426136,0.0,13.565491914749144
3553,0,1,0,0,3,2,1096,2211110130,1130,64,1116,17,59861,29483,4,0,0,43,15,2211110130,17,59861,11123,15365,94,1130,1130.0,903.8235294117648,-1.0608234704542008,-0.5989672662230379,128159.08650519028,1130.0,442.0,688.0,7395,60,1096,1096.0,821.6666666666666,-0.8701426588004939,-1.008570875560996,158259.55555555553,1096.0,408.0,688.0,1634046391.426693,0.0005569458007812,13.566048860549925
3554,0,1,0,0,3,2,130,2211110130,164,64,150,17,59861,29483,4,0,0,43,15,2211110130,17,59861,11123,15529,94,1130,1130.0,862.7222222222222,-0.8615107999034005,-1.030991488167914,149757.53395061727,1130.0,442.0,688.0,7525,60,1096,1096.0,752.5,-0.5454419864010837,-1.5359170161763704,185489.85,1096.0,365.25,730.75,1634046391.426693,0.0,13.566048860549925
3555,0,1,0,0,2,3,60,3232270721,94,47,80,17,29483,59861,4,0,0,43,15,2211110130,17,59861,11123,15623,94,1130,1130.0,822.2631578947369,-0.7098606868638048,-1.2838748563841234,171340.40443213296,1130.0,442.0,688.0,7585,60,1096,1096.0,689.5454545454545,-0.3179790861419345,-1.7521257866700046,208259.88429752068,1096.0,240.5,855.5,1634046391.434118,0.0074250698089599,13.573473930358885
3556,0,1,0,0,3,2,1096,2211110130,1130,64,1116,17,59861,29483,4,0,0,43,15,2211110130,17,59861,11123,16753,94,1130,1130.0,837.65,-0.7907399461980594,-1.162877403374803,167271.72749999998,1130.0,442.0,688.0,8681,60,1096,1096.0,723.4166666666666,-0.4664304209849995,-1.641137832307882,203524.7430555556,1096.0,295.75,800.25,1634046391.439515,0.005397081375122,13.578871011734007
3557,0,1,0,0,3,2,1096,2211110130,1130,64,1116,17,59861,29483,4,0,0,43,15,2211110130,17,59861,11123,1130,1130,1130,1130.0,1130.0,0.0,-3.0,0.0,1130.0,1130.0,0.0,9777,60,1096,1096.0,752.0769230769231,-0.5980076003786947,-1.5038651769762388,197725.9171597633,1096.0,351.0,745.0,1634046391.439515,0.0,13.578871011734007
3558,0,1,0,0,3,2,1096,2211110130,1130,64,1116,17,59861,29483,4,0,0,43,15,2211110130,17,59861,11123,2260,1130,1130,1130.0,1130.0,0.0,-3.0,0.0,1130.0,1130.0,0.0,10873,60,1096,1096.0,776.6428571428571,-0.7167519836940713,-1.3488146981810631,191447.94387755095,1096.0,365.25,730.75,1634046391.44244,0.0029249191284179,13.581795930862425
3559,0,1,0,0,3,2,1096,2211110130,1130,64,1116,17,59861,29483,4,0,0,43,15,2211110130,17,59861,11123,3390,1130,1130,1130.0,1130.0,0.0,-3.0,0.0,1130.0,1130.0,0.0,11969,60,1096,1096.0,797.9333333333333,-0.8253953661053544,-1.1811803963127607,185030.72888888893,1096.0,379.5,716.5,1634046391.44244,0.0,13.581795930862425
3560,0,1,0,0,3,2,1096,2211110130,1130,64,1116,17,59861,29483,4,0,0,43,15,2211110130,17,59861,11123,4520,1130,1130,1130.0,1130.0,0.0,-3.0,0.0,1130.0,1130.0,0.0,13065,60,1096,1096.0,816.5625,-0.9258696033660812,-1.004312780546199,178671.99609375,1096.0,393.75,702.25,1634046391.443056,0.0006160736083984,13.582412004470823
3561,0,1,0,0,3,2,448,2211110130,482,64,468,17,59861,29483,4,0,0,43,15,2211110130,17,59861,11123,5002,482,1130,1130.0,1000.4,-1.4999999999999996,0.25,67184.64,1130.0,1130.0,0.0,13513,60,1096,1096.0,794.8823529411765,-0.7784258839830853,-1.1991828017589907,175682.33910034603,1096.0,408.0,688.0,1634046391.444505,0.0014488697052001,13.583860874176024
3562,0,1,0,0,3,2,1116,2211110130,1150,64,1136,17,59861,29483,4,0,0,43,15,2211110130,17,59861,11123,6152,482,1150,1130.0,1025.3333333333333,-1.7851784601522953,1.1935873269189372,59095.55555555556,1130.0,1130.0,0.0,14629,60,1116,1096.0,812.7222222222222,-0.8667924126375609,-1.053367834317259,171332.6450617284,1096.0,418.0,678.0,1634046391.448081,0.0035760402679443,13.587436914443968
3563,0,1,0,0,2,3,60,3232270721,94,47,80,17,29483,59861,4,0,0,43,15,2211110130,17,59861,11123,6246,94,1150,1130.0,892.2857142857143,-1.1656561392996638,-0.3779990710689893,156863.34693877553,1130.0,806.0,324.0,14689,60,1116,1096.0,773.1052631578947,-0.6968641354585481,-1.346490943899716,190566.19944598337,1096.0,379.5,716.5,1634046391.467527,0.0194458961486816,13.60688281059265
3564,0,1,0,0,2,3,52,3232270721,86,47,72,17,29483,59861,4,0,0,43,15,2211110130,17,59861,11123,6332,86,1150,1130.0,791.5,-0.682000828238007,-1.3800253870672203,208359.75,1130.0,385.0,745.0,14741,52,1116,1096.0,737.05,-0.5520959103872107,-1.5463890981718231,205737.5475,1096.0,295.75,800.25,1634046391.467582,5.507469177246094e-05,13.606937885284422
3565,0,1,0,0,3,2,408,2211110130,442,64,428,17,59861,29483,4,0,0,43,15,2211110130,17,59861,11123,6774,86,1150,1130.0,752.6666666666666,-0.4492123435962542,-1.554045936876426,197272.8888888889,1130.0,442.0,688.0,408,408,408,408.0,408.0,0.0,-3.0,0.0,408.0,408.0,0.0,1634046391.471784,0.004202127456665,13.611140012741087
3566,0,1,0,0,3,2,1096,2211110130,1130,64,1116,17,59861,29483,4,0,0,43,15,2211110130,17,59861,11123,7904,86,1150,1130.0,790.4,-0.6219265983144022,-1.3762475836328911,190359.84000000003,1130.0,452.0,678.0,1504,408,1096,752.0,752.0,0.0,-2.0,118336.0,924.0,580.0,344.0,1634046391.472466,0.0006818771362304,13.611821889877318
3567,0,1,0,0,3,2,1096,2211110130,1130,64,1116,17,59861,29483,4,0,0,43,15,2211110130,17,59861,11123,9034,86,1150,1130.0,821.2727272727273,-0.7733721564392184,-1.1670542746732682,182585.65289256195,1130.0,462.0,668.0,2600,408,1096,1096.0,866.6666666666666,-0.7071067811865471,-1.5000000000000009,105187.55555555556,1096.0,752.0,344.0,1634046391.472466,0.0,13.611821889877318
3568,0,1,0,0,3,2,1096,2211110130,1130,64,1116,17,59861,29483,4,0,0,43,15,2211110130,17,59861,11123,10164,86,1150,1130.0,847.0,-0.9091017553139008,-0.937736272537952,174651.0,1130.0,472.0,658.0,3696,408,1096,1096.0,924.0,-1.1547005383792517,-0.6666666666666665,88752.0,1096.0,924.0,172.0,1634046391.47313,0.0006639957427978,13.612485885620115
3569,0,1,0,0,3,2,721,2211110130,755,64,741,17,59861,29483,4,0,0,43,15,2211110130,17,59861,11123,10919,86,1150,1130.0,839.9230769230769,-0.889093271891044,-0.8466580968736381,161817.30177514788,1130.0,482.0,648.0,4417,408,1096,1096.0,883.4,-0.7670506864619707,-1.0766389234032394,77595.04000000001,1096.0,721.0,375.0,1634046391.47313,0.0,13.612485885620115
3570,0,1,0,0,2,3,60,3232270721,94,47,80,17,29483,59861,4,0,0,43,15,2211110130,17,59861,11123,11013,86,1150,1130.0,786.6428571428571,-0.6584809221299739,-1.2897149213691756,187163.08673469385,1130.0,452.0,678.0,4477,60,1096,908.5,746.1666666666666,-0.6143197498961114,-1.1521382097977493,158827.47222222222,1096.0,486.25,609.75,1634046391.482335,0.0092051029205322,13.621690988540648
3571,0,1,0,0,3,2,56,2211110130,90,64,76,17,59861,29483,4,0,0,43,15,2211110130,17,59861,11123,11103,86,1150,1130.0,740.2,-0.4707505218445302,-1.5503285383388898,204882.69333333333,1130.0,268.0,862.0,4533,56,1096,721.0,647.5714285714286,-0.2543975947512278,-1.6162665755064898,194463.95918367343,1096.0,234.0,862.0,1634046391.489626,0.0072908401489257,13.628981828689573
3572,0,1,0,0,3,2,60,2211110130,94,64,80,17,59861,29483,4,0,0,43,15,2211110130,17,59861,11123,11197,86,1150,942.5,699.8125,-0.3124983236110477,-1.7047086375754037,216544.77734375,1130.0,94.0,1036.0,4593,56,1096,564.5,574.125,0.0185947719989359,-1.7405581361421871,207916.609375,1096.0,60.0,1036.0,1634046391.489626,0.0,13.628981828689573
3573,0,1,0,0,2,3,60,3232270721,94,47,80,17,29483,59861,4,0,0,43,15,2211110130,17,59861,11123,11291,86,1150,755.0,664.1764705882352,-0.1763345840700902,-1.7913678150084618,224125.6747404844,1130.0,94.0,1036.0,4653,56,1096,408.0,517.0,0.2353770513693187,-1.71362088337619,210920.88888888888,1096.0,60.0,1036.0,1634046391.500126,0.0104999542236328,13.639481782913206
3574,0,1,0,0,3,2,408,2211110130,442,64,428,17,59861,29483,4,0,0,43,15,2211110130,17,59861,11123,11733,86,1150,618.5,651.8333333333334,-0.1042943860610738,-1.763465689248371,214264.25,1130.0,94.0,1036.0,5061,56,1096,408.0,506.1,0.3193326291153231,-1.558138378569306,190898.09000000003,1002.25,60.0,942.25,1634046391.505528,0.0054020881652832,13.64488387107849
3575,0,1,0,0,3,2,1104,2211110130,1138,64,1124,17,59861,29483,4,0,0,43,15,2211110130,17,59861,11123,12871,86,1150,755.0,677.421052631579,-0.2035001833543143,-1.7436966471546604,214772.3490304709,1130.0,94.0,1036.0,6165,56,1104,408.0,560.4545454545455,0.113276586182541,-1.7023153563093776,203087.88429752065,1096.0,60.0,1036.0,1634046391.514802,0.0092740058898925,13.654157876968382
3576,0,1,0,0,3,2,1096,2211110130,1130,64,1116,17,59861,29483,4,0,0,43,15,2211110130,17,59861,11123,14001,86,1150,942.5,700.05,-0.2947467802185095,-1.7059821216562232,213763.0475,1130.0,94.0,1036.0,7261,56,1104,564.5,605.0833333333334,-0.0594622465205718,-1.7426923038384188,208072.90972222225,1096.0,60.0,1036.0,1634046391.514802,0.0,13.654157876968382
3577,0,1,0,0,3,2,1096,2211110130,1130,64,1116,17,59861,29483,4,0,0,43,15,2211110130,17,59861,11123,1130,1130,1130,1130.0,1130.0,0.0,-3.0,0.0,1130.0,1130.0,0.0,8357,56,1104,721.0,642.8461538461538,-0.2075896934269986,-1.721941673043025,209179.6686390533,1096.0,60.0,1036.0,1634046391.514802,0.0,13.654157876968382
3578,0,1,0,0,3,2,1096,2211110130,1130,64,1116,17,59861,29483,4,0,0,43,15,2211110130,17,59861,11123,2260,1130,1130,1130.0,1130.0,0.0,-3.0,0.0,1130.0,1130.0,0.0,9453,56,1104,908.5,675.2142857142857,-0.3378100106875866,-1.6627163746314382,207858.31122448976,1096.0,147.0,949.0,1634046391.515498,0.0006959438323974,13.65485382080078
3579,0,1,0,0,3,2,1096,2211110130,1130,64,1116,17,59861,29483,4,0,0,43,15,2211110130,17,59861,11123,3390,1130,1130,1130.0,1130.0,0.0,-3.0,0.0,1130.0,1130.0,0.0,10549,56,1104,1096.0,703.2666666666667,-0.4544590485414035,-1.5777458324907732,205018.1955555556,1096.0,234.0,862.0,1634046391.515498,0.0,13.65485382080078
3580,0,1,0,0,3,2,983,2211110130,1017,64,1003,17,59861,29483,4,0,0,43,15,2211110130,17,59861,11123,4407,1017,1130,1130.0,1101.75,-1.1547005383792517,-0.6666666666666665,2394.1875,1130.0,1101.75,28.25,11532,56,1104,1039.5,720.75,-0.5556799686109071,-1.464636965366031,196789.5625,1096.0,321.0,775.0,1634046391.515498,0.0,13.65485382080078
3581,0,1,0,0,2,3,60,3232270721,94,47,80,17,29483,59861,4,0,0,43,15,2211110130,17,59861,11123,4501,94,1130,1130.0,900.2,-1.458113749119084,0.1891545913559404,164404.96000000002,1130.0,1017.0,113.0,11592,56,1104,983.0,681.8823529411765,-0.3981958784748481,-1.646460498011212,209384.80968858133,1096.0,60.0,1036.0,1634046391.536031,0.0205330848693847,13.675386905670164
3582,0,1,0,0,3,2,408,2211110130,442,64,428,17,59861,29483,4,0,0,43,15,2211110130,17,59861,11123,4943,94,1130,1073.5,823.8333333333334,-0.8639612538104047,-0.9914948604087116,166163.47222222222,1130.0,585.75,544.25,12000,56,1104,852.0,666.6666666666666,-0.3087252967762672,-1.6632721045572318,201688.11111111112,1096.0,147.0,949.0,1634046391.552009,0.0159780979156494,13.691365003585814
3583,0,1,0,0,3,2,1096,2211110130,1130,64,1116,17,59861,29483,4,0,0,43,15,2211110130,17,59861,11123,6073,94,1130,1130.0,867.5714285714286,-1.0987112546314364,-0.5249887845802443,153903.95918367346,1130.0,729.5,400.5,13096,56,1104,983.0,689.2631578947369,-0.4007373949618301,-1.6053252700727498,200263.7728531856,1096.0,234.0,862.0,1634046391.552009,0.0,13.691365003585814
3584,0,1,0,0,3,2,1096,2211110130,1130,64,1116,17,59861,29483,4,0,0,43,15,2211110130,17,59861,11123,7203,94,1130,1130.0,900.375,-1.301989897403149,-0.026246287773473,142198.484375,1130.0,873.25,256.75,14192,56,1104,1039.5,709.6,-0.4859426920074733,-1.534926932403615,198108.74,1096.0,321.0,775.0,1634046391.552799,0.0007898807525634,13.692154884338377
3585,0,1,0,0,3,2,1096,2211110130,1130,64,1116,17,59861,29483,4,0,0,43,15,2211110130,17,59861,11123,8333,94,1130,1130.0,925.8888888888888,-1.4829770236738522,0.4912723589961576,131606.32098765433,1130.0,1017.0,113.0,1096,1096,1096,1096.0,1096.0,0.0,-3.0,0.0,1096.0,1096.0,0.0,1634046391.552799,0.0,13.692154884338377
3586,0,1,0,0,3,2,1096,2211110130,1130,64,1116,17,59861,29483,4,0,0,43,15,2211110130,17,59861,11123,9463,94,1130,1130.0,946.3,-1.6472625374929115,1.0206720361233064,122195.21,1130.0,1045.25,84.75,2192,1096,1096,1096.0,1096.0,0.0,-3.0,0.0,1096.0,1096.0,0.0,1634046391.555792,0.002993106842041,13.695147991180418
3587,0,1,0,0,3,2,355,2211110130,389,64,375,17,59861,29483,4,0,0,43,15,2211110130,17,59861,11123,9852,94,1130,1130.0,895.6363636363636,-1.1624166034063852,-0.3627772093681387,136754.59504132232,1130.0,729.5,400.5,2547,355,1096,1096.0,849.0,-0.7071067811865476,-1.5,122018.0,1096.0,725.5,370.5,1634046391.555792,0.0,13.695147991180418
3588,0,1,0,0,2,3,56,3232270721,90,47,76,17,29483,59861,4,0,0,43,15,2211110130,17,59861,11123,9942,90,1130,1130.0,828.5,-0.8463298637873347,-1.0742334537597409,174938.58333333334,1130.0,428.75,701.25,2603,56,1096,725.5,650.75,-0.1557549937398577,-1.7950960633202424,209422.6875,1096.0,280.25,815.75,1634046391.570242,0.0144498348236083,13.709597826004027
3589,0,1,0,0,2,3,60,3232270721,94,47,80,17,29483,59861,4,0,0,43,15,2211110130,17,59861,11123,10036,90,1130,1130.0,772.0,-0.6001994918393958,-1.4757800696742105,199788.7692307692,1130.0,389.0,741.0,2663,56,1096,355.0,532.6,0.261907856134888,-1.7815370102061914,223375.84000000003,1096.0,60.0,1036.0,1634046391.570281,3.910064697265625e-05,13.709636926651
3590,0,1,0,0,3,2,408,2211110130,442,64,428,17,59861,29483,4,0,0,43,15,2211110130,17,59861,11123,10478,90,1130,1073.5,748.4285714285714,-0.4572831224418024,-1.5719643597502382,192741.10204081636,1130.0,402.25,727.75,3071,56,1096,381.5,511.8333333333333,0.4217243632653561,-1.5030243061981132,188302.80555555556,924.0,133.75,790.25,1634046391.579832,0.0095510482788085,13.719187974929808
3591,0,1,0,0,3,2,1096,2211110130,1130,64,1116,17,59861,29483,4,0,0,43,15,2211110130,17,59861,11123,11608,90,1130,1130.0,773.8666666666667,-0.5703724215595958,-1.4606233761220508,188951.04888888888,1130.0,415.5,714.5,4167,56,1096,408.0,595.2857142857143,0.0716719083775453,-1.7549431737806822,203188.20408163263,1096.0,207.5,888.5,1634046391.580879,0.0010468959808349,13.720234870910643
3592,0,1,0,0,3,2,1096,2211110130,1130,64,1116,17,59861,29483,4,0,0,43,15,2211110130,17,59861,11123,12738,90,1130,1130.0,796.125,-0.6738273862359062,-1.3345193051103654,184573.109375,1130.0,428.75,701.25,5263,56,1096,752.0,657.875,-0.1865439975964599,-1.7571792870735925,205211.609375,1096.0,281.25,814.75,1634046391.580879,0.0,13.720234870910643
3593,0,1,0,0,3,2,1096,2211110130,1130,64,1116,17,59861,29483,4,0,0,43,15,2211110130,17,59861,11123,13868,90,1130,1130.0,815.7647058823529,-0.7694522384206092,-1.1975246506105623,179887.35640138408,1130.0,442.0,688.0,6359,56,1096,1096.0,706.5555555555555,-0.3938999328524232,-1.6515632559917388,201368.6913580247,1096.0,355.0,741.0,1634046391.580879,0.0,13.720234870910643
3594,0,1,0,0,3,2,818,2211110130,852,64,838,17,59861,29483,4,0,0,43,15,2211110130,17,59861,11123,14720,90,1130,1130.0,817.7777777777778,-0.8058897374657911,-1.0774427938867788,169962.50617283946,1130.0,442.0,688.0,7177,56,1096,957.0,717.7,-0.4879290873210484,-1.472736530608292,182349.61,1096.0,368.25,727.75,1634046391.581544,0.0006649494171142,13.720899820327757
3595,0,1,0,0,3,2,60,2211110130,94,64,80,17,59861,29483,4,0,0,43,15,2211110130,17,59861,11123,14814,90,1130,1130.0,779.6842105263158,-0.6424651768262322,-1.3580633848275463,187137.2686980609,1130.0,415.5,714.5,7237,56,1096,818.0,657.9090909090909,-0.2657623440502315,-1.692670312324784,201521.90082644628,1096.0,207.5,888.5,1634046391.614694,0.0331501960754394,13.754050016403196
3596,0,1,0,0,3,2,408,2211110130,442,64,428,17,59861,29483,4,0,0,43,15,2211110130,17,59861,11123,15256,90,1130,1073.5,762.8,-0.5362890008241922,-1.4469254310499606,183196.86,1130.0,428.75,701.25,7645,56,1096,613.0,637.0833333333334,-0.1392991740822144,-1.6760716428529363,189499.24305555556,1096.0,281.25,814.75,1634046391.628493,0.0137989521026611,13.767848968505858
3597,0,1,0,0,2,3,32,3232270721,66,47,52,17,29483,59861,4,0,0,43,15,2211110130,17,59861,11123,66,66,66,66.0,66.0,0.0,-3.0,0.0,66.0,66.0,0.0,7677,32,1096,408.0,590.5384615384615,0.0056378455667046,-1.719929640958619,200919.4792899408,1096.0,60.0,1036.0,1634046391.628917,0.0004239082336425,13.7682728767395
3598,0,1,0,0,2,3,60,3232270721,94,47,80,17,29483,59861,4,0,0,43,15,2211110130,17,59861,11123,160,66,94,80.0,80.0,0.0,-2.0,196.0,87.0,73.0,14.0,7737,32,1096,408.0,552.6428571428571,0.1418832989349937,-1.7210596805463816,205237.08673469385,1096.0,60.0,1036.0,1634046391.62939,0.0004730224609375,13.768745899200438
3599,0,1,0,0,2,3,60,3232270721,94,47,80,17,29483,59861,4,0,0,43,15,2211110130,17,59861,11123,254,66,94,94.0,84.66666666666667,-0.7071067811865485,-1.4999999999999998,174.22222222222226,94.0,80.0,14.0,7797,32,1096,408.0,519.8,0.2633333877021728,-1.685951965440261,206655.76000000004,1096.0,60.0,1036.0,1634046391.64259,0.013200044631958,13.781945943832396
3600,0,1,0,0,3,2,408,2211110130,442,64,428,17,59861,29483,4,0,0,43,15,2211110130,17,59861,11123,696,66,442,94.0,174.0,1.135608625324076,-0.6803209514030191,24072.0,181.0,87.0,94.0,8205,32,1096,408.0,512.8125,0.3169553256456729,-1.5900456510373568,194472.15234375,1096.0,60.0,1036.0,1634046391.675169,0.0325789451599121,13.814524888992308
3601,0,1,0,0,3,2,1116,2211110130,1150,64,1136,17,59861,29483,4,0,0,43,15,2211110130,17,59861,11123,1846,66,1150,94.0,369.2,1.143970237979454,-0.3422763251630409,171669.75999999995,442.0,94.0,348.0,9321,32,1116,408.0,548.2941176470588,0.1836724780199885,-1.6906579053274264,203175.73702422148,1096.0,60.0,1036.0,1634046391.675805,0.0006361007690429,13.81516098976135
3602,0,1,0,0,2,3,52,3232270721,86,47,72,17,29483,59861,4,0,0,43,15,2211110130,17,59861,11123,1932,66,1150,94.0,322.0,1.4196642266288042,0.3858923235065679,154197.33333333334,355.0,88.0,267.0,9373,32,1116,408.0,520.7222222222222,0.2811248908929746,-1.6565032363749357,204811.7561728395,1096.0,60.0,1036.0,1634046391.677241,0.0014359951019287,13.81659698486328
3603,0,1,0,0,2,3,52,3232270721,86,48,72,17,10001,59861,4,0,0,43,15,2211110130,17,59861,11123,2018,66,1150,94.0,288.2857142857143,1.6577446209398614,1.1455203401938183,138989.06122448982,268.0,86.0,182.0,9425,32,1116,408.0,496.05263157894734,0.3712140336002725,-1.605843627097567,204986.7867036011,1096.0,60.0,1036.0,1634046391.685773,0.0085318088531494,13.825128793716429
3604,0,1,0,0,3,2,56,2211110130,90,64,76,17,59861,29483,4,0,0,43,15,2211110130,17,59861,11123,2108,66,1150,92.0,263.5,1.8702736827114128,1.9250923276901315,125915.75,181.0,86.0,95.0,9481,32,1116,381.5,474.05,0.4554018956350687,-1.542277093730176,203935.64750000005,1096.0,59.0,1037.0,1634046391.696306,0.0105330944061279,13.835661888122557
3605,0,1,0,0,2,3,60,3232270721,94,47,80,17,29483,59861,4,0,0,43,15,2211110130,17,59861,11123,2202,66,1150,94.0,244.66666666666663,2.0636446012801097,2.7174363637391394,114762.66666666669,94.0,86.0,8.0,60,60,60,60.0,60.0,0.0,-3.0,0.0,60.0,60.0,0.0,1634046391.706482,0.0101759433746337,13.84583783149719
3606,0,1,0,0,3,2,408,2211110130,442,64,428,17,59861,29483,4,0,0,43,15,2211110130,17,59861,11123,2644,66,1150,94.0,264.4,1.909716775002117,2.47271339742886,106791.04,355.0,87.0,268.0,468,60,408,234.0,234.0,0.0,-2.0,30276.0,321.0,147.0,174.0,1634046391.711717,0.005234956741333,13.851072788238524
3607,0,1,0,0,3,2,52,2211110130,86,64,72,17,59861,29483,4,0,0,43,15,2211110130,17,59861,11123,2730,66,1150,94.0,248.1818181818182,2.0620237402895163,3.12362634552144,99713.05785123968,268.0,86.0,182.0,520,52,408,60.0,173.33333333333334,0.7058747686471649,-1.5000000000000009,27544.88888888889,234.0,56.0,178.0,1634046391.721982,0.0102651119232177,13.861337900161741
3608,0,1,0,0,3,2,60,2211110130,94,64,80,17,59861,29483,4,0,0,43,15,2211110130,17,59861,11123,2824,66,1150,94.0,235.33333333333331,2.206679128531376,3.7888273079265726,93219.55555555556,181.0,86.0,95.0,580,52,408,60.0,145.0,1.153090823479084,-0.6678805445104996,23067.0,147.0,58.0,89.0,1634046391.732907,0.0109250545501708,13.872262954711912
3609,0,1,0,0,3,2,408,2211110130,442,64,428,17,59861,29483,4,0,0,43,15,2211110130,17,59861,11123,3266,66,1150,94.0,251.23076923076923,2.046094046761836,3.427042478446382,89081.5621301775,442.0,86.0,356.0,988,52,408,60.0,197.6,0.4073588472363629,-1.8328369386051289,29520.640000000003,408.0,60.0,348.0,1634046391.732907,0.0,13.872262954711912
3610,0,1,0,0,2,3,60,3232270721,94,47,80,17,29483,59861,4,0,0,43,15,2211110130,17,59861,11123,3360,66,1150,94.0,240.0,2.16645491809541,3.987224582869636,84358.28571428571,355.0,87.0,268.0,1048,52,408,60.0,174.66666666666666,0.7061649361891197,-1.4999796876089369,27230.22222222222,321.0,60.0,261.0,1634046391.734772,0.0018649101257324,13.874127864837645
3611,0,1,0,0,2,3,60,3232270721,94,47,80,17,29483,59861,4,0,0,43,15,2211110130,17,59861,11123,3454,66,1150,94.0,230.26666666666668,2.2810801379676837,4.5518185310281885,80060.72888888887,268.0,88.0,180.0,1108,52,408,60.0,158.28571428571428,0.9477011111822804,-1.1003875359444508,24950.20408163265,234.0,60.0,174.0,1634046391.765641,0.0308690071105957,13.90499687194824
3612,0,1,0,0,3,2,408,2211110130,442,64,428,17,59861,29483,4,0,0,43,15,2211110130,17,59861,11123,3896,66,1150,94.0,243.5,2.1222666839672435,4.123947127954774,77683.75,442.0,89.0,353.0,1516,52,408,60.0,189.5,0.5156994199240887,-1.7330753030544888,28651.75,408.0,60.0,348.0,1634046391.774169,0.0085279941558837,13.913524866104124
3613,0,1,0,0,2,3,56,3232270721,90,47,76,17,29483,59861,4,0,0,43,15,2211110130,17,59861,11123,3986,66,1150,94.0,234.4705882352941,2.2191703145171937,4.599292787069904,74418.60207612457,442.0,90.0,352.0,1572,52,408,60.0,174.66666666666666,0.7063749586479038,-1.4999864438487849,27228.444444444445,408.0,60.0,348.0,1634046391.784159,0.0099899768829345,13.923514842987059
3614,0,1,0,0,2,3,60,3232270721,94,47,80,17,29483,59861,4,0,0,43,15,2211110130,17,59861,11123,4080,66,1150,94.0,226.66666666666663,2.3135708796544296,5.083951025823934,71319.55555555556,355.0,90.0,265.0,1632,52,408,60.0,163.2,0.8721086865341765,-1.238300406424007,25688.96,321.0,60.0,261.0,1634046391.784215,5.602836608886719e-05,13.923570871353148
3615,0,1,0,0,3,2,408,2211110130,442,64,428,17,59861,29483,4,0,0,43,15,2211110130,17,59861,11123,4522,66,1150,94.0,238.0,2.159732047544689,4.619508447705472,69877.8947368421,442.0,90.0,352.0,2040,52,408,60.0,185.45454545454547,0.5663471223555648,-1.678407788183577,28306.2479338843,408.0,60.0,348.0,1634046391.829656,0.0454409122467041,13.969011783599852
3616,0,1,0,0,2,3,60,3232270721,94,47,80,17,29483,59861,4,0,0,43,15,2211110130,17,59861,11123,4616,66,1150,94.0,230.8,2.242124146947889,5.036626331291112,67368.95999999999,442.0,90.0,352.0,2100,52,408,60.0,175.0,0.706496258711057,-1.4999856200831274,27149.666666666668,408.0,60.0,348.0,1634046391.836646,0.0069901943206787,13.97600197792053
3617,0,1,0,0,3,2,60,2211110130,94,64,80,17,59861,29483,4,0,0,43,15,2211110130,17,59861,11123,94,94,94,94.0,94.0,0.0,-3.0,0.0,94.0,94.0,0.0,2160,52,408,60.0,166.15384615384616,0.8327125225527109,-1.305677496209585,26000.28402366864,408.0,60.0,348.0,1634046391.860758,0.0241119861602783,14.000113964080809
3618,0,1,0,0,3,2,408,2211110130,442,64,428,17,59861,29483,4,0,0,43,15,2211110130,17,59861,11123,536,94,442,268.0,268.0,0.0,-2.0,30276.0,355.0,181.0,174.0,2568,52,408,60.0,183.42857142857144,0.5957695916268996,-1.6443292474664195,28022.530612244893,408.0,60.0,348.0,1634046391.861893,0.0011348724365234,14.001248836517332
3619,0,1,0,0,2,3,60,3232270721,94,47,80,17,29483,59861,4,0,0,43,15,2211110130,17,59861,11123,630,94,442,94.0,210.0,0.7071067811865476,-1.5,26912.0,268.0,94.0,174.0,2628,52,408,60.0,175.2,0.7065885391476376,-1.499986207152732,27102.29333333333,408.0,60.0,348.0,1634046391.888464,0.0265710353851318,14.027819871902464
3620,0,1,0,0,2,3,52,3232270721,86,47,72,17,29483,59861,4,0,0,43,15,2211110130,17,59861,11123,716,86,442,94.0,179.0,1.153090823479084,-0.6678805445104996,23067.0,181.0,92.0,89.0,2680,52,408,60.0,167.5,0.8082057016044417,-1.3455859961335472,26297.75,408.0,60.0,348.0,1634046391.888519,5.507469177246094e-05,14.027874946594237
3621,0,1,0,0,3,2,408,2211110130,442,64,428,17,59861,29483,4,0,0,43,15,2211110130,17,59861,11123,1158,86,442,94.0,231.6,0.4073588472363629,-1.8328369386051289,29520.640000000003,442.0,94.0,348.0,3088,52,408,60.0,181.64705882352945,0.6147410848296259,-1.621079140439081,27953.051903114185,408.0,60.0,348.0,1634046391.895348,0.006829023361206,14.034703969955443
3622,0,1,0,0,3,2,56,2211110130,90,64,76,17,59861,29483,4,0,0,43,15,2211110130,17,59861,11123,1248,86,442,94.0,208.0,0.7062521472913884,-1.499992444006013,27385.33333333333,355.0,91.0,264.0,3144,52,408,60.0,174.66666666666666,0.706374958647904,-1.499986443848784,27228.44444444444,408.0,60.0,348.0,1634046391.905862,0.0105140209197998,14.045217990875242
3623,0,1,0,0,3,2,52,2211110130,86,64,72,17,59861,29483,4,0,0,43,15,2211110130,17,59861,11123,1334,86,442,94.0,190.57142857142856,0.947483347609108,-1.1005058520888025,25295.673469387755,268.0,88.0,180.0,3196,52,408,60.0,168.21052631578948,0.7916599938095006,-1.371921867012622,26545.63988919668,408.0,58.0,350.0,1634046391.925656,0.0197939872741699,14.065011978149412
3624,0,1,0,0,2,3,60,3232270721,94,47,80,17,29483,59861,4,0,0,43,15,2211110130,17,59861,11123,1428,86,442,94.0,178.5,1.1532512261032215,-0.6677720585733677,23153.75,181.0,89.0,92.0,3256,52,408,60.0,162.8,0.8719081728237943,-1.238359130893662,25774.56,408.0,59.0,349.0,1634046391.930962,0.0053060054779052,14.070317983627318
3625,0,1,0,0,3,2,408,2211110130,442,64,428,17,59861,29483,4,0,0,43,15,2211110130,17,59861,11123,1870,86,442,94.0,207.77777777777777,0.7061081921015303,-1.4999935613777906,27438.617283950614,442.0,90.0,352.0,408,408,408,408.0,408.0,0.0,-3.0,0.0,408.0,408.0,0.0,1634046391.946593,0.0156309604644775,14.085948944091795
3626,0,1,0,0,2,3,60,3232270721,94,47,80,17,29483,59861,4,0,0,43,15,2211110130,17,59861,11123,1964,86,442,94.0,196.4,0.8717679601719205,-1.23840361444049,25859.840000000004,355.0,91.0,264.0,468,60,408,234.0,234.0,0.0,-2.0,30276.0,321.0,147.0,174.0,1634046391.954437,0.0078439712524414,14.093792915344237
3627,0,1,0,0,3,2,60,2211110130,94,64,80,17,59861,29483,4,0,0,43,15,2211110130,17,59861,11123,2058,86,442,94.0,187.0909090909091,1.0194339694054464,-0.958960675461724,24375.537190082643,268.0,92.0,176.0,528,60,408,60.0,176.0,0.7071067811865476,-1.5,26912.0,234.0,60.0,174.0,1634046391.972736,0.018298864364624,14.11209177970886
3628,0,1,0,0,2,3,56,3232270721,90,47,76,17,29483,59861,4,0,0,43,15,2211110130,17,59861,11123,2148,86,442,94.0,179.0,1.153494075256964,-0.6675795625415128,23064.33333333333,181.0,90.0,91.0,584,56,408,60.0,146.0,1.1542958580519225,-0.6669750091361579,22884.0,147.0,59.0,88.0,1634046391.991033,0.0182971954345703,14.13038897514343
3629,0,1,0,0,3,2,408,2211110130,442,64,428,17,59861,29483,4,0,0,43,15,2211110130,17,59861,11123,2590,86,442,94.0,199.23076923076923,0.8324135924447699,-1.305748656142632,26201.562130177517,442.0,90.0,352.0,992,56,408,60.0,198.4,0.408024721836711,-1.8332100914923808,29290.24,408.0,60.0,348.0,1634046391.99162,0.000586986541748,14.130975961685179
3630,0,1,0,0,2,3,60,3232270721,94,47,80,17,29483,59861,4,0,0,43,15,2211110130,17,59861,11123,2684,86,442,94.0,191.7142857142857,0.94770948017764,-1.1003957524396746,25064.48979591837,355.0,91.0,264.0,1052,56,408,60.0,175.33333333333334,0.7068707878525105,-1.4999974487918637,27068.88888888889,321.0,60.0,261.0,1634046392.008676,0.0170559883117675,14.148031949996946
3631,0,1,0,0,3,2,12,1054003247,46,64,32,17,59861,10001,4,0,0,43,15,2211110130,17,59861,11123,2730,46,442,94.0,182.0,1.035901312899515,-0.8941670738265466,24714.666666666668,268.0,90.0,178.0,1064,12,408,60.0,152.0,0.915276084445539,-1.1089388529445976,26468.571428571428,234.0,58.0,176.0,1634046392.017495,0.0088188648223876,14.156850814819334
3632,0,1,0,0,3,2,12,2342665647,46,64,32,17,59861,10001,4,0,0,43,15,2211110130,17,59861,11123,2776,46,442,94.0,173.5,1.1212508482196926,-0.6867782334802284,24253.75,181.0,89.0,92.0,1076,12,408,60.0,134.5,1.1029548401175715,-0.7018800805504335,25303.75,147.0,45.0,102.0,1634046392.017495,0.0,14.156850814819334
3633,0,1,0,0,3,2,12,3338606794,46,64,32,17,59861,10001,4,0,0,43,15,2211110130,17,59861,11123,2822,46,442,94.0,166.0,1.2034532768604596,-0.4773541379740602,23727.058823529413,94.0,86.0,8.0,1088,12,408,60.0,120.88888888888889,1.2724481476972298,-0.2798603291611128,23974.320987654315,60.0,12.0,48.0,1634046392.017495,0.0,14.156850814819334
3634,0,1,0,0,3,2,408,2211110130,442,64,428,17,59861,29483,4,0,0,43,15,2211110130,17,59861,11123,3264,46,442,94.0,181.33333333333331,0.9563981184760766,-1.0285047867536286,26405.777777777777,355.0,87.0,268.0,1496,12,408,60.0,149.6,0.8297118615464739,-1.2491417957062072,28995.84,321.0,23.0,298.0,1634046392.035204,0.0177090167999267,14.174559831619261
3635,0,1,0,0,3,2,408,2211110130,442,64,428,17,59861,29483,4,0,0,43,15,2211110130,17,59861,11123,3706,46,442,94.0,195.05263157894737,0.7621347033464237,-1.3725887980965863,28403.94459833796,442.0,88.0,354.0,1904,12,408,60.0,173.0909090909091,0.5329291933343027,-1.6689180989902486,31878.08264462809,408.0,34.0,374.0,1634046392.062345,0.0271410942077636,14.201700925827025
3636,0,1,0,0,2,3,60,3232270721,94,47,80,17,29483,59861,4,0,0,43,15,2211110130,17,59861,11123,3800,46,442,94.0,190.0,0.8414665190969495,-1.2429570250988202,27468.8,442.0,89.0,353.0,1964,12,408,60.0,163.66666666666666,0.6697208795790887,-1.4977740109711577,30198.55555555555,408.0,45.0,363.0,1634046392.06499,0.0026450157165527,14.204345941543577
3637,0,1,0,0,3,2,60,2211110130,94,64,80,17,59861,29483,4,0,0,43,15,2211110130,17,59861,11123,94,94,94,94.0,94.0,0.0,-3.0,0.0,94.0,94.0,0.0,2024,12,408,60.0,155.69230769230768,0.7931803545395468,-1.3111508134579897,28638.67455621302,408.0,56.0,352.0,1634046392.099115,0.0341248512268066,14.238470792770384
3638,0,1,0,0,3,2,408,2211110130,442,64,428,17,59861,29483,4,0,0,43,15,2211110130,17,59861,11123,536,94,442,268.0,268.0,0.0,-2.0,30276.0,355.0,181.0,174.0,2432,12,408,60.0,173.71428571428572,0.5628934509146426,-1.635178671105965,30815.346938775507,408.0,57.0,351.0,1634046392.099115,0.0,14.238470792770384
3639,0,1,0,0,2,3,60,3232270721,94,47,80,17,29483,59861,4,0,0,43,15,2211110130,17,59861,11123,630,94,442,94.0,210.0,0.7071067811865476,-1.5,26912.0,268.0,94.0,174.0,2492,12,408,60.0,166.13333333333333,0.6720982642510702,-1.4965840687304448,29565.582222222227,408.0,58.0,350.0,1634046392.100022,0.0009071826934814,14.239377975463865
3640,0,1,0,0,2,3,52,3232270721,86,47,72,17,29483,59861,4,0,0,43,15,2211110130,17,59861,11123,716,86,442,94.0,179.0,1.153090823479084,-0.6678805445104996,23067.0,181.0,92.0,89.0,2544,12,408,60.0,159.0,0.7739724453007104,-1.347947679566461,28481.0,408.0,55.0,353.0,1634046392.100076,5.3882598876953125e-05,14.239431858062742
3641,0,1,0,0,2,3,60,3232270721,94,47,80,17,29483,59861,4,0,0,43,15,2211110130,17,59861,11123,810,86,442,94.0,162.0,1.4981504951904994,0.2475812986999708,19609.6,94.0,94.0,0.0,2604,12,408,60.0,153.1764705882353,0.867234300506408,-1.1913874038993415,27348.262975778547,408.0,56.0,352.0,1634046392.118908,0.0188319683074951,14.258263826370237
3642,0,1,0,0,3,2,56,2211110130,90,64,76,17,59861,29483,4,0,0,43,15,2211110130,17,59861,11123,900,86,442,94.0,150.0,1.7868312887535711,1.1964187386238736,17061.333333333332,94.0,91.0,3.0,2660,12,408,60.0,147.77777777777777,0.9552245298034938,-1.0287659460156924,26324.39506172839,321.0,56.0,265.0,1634046392.122843,0.0039350986480712,14.262198925018309
3643,0,1,0,0,3,2,416,2211110130,450,64,436,17,59861,29483,4,0,0,43,15,2211110130,17,59861,11123,1350,86,450,94.0,192.8571428571429,0.948323354839405,-1.0983914083726904,25644.4081632653,268.0,92.0,176.0,3076,12,416,60.0,161.89473684210526,0.7616935057951292,-1.371522634771262,28526.094182825487,408.0,56.0,352.0,1634046392.134723,0.0118799209594726,14.274078845977781
3644,0,1,0,0,2,3,60,3232270721,94,47,80,17,29483,59861,4,0,0,43,15,2211110130,17,59861,11123,1444,86,450,94.0,180.5,1.1542518082703703,-0.6651773753984518,23507.75,181.0,93.0,88.0,3136,12,416,60.0,156.8,0.8411239001643368,-1.2419159099403891,27592.96,408.0,56.0,352.0,1634046392.153001,0.0182781219482421,14.292356967926024
3645,0,1,0,0,3,2,408,2211110130,442,64,428,17,59861,29483,4,0,0,43,15,2211110130,17,59861,11123,1886,86,450,94.0,209.55555555555557,0.7069343904237203,-1.4984287207096034,27649.58024691358,442.0,94.0,348.0,408,408,408,408.0,408.0,0.0,-3.0,0.0,408.0,408.0,0.0,1634046392.173414,0.0204129219055175,14.312769889831541
3646,0,1,0,0,3,2,32,2211110130,66,64,52,17,59861,29483,4,0,0,43,15,2211110130,17,59861,11123,1952,66,450,94.0,195.2,0.8653888113183781,-1.2380277516755525,26739.360000000004,355.0,91.0,264.0,440,32,408,220.0,220.0,0.0,-2.0,35344.0,314.0,126.0,188.0,1634046392.18154,0.0081260204315185,14.32089591026306
3647,0,1,0,0,2,3,56,3232270721,90,47,76,17,29483,59861,4,0,0,43,15,2211110130,17,59861,11123,2042,66,450,94.0,185.63636363636363,1.01315946620635,-0.9600728669784891,25223.14049586777,268.0,90.0,178.0,496,32,408,56.0,165.33333333333334,0.696779741140448,-1.5000000000000004,29539.55555555556,232.0,44.0,188.0,1634046392.186284,0.0047440528869628,14.325639963150023
3648,0,1,0,0,2,3,60,3232270721,94,47,80,17,29483,59861,4,0,0,43,15,2211110130,17,59861,11123,2136,66,450,94.0,178.0,1.146882734698038,-0.6702142148820363,23762.666666666668,181.0,90.0,91.0,556,32,408,58.0,139.0,1.138094401619484,-0.6786671002067006,24235.0,147.0,50.0,97.0,1634046392.186324,3.981590270996094e-05,14.325679779052733
3649,0,1,0,0,2,3,52,3232270721,86,48,72,17,10001,59861,4,0,0,43,15,2211110130,17,59861,11123,2222,66,450,94.0,170.92307692307693,1.2701066800066958,-0.3718759196424681,22535.76331360947,94.0,90.0,4.0,608,32,408,56.0,121.6,1.4828209473141831,0.2281870517352544,20599.04,60.0,52.0,8.0,1634046392.187021,0.0006971359252929,14.326376914978026
3650,0,1,0,0,3,2,60,2211110130,94,64,80,17,59861,29483,4,0,0,43,15,2211110130,17,59861,11123,2316,66,450,94.0,165.42857142857142,1.384325341767923,-0.0675816890101383,21318.53061224489,94.0,90.0,4.0,668,32,408,58.0,111.33333333333331,1.7677745583367697,1.1641456868097846,17692.88888888889,60.0,53.0,7.0,1634046392.222309,0.0352880954742431,14.361665010452269
3651,0,1,0,0,3,2,408,2211110130,442,64,428,17,59861,29483,4,0,0,43,15,2211110130,17,59861,11123,2758,66,450,94.0,183.86666666666667,1.0491271156379105,-0.8880820081009952,24656.782222222228,268.0,90.0,178.0,1076,32,408,60.0,153.71428571428572,0.9385118971511212,-1.10356572435699,25942.20408163265,234.0,54.0,180.0,1634046392.222309,0.0,14.361665010452269
3652,0,1,0,0,2,3,60,3232270721,94,47,80,17,29483,59861,4,0,0,43,15,2211110130,17,59861,11123,2852,66,450,94.0,178.25,1.1483321840511405,-0.669483963649709,23588.9375,181.0,90.0,91.0,1136,32,408,60.0,142.0,1.1434790336399443,-0.6743340747944426,23660.0,147.0,55.0,92.0,1634046392.238416,0.0161068439483642,14.377771854400633
3653,0,1,0,0,3,2,408,2211110130,442,64,428,17,59861,29483,4,0,0,43,15,2211110130,17,59861,11123,3294,66,450,94.0,193.76470588235293,0.8985627239727892,-1.1834219070875502,26052.65051903114,442.0,90.0,352.0,1544,32,408,60.0,171.55555555555554,0.6993684042734984,-1.4993890619490833,28019.358024691355,408.0,56.0,352.0,1634046392.26213,0.0237140655517578,14.40148591995239
3654,0,1,0,0,2,3,60,3232270721,94,47,80,17,29483,59861,4,0,0,43,15,2211110130,17,59861,11123,3388,66,450,94.0,188.22222222222223,0.9870266551514352,-1.0162590765104542,25127.506172839505,355.0,91.0,264.0,1604,32,408,60.0,160.4,0.864740304463227,-1.2397294968556127,26337.439999999995,321.0,57.0,264.0,1634046392.276689,0.0145590305328369,14.416044950485228
3655,0,1,0,0,2,3,52,3232270721,86,47,72,17,29483,59861,4,0,0,43,15,2211110130,17,59861,11123,3474,66,450,94.0,182.8421052631579,1.0703775075813584,-0.8445269456316242,24326.027700831022,268.0,90.0,178.0,1656,32,408,60.0,150.54545454545453,1.012536116753496,-0.9620269186332084,24914.2479338843,234.0,54.0,180.0,1634046392.311953,0.0352640151977539,14.451308965682982
3656,0,1,0,0,3,2,1096,2211110130,1130,64,1116,17,59861,29483,4,0,0,43,15,2211110130,17,59861,11123,4604,66,1130,94.0,230.2,2.1900373479292488,4.772442163437476,65722.36,442.0,90.0,352.0,2752,32,1096,60.0,229.33333333333331,1.892335250150537,2.770096917860178,91120.88888888888,408.0,55.0,353.0,1634046392.316252,0.0042989253997802,14.455607891082762
3657,0,1,0,0,3,2,1096,2211110130,1130,64,1116,17,59861,29483,4,0,0,43,15,2211110130,17,59861,11123,1130,1130,1130,1130.0,1130.0,0.0,-3.0,0.0,1130.0,1130.0,0.0,3848,32,1096,60.0,296.0,1.3803239566988337,0.450319454054735,137444.92307692306,408.0,56.0,352.0,1634046392.316252,0.0,14.455607891082762
3658,0,1,0,0,3,2,1096,2211110130,1130,64,1116,17,59861,29483,4,0,0,43,15,2211110130,17,59861,11123,2260,1130,1130,1130.0,1130.0,0.0,-3.0,0.0,1130.0,1130.0,0.0,4944,32,1096,60.0,353.1428571428572,1.0342213545628622,-0.584928008524559,170076.40816326533,408.0,57.0,351.0,1634046392.316252,0.0,14.455607891082762
3659,0,1,0,0,3,2,1096,2211110130,1130,64,1116,17,59861,29483,4,0,0,43,15,2211110130,17,59861,11123,3390,1130,1130,1130.0,1130.0,0.0,-3.0,0.0,1130.0,1130.0,0.0,6040,32,1096,60.0,402.6666666666667,0.7806293597600482,-1.1346437252456307,193074.48888888888,752.0,58.0,694.0,1634046392.316252,0.0,14.455607891082762
3660,0,1,0,0,3,2,1096,2211110130,1130,64,1116,17,59861,29483,4,0,0,43,15,2211110130,17,59861,11123,4520,1130,1130,1130.0,1130.0,0.0,-3.0,0.0,1130.0,1130.0,0.0,7136,32,1096,234.0,446.0,0.5816457636548226,-1.4543555351102808,209174.0,1096.0,59.0,1037.0,1634046392.316252,0.0,14.455607891082762
3661,0,1,0,0,3,2,1096,2211110130,1130,64,1116,17,59861,29483,4,0,0,43,15,2211110130,17,59861,11123,5650,1130,1130,1130.0,1130.0,0.0,-3.0,0.0,1130.0,1130.0,0.0,8232,32,1096,408.0,484.2352941176471,0.4179479504424124,-1.6476667011364945,220260.65051903116,1096.0,60.0,1036.0,1634046392.316879,0.0006270408630371,14.456234931945799
3662,0,1,0,0,3,2,1096,2211110130,1130,64,1116,17,59861,29483,4,0,0,43,15,2211110130,17,59861,11123,6780,1130,1130,1130.0,1130.0,0.0,-3.0,0.0,1130.0,1130.0,0.0,9328,32,1096,408.0,518.2222222222222,0.278683600319986,-1.764213513326122,227660.83950617284,1096.0,60.0,1036.0,1634046392.316879,0.0,14.456234931945799
3663,0,1,0,0,3,2,1096,2211110130,1130,64,1116,17,59861,29483,4,0,0,43,15,2211110130,17,59861,11123,7910,1130,1130,1130.0,1130.0,0.0,-3.0,0.0,1130.0,1130.0,0.0,10424,32,1096,408.0,548.6315789473684,0.1572406891055706,-1.8306903441317488,232323.811634349,1096.0,60.0,1036.0,1634046392.316879,0.0,14.456234931945799
3664,0,1,0,0,3,2,1096,2211110130,1130,64,1116,17,59861,29483,4,0,0,43,15,2211110130,17,59861,11123,9040,1130,1130,1130.0,1130.0,0.0,-3.0,0.0,1130.0,1130.0,0.0,11520,32,1096,408.0,576.0,0.0493262948081104,-1.8627140009674708,234939.2,1096.0,60.0,1036.0,1634046392.316879,0.0,14.456234931945799
3665,0,1,0,0,3,2,1096,2211110130,1130,64,1116,17,59861,29483,4,0,0,43,15,2211110130,17,59861,11123,10170,1130,1130,1130.0,1130.0,0.0,-3.0,0.0,1130.0,1130.0,0.0,1096,1096,1096,1096.0,1096.0,0.0,-3.0,0.0,1096.0,1096.0,0.0,1634046392.317332,0.0004529953002929,14.456687927246092
3666,0,1,0,0,3,2,1116,2211110130,1150,64,1136,17,59861,29483,4,0,0,43,15,2211110130,17,59861,11123,11320,1130,1150,1130.0,1132.0,2.6666666666666665,5.111111111111111,36.0,1130.0,1130.0,0.0,2212,1096,1116,1106.0,1106.0,0.0,-2.0,100.0,1111.0,1101.0,10.0,1634046392.326567,0.0092349052429199,14.465922832489012
3667,0,1,0,0,3,2,1096,2211110130,1130,64,1116,17,59861,29483,4,0,0,43,15,2211110130,17,59861,11123,12450,1130,1150,1130.0,1131.8181818181818,2.846049894151573,6.100000000000124,33.05785123966942,1130.0,1130.0,0.0,3308,1096,1116,1096.0,1102.6666666666667,0.7071067811865236,-1.5000000000000222,88.88888888888887,1106.0,1096.0,10.0,1634046392.326567,0.0,14.465922832489012
3668,0,1,0,0,3,2,1096,2211110130,1130,64,1116,17,59861,29483,4,0,0,43,15,2211110130,17,59861,11123,13580,1130,1150,1130.0,1131.6666666666667,3.0151134457775943,7.090909090908921,30.55555555555556,1130.0,1130.0,0.0,4404,1096,1116,1096.0,1101.0,1.1547005383792517,-0.6666666666666665,75.0,1101.0,1096.0,5.0,1634046392.327161,0.000594139099121,14.466516971588133
3669,0,1,0,0,3,2,1096,2211110130,1130,64,1116,17,59861,29483,4,0,0,43,15,2211110130,17,59861,11123,14710,1130,1150,1130.0,1131.5384615384614,3.175426480543,8.08333333333358,28.402366863905332,1130.0,1130.0,0.0,5500,1096,1116,1096.0,1100.0,1.5,0.25,64.0,1096.0,1096.0,0.0,1634046392.327161,0.0,14.466516971588133
3670,0,1,0,0,3,2,1096,2211110130,1130,64,1116,17,59861,29483,4,0,0,43,15,2211110130,17,59861,11123,15840,1130,1150,1130.0,1131.428571428571,3.328201177351432,9.07692307692333,26.530612244897952,1130.0,1130.0,0.0,6596,1096,1116,1096.0,1099.3333333333333,1.7888543819998608,1.2000000000000697,55.55555555555558,1096.0,1096.0,0.0,1634046392.327161,0.0,14.466516971588133
3671,0,1,0,0,3,2,1096,2211110130,1130,64,1116,17,59861,29483,4,0,0,43,15,2211110130,17,59861,11123,16970,1130,1150,1130.0,1131.3333333333333,3.474396144861562,10.071428571428774,24.8888888888889,1130.0,1130.0,0.0,7692,1096,1116,1096.0,1098.857142857143,2.041241452319301,2.166666666666627,48.9795918367347,1096.0,1096.0,0.0,1634046392.32766,0.0004990100860595,14.467015981674193
3672,0,1,0,0,3,2,1096,2211110130,1130,64,1116,17,59861,29483,4,0,0,43,15,2211110130,17,59861,11123,18100,1130,1150,1130.0,1131.25,3.614784456460256,11.066666666666666,23.4375,1130.0,1130.0,0.0,8788,1096,1116,1096.0,1098.5,2.2677868380553634,3.1428571428571432,43.75,1096.0,1096.0,0.0,1634046392.32766,0.0,14.467015981674193
3673,0,1,0,0,3,2,1096,2211110130,1130,64,1116,17,59861,29483,4,0,0,43,15,2211110130,17,59861,11123,19230,1130,1150,1130.0,1131.1764705882354,3.749999999999957,12.06249999999979,22.14532871972318,1130.0,1130.0,0.0,9884,1096,1116,1096.0,1098.2222222222222,2.4748737341529403,4.125000000000078,39.50617283950618,1096.0,1096.0,0.0,1634046392.32766,0.0,14.467015981674193
3674,0,1,0,0,3,2,1096,2211110130,1130,64,1116,17,59861,29483,4,0,0,43,15,2211110130,17,59861,11123,20360,1130,1150,1130.0,1131.111111111111,3.880570000581343,13.058823529411846,20.98765432098766,1130.0,1130.0,0.0,10980,1096,1116,1096.0,1098.0,2.6666666666666665,5.111111111111111,36.0,1096.0,1096.0,0.0,1634046392.32766,0.0,14.467015981674193
3675,0,1,0,0,3,2,1096,2211110130,1130,64,1116,17,59861,29483,4,0,0,43,15,2211110130,17,59861,11123,21490,1130,1150,1130.0,1131.0526315789473,4.006938426723828,14.055555555555864,19.944598337950133,1130.0,1130.0,0.0,12076,1096,1116,1096.0,1097.8181818181818,2.8460498941515744,6.100000000000124,33.05785123966942,1096.0,1096.0,0.0,1634046392.328289,0.0006289482116699,14.467644929885862
3676,0,1,0,0,3,2,1096,2211110130,1130,64,1116,17,59861,29483,4,0,0,43,15,2211110130,17,59861,11123,22620,1130,1150,1130.0,1131.0,4.129483209670112,15.05263157894737,19.0,1130.0,1130.0,0.0,13172,1096,1116,1096.0,1097.6666666666667,3.015113445777593,7.090909090908916,30.555555555555568,1096.0,1096.0,0.0,1634046392.328289,0.0,14.467644929885862
3677,0,1,0,0,3,2,1096,2211110130,1130,64,1116,17,59861,29483,4,0,0,43,15,2211110130,17,59861,11123,1130,1130,1130,1130.0,1130.0,0.0,-3.0,0.0,1130.0,1130.0,0.0,14268,1096,1116,1096.0,1097.5384615384614,3.1754264805429995,8.083333333333577,28.40236686390534,1096.0,1096.0,0.0,1634046392.328289,0.0,14.467644929885862
3678,0,1,0,0,3,2,1096,2211110130,1130,64,1116,17,59861,29483,4,0,0,43,15,2211110130,17,59861,11123,2260,1130,1130,1130.0,1130.0,0.0,-3.0,0.0,1130.0,1130.0,0.0,15364,1096,1116,1096.0,1097.428571428571,3.3282011773514317,9.07692307692333,26.530612244897952,1096.0,1096.0,0.0,1634046392.328289,0.0,14.467644929885862
3679,0,1,0,0,3,2,1096,2211110130,1130,64,1116,17,59861,29483,4,0,0,43,15,2211110130,17,59861,11123,3390,1130,1130,1130.0,1130.0,0.0,-3.0,0.0,1130.0,1130.0,0.0,16460,1096,1116,1096.0,1097.3333333333333,3.474396144861561,10.071428571428772,24.888888888888903,1096.0,1096.0,0.0,1634046392.328819,0.0005300045013427,14.468174934387205
3680,0,1,0,0,3,2,1096,2211110130,1130,64,1116,17,59861,29483,4,0,0,43,15,2211110130,17,59861,11123,4520,1130,1130,1130.0,1130.0,0.0,-3.0,0.0,1130.0,1130.0,0.0,17556,1096,1116,1096.0,1097.25,3.614784456460256,11.066666666666666,23.4375,1096.0,1096.0,0.0,1634046392.328819,0.0,14.468174934387205
3681,0,1,0,0,3,2,1096,2211110130,1130,64,1116,17,59861,29483,4,0,0,43,15,2211110130,17,59861,11123,5650,1130,1130,1130.0,1130.0,0.0,-3.0,0.0,1130.0,1130.0,0.0,18652,1096,1116,1096.0,1097.1764705882354,3.749999999999957,12.06249999999979,22.14532871972318,1096.0,1096.0,0.0,1634046392.328819,0.0,14.468174934387205
3682,0,1,0,0,3,2,1096,2211110130,1130,64,1116,17,59861,29483,4,0,0,43,15,2211110130,17,59861,11123,6780,1130,1130,1130.0,1130.0,0.0,-3.0,0.0,1130.0,1130.0,0.0,19748,1096,1116,1096.0,1097.111111111111,3.880570000581343,13.058823529411846,20.98765432098766,1096.0,1096.0,0.0,1634046392.328819,0.0,14.468174934387205
3683,0,1,0,0,2,3,60,3232270721,94,47,80,17,29483,59861,4,0,0,43,15,2211110130,17,59861,11123,6874,94,1130,1130.0,982.0,-2.0412414523193148,2.166666666666667,131424.0,1130.0,1130.0,0.0,19808,60,1116,1096.0,1042.5263157894738,-4.004420723481371,14.043068933092917,53650.8808864266,1096.0,1096.0,0.0,1634046392.329488,0.0006690025329589,14.468843936920164
3684,0,1,0,0,3,2,1096,2211110130,1130,64,1116,17,59861,29483,4,0,0,43,15,2211110130,17,59861,11123,8004,94,1130,1130.0,1000.5,-2.2677868380553634,3.1428571428571432,117391.75,1130.0,1130.0,0.0,20904,60,1116,1096.0,1045.2,-4.126902377109574,15.039394113983295,51104.16,1096.0,1096.0,0.0,1634046392.329546,5.793571472167969e-05,14.468901872634886
3685,0,1,0,0,3,2,1096,2211110130,1130,64,1116,17,59861,29483,4,0,0,43,15,2211110130,17,59861,11123,9134,94,1130,1130.0,1014.8888888888888,-2.474873734152917,4.124999999999999,106004.54320987656,1130.0,1130.0,0.0,1096,1096,1096,1096.0,1096.0,0.0,-3.0,0.0,1096.0,1096.0,0.0,1634046392.329546,0.0,14.468901872634886
3686,0,1,0,0,3,2,1096,2211110130,1130,64,1116,17,59861,29483,4,0,0,43,15,2211110130,17,59861,11123,10264,94,1130,1130.0,1026.4,-2.666666666666668,5.111111111111114,96596.63999999998,1130.0,1130.0,0.0,2192,1096,1096,1096.0,1096.0,0.0,-3.0,0.0,1096.0,1096.0,0.0,1634046392.329546,0.0,14.468901872634886
3687,0,1,0,0,3,2,1096,2211110130,1130,64,1116,17,59861,29483,4,0,0,43,15,2211110130,17,59861,11123,11394,94,1130,1130.0,1035.8181818181818,-2.846049894151541,6.100000000000001,88702.14876033057,1130.0,1130.0,0.0,3288,1096,1096,1096.0,1096.0,0.0,-3.0,0.0,1096.0,1096.0,0.0,1634046392.329546,0.0,14.468901872634886
3688,0,1,0,0,3,2,1096,2211110130,1130,64,1116,17,59861,29483,4,0,0,43,15,2211110130,17,59861,11123,12524,94,1130,1130.0,1043.6666666666667,-3.015113445777637,7.090909090909101,81987.88888888886,1130.0,1130.0,0.0,4384,1096,1096,1096.0,1096.0,0.0,-3.0,0.0,1096.0,1096.0,0.0,1634046392.32998,0.0004339218139648,14.46933579444885
3689,0,1,0,0,3,2,1096,2211110130,1130,64,1116,17,59861,29483,4,0,0,43,15,2211110130,17,59861,11123,13654,94,1130,1130.0,1050.3076923076924,-3.175426480542943,8.083333333333341,76210.36686390532,1130.0,1130.0,0.0,5480,1096,1096,1096.0,1096.0,0.0,-3.0,0.0,1096.0,1096.0,0.0,1634046392.32998,0.0,14.46933579444885
3690,0,1,0,0,3,2,1096,2211110130,1130,64,1116,17,59861,29483,4,0,0,43,15,2211110130,17,59861,11123,14784,94,1130,1130.0,1056.0,-3.328201177351375,9.076923076923077,71188.0,1130.0,1130.0,0.0,6576,1096,1096,1096.0,1096.0,0.0,-3.0,0.0,1096.0,1096.0,0.0,1634046392.32998,0.0,14.46933579444885
3691,0,1,0,0,3,2,1096,2211110130,1130,64,1116,17,59861,29483,4,0,0,43,15,2211110130,17,59861,11123,15914,94,1130,1130.0,1060.9333333333334,-3.47439614486152,10.071428571428577,66782.8622222222,1130.0,1130.0,0.0,7672,1096,1096,1096.0,1096.0,0.0,-3.0,0.0,1096.0,1096.0,0.0,1634046392.32998,0.0,14.46933579444885
3692,0,1,0,0,3,2,1096,2211110130,1130,64,1116,17,59861,29483,4,0,0,43,15,2211110130,17,59861,11123,17044,94,1130,1130.0,1065.25,-3.614784456460256,11.066666666666666,62888.4375,1130.0,1130.0,0.0,8768,1096,1096,1096.0,1096.0,0.0,-3.0,0.0,1096.0,1096.0,0.0,1634046392.330575,0.0005950927734375,14.469930887222288
3693,0,1,0,0,3,2,1116,2211110130,1150,64,1136,17,59861,29483,4,0,0,43,15,2211110130,17,59861,11123,18194,94,1150,1130.0,1070.235294117647,-3.7476137006394223,12.051517244761014,59586.76816608997,1130.0,1130.0,0.0,9884,1096,1116,1096.0,1098.2222222222222,2.4748737341529408,4.125000000000081,39.50617283950617,1096.0,1096.0,0.0,1634046392.330575,0.0,14.469930887222288
3694,0,1,0,0,3,2,1096,2211110130,1130,64,1116,17,59861,29483,4,0,0,43,15,2211110130,17,59861,11123,19324,94,1150,1130.0,1073.5555555555557,-3.878117093396443,13.047088435632755,56463.8024691358,1130.0,1130.0,0.0,10980,1096,1116,1096.0,1098.0,2.6666666666666665,5.111111111111111,36.0,1096.0,1096.0,0.0,1634046392.330575,0.0,14.469930887222288
3695,0,1,0,0,3,2,1096,2211110130,1130,64,1116,17,59861,29483,4,0,0,43,15,2211110130,17,59861,11123,20454,94,1150,1130.0,1076.5263157894738,-4.004420723481373,14.043068933092917,53650.88088642659,1130.0,1130.0,0.0,12076,1096,1116,1096.0,1097.8181818181818,2.8460498941515744,6.100000000000124,33.05785123966942,1096.0,1096.0,0.0,1634046392.330575,0.0,14.469930887222288
3696,0,1,0,0,3,2,1096,2211110130,1130,64,1116,17,59861,29483,4,0,0,43,15,2211110130,17,59861,11123,21584,94,1150,1130.0,1079.2,-4.126902377109574,15.039394113983292,51104.16,1130.0,1130.0,0.0,13172,1096,1116,1096.0,1097.6666666666667,3.0151134457775943,7.090909090908921,30.55555555555556,1096.0,1096.0,0.0,1634046392.331135,0.0005600452423095,14.470490932464598
3697,0,1,0,0,3,2,1096,2211110130,1130,64,1116,17,59861,29483,4,0,0,43,15,2211110130,17,59861,11123,1130,1130,1130,1130.0,1130.0,0.0,-3.0,0.0,1130.0,1130.0,0.0,14268,1096,1116,1096.0,1097.5384615384614,3.175426480543,8.08333333333358,28.402366863905332,1096.0,1096.0,0.0,1634046392.331135,0.0,14.470490932464598
3698,0,1,0,0,3,2,1096,2211110130,1130,64,1116,17,59861,29483,4,0,0,43,15,2211110130,17,59861,11123,2260,1130,1130,1130.0,1130.0,0.0,-3.0,0.0,1130.0,1130.0,0.0,15364,1096,1116,1096.0,1097.428571428571,3.328201177351432,9.07692307692333,26.530612244897952,1096.0,1096.0,0.0,1634046392.331135,0.0,14.470490932464598
3699,0,1,0,0,3,2,1096,2211110130,1130,64,1116,17,59861,29483,4,0,0,43,15,2211110130,17,59861,11123,3390,1130,1130,1130.0,1130.0,0.0,-3.0,0.0,1130.0,1130.0,0.0,16460,1096,1116,1096.0,1097.3333333333333,3.474396144861562,10.071428571428774,24.8888888888889,1096.0,1096.0,0.0,1634046392.331135,0.0,14.470490932464598
3700,0,1,0,0,3,2,1096,2211110130,1130,64,1116,17,59861,29483,4,0,0,43,15,2211110130,17,59861,11123,4520,1130,1130,1130.0,1130.0,0.0,-3.0,0.0,1130.0,1130.0,0.0,17556,1096,1116,1096.0,1097.25,3.614784456460256,11.066666666666666,23.4375,1096.0,1096.0,0.0,1634046392.331638,0.0005030632019042,14.470993995666502
3701,0,1,0,0,3,2,1096,2211110130,1130,64,1116,17,59861,29483,4,0,0,43,15,2211110130,17,59861,11123,5650,1130,1130,1130.0,1130.0,0.0,-3.0,0.0,1130.0,1130.0,0.0,18652,1096,1116,1096.0,1097.1764705882354,3.749999999999957,12.06249999999979,22.14532871972318,1096.0,1096.0,0.0,1634046392.331638,0.0,14.470993995666502
3702,0,1,0,0,3,2,1096,2211110130,1130,64,1116,17,59861,29483,4,0,0,43,15,2211110130,17,59861,11123,6780,1130,1130,1130.0,1130.0,0.0,-3.0,0.0,1130.0,1130.0,0.0,19748,1096,1116,1096.0,1097.111111111111,3.880570000581343,13.058823529411846,20.98765432098766,1096.0,1096.0,0.0,1634046392.331638,0.0,14.470993995666502
3703,0,1,0,0,3,2,1096,2211110130,1130,64,1116,17,59861,29483,4,0,0,43,15,2211110130,17,59861,11123,7910,1130,1130,1130.0,1130.0,0.0,-3.0,0.0,1130.0,1130.0,0.0,20844,1096,1116,1096.0,1097.0526315789473,4.006938426723828,14.055555555555864,19.944598337950133,1096.0,1096.0,0.0,1634046392.331638,0.0,14.470993995666502
3704,0,1,0,0,3,2,1096,2211110130,1130,64,1116,17,59861,29483,4,0,0,43,15,2211110130,17,59861,11123,9040,1130,1130,1130.0,1130.0,0.0,-3.0,0.0,1130.0,1130.0,0.0,21940,1096,1116,1096.0,1097.0,4.129483209670112,15.05263157894737,19.0,1096.0,1096.0,0.0,1634046392.332264,0.0006258487701416,14.471619844436644
3705,0,1,0,0,3,2,1096,2211110130,1130,64,1116,17,59861,29483,4,0,0,43,15,2211110130,17,59861,11123,10170,1130,1130,1130.0,1130.0,0.0,-3.0,0.0,1130.0,1130.0,0.0,1096,1096,1096,1096.0,1096.0,0.0,-3.0,0.0,1096.0,1096.0,0.0,1634046392.332264,0.0,14.471619844436644
3706,0,1,0,0,3,2,1096,2211110130,1130,64,1116,17,59861,29483,4,0,0,43,15,2211110130,17,59861,11123,11300,1130,1130,1130.0,1130.0,0.0,-3.0,0.0,1130.0,1130.0,0.0,2192,1096,1096,1096.0,1096.0,0.0,-3.0,0.0,1096.0,1096.0,0.0,1634046392.332264,0.0,14.471619844436644
3707,0,1,0,0,3,2,1096,2211110130,1130,64,1116,17,59861,29483,4,0,0,43,15,2211110130,17,59861,11123,12430,1130,1130,1130.0,1130.0,0.0,-3.0,0.0,1130.0,1130.0,0.0,3288,1096,1096,1096.0,1096.0,0.0,-3.0,0.0,1096.0,1096.0,0.0,1634046392.332264,0.0,14.471619844436644
3708,0,1,0,0,3,2,1096,2211110130,1130,64,1116,17,59861,29483,4,0,0,43,15,2211110130,17,59861,11123,13560,1130,1130,1130.0,1130.0,0.0,-3.0,0.0,1130.0,1130.0,0.0,4384,1096,1096,1096.0,1096.0,0.0,-3.0,0.0,1096.0,1096.0,0.0,1634046392.332778,0.0005140304565429,14.472133874893187
3709,0,1,0,0,3,2,1096,2211110130,1130,64,1116,17,59861,29483,4,0,0,43,15,2211110130,17,59861,11123,14690,1130,1130,1130.0,1130.0,0.0,-3.0,0.0,1130.0,1130.0,0.0,5480,1096,1096,1096.0,1096.0,0.0,-3.0,0.0,1096.0,1096.0,0.0,1634046392.332778,0.0,14.472133874893187
3710,0,1,0,0,3,2,1096,2211110130,1130,64,1116,17,59861,29483,4,0,0,43,15,2211110130,17,59861,11123,15820,1130,1130,1130.0,1130.0,0.0,-3.0,0.0,1130.0,1130.0,0.0,6576,1096,1096,1096.0,1096.0,0.0,-3.0,0.0,1096.0,1096.0,0.0,1634046392.332778,0.0,14.472133874893187
3711,0,1,0,0,3,2,1096,2211110130,1130,64,1116,17,59861,29483,4,0,0,43,15,2211110130,17,59861,11123,16950,1130,1130,1130.0,1130.0,0.0,-3.0,0.0,1130.0,1130.0,0.0,7672,1096,1096,1096.0,1096.0,0.0,-3.0,0.0,1096.0,1096.0,0.0,1634046392.332778,0.0,14.472133874893187
3712,0,1,0,0,3,2,1096,2211110130,1130,64,1116,17,59861,29483,4,0,0,43,15,2211110130,17,59861,11123,18080,1130,1130,1130.0,1130.0,0.0,-3.0,0.0,1130.0,1130.0,0.0,8768,1096,1096,1096.0,1096.0,0.0,-3.0,0.0,1096.0,1096.0,0.0,1634046392.333323,0.0005450248718261,14.472678899765013
3713,0,1,0,0,3,2,1096,2211110130,1130,64,1116,17,59861,29483,4,0,0,43,15,2211110130,17,59861,11123,19210,1130,1130,1130.0,1130.0,0.0,-3.0,0.0,1130.0,1130.0,0.0,9864,1096,1096,1096.0,1096.0,0.0,-3.0,0.0,1096.0,1096.0,0.0,1634046392.333323,0.0,14.472678899765013
3714,0,1,0,0,3,2,1096,2211110130,1130,64,1116,17,59861,29483,4,0,0,43,15,2211110130,17,59861,11123,20340,1130,1130,1130.0,1130.0,0.0,-3.0,0.0,1130.0,1130.0,0.0,10960,1096,1096,1096.0,1096.0,0.0,-3.0,0.0,1096.0,1096.0,0.0,1634046392.333323,0.0,14.472678899765013
3715,0,1,0,0,3,2,1096,2211110130,1130,64,1116,17,59861,29483,4,0,0,43,15,2211110130,17,59861,11123,21470,1130,1130,1130.0,1130.0,0.0,-3.0,0.0,1130.0,1130.0,0.0,12056,1096,1096,1096.0,1096.0,0.0,-3.0,0.0,1096.0,1096.0,0.0,1634046392.333323,0.0,14.472678899765013
3716,0,1,0,0,3,2,1096,2211110130,1130,64,1116,17,59861,29483,4,0,0,43,15,2211110130,17,59861,11123,22600,1130,1130,1130.0,1130.0,0.0,-3.0,0.0,1130.0,1130.0,0.0,13152,1096,1096,1096.0,1096.0,0.0,-3.0,0.0,1096.0,1096.0,0.0,1634046392.333819,0.0004959106445312,14.473174810409544
3717,0,1,0,0,3,2,1096,2211110130,1130,64,1116,17,59861,29483,4,0,0,43,15,2211110130,17,59861,11123,1130,1130,1130,1130.0,1130.0,0.0,-3.0,0.0,1130.0,1130.0,0.0,14248,1096,1096,1096.0,1096.0,0.0,-3.0,0.0,1096.0,1096.0,0.0,1634046392.333819,0.0,14.473174810409544
3718,0,1,0,0,3,2,1096,2211110130,1130,64,1116,17,59861,29483,4,0,0,43,15,2211110130,17,59861,11123,2260,1130,1130,1130.0,1130.0,0.0,-3.0,0.0,1130.0,1130.0,0.0,15344,1096,1096,1096.0,1096.0,0.0,-3.0,0.0,1096.0,1096.0,0.0,1634046392.333819,0.0,14.473174810409544
3719,0,1,0,0,3,2,1116,2211110130,1150,64,1136,17,59861,29483,4,0,0,43,15,2211110130,17,59861,11123,3410,1130,1150,1130.0,1136.6666666666667,0.7071067811865238,-1.5000000000000222,88.88888888888887,1140.0,1130.0,10.0,16460,1096,1116,1096.0,1097.3333333333333,3.474396144861561,10.07142857142878,24.888888888888893,1096.0,1096.0,0.0,1634046392.333819,0.0,14.473174810409544
3720,0,1,0,0,3,2,1096,2211110130,1130,64,1116,17,59861,29483,4,0,0,43,15,2211110130,17,59861,11123,4540,1130,1150,1130.0,1135.0,1.1547005383792517,-0.6666666666666665,75.0,1135.0,1130.0,5.0,17556,1096,1116,1096.0,1097.25,3.614784456460256,11.066666666666666,23.4375,1096.0,1096.0,0.0,1634046392.334347,0.0005280971527099,14.473702907562254
3721,0,1,0,0,3,2,1096,2211110130,1130,64,1116,17,59861,29483,4,0,0,43,15,2211110130,17,59861,11123,5670,1130,1150,1130.0,1134.0,1.5,0.25,64.0,1130.0,1130.0,0.0,18652,1096,1116,1096.0,1097.1764705882354,3.749999999999957,12.06249999999979,22.14532871972318,1096.0,1096.0,0.0,1634046392.334347,0.0,14.473702907562254
3722,0,1,0,0,3,2,1096,2211110130,1130,64,1116,17,59861,29483,4,0,0,43,15,2211110130,17,59861,11123,6800,1130,1150,1130.0,1133.3333333333333,1.7888543819998612,1.2000000000000703,55.55555555555557,1130.0,1130.0,0.0,19748,1096,1116,1096.0,1097.111111111111,3.880570000581343,13.058823529411846,20.98765432098766,1096.0,1096.0,0.0,1634046392.33576,0.0014131069183349,14.475116014480589
3723,0,1,0,0,3,2,1096,2211110130,1130,64,1116,17,59861,29483,4,0,0,43,15,2211110130,17,59861,11123,7930,1130,1150,1130.0,1132.857142857143,2.041241452319301,2.166666666666627,48.9795918367347,1130.0,1130.0,0.0,20844,1096,1116,1096.0,1097.0526315789473,4.006938426723828,14.055555555555864,19.944598337950133,1096.0,1096.0,0.0,1634046392.33576,0.0,14.475116014480589
3724,0,1,0,0,3,2,1104,2211110130,1138,64,1124,17,59861,29483,4,0,0,43,15,2211110130,17,59861,11123,9068,1130,1150,1130.0,1133.5,1.747470611010646,1.504792618471737,45.75,1132.0,1130.0,2.0,21948,1096,1116,1096.0,1097.4,3.408448663757781,10.48313064572733,21.24,1096.0,1096.0,0.0,1634046392.33576,0.0,14.475116014480589
3725,0,1,0,0,3,2,1096,2211110130,1130,64,1116,17,59861,29483,4,0,0,43,15,2211110130,17,59861,11123,10198,1130,1150,1130.0,1133.111111111111,1.9366543662388396,2.2326450694197533,41.876543209876544,1130.0,1130.0,0.0,1096,1096,1096,1096.0,1096.0,0.0,-3.0,0.0,1096.0,1096.0,0.0,1634046392.33576,0.0,14.475116014480589
3726,0,1,0,0,3,2,1096,2211110130,1130,64,1116,17,59861,29483,4,0,0,43,15,2211110130,17,59861,11123,11328,1130,1150,1130.0,1132.8,2.1104816274112084,2.968509495359989,38.56,1130.0,1130.0,0.0,2192,1096,1096,1096.0,1096.0,0.0,-3.0,0.0,1096.0,1096.0,0.0,1634046392.33626,0.0004999637603759,14.475615978240965
3727,0,1,0,0,3,2,1096,2211110130,1130,64,1116,17,59861,29483,4,0,0,43,15,2211110130,17,59861,11123,12458,1130,1150,1130.0,1132.5454545454545,2.272034312614043,3.709876543209941,35.70247933884297,1130.0,1130.0,0.0,3288,1096,1096,1096.0,1096.0,0.0,-3.0,0.0,1096.0,1096.0,0.0,1634046392.33626,0.0,14.475615978240965
3728,0,1,0,0,3,2,1096,2211110130,1130,64,1116,17,59861,29483,4,0,0,43,15,2211110130,17,59861,11123,13588,1130,1150,1130.0,1132.3333333333333,2.4235070560324763,4.455185065044138,33.22222222222224,1130.0,1130.0,0.0,4384,1096,1096,1096.0,1096.0,0.0,-3.0,0.0,1096.0,1096.0,0.0,1634046392.33626,0.0,14.475615978240965
3729,0,1,0,0,3,2,1096,2211110130,1130,64,1116,17,59861,29483,4,0,0,43,15,2211110130,17,59861,11123,14718,1130,1150,1130.0,1132.1538461538462,2.5665229367943567,5.203413146936283,31.053254437869818,1130.0,1130.0,0.0,5480,1096,1096,1096.0,1096.0,0.0,-3.0,0.0,1096.0,1096.0,0.0,1634046392.33626,0.0,14.475615978240965
3730,0,1,0,0,3,2,1096,2211110130,1130,64,1116,17,59861,29483,4,0,0,43,15,2211110130,17,59861,11123,15848,1130,1150,1130.0,1132.0,2.702319503845106,5.953863898500577,29.142857142857142,1130.0,1130.0,0.0,6576,1096,1096,1096.0,1096.0,0.0,-3.0,0.0,1096.0,1096.0,0.0,1634046392.336865,0.0006048679351806,14.476220846176146
3731,0,1,0,0,3,2,1096,2211110130,1130,64,1116,17,59861,29483,4,0,0,43,15,2211110130,17,59861,11123,16978,1130,1150,1130.0,1131.8666666666666,2.831864298098316,6.706045799887487,27.448888888888877,1130.0,1130.0,0.0,7672,1096,1096,1096.0,1096.0,0.0,-3.0,0.0,1096.0,1096.0,0.0,1634046392.336865,0.0,14.476220846176146
3732,0,1,0,0,3,2,1096,2211110130,1130,64,1116,17,59861,29483,4,0,0,43,15,2211110130,17,59861,11123,18108,1130,1150,1130.0,1131.75,2.9559297674478704,7.459602264479605,25.9375,1130.0,1130.0,0.0,8768,1096,1096,1096.0,1096.0,0.0,-3.0,0.0,1096.0,1096.0,0.0,1634046392.336865,0.0,14.476220846176146
3733,0,1,0,0,3,2,1096,2211110130,1130,64,1116,17,59861,29483,4,0,0,43,15,2211110130,17,59861,11123,19238,1130,1150,1130.0,1131.6470588235295,3.075143641644019,8.214268322376197,24.581314878892734,1130.0,1130.0,0.0,9864,1096,1096,1096.0,1096.0,0.0,-3.0,0.0,1096.0,1096.0,0.0,1634046392.336865,0.0,14.476220846176146
3734,0,1,0,0,3,2,1096,2211110130,1130,64,1116,17,59861,29483,4,0,0,43,15,2211110130,17,59861,11123,20368,1130,1150,1130.0,1131.5555555555557,3.1900238637694507,8.969842979676036,23.35802469135803,1130.0,1130.0,0.0,10960,1096,1096,1096.0,1096.0,0.0,-3.0,0.0,1096.0,1096.0,0.0,1634046392.337389,0.0005240440368652,14.476744890213011
3735,0,1,0,0,3,2,1096,2211110130,1130,64,1116,17,59861,29483,4,0,0,43,15,2211110130,17,59861,11123,21498,1130,1150,1130.0,1131.4736842105262,3.301003461141168,9.72617101315873,22.24930747922437,1130.0,1130.0,0.0,12056,1096,1096,1096.0,1096.0,0.0,-3.0,0.0,1096.0,1096.0,0.0,1634046392.339802,0.0024130344390869,14.479157924652098
3736,0,1,0,0,3,2,1096,2211110130,1130,64,1116,17,59861,29483,4,0,0,43,15,2211110130,17,59861,11123,22628,1130,1150,1130.0,1131.4,3.4084486637577807,10.48313064572733,21.24,1130.0,1130.0,0.0,13152,1096,1096,1096.0,1096.0,0.0,-3.0,0.0,1096.0,1096.0,0.0,1634046392.339802,0.0,14.479157924652098
3737,0,1,0,0,3,2,1096,2211110130,1130,64,1116,17,59861,29483,4,0,0,43,15,2211110130,17,59861,11123,1130,1130,1130,1130.0,1130.0,0.0,-3.0,0.0,1130.0,1130.0,0.0,14248,1096,1096,1096.0,1096.0,0.0,-3.0,0.0,1096.0,1096.0,0.0,1634046392.339802,0.0,14.479157924652098
3738,0,1,0,0,3,2,1096,2211110130,1130,64,1116,17,59861,29483,4,0,0,43,15,2211110130,17,59861,11123,2260,1130,1130,1130.0,1130.0,0.0,-3.0,0.0,1130.0,1130.0,0.0,15344,1096,1096,1096.0,1096.0,0.0,-3.0,0.0,1096.0,1096.0,0.0,1634046392.339802,0.0,14.479157924652098
3739,0,1,0,0,3,2,1096,2211110130,1130,64,1116,17,59861,29483,4,0,0,43,15,2211110130,17,59861,11123,3390,1130,1130,1130.0,1130.0,0.0,-3.0,0.0,1130.0,1130.0,0.0,16440,1096,1096,1096.0,1096.0,0.0,-3.0,0.0,1096.0,1096.0,0.0,1634046392.34038,0.0005779266357421,14.47973585128784
3740,0,1,0,0,3,2,1096,2211110130,1130,64,1116,17,59861,29483,4,0,0,43,15,2211110130,17,59861,11123,4520,1130,1130,1130.0,1130.0,0.0,-3.0,0.0,1130.0,1130.0,0.0,17536,1096,1096,1096.0,1096.0,0.0,-3.0,0.0,1096.0,1096.0,0.0,1634046392.34038,0.0,14.47973585128784
3741,0,1,0,0,3,2,1096,2211110130,1130,64,1116,17,59861,29483,4,0,0,43,15,2211110130,17,59861,11123,5650,1130,1130,1130.0,1130.0,0.0,-3.0,0.0,1130.0,1130.0,0.0,18632,1096,1096,1096.0,1096.0,0.0,-3.0,0.0,1096.0,1096.0,0.0,1634046392.34038,0.0,14.47973585128784
3742,0,1,0,0,3,2,1096,2211110130,1130,64,1116,17,59861,29483,4,0,0,43,15,2211110130,17,59861,11123,6780,1130,1130,1130.0,1130.0,0.0,-3.0,0.0,1130.0,1130.0,0.0,19728,1096,1096,1096.0,1096.0,0.0,-3.0,0.0,1096.0,1096.0,0.0,1634046392.341028,0.000648021697998,14.480383872985838
3743,0,1,0,0,3,2,1096,2211110130,1130,64,1116,17,59861,29483,4,0,0,43,15,2211110130,17,59861,11123,7910,1130,1130,1130.0,1130.0,0.0,-3.0,0.0,1130.0,1130.0,0.0,20824,1096,1096,1096.0,1096.0,0.0,-3.0,0.0,1096.0,1096.0,0.0,1634046392.341028,0.0,14.480383872985838
3744,0,1,0,0,3,2,1096,2211110130,1130,64,1116,17,59861,29483,4,0,0,43,15,2211110130,17,59861,11123,9040,1130,1130,1130.0,1130.0,0.0,-3.0,0.0,1130.0,1130.0,0.0,21920,1096,1096,1096.0,1096.0,0.0,-3.0,0.0,1096.0,1096.0,0.0,1634046392.341028,0.0,14.480383872985838
3745,0,1,0,0,3,2,1116,2211110130,1150,64,1136,17,59861,29483,4,0,0,43,15,2211110130,17,59861,11123,10190,1130,1150,1130.0,1132.2222222222222,2.4748737341529408,4.125000000000081,39.50617283950617,1130.0,1130.0,0.0,1116,1116,1116,1116.0,1116.0,0.0,-3.0,0.0,1116.0,1116.0,0.0,1634046392.346308,0.0052800178527832,14.485663890838621
3746,0,1,0,0,3,2,1096,2211110130,1130,64,1116,17,59861,29483,4,0,0,43,15,2211110130,17,59861,11123,11320,1130,1150,1130.0,1132.0,2.6666666666666665,5.111111111111111,36.0,1130.0,1130.0,0.0,2212,1096,1116,1106.0,1106.0,0.0,-2.0,100.0,1111.0,1101.0,10.0,1634046392.346308,0.0,14.485663890838621
3747,0,1,0,0,3,2,1096,2211110130,1130,64,1116,17,59861,29483,4,0,0,43,15,2211110130,17,59861,11123,12450,1130,1150,1130.0,1131.8181818181818,2.8460498941515744,6.100000000000124,33.05785123966942,1130.0,1130.0,0.0,3308,1096,1116,1096.0,1102.6666666666667,0.7071067811865236,-1.5000000000000222,88.88888888888887,1106.0,1096.0,10.0,1634046392.346308,0.0,14.485663890838621
3748,0,1,0,0,3,2,1096,2211110130,1130,64,1116,17,59861,29483,4,0,0,43,15,2211110130,17,59861,11123,13580,1130,1150,1130.0,1131.6666666666667,3.0151134457775943,7.090909090908921,30.55555555555556,1130.0,1130.0,0.0,4404,1096,1116,1096.0,1101.0,1.1547005383792517,-0.6666666666666665,75.0,1101.0,1096.0,5.0,1634046392.346903,0.0005950927734375,14.486258983612059
3749,0,1,0,0,3,2,1096,2211110130,1130,64,1116,17,59861,29483,4,0,0,43,15,2211110130,17,59861,11123,14710,1130,1150,1130.0,1131.5384615384614,3.175426480543,8.08333333333358,28.402366863905332,1130.0,1130.0,0.0,5500,1096,1116,1096.0,1100.0,1.5,0.25,64.0,1096.0,1096.0,0.0,1634046392.346903,0.0,14.486258983612059
3750,0,1,0,0,3,2,1096,2211110130,1130,64,1116,17,59861,29483,4,0,0,43,15,2211110130,17,59861,11123,15840,1130,1150,1130.0,1131.428571428571,3.328201177351432,9.07692307692333,26.530612244897952,1130.0,1130.0,0.0,6596,1096,1116,1096.0,1099.3333333333333,1.7888543819998608,1.2000000000000697,55.55555555555558,1096.0,1096.0,0.0,1634046392.346903,0.0,14.486258983612059
3751,0,1,0,0,3,2,1096,2211110130,1130,64,1116,17,59861,29483,4,0,0,43,15,2211110130,17,59861,11123,16970,1130,1150,1130.0,1131.3333333333333,3.474396144861562,10.071428571428774,24.8888888888889,1130.0,1130.0,0.0,7692,1096,1116,1096.0,1098.857142857143,2.041241452319301,2.166666666666627,48.9795918367347,1096.0,1096.0,0.0,1634046392.347535,0.0006318092346191,14.486890792846678
3752,0,1,0,0,3,2,1096,2211110130,1130,64,1116,17,59861,29483,4,0,0,43,15,2211110130,17,59861,11123,18100,1130,1150,1130.0,1131.25,3.614784456460256,11.066666666666666,23.4375,1130.0,1130.0,0.0,8788,1096,1116,1096.0,1098.5,2.2677868380553634,3.1428571428571432,43.75,1096.0,1096.0,0.0,1634046392.347535,0.0,14.486890792846678
3753,0,1,0,0,3,2,1096,2211110130,1130,64,1116,17,59861,29483,4,0,0,43,15,2211110130,17,59861,11123,19230,1130,1150,1130.0,1131.1764705882354,3.749999999999957,12.06249999999979,22.14532871972318,1130.0,1130.0,0.0,9884,1096,1116,1096.0,1098.2222222222222,2.4748737341529403,4.125000000000078,39.50617283950618,1096.0,1096.0,0.0,1634046392.347535,0.0,14.486890792846678
3754,0,1,0,0,3,2,1096,2211110130,1130,64,1116,17,59861,29483,4,0,0,43,15,2211110130,17,59861,11123,20360,1130,1150,1130.0,1131.111111111111,3.880570000581343,13.058823529411846,20.98765432098766,1130.0,1130.0,0.0,10980,1096,1116,1096.0,1098.0,2.6666666666666665,5.111111111111111,36.0,1096.0,1096.0,0.0,1634046392.348191,0.0006561279296875,14.487546920776365
3755,0,1,0,0,3,2,1096,2211110130,1130,64,1116,17,59861,29483,4,0,0,43,15,2211110130,17,59861,11123,21490,1130,1150,1130.0,1131.0526315789473,4.006938426723828,14.055555555555864,19.944598337950133,1130.0,1130.0,0.0,12076,1096,1116,1096.0,1097.8181818181818,2.8460498941515744,6.100000000000124,33.05785123966942,1096.0,1096.0,0.0,1634046392.348191,0.0,14.487546920776365
3756,0,1,0,0,3,2,1096,2211110130,1130,64,1116,17,59861,29483,4,0,0,43,15,2211110130,17,59861,11123,22620,1130,1150,1130.0,1131.0,4.129483209670112,15.05263157894737,19.0,1130.0,1130.0,0.0,13172,1096,1116,1096.0,1097.6666666666667,3.015113445777593,7.090909090908916,30.555555555555568,1096.0,1096.0,0.0,1634046392.348191,0.0,14.487546920776365
3757,0,1,0,0,3,2,1096,2211110130,1130,64,1116,17,59861,29483,4,0,0,43,15,2211110130,17,59861,11123,1130,1130,1130,1130.0,1130.0,0.0,-3.0,0.0,1130.0,1130.0,0.0,14268,1096,1116,1096.0,1097.5384615384614,3.1754264805429995,8.083333333333577,28.40236686390534,1096.0,1096.0,0.0,1634046392.348859,0.0006680488586425,14.488214969635008
3758,0,1,0,0,3,2,1096,2211110130,1130,64,1116,17,59861,29483,4,0,0,43,15,2211110130,17,59861,11123,2260,1130,1130,1130.0,1130.0,0.0,-3.0,0.0,1130.0,1130.0,0.0,15364,1096,1116,1096.0,1097.428571428571,3.3282011773514317,9.07692307692333,26.530612244897952,1096.0,1096.0,0.0,1634046392.348859,0.0,14.488214969635008
3759,0,1,0,0,3,2,1096,2211110130,1130,64,1116,17,59861,29483,4,0,0,43,15,2211110130,17,59861,11123,3390,1130,1130,1130.0,1130.0,0.0,-3.0,0.0,1130.0,1130.0,0.0,16460,1096,1116,1096.0,1097.3333333333333,3.474396144861561,10.071428571428772,24.888888888888903,1096.0,1096.0,0.0,1634046392.348859,0.0,14.488214969635008
3760,0,1,0,0,3,2,1096,2211110130,1130,64,1116,17,59861,29483,4,0,0,43,15,2211110130,17,59861,11123,4520,1130,1130,1130.0,1130.0,0.0,-3.0,0.0,1130.0,1130.0,0.0,17556,1096,1116,1096.0,1097.25,3.614784456460256,11.066666666666666,23.4375,1096.0,1096.0,0.0,1634046392.349505,0.0006458759307861,14.488860845565794
3761,0,1,0,0,3,2,1096,2211110130,1130,64,1116,17,59861,29483,4,0,0,43,15,2211110130,17,59861,11123,5650,1130,1130,1130.0,1130.0,0.0,-3.0,0.0,1130.0,1130.0,0.0,18652,1096,1116,1096.0,1097.1764705882354,3.749999999999957,12.06249999999979,22.14532871972318,1096.0,1096.0,0.0,1634046392.349505,0.0,14.488860845565794
3762,0,1,0,0,3,2,1096,2211110130,1130,64,1116,17,59861,29483,4,0,0,43,15,2211110130,17,59861,11123,6780,1130,1130,1130.0,1130.0,0.0,-3.0,0.0,1130.0,1130.0,0.0,19748,1096,1116,1096.0,1097.111111111111,3.880570000581343,13.058823529411846,20.98765432098766,1096.0,1096.0,0.0,1634046392.349505,0.0,14.488860845565794
3763,0,1,0,0,3,2,1096,2211110130,1130,64,1116,17,59861,29483,4,0,0,43,15,2211110130,17,59861,11123,7910,1130,1130,1130.0,1130.0,0.0,-3.0,0.0,1130.0,1130.0,0.0,20844,1096,1116,1096.0,1097.0526315789473,4.006938426723828,14.055555555555864,19.944598337950133,1096.0,1096.0,0.0,1634046392.3501,0.0005950927734375,14.489455938339232
3764,0,1,0,0,3,2,1096,2211110130,1130,64,1116,17,59861,29483,4,0,0,43,15,2211110130,17,59861,11123,9040,1130,1130,1130.0,1130.0,0.0,-3.0,0.0,1130.0,1130.0,0.0,21940,1096,1116,1096.0,1097.0,4.129483209670112,15.05263157894737,19.0,1096.0,1096.0,0.0,1634046392.3501,0.0,14.489455938339232
3765,0,1,0,0,3,2,1096,2211110130,1130,64,1116,17,59861,29483,4,0,0,43,15,2211110130,17,59861,11123,10170,1130,1130,1130.0,1130.0,0.0,-3.0,0.0,1130.0,1130.0,0.0,1096,1096,1096,1096.0,1096.0,0.0,-3.0,0.0,1096.0,1096.0,0.0,1634046392.3501,0.0,14.489455938339232
3766,0,1,0,0,3,2,1096,2211110130,1130,64,1116,17,59861,29483,4,0,0,43,15,2211110130,17,59861,11123,11300,1130,1130,1130.0,1130.0,0.0,-3.0,0.0,1130.0,1130.0,0.0,2192,1096,1096,1096.0,1096.0,0.0,-3.0,0.0,1096.0,1096.0,0.0,1634046392.3501,0.0,14.489455938339232
3767,0,1,0,0,3,2,1096,2211110130,1130,64,1116,17,59861,29483,4,0,0,43,15,2211110130,17,59861,11123,12430,1130,1130,1130.0,1130.0,0.0,-3.0,0.0,1130.0,1130.0,0.0,3288,1096,1096,1096.0,1096.0,0.0,-3.0,0.0,1096.0,1096.0,0.0,1634046392.350616,0.0005159378051757,14.489971876144407
3768,0,1,0,0,3,2,1096,2211110130,1130,64,1116,17,59861,29483,4,0,0,43,15,2211110130,17,59861,11123,13560,1130,1130,1130.0,1130.0,0.0,-3.0,0.0,1130.0,1130.0,0.0,4384,1096,1096,1096.0,1096.0,0.0,-3.0,0.0,1096.0,1096.0,0.0,1634046392.350616,0.0,14.489971876144407
3769,0,1,0,0,3,2,1096,2211110130,1130,64,1116,17,59861,29483,4,0,0,43,15,2211110130,17,59861,11123,14690,1130,1130,1130.0,1130.0,0.0,-3.0,0.0,1130.0,1130.0,0.0,5480,1096,1096,1096.0,1096.0,0.0,-3.0,0.0,1096.0,1096.0,0.0,1634046392.350616,0.0,14.489971876144407
3770,0,1,0,0,3,2,1096,2211110130,1130,64,1116,17,59861,29483,4,0,0,43,15,2211110130,17,59861,11123,15820,1130,1130,1130.0,1130.0,0.0,-3.0,0.0,1130.0,1130.0,0.0,6576,1096,1096,1096.0,1096.0,0.0,-3.0,0.0,1096.0,1096.0,0.0,1634046392.350616,0.0,14.489971876144407
3771,0,1,0,0,3,2,1116,2211110130,1150,64,1136,17,59861,29483,4,0,0,43,15,2211110130,17,59861,11123,16970,1130,1150,1130.0,1131.3333333333333,3.474396144861561,10.07142857142878,24.888888888888893,1130.0,1130.0,0.0,7692,1096,1116,1096.0,1098.857142857143,2.041241452319302,2.1666666666666297,48.97959183673469,1096.0,1096.0,0.0,1634046392.351971,0.0013549327850341,14.491326808929442
3772,0,1,0,0,3,2,1096,2211110130,1130,64,1116,17,59861,29483,4,0,0,43,15,2211110130,17,59861,11123,18100,1130,1150,1130.0,1131.25,3.614784456460256,11.066666666666666,23.4375,1130.0,1130.0,0.0,8788,1096,1116,1096.0,1098.5,2.2677868380553634,3.1428571428571432,43.75,1096.0,1096.0,0.0,1634046392.351971,0.0,14.491326808929442
3773,0,1,0,0,3,2,1096,2211110130,1130,64,1116,17,59861,29483,4,0,0,43,15,2211110130,17,59861,11123,19230,1130,1150,1130.0,1131.1764705882354,3.749999999999957,12.06249999999979,22.14532871972318,1130.0,1130.0,0.0,9884,1096,1116,1096.0,1098.2222222222222,2.4748737341529403,4.125000000000078,39.50617283950618,1096.0,1096.0,0.0,1634046392.355324,0.0033531188964843,14.494679927825926
3774,0,1,0,0,3,2,1096,2211110130,1130,64,1116,17,59861,29483,4,0,0,43,15,2211110130,17,59861,11123,20360,1130,1150,1130.0,1131.111111111111,3.880570000581343,13.058823529411846,20.98765432098766,1130.0,1130.0,0.0,10980,1096,1116,1096.0,1098.0,2.6666666666666665,5.111111111111111,36.0,1096.0,1096.0,0.0,1634046392.355324,0.0,14.494679927825926
3775,0,1,0,0,3,2,1096,2211110130,1130,64,1116,17,59861,29483,4,0,0,43,15,2211110130,17,59861,11123,21490,1130,1150,1130.0,1131.0526315789473,4.006938426723828,14.055555555555864,19.944598337950133,1130.0,1130.0,0.0,12076,1096,1116,1096.0,1097.8181818181818,2.8460498941515744,6.100000000000124,33.05785123966942,1096.0,1096.0,0.0,1634046392.355324,0.0,14.494679927825926
3776,0,1,0,0,3,2,1096,2211110130,1130,64,1116,17,59861,29483,4,0,0,43,15,2211110130,17,59861,11123,22620,1130,1150,1130.0,1131.0,4.129483209670112,15.05263157894737,19.0,1130.0,1130.0,0.0,13172,1096,1116,1096.0,1097.6666666666667,3.015113445777593,7.090909090908916,30.555555555555568,1096.0,1096.0,0.0,1634046392.355324,0.0,14.494679927825926
3777,0,1,0,0,3,2,1096,2211110130,1130,64,1116,17,59861,29483,4,0,0,43,15,2211110130,17,59861,11123,1130,1130,1130,1130.0,1130.0,0.0,-3.0,0.0,1130.0,1130.0,0.0,14268,1096,1116,1096.0,1097.5384615384614,3.1754264805429995,8.083333333333577,28.40236686390534,1096.0,1096.0,0.0,1634046392.355324,0.0,14.494679927825926
3778,0,1,0,0,3,2,1096,2211110130,1130,64,1116,17,59861,29483,4,0,0,43,15,2211110130,17,59861,11123,2260,1130,1130,1130.0,1130.0,0.0,-3.0,0.0,1130.0,1130.0,0.0,15364,1096,1116,1096.0,1097.428571428571,3.3282011773514317,9.07692307692333,26.530612244897952,1096.0,1096.0,0.0,1634046392.355875,0.0005509853363037,14.49523091316223
3779,0,1,0,0,3,2,1096,2211110130,1130,64,1116,17,59861,29483,4,0,0,43,15,2211110130,17,59861,11123,3390,1130,1130,1130.0,1130.0,0.0,-3.0,0.0,1130.0,1130.0,0.0,16460,1096,1116,1096.0,1097.3333333333333,3.474396144861561,10.071428571428772,24.888888888888903,1096.0,1096.0,0.0,1634046392.355875,0.0,14.49523091316223
3780,0,1,0,0,3,2,1096,2211110130,1130,64,1116,17,59861,29483,4,0,0,43,15,2211110130,17,59861,11123,4520,1130,1130,1130.0,1130.0,0.0,-3.0,0.0,1130.0,1130.0,0.0,17556,1096,1116,1096.0,1097.25,3.614784456460256,11.066666666666666,23.4375,1096.0,1096.0,0.0,1634046392.355875,0.0,14.49523091316223
3781,0,1,0,0,3,2,1096,2211110130,1130,64,1116,17,59861,29483,4,0,0,43,15,2211110130,17,59861,11123,5650,1130,1130,1130.0,1130.0,0.0,-3.0,0.0,1130.0,1130.0,0.0,18652,1096,1116,1096.0,1097.1764705882354,3.749999999999957,12.06249999999979,22.14532871972318,1096.0,1096.0,0.0,1634046392.355875,0.0,14.49523091316223
3782,0,1,0,0,3,2,695,2211110130,729,64,715,17,59861,29483,4,0,0,43,15,2211110130,17,59861,11123,6379,729,1130,1130.0,1063.1666666666667,-1.7888543819998333,1.2000000000000035,22333.472222222223,1130.0,1130.0,0.0,19347,695,1116,1096.0,1074.8333333333333,-3.8640119178962062,12.981380270778208,8507.583333333334,1096.0,1096.0,0.0,1634046392.355875,0.0,14.49523091316223
3783,0,1,0,0,3,2,408,2211110130,442,64,428,17,59861,29483,4,0,0,43,15,2211110130,17,59861,11123,6821,442,1130,1130.0,974.4285714285714,-1.2267168756639304,-0.1828428982447638,66389.67346938775,1130.0,929.5,200.5,19755,408,1116,1096.0,1039.7368421052631,-2.9016820790545457,6.996654738193048,30231.562326869804,1096.0,1096.0,0.0,1634046392.358719,0.0028440952301025,14.498075008392332
3784,0,1,0,0,3,2,1096,2211110130,1130,64,1116,17,59861,29483,4,0,0,43,15,2211110130,17,59861,11123,7951,442,1130,1130.0,993.875,-1.4323905402963104,0.3796316972827069,60738.109375,1130.0,1029.75,100.25,20851,408,1116,1096.0,1042.55,-3.001694105241369,7.611216059182395,28870.3475,1096.0,1096.0,0.0,1634046392.358719,0.0,14.498075008392332
3785,0,1,0,0,3,2,1096,2211110130,1130,64,1116,17,59861,29483,4,0,0,43,15,2211110130,17,59861,11123,9081,442,1130,1130.0,1009.0,-1.6162425509534348,0.9583712282390912,55819.55555555556,1130.0,1130.0,0.0,1096,1096,1096,1096.0,1096.0,0.0,-3.0,0.0,1096.0,1096.0,0.0,1634046392.358719,0.0,14.498075008392332
3786,0,1,0,0,3,2,1096,2211110130,1130,64,1116,17,59861,29483,4,0,0,43,15,2211110130,17,59861,11123,10211,442,1130,1130.0,1021.1,-1.78366154777756,1.547464204587483,51555.29,1130.0,1130.0,0.0,2192,1096,1096,1096.0,1096.0,0.0,-3.0,0.0,1096.0,1096.0,0.0,1634046392.358719,0.0,14.498075008392332
3787,0,1,0,0,3,2,153,2211110130,187,64,173,17,59861,29483,4,0,0,43,15,2211110130,17,59861,11123,10398,187,1130,1130.0,945.2727272727273,-1.4105590888035628,0.3906771488975327,104366.19834710743,1130.0,929.5,200.5,2345,153,1096,1096.0,781.6666666666666,-0.7071067811865472,-1.5000000000000002,197610.8888888889,1096.0,624.5,471.5,1634046392.358719,0.0,14.498075008392332
3788,0,1,0,0,3,2,60,2211110130,94,64,80,17,59861,29483,4,0,0,43,15,2211110130,17,59861,11123,10492,94,1130,1130.0,874.3333333333334,-1.0649752389124276,-0.5757225577796161,151025.38888888888,1130.0,657.25,472.75,2405,60,1096,624.5,601.25,-0.0131629923669319,-1.982468637528364,245858.6875,1096.0,129.75,966.25,1634046392.358719,0.0,14.498075008392332
3789,0,1,0,0,3,2,56,2211110130,90,64,76,17,59861,29483,4,0,0,43,15,2211110130,17,59861,11123,10582,90,1130,1130.0,814.0,-0.7844305353588839,-1.1710561161973876,183089.38461538465,1130.0,442.0,688.0,2461,56,1096,153.0,492.2,0.3934917781703092,-1.826143908089298,244254.56,1096.0,60.0,1036.0,1634046392.370582,0.0118629932403564,14.509938001632689
3790,0,1,0,0,3,2,408,2211110130,442,64,428,17,59861,29483,4,0,0,43,15,2211110130,17,59861,11123,11024,90,1130,1130.0,787.4285714285714,-0.6122207793095492,-1.3617529617803883,179190.10204081633,1130.0,442.0,688.0,2869,56,1096,280.5,478.1666666666667,0.5199839603050292,-1.545940567092418,204530.13888888885,924.0,83.25,840.75,1634046392.370582,0.0,14.509938001632689
3791,0,1,0,0,3,2,1096,2211110130,1130,64,1116,17,59861,29483,4,0,0,43,15,2211110130,17,59861,11123,12154,90,1130,1130.0,810.2666666666667,-0.7217642413318427,-1.2185079034218185,174546.19555555555,1130.0,442.0,688.0,3965,56,1096,408.0,566.4285714285714,0.1475009821803169,-1.8426786879868935,222052.5306122449,1096.0,106.5,989.5,1634046392.371121,0.0005388259887695,14.510476827621458
3792,0,1,0,0,3,2,1096,2211110130,1130,64,1116,17,59861,29483,4,0,0,43,15,2211110130,17,59861,11123,13284,90,1130,1130.0,830.25,-0.8227329756738687,-1.063332966903464,169627.0625,1130.0,442.0,688.0,5061,56,1096,752.0,632.625,-0.1208691400744068,-1.868958239019248,224969.734375,1096.0,129.75,966.25,1634046392.371121,0.0,14.510476827621458
3793,0,1,0,0,3,2,1096,2211110130,1130,64,1116,17,59861,29483,4,0,0,43,15,2211110130,17,59861,11123,14414,90,1130,1130.0,847.8823529411765,-0.9166431143379627,-0.8992394076977721,164623.39792387543,1130.0,442.0,688.0,6157,56,1096,1096.0,684.1111111111111,-0.3336750253764213,-1.7811024980426995,221179.65432098767,1096.0,153.0,943.0,1634046392.371121,0.0,14.510476827621458
3794,0,1,0,0,3,2,1096,2211110130,1130,64,1116,17,59861,29483,4,0,0,43,15,2211110130,17,59861,11123,15544,90,1130,1130.0,863.5555555555555,-1.004635784447176,-0.7283047834869514,159653.69135802472,1130.0,513.75,616.25,7253,56,1096,1096.0,725.3,-0.5120049785414963,-1.6344497755218772,214330.41,1096.0,216.75,879.25,1634046392.371608,0.0004870891571044,14.510963916778563
3795,0,1,0,0,3,2,720,2211110130,754,64,740,17,59861,29483,4,0,0,43,15,2211110130,17,59861,11123,16298,90,1130,1130.0,857.7894736842105,-0.9828445828953264,-0.680120782981275,151849.324099723,1130.0,585.5,544.5,7973,56,1096,1096.0,724.8181818181819,-0.5337113257489842,-1.5002679370631449,194848.14876033057,1096.0,280.5,815.5,1634046392.371608,0.0,14.510963916778563
3796,0,1,0,0,3,2,408,2211110130,442,64,428,17,59861,29483,4,0,0,43,15,2211110130,17,59861,11123,16740,90,1130,1130.0,837.0,-0.8285119257721404,-0.9431624125013344,152468.7,1130.0,442.0,688.0,8381,56,1096,908.0,698.4166666666666,-0.3726009485452338,-1.5852821561293733,186278.2430555556,1096.0,344.25,751.75,1634046392.381408,0.0097999572753906,14.520763874053953
3797,0,1,0,0,3,2,1096,2211110130,1130,64,1116,17,59861,29483,4,0,0,43,15,2211110130,17,59861,11123,1130,1130,1130,1130.0,1130.0,0.0,-3.0,0.0,1130.0,1130.0,0.0,9477,56,1096,1096.0,729.0,-0.5057956013511155,-1.478263188420289,183173.2307692308,1096.0,408.0,688.0,1634046392.381408,0.0,14.520763874053953
3798,0,1,0,0,3,2,1096,2211110130,1130,64,1116,17,59861,29483,4,0,0,43,15,2211110130,17,59861,11123,2260,1130,1130,1130.0,1130.0,0.0,-3.0,0.0,1130.0,1130.0,0.0,10573,56,1096,1096.0,755.2142857142857,-0.6255872844252368,-1.3482601183380492,179022.88265306124,1096.0,408.0,688.0,1634046392.381408,0.0,14.520763874053953
3799,0,1,0,0,2,3,56,3232270721,90,47,76,17,29483,59861,4,0,0,43,15,2211110130,17,59861,11123,2350,90,1130,1130.0,783.3333333333334,-0.7071067811865477,-1.5,240355.5555555556,1130.0,610.0,520.0,10629,56,1096,1096.0,708.6,-0.447674190343404,-1.5789111839478382,197508.50666666665,1096.0,280.5,815.5,1634046392.38437,0.0029621124267578,14.523725986480711
3800,0,1,0,0,2,3,60,3232270721,94,47,80,17,29483,59861,4,0,0,43,15,2211110130,17,59861,11123,2444,90,1130,612.0,611.0,-2.2274691495062288e-05,-1.9999703004664693,269363.0,1130.0,93.0,1037.0,10689,56,1096,908.0,668.0625,-0.294572631132291,-1.7194893696135496,209813.55859375,1096.0,129.75,966.25,1634046392.384425,5.4836273193359375e-05,14.523780822753904
3801,0,1,0,0,3,2,1116,2211110130,1150,64,1136,17,59861,29483,4,0,0,43,15,2211110130,17,59861,11123,3594,90,1150,1130.0,718.8,-0.4076410534567115,-1.832944680077772,261973.75999999995,1130.0,94.0,1036.0,11805,56,1116,1096.0,694.4117647058823,-0.3974821538955388,-1.65433626469487,208580.124567474,1096.0,153.0,943.0,1634046392.396518,0.0120930671691894,14.535873889923094
3802,0,1,0,0,3,2,1096,2211110130,1130,64,1116,17,59861,29483,4,0,0,43,15,2211110130,17,59861,11123,4724,90,1150,1130.0,787.3333333333334,-0.7064621884439842,-1.4999384065495422,241795.55555555556,1130.0,353.0,777.0,12901,56,1116,1096.0,716.7222222222222,-0.493145628503717,-1.5733467012738878,205454.20061728396,1096.0,216.75,879.25,1634046392.396518,0.0,14.535873889923094
3803,0,1,0,0,3,2,1096,2211110130,1130,64,1116,17,59861,29483,4,0,0,43,15,2211110130,17,59861,11123,5854,90,1150,1130.0,836.2857142857143,-0.948010343968238,-1.1002175573166897,221631.34693877547,1130.0,612.0,518.0,13997,56,1116,1096.0,736.6842105263158,-0.5816101594086118,-1.4809630644884573,201813.47922437676,1096.0,280.5,815.5,1634046392.396518,0.0,14.535873889923094
3804,0,1,0,0,3,2,1096,2211110130,1130,64,1116,17,59861,29483,4,0,0,43,15,2211110130,17,59861,11123,6984,90,1150,1130.0,873.0,-1.1540018148703026,-0.6671332489155342,203363.0,1130.0,871.0,259.0,15093,56,1116,1096.0,754.65,-0.6640717530510812,-1.3798137136271509,197855.42749999996,1096.0,344.25,751.75,1634046392.397135,0.0006170272827148,14.536490917205809
3805,0,1,0,0,3,2,1096,2211110130,1130,64,1116,17,59861,29483,4,0,0,43,15,2211110130,17,59861,11123,8114,90,1150,1130.0,901.5555555555557,-1.33558279251397,-0.2149823832725657,187290.46913580247,1130.0,1130.0,0.0,1096,1096,1096,1096.0,1096.0,0.0,-3.0,0.0,1096.0,1096.0,0.0,1634046392.398406,0.0012710094451904,14.537761926651
3806,0,1,0,0,3,2,422,2211110130,456,64,442,17,59861,29483,4,0,0,43,15,2211110130,17,59861,11123,8570,90,1150,1130.0,857.0,-1.0095836383719088,-0.8375805180423153,186428.2,1130.0,624.5,505.5,1518,422,1096,759.0,759.0,0.0,-2.0,113569.0,927.5,590.5,337.0,1634046392.398406,0.0,14.537761926651
3807,0,1,0,0,2,3,60,3232270721,94,47,80,17,29483,59861,4,0,0,43,15,2211110130,17,59861,11123,8664,90,1150,1130.0,787.6363636363636,-0.6763191652795879,-1.4416372900118073,217593.3223140496,1130.0,275.0,855.0,1578,60,1096,422.0,526.0,0.349171750392218,-1.5,184290.66666666663,759.0,241.0,518.0,1634046392.419301,0.0208950042724609,14.55865693092346
3808,0,1,0,0,2,3,60,3232270721,94,47,80,17,29483,59861,4,0,0,43,15,2211110130,17,59861,11123,8758,90,1150,1130.0,729.8333333333334,-0.4318863121490257,-1.7326361435638784,236213.6388888889,1130.0,94.0,1036.0,1638,60,1096,241.0,409.5,0.7866040979052377,-1.0327382554447548,178934.75,590.5,60.0,530.5,1634046392.436455,0.0171539783477783,14.575810909271238
3809,0,1,0,0,3,2,1096,2211110130,1130,64,1116,17,59861,29483,4,0,0,43,15,2211110130,17,59861,11123,9888,90,1150,1130.0,760.6153846153846,-0.564726989849291,-1.601894267093548,229413.775147929,1130.0,94.0,1036.0,2734,60,1096,422.0,546.8,0.1930812976942815,-1.7668638540595387,218552.96,1096.0,60.0,1036.0,1634046392.441206,0.0047509670257568,14.580561876296995
3810,0,1,0,0,3,2,1096,2211110130,1130,64,1116,17,59861,29483,4,0,0,43,15,2211110130,17,59861,11123,11018,90,1150,1130.0,787.0,-0.6843307417299047,-1.4531575395719922,222077.0,1130.0,184.5,945.5,3830,60,1096,759.0,638.3333333333334,-0.171975525181502,-1.8125549712581124,224019.22222222225,1096.0,150.5,945.5,1634046392.441206,0.0,14.580561876296995
3811,0,1,0,0,3,2,1096,2211110130,1130,64,1116,17,59861,29483,4,0,0,43,15,2211110130,17,59861,11123,12148,90,1150,1130.0,809.8666666666667,-0.7935593295673904,-1.2917130325402382,214592.2488888889,1130.0,275.0,855.0,4926,60,1096,1096.0,703.7142857142857,-0.4422220573923329,-1.6599324265944329,217664.48979591837,1096.0,241.0,855.0,1634046392.441206,0.0,14.580561876296995
3812,0,1,0,0,3,2,1096,2211110130,1130,64,1116,17,59861,29483,4,0,0,43,15,2211110130,17,59861,11123,13278,90,1150,1130.0,829.875,-0.894425308766393,-1.1209614279207627,207185.234375,1130.0,365.5,764.5,6022,60,1096,1096.0,752.75,-0.6607594099270232,-1.4232885314399966,207287.9375,1096.0,331.5,764.5,1634046392.441867,0.0006611347198486,14.581223011016844
3813,0,1,0,0,3,2,1096,2211110130,1130,64,1116,17,59861,29483,4,0,0,43,15,2211110130,17,59861,11123,14408,90,1150,1130.0,847.5294117647059,-0.9883976395404698,-0.9431894146404828,199984.7197231834,1130.0,456.0,674.0,7118,60,1096,1096.0,790.8888888888889,-0.8466537995027852,-1.1432648656361004,195892.5432098765,1096.0,422.0,674.0,1634046392.441867,0.0,14.581223011016844
3814,0,1,0,0,3,2,939,2211110130,973,64,959,17,59861,29483,4,0,0,43,15,2211110130,17,59861,11123,15381,90,1150,1130.0,854.5,-1.0571058488815366,-0.7746064345194315,189700.47222222225,1130.0,585.25,544.75,8057,60,1096,1096.0,805.7,-0.978629385560326,-0.8509573763440526,178277.61,1096.0,551.25,544.75,1634046392.441867,0.0,14.581223011016844
3815,0,1,0,0,3,2,408,2211110130,442,64,428,17,59861,29483,4,0,0,43,15,2211110130,17,59861,11123,15823,90,1150,1130.0,832.7894736842105,-0.9084519739372482,-1.0118558258251211,188200.48199445987,1130.0,449.0,681.0,8465,60,1096,1096.0,769.5454545454545,-0.7318605346260828,-1.19934675300959,175142.06611570247,1096.0,415.0,681.0,1634046392.441867,0.0,14.581223011016844
3816,0,1,0,0,3,2,60,2211110130,94,64,80,17,59861,29483,4,0,0,43,15,2211110130,17,59861,11123,15917,90,1150,1130.0,795.85,-0.7329265635913256,-1.3276888537200942,204716.4275,1130.0,355.0,775.0,8525,60,1096,1017.5,710.4166666666666,-0.4892523396703822,-1.5532867475892456,199005.2430555556,1096.0,321.0,775.0,1634046392.462172,0.0203049182891845,14.601527929306028
3817,0,1,0,0,3,2,1096,2211110130,1130,64,1116,17,59861,29483,4,0,0,43,15,2211110130,17,59861,11123,1130,1130,1130,1130.0,1130.0,0.0,-3.0,0.0,1130.0,1130.0,0.0,9621,60,1096,1096.0,740.0769230769231,-0.6189751166575082,-1.4139607872810651,194253.9171597633,1096.0,408.0,688.0,1634046392.462172,0.0,14.601527929306028
3818,0,1,0,0,3,2,1096,2211110130,1130,64,1116,17,59861,29483,4,0,0,43,15,2211110130,17,59861,11123,2260,1130,1130,1130.0,1130.0,0.0,-3.0,0.0,1130.0,1130.0,0.0,10717,60,1096,1096.0,765.5,-0.7364105286579323,-1.256650651191002,188780.9642857143,1096.0,411.5,684.5,1634046392.46269,0.0005180835723876,14.602046012878416
3819,0,1,0,0,3,2,1096,2211110130,1130,64,1116,17,59861,29483,4,0,0,43,15,2211110130,17,59861,11123,3390,1130,1130,1130.0,1130.0,0.0,-3.0,0.0,1130.0,1130.0,0.0,11813,60,1096,1096.0,787.5333333333333,-0.8440992095756745,-1.0865631545203214,182992.11555555556,1096.0,415.0,681.0,1634046392.46269,0.0,14.602046012878416
3820,0,1,0,0,3,2,1096,2211110130,1130,64,1116,17,59861,29483,4,0,0,43,15,2211110130,17,59861,11123,4520,1130,1130,1130.0,1130.0,0.0,-3.0,0.0,1130.0,1130.0,0.0,12909,60,1096,1096.0,806.8125,-0.9438605454405632,-0.907075811084836,177130.40234375,1096.0,418.5,677.5,1634046392.46269,0.0,14.602046012878416
3821,0,1,0,0,3,2,1096,2211110130,1130,64,1116,17,59861,29483,4,0,0,43,15,2211110130,17,59861,11123,5650,1130,1130,1130.0,1130.0,0.0,-3.0,0.0,1130.0,1130.0,0.0,14005,60,1096,1096.0,823.8235294117648,-1.037040706896652,-0.7204739263699071,171340.96885813147,1096.0,422.0,674.0,1634046392.463198,0.0005078315734863,14.602553844451903
3822,0,1,0,0,3,2,569,2211110130,603,64,589,17,59861,29483,4,0,0,43,15,2211110130,17,59861,11123,6253,603,1130,1130.0,1042.1666666666667,-1.7888543819998328,1.200000000000001,38573.47222222223,1130.0,1130.0,0.0,14574,60,1096,1096.0,809.6666666666666,-0.9434328042482512,-0.8150259890234435,165229.11111111112,1096.0,458.75,637.25,1634046392.465516,0.0023181438446044,14.604871988296507
3823,0,1,0,0,3,2,408,2211110130,442,64,428,17,59861,29483,4,0,0,43,15,2211110130,17,59861,11123,6695,442,1130,1130.0,956.4285714285714,-1.0271807156670274,-0.8368073167793808,77169.10204081633,1130.0,866.5,263.5,14982,60,1096,1096.0,788.5263157894736,-0.7937041660989659,-1.0447595086707815,164577.30193905818,1096.0,415.0,681.0,1634046392.465516,0.0,14.604871988296507
3824,0,1,0,0,2,3,60,3232270721,94,47,80,17,29483,59861,4,0,0,43,15,2211110130,17,59861,11123,6789,94,1130,1130.0,848.625,-0.8713030159977992,-0.8196007989406291,148874.234375,1130.0,562.75,567.25,15042,60,1096,1096.0,752.1,-0.6435617764783517,-1.3104312255888266,181559.09,1096.0,408.0,688.0,1634046392.469552,0.0040359497070312,14.608907938003538
3825,0,1,0,0,3,2,1096,2211110130,1130,64,1116,17,59861,29483,4,0,0,43,15,2211110130,17,59861,11123,7919,94,1130,1130.0,879.8888888888889,-1.05184366810701,-0.4682025398958225,140152.0987654321,1130.0,603.0,527.0,1096,1096,1096,1096.0,1096.0,0.0,-3.0,0.0,1096.0,1096.0,0.0,1634046392.480774,0.0112218856811523,14.62012982368469
3826,0,1,0,0,3,2,1096,2211110130,1130,64,1116,17,59861,29483,4,0,0,43,15,2211110130,17,59861,11123,9049,94,1130,1130.0,904.9,-1.212766894370082,-0.093869609759611,131766.88999999998,1130.0,734.75,395.25,2192,1096,1096,1096.0,1096.0,0.0,-3.0,0.0,1096.0,1096.0,0.0,1634046392.480774,0.0,14.62012982368469
3827,0,1,0,0,3,2,1096,2211110130,1130,64,1116,17,59861,29483,4,0,0,43,15,2211110130,17,59861,11123,10179,94,1130,1130.0,925.3636363636364,-1.3588605401090976,0.2952415094578908,123975.6859504132,1130.0,866.5,263.5,3288,1096,1096,1096.0,1096.0,0.0,-3.0,0.0,1096.0,1096.0,0.0,1634046392.480774,0.0,14.62012982368469
3828,0,1,0,0,3,2,840,2211110130,874,64,860,17,59861,29483,4,0,0,43,15,2211110130,17,59861,11123,11053,94,1130,1130.0,921.0833333333334,-1.377751286987288,0.511261045567533,113845.9097222222,1130.0,806.25,323.75,4128,840,1096,1096.0,1032.0,-1.1547005383792517,-0.6666666666666665,12288.0,1096.0,1032.0,64.0,1634046392.481436,0.000662088394165,14.620791912078856
3829,0,1,0,0,3,2,408,2211110130,442,64,428,17,59861,29483,4,0,0,43,15,2211110130,17,59861,11123,11495,94,1130,1130.0,884.2307692307693,-1.0366294116915926,-0.3798180855431168,121385.8698224852,1130.0,603.0,527.0,4536,408,1096,1096.0,907.2,-1.079018840153947,-0.4654832075239885,72130.56,1096.0,840.0,256.0,1634046392.49595,0.0145139694213867,14.635305881500242
3830,0,1,0,0,2,3,60,3232270721,94,47,80,17,29483,59861,4,0,0,43,15,2211110130,17,59861,11123,11589,94,1130,1130.0,827.7857142857143,-0.8209303125507986,-0.9151318211555584,154134.02551020408,1130.0,482.25,647.75,4596,60,1096,968.0,766.0,-0.7555129578662195,-1.038803742086989,159796.0,1096.0,516.0,580.0,1634046392.504001,0.0080509185791015,14.643356800079344
3831,0,1,0,0,3,2,1096,2211110130,1130,64,1116,17,59861,29483,4,0,0,43,15,2211110130,17,59861,11123,12719,94,1130,1130.0,847.9333333333333,-0.9263904731966044,-0.7311301856912213,149541.39555555553,1130.0,522.5,607.5,5692,60,1096,1096.0,813.1428571428571,-0.9883880902431502,-0.6331102931567019,150302.693877551,1096.0,624.0,472.0,1634046392.504061,6.008148193359375e-05,14.643416881561278
3832,0,1,0,0,3,2,1116,2211110130,1150,64,1136,17,59861,29483,4,0,0,43,15,2211110130,17,59861,11123,13869,94,1150,1130.0,866.8125,-1.0220966503899958,-0.5422226392142853,145541.40234375,1130.0,562.75,567.25,6808,60,1116,1096.0,851.0,-1.1839970067457868,-0.1966462141025475,141547.0,1096.0,732.0,364.0,1634046392.509454,0.0053930282592773,14.648809909820555
3833,0,1,0,0,3,2,1096,2211110130,1130,64,1116,17,59861,29483,4,0,0,43,15,2211110130,17,59861,11123,14999,94,1150,1130.0,882.2941176470588,-1.1143548482221983,-0.3409939317784478,140815.03114186853,1130.0,603.0,527.0,7904,60,1116,1096.0,878.2222222222222,-1.3632625637220417,0.2745853770886657,131747.95061728393,1096.0,840.0,256.0,1634046392.509454,0.0,14.648809909820555
3834,0,1,0,0,3,2,1096,2211110130,1130,64,1116,17,59861,29483,4,0,0,43,15,2211110130,17,59861,11123,16129,94,1150,1130.0,896.0555555555555,-1.2013664661466243,-0.1339855590363798,136211.38580246913,1130.0,670.75,459.25,9000,60,1116,1096.0,900.0,-1.5254180408348914,0.7608257754691299,122841.6,1096.0,904.0,192.0,1634046392.510168,0.0007140636444091,14.649523973464964
3835,0,1,0,0,3,2,1096,2211110130,1130,64,1116,17,59861,29483,4,0,0,43,15,2211110130,17,59861,11123,17259,94,1150,1130.0,908.3684210526316,-1.2838529185246337,0.0775977130580947,131771.28531855953,1130.0,738.5,391.5,10096,60,1116,1096.0,917.818181818182,-1.6742835420889064,1.2570448250455737,114849.0578512397,1096.0,968.0,128.0,1634046392.510168,0.0,14.649523973464964
3836,0,1,0,0,3,2,1096,2211110130,1130,64,1116,17,59861,29483,4,0,0,43,15,2211110130,17,59861,11123,18389,94,1150,1130.0,919.45,-1.3623925992834158,0.2928637751498817,127515.94749999997,1130.0,806.25,323.75,11192,60,1116,1096.0,932.6666666666666,-1.81248872473942,1.7602318472843417,107703.55555555556,1096.0,1032.0,64.0,1634046392.510168,0.0,14.649523973464964
3837,0,1,0,0,3,2,960,2211110130,994,64,980,17,59861,29483,4,0,0,43,15,2211110130,17,59861,11123,994,994,994,994.0,994.0,0.0,-3.0,0.0,994.0,994.0,0.0,12152,60,1116,1096.0,934.7692307692308,-1.904938940875037,2.201953790590095,99471.71597633138,1096.0,960.0,136.0,1634046392.510168,0.0,14.649523973464964
3838,0,1,0,0,2,3,60,3232270721,94,47,80,17,29483,59861,4,0,0,43,15,2211110130,17,59861,11123,1088,94,994,544.0,544.0,0.0,-2.0,202500.0,769.0,319.0,450.0,12212,60,1116,1096.0,872.2857142857143,-1.4079997295884192,0.2806210996128979,143121.0612244898,1096.0,870.0,226.0,1634046392.520871,0.0107028484344482,14.660226821899412
3839,0,1,0,0,2,3,52,3232270721,86,47,72,17,29483,59861,4,0,0,43,15,2211110130,17,59861,11123,1174,86,994,94.0,391.3333333333333,0.7069198999254518,-1.5,181614.22222222225,544.0,90.0,454.0,12264,52,1116,1096.0,817.6,-1.0750351295533476,-0.6458610474453903,175447.04,1096.0,624.0,472.0,1634046392.520926,5.507469177246094e-05,14.660281896591185
3840,0,1,0,0,3,2,56,2211110130,90,64,76,17,59861,29483,4,0,0,43,15,2211110130,17,59861,11123,1264,86,994,92.0,316.0,1.1545196913827025,-0.6668058791154494,153236.0,319.0,89.0,230.0,12320,52,1116,1096.0,770.0,-0.8281842400109144,-1.1640450328627268,198468.0,1096.0,321.0,775.0,1634046392.532669,0.0117430686950683,14.672024965286253
3841,0,1,0,0,3,2,416,2211110130,450,64,436,17,59861,29483,4,0,0,43,15,2211110130,17,59861,11123,1714,86,994,94.0,342.8,1.030119003943524,-0.5575972429551084,125461.76,450.0,90.0,360.0,12736,52,1116,1096.0,749.1764705882352,-0.6967946247794043,-1.3071966258200722,193731.32179930797,1096.0,408.0,688.0,1634046392.532669,0.0,14.672024965286253
3842,0,1,0,0,2,3,60,3232270721,94,47,80,17,29483,59861,4,0,0,43,15,2211110130,17,59861,11123,1808,86,994,94.0,301.3333333333333,1.3065565220344475,0.1051417576465483,113148.88888888888,361.0,91.0,270.0,12796,52,1116,1028.0,710.8888888888889,-0.531355882660146,-1.5424368258172776,207889.43209876545,1096.0,147.0,949.0,1634046392.541243,0.0085740089416503,14.680598974227903
3843,0,1,0,0,3,2,1096,2211110130,1130,64,1116,17,59861,29483,4,0,0,43,15,2211110130,17,59861,11123,2938,86,1130,94.0,419.7142857142857,0.7521291134925243,-1.2134007317560147,181069.06122448976,722.0,92.0,630.0,13892,52,1116,1096.0,731.1578947368421,-0.6186142603790561,-1.4441935707764448,204342.86980609415,1096.0,234.0,862.0,1634046392.547749,0.0065059661865234,14.687104940414427
3844,0,1,0,0,3,2,1096,2211110130,1130,64,1116,17,59861,29483,4,0,0,43,15,2211110130,17,59861,11123,4068,86,1130,272.0,508.5,0.3838928713435194,-1.6973282371758902,213615.75,1028.0,93.0,935.0,14988,52,1116,1096.0,749.4,-0.7001386274281669,-1.337800929861383,200448.44,1096.0,321.0,775.0,1634046392.547749,0.0,14.687104940414427
3845,0,1,0,0,3,2,1096,2211110130,1130,64,1116,17,59861,29483,4,0,0,43,15,2211110130,17,59861,11123,5198,86,1130,450.0,577.5555555555555,0.1174995631391535,-1.858898139306433,228030.024691358,1130.0,94.0,1036.0,1096,1096,1096,1096.0,1096.0,0.0,-3.0,0.0,1096.0,1096.0,0.0,1634046392.547749,0.0,14.687104940414427
3846,0,1,0,0,3,2,1096,2211110130,1130,64,1116,17,59861,29483,4,0,0,43,15,2211110130,17,59861,11123,6328,86,1130,722.0,632.8,-0.0922816794212675,-1.8783404300458115,232694.56,1130.0,94.0,1036.0,2192,1096,1096,1096.0,1096.0,0.0,-3.0,0.0,1096.0,1096.0,0.0,1634046392.548463,0.0007140636444091,14.687819004058836
3847,0,1,0,0,3,2,597,2211110130,631,64,617,17,59861,29483,4,0,0,43,15,2211110130,17,59861,11123,6959,86,1130,631.0,632.6363636363636,-0.0957183204861206,-1.766314575109584,211540.7768595041,1130.0,94.0,1036.0,2789,597,1096,1096.0,929.6666666666666,-0.707106781186547,-1.5000000000000004,55333.55555555556,1096.0,846.5,249.5,1634046392.548463,0.0,14.687819004058836
3848,0,1,0,0,2,3,60,3232270721,94,47,80,17,29483,59861,4,0,0,43,15,2211110130,17,59861,11123,7053,86,1130,540.5,587.75,0.075937953505512,-1.7925458990308551,216075.0208333333,1130.0,94.0,1036.0,2849,60,1096,846.5,712.25,-0.5287474977883084,-1.3294417191075272,183310.1875,1096.0,462.75,633.25,1634046392.557079,0.0086159706115722,14.696434974670408
3849,0,1,0,0,3,2,60,2211110130,94,64,80,17,59861,29483,4,0,0,43,15,2211110130,17,59861,11123,7147,86,1130,450.0,549.7692307692307,0.2232896340207183,-1.7623171272089635,216764.3313609467,1130.0,94.0,1036.0,2909,60,1096,597.0,581.8,-0.0245888353328315,-1.750268788207331,214716.96,1096.0,60.0,1036.0,1634046392.570623,0.0135438442230224,14.70997881889343
3850,0,1,0,0,3,2,1096,2211110130,1130,64,1116,17,59861,29483,4,0,0,43,15,2211110130,17,59861,11123,8277,86,1130,540.5,591.2142857142857,0.0662406254763428,-1.827481725789528,223611.16836734692,1130.0,94.0,1036.0,4005,60,1096,846.5,667.5,-0.3540164712961334,-1.6612211138167703,215653.25,1096.0,194.25,901.75,1634046392.57181,0.0011870861053466,14.711165904998778
3851,0,1,0,0,3,2,1096,2211110130,1130,64,1116,17,59861,29483,4,0,0,43,15,2211110130,17,59861,11123,9407,86,1130,631.0,627.1333333333333,-0.0696176784908955,-1.8398057754541413,226766.2488888889,1130.0,94.0,1036.0,5101,60,1096,1096.0,728.7142857142857,-0.6085851502728983,-1.427933220313477,207328.77551020408,1096.0,328.5,767.5,1634046392.57181,0.0,14.711165904998778
3852,0,1,0,0,3,2,1096,2211110130,1130,64,1116,17,59861,29483,4,0,0,43,15,2211110130,17,59861,11123,10537,86,1130,812.5,658.5625,-0.1897087019188434,-1.8172575142034944,227410.24609375,1130.0,94.0,1036.0,6197,60,1096,1096.0,774.625,-0.8194047904300417,-1.1291782455131854,196167.234375,1096.0,462.75,633.25,1634046392.57181,0.0,14.711165904998778
3853,0,1,0,0,3,2,1096,2211110130,1130,64,1116,17,59861,29483,4,0,0,43,15,2211110130,17,59861,11123,11667,86,1130,994.0,686.2941176470588,-0.2976504826573716,-1.770535123798768,226337.85467128025,1130.0,94.0,1036.0,7293,60,1096,1096.0,810.3333333333334,-1.0014791111802823,-0.7952826073869783,184571.5555555556,1096.0,597.0,499.0,1634046392.572531,0.0007209777832031,14.71188688278198
3854,0,1,0,0,3,2,485,2211110130,519,64,505,17,59861,29483,4,0,0,43,15,2211110130,17,59861,11123,12186,86,1130,812.5,677.0,-0.2456474315537338,-1.7370699772636824,215232.0,1130.0,94.0,1036.0,7778,60,1096,1096.0,777.8,-0.7843757192947846,-1.0522600178170938,175640.16,1096.0,513.0,583.0,1634046392.572531,0.0,14.71188688278198
3855,0,1,0,0,2,3,60,3232270721,94,47,80,17,29483,59861,4,0,0,43,15,2211110130,17,59861,11123,12280,86,1130,631.0,646.3157894736842,-0.1282219503947775,-1.7980779895033614,220851.37396121884,1130.0,94.0,1036.0,7838,60,1096,1096.0,712.5454545454545,-0.5083426358615522,-1.4965050138336322,202254.4297520661,1096.0,272.5,823.5,1634046392.574886,0.0023550987243652,14.714241981506346
3856,0,1,0,0,3,2,408,2211110130,442,64,428,17,59861,29483,4,0,0,43,15,2211110130,17,59861,11123,12722,86,1130,575.0,636.1,-0.0674796449153028,-1.7654043806730015,211791.69,1130.0,94.0,1036.0,8246,60,1096,846.5,687.1666666666666,-0.3560451589189509,-1.5614667736665004,192484.8055555556,1096.0,321.0,775.0,1634046392.579383,0.0044968128204345,14.71873879432678
3857,0,1,0,0,2,3,56,3232270721,90,47,76,17,29483,59861,4,0,0,43,15,2211110130,17,59861,11123,90,90,90,90.0,90.0,0.0,-3.0,0.0,90.0,90.0,0.0,8302,56,1096,597.0,638.6153846153846,-0.1816782894749449,-1.6990249553019356,205965.0059171598,1096.0,60.0,1036.0,1634046392.59504,0.0156571865081787,14.73439598083496
3858,0,1,0,0,2,3,60,3232270721,94,47,80,17,29483,59861,4,0,0,43,15,2211110130,17,59861,11123,184,90,94,92.0,92.0,0.0,-2.0,4.0,93.0,91.0,2.0,8362,56,1096,541.0,597.2857142857143,-0.0311187697236527,-1.7587859719122545,213459.06122448976,1096.0,60.0,1036.0,1634046392.595079,3.886222839355469e-05,14.734434843063353
3859,0,1,0,0,2,3,60,3232270721,94,47,80,17,29483,59861,4,0,0,43,15,2211110130,17,59861,11123,278,90,94,94.0,92.66666666666669,-0.707106781186555,-1.499999999999993,3.555555555555556,94.0,92.0,2.0,8422,56,1096,485.0,561.4666666666667,0.1005756410531371,-1.7677822142886523,217190.5155555556,1096.0,60.0,1036.0,1634046392.609697,0.0146181583404541,14.749053001403807
3860,0,1,0,0,3,2,1096,2211110130,1130,64,1116,17,59861,29483,4,0,0,43,15,2211110130,17,59861,11123,1408,90,1130,94.0,352.0,1.154654715169188,-0.6667018203542612,201764.0,353.0,93.0,260.0,9518,56,1096,541.0,594.875,-0.0293224053241851,-1.7947540263533523,220357.859375,1096.0,60.0,1036.0,1634046392.616774,0.0070769786834716,14.756129980087278
3861,0,1,0,0,2,3,60,3232270721,94,47,80,17,29483,59861,4,0,0,43,15,2211110130,17,59861,11123,1502,90,1130,94.0,300.4,1.4999476261048197,0.249930392885147,172061.44,94.0,94.0,0.0,9578,56,1096,485.0,563.4117647058823,0.0876631709026994,-1.8013609160892832,223234.5951557093,1096.0,60.0,1036.0,1634046392.627175,0.0104010105133056,14.766530990600584
3862,0,1,0,0,3,2,1096,2211110130,1130,64,1116,17,59861,29483,4,0,0,43,15,2211110130,17,59861,11123,2632,90,1130,94.0,438.6666666666667,0.7070801165662977,-1.499999903014243,238972.88888888888,871.0,94.0,777.0,10674,56,1096,541.0,593.0,-0.0273817839542816,-1.821432065555196,225715.5555555556,1096.0,60.0,1036.0,1634046392.63418,0.007004976272583,14.773535966873167
3863,0,1,0,0,3,2,1096,2211110130,1130,64,1116,17,59861,29483,4,0,0,43,15,2211110130,17,59861,11123,3762,90,1130,94.0,537.4285714285714,0.2886553788638363,-1.9166513902736004,263357.38775510207,1130.0,94.0,1036.0,11770,56,1096,597.0,619.4736842105264,-0.1307266694265751,-1.8144926948383389,226451.19667590028,1096.0,60.0,1036.0,1634046392.63418,0.0,14.773535966873167
3864,0,1,0,0,3,2,1096,2211110130,1130,64,1116,17,59861,29483,4,0,0,43,15,2211110130,17,59861,11123,4892,90,1130,612.0,611.5,-1.675982183333915e-05,-1.9999775961287367,268843.75,1130.0,94.0,1036.0,12866,56,1096,846.5,643.3,-0.224757868498753,-1.787914227637478,225914.81,1096.0,60.0,1036.0,1634046392.634715,0.0005350112915039,14.774070978164671
3865,0,1,0,0,3,2,404,2211110130,438,64,424,17,59861,29483,4,0,0,43,15,2211110130,17,59861,11123,5330,90,1130,438.0,592.2222222222222,0.1127428254765847,-1.892277891840888,241945.28395061727,1130.0,94.0,1036.0,404,404,404,404.0,404.0,0.0,-3.0,0.0,404.0,404.0,0.0,1634046392.634715,0.0,14.774070978164671
3866,0,1,0,0,3,2,408,2211110130,442,64,428,17,59861,29483,4,0,0,43,15,2211110130,17,59861,11123,5772,90,1130,440.0,577.2,0.210070768447285,-1.7700221926089343,219781.76,1130.0,94.0,1036.0,812,404,408,406.0,406.0,0.0,-2.0,4.0,407.0,405.0,2.0,1634046392.639131,0.0044159889221191,14.77848696708679
3867,0,1,0,0,2,3,60,3232270721,94,47,80,17,29483,59861,4,0,0,43,15,2211110130,17,59861,11123,5866,90,1130,438.0,533.2727272727273,0.3742255624276777,-1.6840485353760697,219097.652892562,1130.0,94.0,1036.0,872,60,408,404.0,290.6666666666667,-0.7067878735664249,-1.4999999999999996,26606.22222222222,406.0,232.0,174.0,1634046392.64849,0.0093588829040527,14.787845849990843
3868,0,1,0,0,3,2,1096,2211110130,1130,64,1116,17,59861,29483,4,0,0,43,15,2211110130,17,59861,11123,6996,90,1130,440.0,583.0,0.1721352248508982,-1.82015741839353,228040.3333333333,1130.0,94.0,1036.0,1968,60,1096,406.0,492.0,0.649878133709917,-0.9037498232467334,141560.0,580.0,318.0,262.0,1634046392.650394,0.001904010772705,14.789749860763548
3869,0,1,0,0,3,2,1096,2211110130,1130,64,1116,17,59861,29483,4,0,0,43,15,2211110130,17,59861,11123,8126,90,1130,442.0,625.0769230769231,0.005066054881539,-1.8648893766850616,231744.37869822484,1130.0,94.0,1036.0,3064,60,1096,408.0,612.8,0.1097532624215887,-1.6006703226413246,171618.56,1096.0,404.0,692.0,1634046392.660206,0.0098121166229248,14.799561977386473
3870,0,1,0,0,3,2,1116,2211110130,1150,64,1136,17,59861,29483,4,0,0,43,15,2211110130,17,59861,11123,9276,90,1150,786.0,662.5714285714286,-0.1370271530304803,-1.85560409770276,233467.10204081636,1130.0,94.0,1036.0,4180,60,1116,752.0,696.6666666666666,-0.2350935325876248,-1.6332347107216518,178183.55555555553,1096.0,405.0,691.0,1634046392.671269,0.0110628604888916,14.810624837875364
3871,0,1,0,0,3,2,1096,2211110130,1130,64,1116,17,59861,29483,4,0,0,43,15,2211110130,17,59861,11123,10406,90,1150,1130.0,693.7333333333333,-0.2629717125007973,-1.811318785656039,231497.5288888889,1130.0,94.0,1036.0,5276,60,1116,1096.0,753.7142857142857,-0.499705586438401,-1.463003578841671,172255.34693877553,1096.0,406.0,690.0,1634046392.671269,0.0,14.810624837875364
3872,0,1,0,0,3,2,1020,2211110130,1054,64,1040,17,59861,29483,4,0,0,43,15,2211110130,17,59861,11123,11460,90,1150,1092.0,716.25,-0.3731023692324082,-1.7382521297144582,224633.9375,1130.0,94.0,1036.0,6296,60,1116,1058.0,787.0,-0.709489070356897,-1.1908322314684343,158479.0,1096.0,407.0,689.0,1634046392.672385,0.0011160373687744,14.811740875244139
3873,0,1,0,0,3,2,60,2211110130,94,64,80,17,59861,29483,4,0,0,43,15,2211110130,17,59861,11123,11554,90,1150,1054.0,679.6470588235294,-0.2308538878490923,-1.8368161949091144,232856.5813148789,1130.0,94.0,1036.0,6356,60,1116,1020.0,706.2222222222222,-0.4145319017851439,-1.59257340602035,193070.61728395065,1096.0,404.0,692.0,1634046392.689969,0.0175840854644775,14.829324960708616
3874,0,1,0,0,3,2,1096,2211110130,1130,64,1116,17,59861,29483,4,0,0,43,15,2211110130,17,59861,11123,12684,90,1150,1092.0,704.6666666666666,-0.3319151197752819,-1.7835893279119428,230561.7777777778,1130.0,94.0,1036.0,7452,60,1116,1058.0,745.2,-0.587871584730451,-1.4273225075532552,187436.96,1096.0,405.0,691.0,1634046392.689969,0.0,14.829324960708616
3875,0,1,0,0,3,2,1096,2211110130,1130,64,1116,17,59861,29483,4,0,0,43,15,2211110130,17,59861,11123,13814,90,1150,1130.0,727.0526315789474,-0.4245127496686098,-1.7160579160264804,227447.31301939057,1130.0,94.0,1036.0,8548,60,1116,1096.0,777.0909090909091,-0.7396373437926561,-1.2290060594819676,180567.53719008263,1096.0,406.0,690.0,1634046392.689969,0.0,14.829324960708616
3876,0,1,0,0,3,2,1096,2211110130,1130,64,1116,17,59861,29483,4,0,0,43,15,2211110130,17,59861,11123,14944,90,1150,1130.0,747.2,-0.5101657928990099,-1.6376874611610883,223787.36,1130.0,94.0,1036.0,9644,60,1116,1096.0,803.6666666666666,-0.875476508681917,-1.009556718665673,173289.2222222222,1096.0,407.0,689.0,1634046392.691072,0.0011029243469238,14.83042788505554
3877,0,1,0,0,3,2,957,2211110130,991,64,977,17,59861,29483,4,0,0,43,15,2211110130,17,59861,11123,991,991,991,991.0,991.0,0.0,-3.0,0.0,991.0,991.0,0.0,10601,60,1116,1096.0,815.4615384615385,-0.980915898667244,-0.7764246975845288,161628.7100591716,1096.0,408.0,688.0,1634046392.692725,0.0016529560089111,14.832080841064451
3878,0,1,0,0,3,2,408,2211110130,442,64,428,17,59861,29483,4,0,0,43,15,2211110130,17,59861,11123,1433,442,991,716.5,716.5,0.0,-2.0,75350.25,853.75,579.25,274.5,11009,60,1116,1058.0,786.3571428571429,-0.7721863311756174,-1.101249289025605,161095.6581632653,1096.0,408.0,688.0,1634046392.692725,0.0,14.832080841064451
3879,0,1,0,0,2,3,52,3232270721,86,48,72,17,10001,59861,4,0,0,43,15,2211110130,17,59861,11123,1519,86,991,442.0,506.3333333333333,0.2540694792395557,-1.5,138573.55555555556,716.5,264.0,452.5,11061,52,1116,1020.0,737.4,-0.5816256981673307,-1.410994999441982,183911.1733333333,1096.0,406.0,690.0,1634046392.701198,0.0084731578826904,14.840553998947142
3880,0,1,0,0,2,3,60,3232270721,94,47,80,17,29483,59861,4,0,0,43,15,2211110130,17,59861,11123,1613,86,991,268.0,403.25,0.7072671376649581,-1.1211492080664824,135808.6875,579.25,92.0,487.25,11121,52,1116,988.5,695.0625,-0.4163289462479189,-1.6121902548930875,199303.68359375,1096.0,318.0,778.0,1634046392.701253,5.4836273193359375e-05,14.840608835220335
3881,0,1,0,0,3,2,408,2211110130,442,64,428,17,59861,29483,4,0,0,43,15,2211110130,17,59861,11123,2055,86,991,442.0,411.0,0.7179853026462738,-0.7325118300194924,108887.2,442.0,94.0,348.0,11529,52,1116,957.0,678.1764705882352,-0.3148451238564948,-1.641245171423863,192142.1453287197,1096.0,404.0,692.0,1634046392.707538,0.0062849521636962,14.846893787384031
3882,0,1,0,0,2,3,60,3232270721,94,47,80,17,29483,59861,4,0,0,43,15,2211110130,17,59861,11123,2149,86,991,268.0,358.1666666666667,0.9720872103119278,-0.3283519429628359,104696.13888888886,442.0,94.0,348.0,11589,52,1116,682.5,643.8333333333334,-0.1919606266695272,-1.7274832397310658,201518.25,1096.0,146.0,950.0,1634046392.712362,0.004824161529541,14.851717948913572
3883,0,1,0,0,3,2,1096,2211110130,1130,64,1116,17,59861,29483,4,0,0,43,15,2211110130,17,59861,11123,3279,86,1130,442.0,468.4285714285714,0.5906546685225141,-1.2358652643991652,162685.67346938775,716.5,94.0,622.5,12685,52,1116,957.0,667.6315789473684,-0.2878180335366759,-1.6909263955451188,201106.4432132964,1096.0,232.0,864.0,1634046392.724284,0.0119218826293945,14.863639831542967
3884,0,1,0,0,3,2,1096,2211110130,1130,64,1116,17,59861,29483,4,0,0,43,15,2211110130,17,59861,11123,4409,86,1130,442.0,551.125,0.2693951063899771,-1.6304854343941904,190220.859375,1025.75,94.0,931.75,13781,52,1116,988.5,689.05,-0.3760353085685338,-1.6391672832515425,199767.34750000003,1096.0,318.0,778.0,1634046392.724284,0.0,14.863639831542967
3885,0,1,0,0,3,2,1096,2211110130,1130,64,1116,17,59861,29483,4,0,0,43,15,2211110130,17,59861,11123,5539,86,1130,442.0,615.4444444444445,0.0235532248947148,-1.753865407927868,202181.1358024691,1130.0,94.0,1036.0,1096,1096,1096,1096.0,1096.0,0.0,-3.0,0.0,1096.0,1096.0,0.0,1634046392.727715,0.0034310817718505,14.867070913314818
3886,0,1,0,0,3,2,1096,2211110130,1130,64,1116,17,59861,29483,4,0,0,43,15,2211110130,17,59861,11123,6669,86,1130,716.5,666.9,-0.1751659695006956,-1.749848952796998,205792.09000000003,1130.0,181.0,949.0,2192,1096,1096,1096.0,1096.0,0.0,-3.0,0.0,1096.0,1096.0,0.0,1634046392.727715,0.0,14.867070913314818
3887,0,1,0,0,3,2,1096,2211110130,1130,64,1116,17,59861,29483,4,0,0,43,15,2211110130,17,59861,11123,7799,86,1130,991.0,709.0,-0.3428651742084919,-1.6772840726105036,204807.81818181815,1130.0,268.0,862.0,3288,1096,1096,1096.0,1096.0,0.0,-3.0,0.0,1096.0,1096.0,0.0,1634046392.727715,0.0,14.867070913314818
3888,0,1,0,0,3,2,742,2211110130,776,64,762,17,59861,29483,4,0,0,43,15,2211110130,17,59861,11123,8575,86,1130,883.5,714.5833333333334,-0.395449384105929,-1.5428766648821506,188083.40972222225,1130.0,355.0,775.0,4030,742,1096,1096.0,1007.5,-1.1547005383792517,-0.6666666666666665,23496.75,1096.0,1007.5,88.5,1634046392.727715,0.0,14.867070913314818
3889,0,1,0,0,3,2,416,2211110130,450,64,436,17,59861,29483,4,0,0,43,15,2211110130,17,59861,11123,9025,86,1130,776.0,694.2307692307693,-0.2688165833453117,-1.5619890264626906,178586.1775147929,1130.0,442.0,688.0,4446,416,1096,1096.0,889.2,-0.8080523880096,-0.9935692796758864,74776.96,1096.0,742.0,354.0,1634046392.734154,0.0064389705657958,14.873509883880613
3890,0,1,0,0,2,3,60,3232270721,94,47,80,17,29483,59861,4,0,0,43,15,2211110130,17,59861,11123,9119,86,1130,613.0,651.3571428571429,-0.1186256257910057,-1.6642665457612715,189725.94387755095,1130.0,181.0,949.0,4506,60,1096,919.0,751.0,-0.649603474991485,-1.1055100728532254,157810.33333333334,1096.0,497.5,598.5,1634046392.734564,0.0004100799560546,14.873919963836668
3891,0,1,0,0,2,3,52,3232270721,86,47,72,17,29483,59861,4,0,0,43,15,2211110130,17,59861,11123,9205,86,1130,450.0,613.6666666666666,0.0129050328437067,-1.7066610391628594,196965.55555555556,1130.0,94.0,1036.0,4558,52,1096,742.0,651.1428571428571,-0.2814840348546658,-1.6053097604050903,195094.69387755104,1096.0,238.0,858.0,1634046392.734618,5.3882598876953125e-05,14.873973846435545
3892,0,1,0,0,3,2,56,2211110130,90,64,76,17,59861,29483,4,0,0,43,15,2211110130,17,59861,11123,9295,86,1130,446.0,580.9375,0.1315041155611241,-1.7094334634803738,200723.18359375,1130.0,94.0,1036.0,4614,52,1096,579.0,576.75,-0.0043577476003981,-1.745772714844041,209447.9375,1096.0,59.0,1037.0,1634046392.738725,0.0041069984436035,14.878080844879149
3893,0,1,0,0,3,2,1096,2211110130,1130,64,1116,17,59861,29483,4,0,0,43,15,2211110130,17,59861,11123,10425,86,1130,450.0,613.2352941176471,0.0097771231270652,-1.7491484541613258,205606.29757785468,1130.0,94.0,1036.0,5710,52,1096,742.0,634.4444444444445,-0.2224818220828176,-1.7244639462703688,212805.13580246916,1096.0,60.0,1036.0,1634046392.760408,0.0216829776763916,14.89976382255554
3894,0,1,0,0,3,2,1096,2211110130,1130,64,1116,17,59861,29483,4,0,0,43,15,2211110130,17,59861,11123,11555,86,1130,613.0,641.9444444444445,-0.0992403426626986,-1.755229966648022,208195.3858024691,1130.0,94.0,1036.0,6806,52,1096,919.0,680.6,-0.4042528762017891,-1.6248801957391972,210697.64,1096.0,149.0,947.0,1634046392.764802,0.0043940544128417,14.904157876968382
3895,0,1,0,0,3,2,1096,2211110130,1130,64,1116,17,59861,29483,4,0,0,43,15,2211110130,17,59861,11123,12685,86,1130,776.0,667.6315789473684,-0.1981076183394684,-1.73722907489916,209114.65373961217,1130.0,94.0,1036.0,7902,52,1096,1096.0,718.3636363636364,-0.5611974300995167,-1.4805888773824012,205804.23140495867,1096.0,238.0,858.0,1634046392.764802,0.0,14.904157876968382
3896,0,1,0,0,3,2,777,2211110130,811,64,797,17,59861,29483,4,0,0,43,15,2211110130,17,59861,11123,13496,86,1130,793.5,674.8,-0.2482482992261828,-1.6688203123110923,199635.26,1130.0,94.0,1036.0,8679,52,1096,936.5,723.25,-0.6184530522281102,-1.3199858672526874,188916.5208333333,1096.0,327.0,769.0,1634046392.764802,0.0,14.904157876968382
3897,0,1,0,0,2,3,60,3232270721,94,47,80,17,29483,59861,4,0,0,43,15,2211110130,17,59861,11123,94,94,94,94.0,94.0,0.0,-3.0,0.0,94.0,94.0,0.0,8739,52,1096,777.0,672.2307692307693,-0.4044949948166975,-1.5970221487145866,205620.02366863907,1096.0,60.0,1036.0,1634046392.768776,0.0039739608764648,14.908131837844847
3898,0,1,0,0,3,2,408,2211110130,442,64,428,17,59861,29483,4,0,0,43,15,2211110130,17,59861,11123,536,94,442,268.0,268.0,0.0,-2.0,30276.0,355.0,181.0,174.0,9147,52,1096,759.5,653.3571428571429,-0.292066219085206,-1.611495449151956,195563.65816326533,1096.0,147.0,949.0,1634046392.77345,0.004673957824707,14.912805795669554
3899,0,1,0,0,2,3,56,3232270721,90,47,76,17,29483,59861,4,0,0,43,15,2211110130,17,59861,11123,626,90,442,94.0,208.66666666666663,0.7067951202245191,-1.5,27224.88888888889,268.0,92.0,176.0,9203,52,1096,742.0,613.5333333333333,-0.1431769678346068,-1.711918017173031,204729.18222222227,1096.0,60.0,1036.0,1634046392.787663,0.0142130851745605,14.927018880844114
3900,0,1,0,0,2,3,60,3232270721,94,47,80,17,29483,59861,4,0,0,43,15,2211110130,17,59861,11123,720,90,442,94.0,180.0,1.1542958580519225,-0.6669750091361579,22884.0,181.0,93.0,88.0,9263,52,1096,579.0,578.9375,-0.0125754198282649,-1.7558926588193355,209886.68359375,1096.0,60.0,1036.0,1634046392.787717,5.412101745605469e-05,14.92707300186157
3901,0,1,0,0,3,2,60,2211110130,94,64,80,17,59861,29483,4,0,0,43,15,2211110130,17,59861,11123,814,90,442,94.0,162.8,1.4995364938746345,0.2493879159228686,19490.56,94.0,94.0,0.0,9323,52,1096,416.0,548.4117647058823,0.1034023271101162,-1.7615842183069204,212449.53633217997,1096.0,60.0,1036.0,1634046392.814092,0.0263748168945312,14.953447818756102
3902,0,1,0,0,3,2,1096,2211110130,1130,64,1116,17,59861,29483,4,0,0,43,15,2211110130,17,59861,11123,1944,90,1130,94.0,324.0,1.4194257285469492,0.3825153271712986,146169.33333333334,355.0,94.0,261.0,10419,52,1096,579.0,578.8333333333334,-0.0108400680107563,-1.7886466447164049,216379.8055555556,1096.0,60.0,1036.0,1634046392.814092,0.0,14.953447818756102
3903,0,1,0,0,3,2,1096,2211110130,1130,64,1116,17,59861,29483,4,0,0,43,15,2211110130,17,59861,11123,3074,90,1130,94.0,439.1428571428572,0.76056980647423,-1.2532307150883586,204835.26530612248,786.0,94.0,692.0,11515,52,1096,742.0,606.0526315789474,-0.1137275142610476,-1.787671226077396,218327.4182825485,1096.0,60.0,1036.0,1634046392.816322,0.002230167388916,14.955677986145018
3904,0,1,0,0,3,2,1096,2211110130,1130,64,1116,17,59861,29483,4,0,0,43,15,2211110130,17,59861,11123,4204,90,1130,268.0,525.5,0.3800220567435634,-1.7383256910546,231433.75,1130.0,94.0,1036.0,12611,52,1096,759.5,630.55,-0.2074827338550822,-1.7662214964643723,218813.3475,1096.0,60.0,1036.0,1634046392.816322,0.0,14.955677986145018
3905,0,1,0,0,3,2,1096,2211110130,1130,64,1116,17,59861,29483,4,0,0,43,15,2211110130,17,59861,11123,5334,90,1130,442.0,592.6666666666666,0.1103859973453262,-1.8915472825282995,241809.77777777775,1130.0,94.0,1036.0,1096,1096,1096,1096.0,1096.0,0.0,-3.0,0.0,1096.0,1096.0,0.0,1634046392.816322,0.0,14.955677986145018
3906,0,1,0,0,3,2,1096,2211110130,1130,64,1116,17,59861,29483,4,0,0,43,15,2211110130,17,59861,11123,6464,90,1130,786.0,646.4,-0.1006167265525576,-1.904087313639164,243614.24,1130.0,94.0,1036.0,2192,1096,1096,1096.0,1096.0,0.0,-3.0,0.0,1096.0,1096.0,0.0,1634046392.816322,0.0,14.955677986145018
3907,0,1,0,0,2,3,60,3232270721,94,47,80,17,29483,59861,4,0,0,43,15,2211110130,17,59861,11123,6558,90,1130,442.0,596.1818181818181,0.0895238392612789,-1.9145081802544808,246686.14876033057,1130.0,94.0,1036.0,2252,60,1096,1096.0,750.6666666666666,-0.7071067811865472,-1.5000000000000004,238510.22222222225,1096.0,578.0,518.0,1634046392.820319,0.0039968490600585,14.959674835205076
3908,0,1,0,0,3,2,1116,2211110130,1150,64,1136,17,59861,29483,4,0,0,43,15,2211110130,17,59861,11123,7708,90,1150,786.0,642.3333333333334,-0.0837482613517218,-1.922197834780289,249558.5555555556,1130.0,94.0,1036.0,3368,60,1116,1096.0,842.0,-1.1535632802536944,-0.6675271247646477,203908.0,1101.0,837.0,264.0,1634046392.827107,0.0067880153656005,14.966462850570677
3909,0,1,0,0,3,2,495,2211110130,529,64,515,17,59861,29483,4,0,0,43,15,2211110130,17,59861,11123,8237,90,1150,529.0,633.6153846153846,-0.0332695227993296,-1.8457189217891792,231273.775147929,1130.0,94.0,1036.0,3863,60,1116,1096.0,772.6,-0.706357252302832,-1.198917074491219,182391.84,1096.0,495.0,601.0,1634046392.827107,0.0,14.966462850570677
3910,0,1,0,0,3,2,408,2211110130,442,64,428,17,59861,29483,4,0,0,43,15,2211110130,17,59861,11123,8679,90,1150,485.5,619.9285714285714,0.0492198689983712,-1.7820005192663555,217189.4948979592,1130.0,94.0,1036.0,4271,60,1116,795.5,711.8333333333334,-0.3215715068513939,-1.4999474691031778,170456.1388888889,1096.0,429.75,666.25,1634046392.828891,0.0017840862274169,14.968246936798094
3911,0,1,0,0,2,3,60,3232270721,94,47,80,17,29483,59861,4,0,0,43,15,2211110130,17,59861,11123,8773,90,1150,442.0,584.8666666666667,0.175765382957684,-1.7668102918286577,219920.9155555556,1130.0,94.0,1036.0,4331,60,1116,495.0,618.7142857142857,-0.0318124517271995,-1.6825195420641852,198132.20408163263,1096.0,234.0,862.0,1634046392.839152,0.010261058807373,14.978507995605467
3912,0,1,0,0,3,2,1096,2211110130,1130,64,1116,17,59861,29483,4,0,0,43,15,2211110130,17,59861,11123,9903,90,1150,485.5,618.9375,0.0399732502159361,-1.8137910200424232,223588.18359375,1130.0,94.0,1036.0,5427,60,1116,795.5,678.375,-0.2782268815931175,-1.6428689380403505,198281.484375,1096.0,321.0,775.0,1634046392.855103,0.0159509181976318,14.994458913803099
3913,0,1,0,0,3,2,1096,2211110130,1130,64,1116,17,59861,29483,4,0,0,43,15,2211110130,17,59861,11123,11033,90,1150,529.0,649.0,-0.0795156536361147,-1.8211411664024648,224896.0,1130.0,94.0,1036.0,6523,60,1116,1096.0,724.7777777777778,-0.4791427884171289,-1.5074097871850147,193475.950617284,1096.0,408.0,688.0,1634046392.855103,0.0,14.994458913803099
3914,0,1,0,0,3,2,1096,2211110130,1130,64,1116,17,59861,29483,4,0,0,43,15,2211110130,17,59861,11123,12163,90,1150,829.5,675.7222222222222,-0.1865286331990128,-1.8011449176595875,224541.08950617284,1130.0,94.0,1036.0,7619,60,1116,1096.0,761.9,-0.650527306578624,-1.3209183667640374,186530.89,1096.0,429.75,666.25,1634046392.855882,0.0007789134979248,14.995237827301024
3915,0,1,0,0,3,2,512,2211110130,546,64,532,17,59861,29483,4,0,0,43,15,2211110130,17,59861,11123,12709,90,1150,546.0,668.8947368421053,-0.1473505242168395,-1.7541567447434876,213562.19944598337,1130.0,94.0,1036.0,8131,60,1116,1096.0,739.1818181818181,-0.5084935598392566,-1.3771696394133983,174734.694214876,1096.0,451.5,644.5,1634046392.855882,0.0,14.995237827301024
3916,0,1,0,0,3,2,1096,2211110130,1130,64,1116,17,59861,29483,4,0,0,43,15,2211110130,17,59861,11123,13839,90,1150,838.0,691.95,-0.2406785290423172,-1.7270654124374685,212983.44749999995,1130.0,94.0,1036.0,9227,60,1116,1096.0,768.9166666666666,-0.6488919280797671,-1.2237366228406268,169899.24305555556,1096.0,473.25,622.75,1634046392.857091,0.001209020614624,14.996446847915648
3917,0,1,0,0,3,2,1096,2211110130,1130,64,1116,17,59861,29483,4,0,0,43,15,2211110130,17,59861,11123,1130,1130,1130,1130.0,1130.0,0.0,-3.0,0.0,1130.0,1130.0,0.0,10323,60,1116,1096.0,794.0769230769231,-0.775140855713946,-1.0475760753351748,164426.53254437872,1096.0,495.0,601.0,1634046392.857091,0.0,14.996446847915648
3918,0,1,0,0,3,2,1096,2211110130,1130,64,1116,17,59861,29483,4,0,0,43,15,2211110130,17,59861,11123,2260,1130,1130,1130.0,1130.0,0.0,-3.0,0.0,1130.0,1130.0,0.0,11419,60,1116,1096.0,815.6428571428571,-0.8903438399805389,-0.8557731607221077,158727.94387755104,1096.0,499.25,596.75,1634046392.857091,0.0,14.996446847915648
3919,0,1,0,0,3,2,1096,2211110130,1130,64,1116,17,59861,29483,4,0,0,43,15,2211110130,17,59861,11123,3390,1130,1130,1130.0,1130.0,0.0,-3.0,0.0,1130.0,1130.0,0.0,12515,60,1116,1096.0,834.3333333333334,-0.99667317175799,-0.6527469360261158,153036.75555555557,1096.0,503.5,592.5,1634046392.857822,0.0007309913635253,14.997177839279173
3920,0,1,0,0,3,2,1096,2211110130,1130,64,1116,17,59861,29483,4,0,0,43,15,2211110130,17,59861,11123,4520,1130,1130,1130.0,1130.0,0.0,-3.0,0.0,1130.0,1130.0,0.0,13611,60,1116,1096.0,850.6875,-1.09570733907242,-0.4413959423513449,147483.83984375,1096.0,507.75,588.25,1634046392.857822,0.0,14.997177839279173
3921,0,1,0,0,3,2,330,2211110130,364,64,350,17,59861,29483,4,0,0,43,15,2211110130,17,59861,11123,4884,364,1130,1130.0,976.8,-1.4999999999999991,0.2499999999999995,93880.96,1130.0,1130.0,0.0,13941,60,1116,1096.0,820.0588235294117,-0.8710992246687153,-0.912152952340758,153818.17301038062,1096.0,495.0,601.0,1634046392.857822,0.0,14.997177839279173
3922,0,1,0,0,3,2,408,2211110130,442,64,428,17,59861,29483,4,0,0,43,15,2211110130,17,59861,11123,5326,364,1130,1130.0,887.6666666666666,-0.7207490624742315,-1.4614552587366405,117957.88888888888,1130.0,614.0,516.0,14349,60,1116,1096.0,797.1666666666666,-0.7089020632565429,-1.155775606083434,154181.58333333334,1096.0,429.75,666.25,1634046392.858403,0.0005810260772705,14.997758865356444
3923,0,1,0,0,3,2,1096,2211110130,1130,64,1116,17,59861,29483,4,0,0,43,15,2211110130,17,59861,11123,6456,364,1130,1130.0,922.2857142857144,-0.961974706623845,-1.0552117701670771,108297.6326530612,1130.0,786.0,344.0,15445,60,1116,1096.0,812.8947368421053,-0.7938832144254192,-1.029392339119623,150519.46260387814,1096.0,451.5,644.5,1634046392.868557,0.0101540088653564,15.0079128742218
3924,0,1,0,0,3,2,1096,2211110130,1130,64,1116,17,59861,29483,4,0,0,43,15,2211110130,17,59861,11123,7586,364,1130,1130.0,948.25,-1.1679100479045266,-0.6158718188670531,99479.4375,1130.0,958.0,172.0,16541,60,1116,1096.0,827.05,-0.8737430020539753,-0.8960361910869161,146800.54750000002,1096.0,473.25,622.75,1634046392.868557,0.0,15.0079128742218
3925,0,1,0,0,3,2,1096,2211110130,1130,64,1116,17,59861,29483,4,0,0,43,15,2211110130,17,59861,11123,8716,364,1130,1130.0,968.4444444444443,-1.3495754360893473,-0.1575963987088422,91688.69135802468,1130.0,1130.0,0.0,1096,1096,1096,1096.0,1096.0,0.0,-3.0,0.0,1096.0,1096.0,0.0,1634046392.869501,0.0009441375732421,15.008857011795042
3926,0,1,0,0,3,2,542,2211110130,576,64,562,17,59861,29483,4,0,0,43,15,2211110130,17,59861,11123,9292,364,1130,1130.0,929.2,-0.947753928637035,-1.0048693612798827,96380.96,1130.0,714.5,415.5,1638,542,1096,819.0,819.0,0.0,-2.0,76729.0,957.5,680.5,277.0,1634046392.869501,0.0,15.008857011795042
3927,0,1,0,0,2,3,60,3232270721,94,47,80,17,29483,59861,4,0,0,43,15,2211110130,17,59861,11123,9386,94,1130,1130.0,853.2727272727273,-0.8166640048201935,-0.9958727515536814,145268.56198347107,1130.0,509.0,621.0,1698,60,1096,542.0,566.0,0.0848666899402055,-1.5,179170.66666666666,819.0,301.0,518.0,1634046392.887821,0.0183198451995849,15.027176856994627
3928,0,1,0,0,3,2,408,2211110130,442,64,428,17,59861,29483,4,0,0,43,15,2211110130,17,59861,11123,9828,94,1130,1130.0,819.0,-0.5764464330031154,-1.3266754314388671,146083.66666666666,1130.0,442.0,688.0,2106,60,1096,475.0,526.5,0.3930369801295146,-1.0252347369893562,139058.75,680.5,321.0,359.5,1634046392.905732,0.0179109573364257,15.045087814331053
3929,0,1,0,0,2,3,60,3232270721,94,47,80,17,29483,59861,4,0,0,43,15,2211110130,17,59861,11123,9922,94,1130,1130.0,763.2307692307693,-0.4205692851410778,-1.505838255025166,172168.94674556216,1130.0,442.0,688.0,2166,60,1096,408.0,433.2,0.6752756477732749,-0.8259154822560233,146066.56,542.0,60.0,482.0,1634046392.910102,0.0043699741363525,15.049457788467405
3930,0,1,0,0,2,3,60,3232270721,94,47,80,17,29483,59861,4,0,0,43,15,2211110130,17,59861,11123,10016,94,1130,853.0,715.4285714285714,-0.2666762919997317,-1.646582905640697,189576.81632653065,1130.0,383.5,746.5,2226,60,1096,234.0,371.0,0.930768054702148,-0.4438203684587636,141066.33333333334,508.5,60.0,448.5,1634046392.927739,0.017637014389038,15.067094802856444
3931,0,1,0,0,3,2,60,2211110130,94,64,80,17,59861,29483,4,0,0,43,15,2211110130,17,59861,11123,10110,94,1130,576.0,674.0,-0.1275899791617998,-1.7282549963915332,200966.9333333333,1130.0,229.0,901.0,2286,60,1096,60.0,326.57142857142856,1.1526443254205934,0.022445565413518,132757.38775510204,475.0,60.0,415.0,1634046392.931875,0.0041360855102539,15.071230888366697
3932,0,1,0,0,3,2,1096,2211110130,1130,64,1116,17,59861,29483,4,0,0,43,15,2211110130,17,59861,11123,11240,94,1130,853.0,702.5,-0.2451482609083051,-1.698008652125691,200590.25,1130.0,296.5,833.5,3382,60,1096,234.0,422.75,0.6840126639860377,-1.165446040602374,180914.9375,680.5,60.0,620.5,1634046392.931875,0.0,15.071230888366697
3933,0,1,0,0,3,2,1096,2211110130,1130,64,1116,17,59861,29483,4,0,0,43,15,2211110130,17,59861,11123,12370,94,1130,1130.0,727.6470588235294,-0.3511866942746051,-1.6440130256210002,198908.8166089965,1130.0,364.0,766.0,4478,60,1096,408.0,497.55555555555554,0.366254535587932,-1.6027474872779996,205580.24691358025,1096.0,60.0,1036.0,1634046392.93281,0.0009350776672363,15.072165966033934
3934,0,1,0,0,3,2,1096,2211110130,1130,64,1116,17,59861,29483,4,0,0,43,15,2211110130,17,59861,11123,13500,94,1130,1130.0,750.0,-0.4480469166048832,-1.572885595599971,196352.44444444444,1130.0,383.5,746.5,5574,60,1096,475.0,557.4,0.1277765325238031,-1.7670472860941355,217254.44,1096.0,60.0,1036.0,1634046392.93281,0.0,15.072165966033934
3935,0,1,0,0,3,2,1096,2211110130,1130,64,1116,17,59861,29483,4,0,0,43,15,2211110130,17,59861,11123,14630,94,1130,1130.0,770.0,-0.5374245243189164,-1.4889969694006109,193218.1052631579,1130.0,403.0,727.0,6670,60,1096,542.0,606.3636363636364,-0.064125563349259,-1.803899494554122,221478.4132231405,1096.0,60.0,1036.0,1634046392.93281,0.0,15.072165966033934
3936,0,1,0,0,3,2,1096,2211110130,1130,64,1116,17,59861,29483,4,0,0,43,15,2211110130,17,59861,11123,15760,94,1130,1130.0,788.0,-0.6205843289790755,-1.395348927670017,189713.2,1130.0,422.5,707.5,7766,60,1096,819.0,647.1666666666666,-0.2257368402585991,-1.771264858445433,221335.63888888888,1096.0,60.0,1036.0,1634046392.93281,0.0,15.072165966033934
3937,0,1,0,0,3,2,565,2211110130,599,64,585,17,59861,29483,4,0,0,43,15,2211110130,17,59861,11123,599,599,599,599.0,599.0,0.0,-3.0,0.0,599.0,599.0,0.0,8331,60,1096,565.0,640.8461538461538,-0.192686981942185,-1.6869467962557834,204789.20710059165,1096.0,60.0,1036.0,1634046392.93281,0.0,15.072165966033934
3938,0,1,0,0,3,2,416,2211110130,450,64,436,17,59861,29483,4,0,0,43,15,2211110130,17,59861,11123,1049,450,599,524.5,524.5,0.0,-2.0,5550.25,561.75,487.25,74.5,8747,60,1096,553.5,624.7857142857143,-0.0947481681033562,-1.6514840235412585,193514.5969387756,1096.0,147.0,949.0,1634046392.938967,0.0061569213867187,15.078322887420653
3939,0,1,0,0,3,2,1116,2211110130,1150,64,1136,17,59861,29483,4,0,0,43,15,2211110130,17,59861,11123,2199,450,1150,599.0,733.0,0.5794472478700688,-1.5000000000000002,90644.66666666669,874.5,524.5,350.0,9863,60,1116,565.0,657.5333333333333,-0.2182056603270983,-1.6352990783024783,195627.31555555557,1096.0,234.0,862.0,1634046392.941352,0.0023849010467529,15.080707788467405
3940,0,1,0,0,3,2,1096,2211110130,1130,64,1116,17,59861,29483,4,0,0,43,15,2211110130,17,59861,11123,3329,450,1150,864.5,832.25,-0.0825969022129673,-1.8867145391703872,97535.1875,1135.0,561.75,573.25,10959,60,1116,830.5,684.9375,-0.3313182829618035,-1.5878046985215069,194665.43359375,1096.0,321.0,775.0,1634046392.941808,0.0004560947418212,15.081163883209227
3941,0,1,0,0,3,2,1096,2211110130,1130,64,1116,17,59861,29483,4,0,0,43,15,2211110130,17,59861,11123,4459,450,1150,1130.0,891.8,-0.4791952080257019,-1.6750632241482857,92212.96,1130.0,599.0,531.0,12055,60,1116,1096.0,709.1176470588235,-0.4340568084338805,-1.5190503275858076,192569.39792387543,1096.0,408.0,688.0,1634046392.941808,0.0,15.081163883209227
3942,0,1,0,0,3,2,1096,2211110130,1130,64,1116,17,59861,29483,4,0,0,43,15,2211110130,17,59861,11123,5589,450,1150,1130.0,931.5,-0.7737950455899826,-1.3071455055115575,84724.58333333333,1130.0,731.75,398.25,13151,60,1116,1096.0,730.6111111111111,-0.5284234993221615,-1.434803280208586,189724.57098765427,1096.0,410.0,686.0,1634046392.942394,0.0005860328674316,15.081749916076658
3943,0,1,0,0,3,2,525,2211110130,559,64,545,17,59861,29483,4,0,0,43,15,2211110130,17,59861,11123,6148,450,1150,1130.0,878.2857142857143,-0.3460850609196822,-1.7971053219497966,89611.63265306121,1130.0,579.0,551.0,13676,60,1116,1096.0,719.7894736842105,-0.4632434542223514,-1.4339715061456433,181847.0083102493,1096.0,412.0,684.0,1634046392.942394,0.0,15.081749916076658
3944,0,1,0,0,2,3,52,3232270721,86,47,72,17,29483,59861,4,0,0,43,15,2211110130,17,59861,11123,6234,86,1150,864.5,779.25,-0.4543315326788557,-1.2058915162883788,147066.6875,1130.0,531.75,598.25,13728,52,1116,830.5,686.4,-0.3460246188035129,-1.5670782852899676,193936.94,1096.0,321.0,775.0,1634046392.958596,0.0162019729614257,15.097951889038084
3945,0,1,0,0,2,3,60,3232270721,94,47,80,17,29483,59861,4,0,0,43,15,2211110130,17,59861,11123,6328,86,1150,599.0,703.1111111111111,-0.236604478970808,-1.487910348422992,177102.987654321,1130.0,450.0,680.0,60,60,60,60.0,60.0,0.0,-3.0,0.0,60.0,60.0,0.0,1634046392.962689,0.0040929317474365,15.10204482078552
3946,0,1,0,0,3,2,56,2211110130,90,64,76,17,59861,29483,4,0,0,43,15,2211110130,17,59861,11123,6418,86,1150,579.0,641.8,-0.0370553128159469,-1.6160358207801873,193224.16,1130.0,183.0,947.0,116,56,60,58.0,58.0,0.0,-2.0,4.0,59.0,57.0,2.0,1634046392.972774,0.010085105895996,15.112129926681517
3947,0,1,0,0,3,2,408,2211110130,442,64,428,17,59861,29483,4,0,0,43,15,2211110130,17,59861,11123,6860,86,1150,559.0,623.6363636363636,0.0815169509917549,-1.5257938706835847,178957.5041322314,1130.0,268.0,862.0,524,56,408,60.0,174.66666666666666,0.7067951202245192,-1.4999999999999996,27224.888888888887,234.0,58.0,176.0,1634046392.972774,0.0,15.112129926681517
3948,0,1,0,0,3,2,1096,2211110130,1130,64,1116,17,59861,29483,4,0,0,43,15,2211110130,17,59861,11123,7990,86,1150,579.0,665.8333333333334,-0.0869830123600812,-1.578091998994702,183630.8055555556,1130.0,355.0,775.0,1620,56,1096,234.0,405.0,0.8093560462813357,-1.0077398532512167,179579.0,580.0,59.0,521.0,1634046392.988797,0.0160229206085205,15.128152847290037
3949,0,1,0,0,3,2,1096,2211110130,1130,64,1116,17,59861,29483,4,0,0,43,15,2211110130,17,59861,11123,9120,86,1150,599.0,701.5384615384615,-0.2324417067812207,-1.563739160077165,184803.63313609464,1130.0,442.0,688.0,2716,56,1096,408.0,543.2,0.2071544701374441,-1.769443639312971,220060.16,1096.0,60.0,1036.0,1634046392.988797,0.0,15.128152847290037
3950,0,1,0,0,3,2,1096,2211110130,1130,64,1116,17,59861,29483,4,0,0,43,15,2211110130,17,59861,11123,10250,86,1150,864.5,732.1428571428571,-0.360866243963515,-1.5077078982989915,183779.5510204082,1130.0,444.0,686.0,3812,56,1096,752.0,635.3333333333334,-0.1605074531781218,-1.8235135666749624,225826.22222222225,1096.0,147.0,949.0,1634046392.988797,0.0,15.128152847290037
3951,0,1,0,0,3,2,1096,2211110130,1130,64,1116,17,59861,29483,4,0,0,43,15,2211110130,17,59861,11123,11380,86,1150,1130.0,758.6666666666666,-0.4762512076146104,-1.4239163333638067,181376.75555555557,1130.0,446.0,684.0,4908,56,1096,1096.0,701.1428571428571,-0.4318822664016841,-1.6757571502481872,219550.69387755095,1096.0,234.0,862.0,1634046392.989446,0.0006489753723144,15.128801822662352
3952,0,1,0,0,3,2,1096,2211110130,1130,64,1116,17,59861,29483,4,0,0,43,15,2211110130,17,59861,11123,12510,86,1150,1130.0,781.875,-0.581354074669572,-1.320719339976995,178120.109375,1130.0,448.0,682.0,6004,56,1096,1096.0,750.5,-0.6509806317027035,-1.442840442641403,209159.75,1096.0,321.0,775.0,1634046392.989446,0.0,15.128801822662352
3953,0,1,0,0,3,2,338,2211110130,372,64,358,17,59861,29483,4,0,0,43,15,2211110130,17,59861,11123,12882,86,1150,1130.0,757.7647058823529,-0.4349034624951381,-1.4648149470869878,176943.35640138408,1130.0,442.0,688.0,6342,56,1096,1096.0,704.6666666666666,-0.385416714502751,-1.667537397597127,202725.33333333337,1096.0,338.0,758.0,1634046392.989446,0.0,15.128801822662352
3954,0,1,0,0,2,3,60,3232270721,94,47,80,17,29483,59861,4,0,0,43,15,2211110130,17,59861,11123,12976,86,1150,864.5,720.8888888888889,-0.310039028338567,-1.5953565131325056,190230.20987654323,1130.0,389.5,740.5,6402,56,1096,752.0,640.2,-0.1519637406233009,-1.8204105748031536,219856.36,1096.0,129.5,966.5,1634046392.997969,0.0085229873657226,15.137324810028074
3955,0,1,0,0,2,3,56,3232270721,90,47,76,17,29483,59861,4,0,0,43,15,2211110130,17,59861,11123,13066,86,1150,599.0,687.6842105263158,-0.1969064340374529,-1.680139759728524,200064.00554016625,1130.0,233.0,897.0,6458,56,1096,408.0,587.0909090909091,0.0378371143681267,-1.8575000442884693,228075.173553719,1096.0,60.0,1036.0,1634046393.014133,0.0161640644073486,15.153488874435423
3956,0,1,0,0,2,3,60,3232270721,94,47,80,17,29483,59861,4,0,0,43,15,2211110130,17,59861,11123,13160,86,1150,579.0,658.0,-0.0931400820448185,-1.731180597470175,206802.7,1130.0,94.0,1036.0,6518,56,1096,373.0,543.1666666666666,0.1991197902366394,-1.8289216151613392,230291.6388888889,1096.0,60.0,1036.0,1634046393.014187,5.412101745605469e-05,15.153542995452879
3957,0,1,0,0,3,2,1096,2211110130,1130,64,1116,17,59861,29483,4,0,0,43,15,2211110130,17,59861,11123,1130,1130,1130,1130.0,1130.0,0.0,-3.0,0.0,1130.0,1130.0,0.0,7614,56,1096,408.0,585.6923076923077,0.0294922192448774,-1.8813094219244568,234278.05917159765,1096.0,60.0,1036.0,1634046393.023707,0.0095198154449462,15.163062810897825
3958,0,1,0,0,3,2,1096,2211110130,1130,64,1116,17,59861,29483,4,0,0,43,15,2211110130,17,59861,11123,2260,1130,1130,1130.0,1130.0,0.0,-3.0,0.0,1130.0,1130.0,0.0,8710,56,1096,752.0,622.1428571428571,-0.1153764211142052,-1.8773881761818052,234816.26530612243,1096.0,60.0,1036.0,1634046393.02481,0.0011031627655029,15.164165973663328
3959,0,1,0,0,3,2,1096,2211110130,1130,64,1116,17,59861,29483,4,0,0,43,15,2211110130,17,59861,11123,3390,1130,1130,1130.0,1130.0,0.0,-3.0,0.0,1130.0,1130.0,0.0,9806,56,1096,1096.0,653.7333333333333,-0.242397459846407,-1.8374688011625453,233133.2622222222,1096.0,60.0,1036.0,1634046393.02481,0.0,15.164165973663328
3960,0,1,0,0,3,2,1096,2211110130,1130,64,1116,17,59861,29483,4,0,0,43,15,2211110130,17,59861,11123,4520,1130,1130,1130.0,1130.0,0.0,-3.0,0.0,1130.0,1130.0,0.0,10902,56,1096,1096.0,681.375,-0.3559560873621809,-1.7731450127073825,230023.359375,1096.0,60.0,1036.0,1634046393.02481,0.0,15.164165973663328
3961,0,1,0,0,3,2,877,2211110130,911,64,897,17,59861,29483,4,0,0,43,15,2211110130,17,59861,11123,5431,911,1130,1130.0,1086.2,-1.500000000000001,0.2500000000000031,7673.76,1130.0,1130.0,0.0,11779,56,1096,1096.0,692.8823529411765,-0.4311313093117467,-1.6809998159891455,218611.28027681663,1096.0,60.0,1036.0,1634046393.025519,0.0007088184356689,15.164874792098997
3962,0,1,0,0,2,3,60,3232270721,94,47,80,17,29483,59861,4,0,0,43,15,2211110130,17,59861,11123,5525,94,1130,1130.0,920.8333333333334,-1.6272442739983357,0.8649476935133302,143125.47222222222,1130.0,965.75,164.25,11839,56,1096,986.5,657.7222222222222,-0.2918396001226171,-1.795995667317993,227482.20061728396,1096.0,60.0,1036.0,1634046393.03014,0.0046210289001464,15.169495820999144
3963,0,1,0,0,3,2,408,2211110130,442,64,428,17,59861,29483,4,0,0,43,15,2211110130,17,59861,11123,5967,94,1130,1130.0,852.4285714285714,-1.02420537424384,-0.592506826669327,150754.2448979592,1130.0,676.5,453.5,12247,56,1096,877.0,644.578947368421,-0.2171289844939217,-1.7898743775697274,218618.8753462604,1096.0,60.0,1036.0,1634046393.036417,0.0062770843505859,15.17577290534973
3964,0,1,0,0,2,3,60,3232270721,94,47,80,17,29483,59861,4,0,0,43,15,2211110130,17,59861,11123,6061,94,1130,1020.5,757.625,-0.5898932215692759,-1.4347552499452467,194823.984375,1130.0,355.0,775.0,12307,56,1096,642.5,615.35,-0.1077167849310345,-1.8372373083208775,223920.2275,1096.0,60.0,1036.0,1634046393.053541,0.0171239376068115,15.192896842956541
3965,0,1,0,0,3,2,60,2211110130,94,64,80,17,59861,29483,4,0,0,43,15,2211110130,17,59861,11123,6155,94,1130,911.0,683.8888888888889,-0.2898444426053609,-1.7509390723429092,216672.98765432095,1130.0,94.0,1036.0,60,60,60,60.0,60.0,0.0,-3.0,0.0,60.0,60.0,0.0,1634046393.060923,0.0073821544647216,15.200278997421263
3966,0,1,0,0,3,2,1096,2211110130,1130,64,1116,17,59861,29483,4,0,0,43,15,2211110130,17,59861,11123,7285,94,1130,1020.5,728.5,-0.4683695706488101,-1.6235079692924277,212917.05,1130.0,181.0,949.0,1156,60,1096,578.0,578.0,0.0,-2.0,268324.0,837.0,319.0,518.0,1634046393.060923,0.0,15.200278997421263
3967,0,1,0,0,3,2,1096,2211110130,1130,64,1116,17,59861,29483,4,0,0,43,15,2211110130,17,59861,11123,8415,94,1130,1130.0,765.0,-0.6232827515438294,-1.4580071470393745,206883.45454545456,1130.0,268.0,862.0,2252,60,1096,1096.0,750.6666666666666,-0.7071067811865472,-1.5,238510.22222222225,1096.0,578.0,518.0,1634046393.060923,0.0,15.200278997421263
3968,0,1,0,0,3,2,1096,2211110130,1130,64,1116,17,59861,29483,4,0,0,43,15,2211110130,17,59861,11123,9545,94,1130,1130.0,795.4166666666666,-0.7609842349885696,-1.2684454983171982,199820.07638888888,1130.0,355.0,775.0,3348,60,1096,1096.0,837.0,-1.1547005383792517,-0.6666666666666665,201243.0,1096.0,837.0,259.0,1634046393.0617,0.0007770061492919,15.201056003570555
3969,0,1,0,0,3,2,462,2211110130,496,64,482,17,59861,29483,4,0,0,43,15,2211110130,17,59861,11123,10041,94,1130,1130.0,772.3846153846154,-0.6192017788024532,-1.3775213510650202,190815.0059171598,1130.0,442.0,688.0,3810,60,1096,1096.0,762.0,-0.6645350497320371,-1.2875655619581368,183494.4,1096.0,462.0,634.0,1634046393.0617,0.0,15.201056003570555
3970,0,1,0,0,3,2,408,2211110130,442,64,428,17,59861,29483,4,0,0,43,15,2211110130,17,59861,11123,10483,94,1130,1020.5,748.7857142857143,-0.4726148907513791,-1.4841957426054464,184425.16836734692,1130.0,442.0,688.0,4218,60,1096,779.0,703.0,-0.2926544603232455,-1.5437847387361388,170317.0,1096.0,421.5,674.5,1634046393.081051,0.0193510055541992,15.220407009124754
3971,0,1,0,0,2,3,60,3232270721,94,47,80,17,29483,59861,4,0,0,43,15,2211110130,17,59861,11123,10577,94,1130,911.0,705.1333333333333,-0.3106059703089857,-1.6517216419015783,198807.58222222215,1130.0,268.0,862.0,4278,60,1096,462.0,611.1428571428571,-0.0075035973428362,-1.6971933887111723,196612.4081632653,1096.0,234.0,862.0,1634046393.083958,0.0029067993164062,15.22331380844116
3972,0,1,0,0,3,2,1096,2211110130,1130,64,1116,17,59861,29483,4,0,0,43,15,2211110130,17,59861,11123,11707,94,1130,1020.5,731.6875,-0.4201801056626921,-1.580582283280729,196958.96484375,1130.0,355.0,775.0,5374,60,1096,779.0,671.75,-0.2558889671661646,-1.6687389544218247,197748.4375,1096.0,321.0,775.0,1634046393.095641,0.0116829872131347,15.234996795654295
3973,0,1,0,0,3,2,1096,2211110130,1130,64,1116,17,59861,29483,4,0,0,43,15,2211110130,17,59861,11123,12837,94,1130,1130.0,755.1176470588235,-0.5202777738877855,-1.492270869838503,194156.69204152247,1130.0,442.0,688.0,6470,60,1096,1096.0,718.8888888888889,-0.4579253634555266,-1.5414713816483,193552.987654321,1096.0,408.0,688.0,1634046393.095641,0.0,15.234996795654295
3974,0,1,0,0,3,2,1096,2211110130,1130,64,1116,17,59861,29483,4,0,0,43,15,2211110130,17,59861,11123,13967,94,1130,1130.0,775.9444444444445,-0.6126529202044363,-1.3912544349190874,190744.05246913584,1130.0,442.0,688.0,7566,60,1096,1096.0,756.6,-0.6299587858809536,-1.36176860091735,186996.84,1096.0,421.5,674.5,1634046393.095641,0.0,15.234996795654295
3975,0,1,0,0,3,2,1116,2211110130,1150,64,1136,17,59861,29483,4,0,0,43,15,2211110130,17,59861,11123,15117,94,1150,1130.0,795.6315789473684,-0.6972188215133035,-1.2821855864843956,187681.39058171745,1130.0,442.0,688.0,8682,60,1116,1096.0,789.2727272727273,-0.7791233749693433,-1.1540687467052375,180672.19834710748,1096.0,435.0,661.0,1634046393.098439,0.0027980804443359,15.237794876098631
3976,0,1,0,0,3,2,1096,2211110130,1130,64,1116,17,59861,29483,4,0,0,43,15,2211110130,17,59861,11123,16247,94,1150,1130.0,812.35,-0.7778732545401711,-1.1640595603370012,183607.9275,1130.0,442.0,688.0,9778,60,1116,1096.0,814.8333333333334,-0.9147545538896504,-0.923284281340608,172802.97222222222,1096.0,448.5,647.5,1634046393.098439,0.0,15.237794876098631
3977,0,1,0,0,3,2,309,2211110130,343,64,329,17,59861,29483,4,0,0,43,15,2211110130,17,59861,11123,343,343,343,343.0,343.0,0.0,-3.0,0.0,343.0,343.0,0.0,10087,60,1116,1096.0,775.9230769230769,-0.665088737084295,-1.324047342939042,177678.5325443787,1096.0,408.0,688.0,1634046393.098439,0.0,15.237794876098631
3978,0,1,0,0,3,2,408,2211110130,442,64,428,17,59861,29483,4,0,0,43,15,2211110130,17,59861,11123,785,343,442,392.5,392.5,0.0,-2.0,2450.25,417.25,367.75,49.5,10495,60,1116,1096.0,749.6428571428571,-0.4972123038804329,-1.4825221064317142,173965.65816326533,1096.0,408.0,688.0,1634046393.098439,0.0,15.237794876098631
3979,0,1,0,0,2,3,60,3232270721,94,47,80,17,29483,59861,4,0,0,43,15,2211110130,17,59861,11123,879,94,442,343.0,293.0,-0.4724485382146473,-1.5,21434.0,392.5,218.5,174.0,10555,60,1116,1096.0,703.6666666666666,-0.344390426984117,-1.6382951778836632,191961.28888888893,1096.0,358.5,737.5,1634046393.100346,0.0019071102142333,15.239701986312864
3980,0,1,0,0,3,2,1096,2211110130,1130,64,1116,17,59861,29483,4,0,0,43,15,2211110130,17,59861,11123,2009,94,1130,392.5,502.25,0.7731838695304667,-0.8868733860221516,147432.1875,614.0,280.75,333.25,11651,60,1116,1096.0,728.1875,-0.4539836846820216,-1.558052229413871,188982.77734375,1096.0,383.25,712.75,1634046393.105141,0.0047948360443115,15.244496822357176
3981,0,1,0,0,3,2,1096,2211110130,1130,64,1116,17,59861,29483,4,0,0,43,15,2211110130,17,59861,11123,3139,94,1130,442.0,627.8,0.1862209044685662,-1.6802309879051054,180996.96,1130.0,343.0,787.0,12747,60,1116,1096.0,749.8235294117648,-0.554091271512392,-1.4616862198243925,185356.0276816609,1096.0,408.0,688.0,1634046393.105141,0.0,15.244496822357176
3982,0,1,0,0,3,2,1096,2211110130,1130,64,1116,17,59861,29483,4,0,0,43,15,2211110130,17,59861,11123,4269,94,1130,786.0,711.5,-0.1771756573261793,-1.740079647312465,185859.25,1130.0,367.75,762.25,13843,60,1116,1096.0,769.0555555555555,-0.6464936852485353,-1.353383684709266,181346.274691358,1096.0,408.0,688.0,1634046393.106882,0.0017411708831787,15.246237993240355
3983,0,1,0,0,3,2,1096,2211110130,1130,64,1116,17,59861,29483,4,0,0,43,15,2211110130,17,59861,11123,5399,94,1130,1130.0,771.2857142857143,-0.4467347947372495,-1.5918329158078106,180753.9183673469,1130.0,392.5,737.5,14939,60,1116,1096.0,786.2631578947369,-0.7325096158320531,-1.2359976384306255,177131.5623268698,1096.0,408.0,688.0,1634046393.106882,0.0,15.246237993240355
3984,0,1,0,0,3,2,1096,2211110130,1130,64,1116,17,59861,29483,4,0,0,43,15,2211110130,17,59861,11123,6529,94,1130,1130.0,816.125,-0.6649276057765667,-1.355973001018707,172233.609375,1130.0,417.25,712.75,16035,60,1116,1096.0,801.75,-0.8131422605278951,-1.111539213440074,172831.9875,1096.0,408.0,688.0,1634046393.106882,0.0,15.246237993240355
3985,0,1,0,0,3,2,684,2211110130,718,64,704,17,59861,29483,4,0,0,43,15,2211110130,17,59861,11123,7247,94,1130,1130.0,805.2222222222222,-0.6171208664090646,-1.246001490049322,154047.5061728395,1130.0,442.0,688.0,684,684,684,684.0,684.0,0.0,-3.0,0.0,684.0,684.0,0.0,1634046393.107441,0.000558853149414,15.246796846389769
3986,0,1,0,0,2,3,60,3232270721,94,47,80,17,29483,59861,4,0,0,43,15,2211110130,17,59861,11123,7341,94,1130,924.0,734.1,-0.378340002097411,-1.557508176688025,184168.09,1130.0,367.75,762.25,744,60,684,372.0,372.0,0.0,-2.0,97344.0,528.0,216.0,312.0,1634046393.118147,0.0107059478759765,15.257502794265745
3987,0,1,0,0,2,3,60,3232270721,94,47,80,17,29483,59861,4,0,0,43,15,2211110130,17,59861,11123,7435,94,1130,718.0,675.9090909090909,-0.1737391275743733,-1.716899175202508,201287.35537190083,1130.0,218.5,911.5,804,60,684,60.0,268.0,0.7071067811865476,-1.5,86528.0,372.0,60.0,312.0,1634046393.135886,0.0177390575408935,15.275241851806639
3988,0,1,0,0,3,2,408,2211110130,442,64,428,17,59861,29483,4,0,0,43,15,2211110130,17,59861,11123,7877,94,1130,580.0,656.4166666666666,-0.0537702223096212,-1.6763056849454334,188692.90972222225,1130.0,280.75,849.25,1212,60,684,234.0,303.0,0.386584984073852,-1.5023956332461033,68571.0,477.0,60.0,417.0,1634046393.148672,0.0127861499786376,15.288028001785277
3989,0,1,0,0,3,2,52,2211110130,86,64,72,17,59861,29483,4,0,0,43,15,2211110130,17,59861,11123,7963,86,1130,442.0,612.5384615384615,0.0879698264668492,-1.6968465458797743,197281.63313609464,1130.0,94.0,1036.0,1264,52,684,60.0,252.8,0.7430992908218575,-1.1246161676770436,64936.96,408.0,60.0,348.0,1634046393.148672,0.0,15.288028001785277
3990,0,1,0,0,3,2,1096,2211110130,1130,64,1116,17,59861,29483,4,0,0,43,15,2211110130,17,59861,11123,9093,86,1130,580.0,649.5,-0.0585909309894208,-1.7283941971860293,200950.10714285716,1130.0,156.25,973.75,2360,52,1096,234.0,393.3333333333333,0.7185125888408223,-0.9373684715723029,152862.22222222225,615.0,60.0,555.0,1634046393.148672,0.0,15.288028001785277
3991,0,1,0,0,3,2,1096,2211110130,1130,64,1116,17,59861,29483,4,0,0,43,15,2211110130,17,59861,11123,10223,86,1130,718.0,681.5333333333333,-0.1870041908087505,-1.714565256037068,201919.3155555556,1130.0,218.5,911.5,3456,52,1096,408.0,493.7142857142857,0.3305223914303515,-1.5452512719334597,191482.77551020405,890.0,60.0,830.0,1634046393.149298,0.0006258487701416,15.288653850555418
3992,0,1,0,0,3,2,1096,2211110130,1130,64,1116,17,59861,29483,4,0,0,43,15,2211110130,17,59861,11123,11353,86,1130,924.0,709.5625,-0.3016543543837021,-1.670383016171811,201083.87109375,1130.0,280.75,849.25,4552,52,1096,546.0,569.0,0.0457220765670971,-1.7251911379433056,207223.0,1096.0,60.0,1036.0,1634046393.149298,0.0,15.288653850555418
3993,0,1,0,0,3,2,1037,2211110130,1071,64,1057,17,59861,29483,4,0,0,43,15,2211110130,17,59861,11123,12424,86,1130,1071.0,730.8235294117648,-0.4060424458079211,-1.5992734808649092,196487.91003460207,1130.0,343.0,787.0,5589,52,1096,684.0,621.0,-0.1823375529374946,-1.721036062179474,205830.22222222225,1096.0,60.0,1036.0,1634046393.149298,0.0,15.288653850555418
3994,0,1,0,0,2,3,52,3232270721,86,47,72,17,29483,59861,4,0,0,43,15,2211110130,17,59861,11123,12510,86,1130,894.5,695.0,-0.2748871962202999,-1.712847851587352,207388.44444444444,1130.0,156.25,973.75,5641,52,1096,546.0,564.1,0.0305597496944541,-1.786722985226611,214385.69,1081.25,60.0,1021.25,1634046393.167609,0.0183110237121582,15.306964874267576
3995,0,1,0,0,3,2,60,2211110130,94,64,80,17,59861,29483,4,0,0,43,15,2211110130,17,59861,11123,12604,86,1130,718.0,663.3684210526316,-0.1574067925680215,-1.781682010440315,214483.2853185596,1130.0,94.0,1036.0,5701,52,1096,408.0,518.2727272727273,0.2082460422383382,-1.7627731356523997,215897.47107438016,1066.5,60.0,1006.5,1634046393.17026,0.0026509761810302,15.309615850448607
3996,0,1,0,0,3,2,1096,2211110130,1130,64,1116,17,59861,29483,4,0,0,43,15,2211110130,17,59861,11123,13734,86,1130,894.5,686.7,-0.2500534828982805,-1.7515833166515862,214102.01,1130.0,94.0,1036.0,6797,52,1096,546.0,566.4166666666666,0.0269012162050739,-1.8281027234706648,223402.24305555556,1096.0,60.0,1036.0,1634046393.170859,0.0005991458892822,15.310214996337889
3997,0,1,0,0,3,2,1096,2211110130,1130,64,1116,17,59861,29483,4,0,0,43,15,2211110130,17,59861,11123,1130,1130,1130,1130.0,1130.0,0.0,-3.0,0.0,1130.0,1130.0,0.0,7893,52,1096,684.0,607.1538461538462,-0.1269968643880021,-1.8264499438216368,226131.66863905324,1096.0,60.0,1036.0,1634046393.170859,0.0,15.310214996337889
3998,0,1,0,0,3,2,1096,2211110130,1130,64,1116,17,59861,29483,4,0,0,43,15,2211110130,17,59861,11123,2260,1130,1130,1130.0,1130.0,0.0,-3.0,0.0,1130.0,1130.0,0.0,8989,52,1096,860.5,642.0714285714286,-0.2612382782066039,-1.783015713654423,225829.49489795923,1096.0,60.0,1036.0,1634046393.170859,0.0,15.310214996337889
3999,0,1,0,0,3,2,1096,2211110130,1130,64,1116,17,59861,29483,4,0,0,43,15,2211110130,17,59861,11123,3390,1130,1130,1130.0,1130.0,0.0,-3.0,0.0,1130.0,1130.0,0.0,10085,52,1096,1037.0,672.3333333333334,-0.3807654068700133,-1.7118370781552834,223595.1555555556,1096.0,60.0,1036.0,1634046393.170859,0.0,15.310214996337889
4000,0,1,0,0,3,2,1096,2211110130,1130,64,1116,17,59861,29483,4,0,0,43,15,2211110130,17,59861,11123,4520,1130,1130,1130.0,1130.0,0.0,-3.0,0.0,1130.0,1130.0,0.0,11181,52,1096,1066.5,698.8125,-0.4888821964166595,-1.621320560055357,220137.65234375,1096.0,60.0,1036.0,1634046393.171471,0.0006120204925537,15.310827016830443
4001,0,1,0,0,3,2,144,2211110130,178,64,164,17,59861,29483,4,0,0,43,15,2211110130,17,59861,11123,4698,178,1130,1130.0,939.6,-1.5000000000000004,0.2500000000000013,145008.63999999998,1130.0,1130.0,0.0,11325,52,1096,1037.0,666.1764705882352,-0.3351080433737237,-1.7594057315018805,224230.1453287197,1096.0,60.0,1036.0,1634046393.171471,0.0,15.310827016830443
4002,0,1,0,0,2,3,60,3232270721,94,47,80,17,29483,59861,4,0,0,43,15,2211110130,17,59861,11123,4792,94,1130,1130.0,798.6666666666666,-0.7155922422061483,-1.4760155163402855,220151.55555555556,1130.0,416.0,714.0,11385,52,1096,860.5,632.5,-0.2034712489796428,-1.8424879079575749,231052.69444444444,1096.0,60.0,1036.0,1634046393.171572,0.0001008510589599,15.310927867889403
4003,0,1,0,0,3,2,408,2211110130,442,64,428,17,59861,29483,4,0,0,43,15,2211110130,17,59861,11123,5234,94,1130,1130.0,747.7142857142857,-0.4167975280235594,-1.6917969638009676,204278.20408163263,1130.0,310.0,820.0,11793,52,1096,684.0,620.6842105263158,-0.1358644048222937,-1.8204639348747629,221405.0581717452,1096.0,60.0,1036.0,1634046393.173173,0.0016009807586669,15.31252884864807
4004,0,1,0,0,3,2,56,2211110130,90,64,76,17,59861,29483,4,0,0,43,15,2211110130,17,59861,11123,5324,90,1130,786.0,665.5,-0.1202590090858272,-1.8709985191505327,226057.75,1130.0,157.0,973.0,11849,52,1096,546.0,592.45,-0.031084436638327,-1.8482113692738749,225481.0475,1096.0,60.0,1036.0,1634046393.188784,0.015610933303833,15.328139781951903
4005,0,1,0,0,2,3,56,3232270721,90,47,76,17,29483,59861,4,0,0,43,15,2211110130,17,59861,11123,5414,90,1130,442.0,601.5555555555555,0.1099319488213347,-1.8844939048245133,233651.35802469135,1130.0,94.0,1036.0,56,56,56,56.0,56.0,0.0,-3.0,0.0,56.0,56.0,0.0,1634046393.206658,0.017874002456665,15.346013784408568
4006,0,1,0,0,2,3,60,3232270721,94,47,80,17,29483,59861,4,0,0,43,15,2211110130,17,59861,11123,5508,90,1130,310.0,550.8,0.2994364829899151,-1.81325751941758,233471.36,1130.0,94.0,1036.0,116,56,60,58.0,58.0,0.0,-2.0,4.0,59.0,57.0,2.0,1634046393.206713,5.507469177246094e-05,15.34606885910034
4007,0,1,0,0,2,3,52,3232270721,86,48,72,17,10001,59861,4,0,0,43,15,2211110130,17,59861,11123,5594,86,1130,178.0,508.54545454545456,0.4604590428405355,-1.6935453060871275,230101.1570247934,1130.0,92.0,1038.0,168,52,60,56.0,56.0,0.0,-1.5,10.666666666666666,58.0,54.0,4.0,1634046393.217917,0.0112040042877197,15.35727286338806
4008,0,1,0,0,2,3,60,3232270721,94,47,80,17,29483,59861,4,0,0,43,15,2211110130,17,59861,11123,5688,86,1130,136.0,474.0,0.6026498862289892,-1.5439245725434276,224053.3333333333,1130.0,93.0,1037.0,228,52,60,58.0,57.0,-0.4933822002181586,-1.371900826446281,11.0,60.0,55.0,5.0,1634046393.222385,0.0044679641723632,15.361740827560423
4009,0,1,0,0,3,2,1096,2211110130,1130,64,1116,17,59861,29483,4,0,0,43,15,2211110130,17,59861,11123,6818,86,1130,178.0,524.4615384615385,0.3860646637552418,-1.7741618915536548,237374.86390532544,1130.0,94.0,1036.0,1324,52,1096,60.0,264.8,1.4998087555937116,0.2497456813533363,172732.16,60.0,56.0,4.0,1634046393.227218,0.0048329830169677,15.36657381057739
4010,0,1,0,0,3,2,1096,2211110130,1130,64,1116,17,59861,29483,4,0,0,43,15,2211110130,17,59861,11123,7948,86,1130,310.0,567.7142857142857,0.2104605043071375,-1.888389897252874,244739.91836734692,1130.0,94.0,1036.0,2420,52,1096,60.0,403.3333333333333,0.7070094129498725,-1.4999997102700129,239900.8888888889,837.0,57.0,780.0,1634046393.227926,0.0007081031799316,15.367281913757322
4011,0,1,0,0,3,2,1096,2211110130,1130,64,1116,17,59861,29483,4,0,0,43,15,2211110130,17,59861,11123,9078,86,1130,442.0,605.2,0.0621620536345175,-1.9348412484847992,248096.42666666667,1130.0,94.0,1036.0,3516,52,1096,60.0,502.2857142857143,0.2886029943379757,-1.916610928918496,264378.77551020414,1096.0,58.0,1038.0,1634046393.228498,0.0005719661712646,15.367853879928587
4012,0,1,0,0,3,2,911,2211110130,945,64,931,17,59861,29483,4,0,0,43,15,2211110130,17,59861,11123,10023,86,1130,693.5,626.4375,-0.047870875873128,-1.915604827405104,239355.87109375,1130.0,94.0,1036.0,4427,52,1096,485.5,553.375,0.0358695965635027,-1.9580088329751912,249602.234375,1096.0,59.0,1037.0,1634046393.229236,0.0007379055023193,15.368591785430906
4013,0,1,0,0,3,2,1116,2211110130,1150,64,1136,17,59861,29483,4,0,0,43,15,2211110130,17,59861,11123,11173,86,1150,945.0,657.2352941176471,-0.1618146030953879,-1.895261385020204,240452.17993079583,1130.0,94.0,1036.0,5543,52,1116,911.0,615.8888888888889,-0.1880750118858662,-1.9250799523314144,253132.54320987652,1096.0,60.0,1036.0,1634046393.24793,0.0186941623687744,15.38728594779968
4014,0,1,0,0,3,2,408,2211110130,442,64,428,17,59861,29483,4,0,0,43,15,2211110130,17,59861,11123,11615,86,1150,693.5,645.2777777777778,-0.0940130604543683,-1.8657814136942288,229524.42283950615,1130.0,94.0,1036.0,5951,52,1116,659.5,595.1,-0.0716892604443138,-1.8655061666208237,231708.89000000004,1096.0,60.0,1036.0,1634046393.24793,0.0,15.38728594779968
4015,0,1,0,0,3,2,1096,2211110130,1130,64,1116,17,59861,29483,4,0,0,43,15,2211110130,17,59861,11123,12745,86,1150,945.0,670.7894736842105,-0.1946673512070111,-1.8422751029600093,229159.4293628809,1130.0,94.0,1036.0,7047,52,1116,911.0,640.6363636363636,-0.2475053273578066,-1.8189416856035696,231380.0495867769,1096.0,60.0,1036.0,1634046393.256989,0.0090589523315429,15.396344900131224
4016,0,1,0,0,3,2,1096,2211110130,1130,64,1116,17,59861,29483,4,0,0,43,15,2211110130,17,59861,11123,13875,86,1150,1037.5,693.75,-0.286593634181359,-1.8020543166786152,227717.9875,1130.0,94.0,1036.0,8143,52,1116,1003.5,678.5833333333334,-0.3986812512645667,-1.726648651020185,227938.0763888889,1096.0,60.0,1036.0,1634046393.257696,0.0007069110870361,15.39705181121826
4017,0,1,0,0,3,2,1096,2211110130,1130,64,1116,17,59861,29483,4,0,0,43,15,2211110130,17,59861,11123,1130,1130,1130,1130.0,1130.0,0.0,-3.0,0.0,1130.0,1130.0,0.0,9239,52,1116,1096.0,710.6923076923077,-0.5320725171525927,-1.6054480437193197,222776.21301775143,1096.0,60.0,1036.0,1634046393.257696,0.0,15.39705181121826
4018,0,1,0,0,3,2,1096,2211110130,1130,64,1116,17,59861,29483,4,0,0,43,15,2211110130,17,59861,11123,2260,1130,1130,1130.0,1130.0,0.0,-3.0,0.0,1130.0,1130.0,0.0,10335,52,1116,1096.0,738.2142857142857,-0.6520217432209252,-1.464823850611914,216710.59693877547,1096.0,147.0,949.0,1634046393.258386,0.0006899833679199,15.39774179458618
4019,0,1,0,0,3,2,1096,2211110130,1130,64,1116,17,59861,29483,4,0,0,43,15,2211110130,17,59861,11123,3390,1130,1130,1130.0,1130.0,0.0,-3.0,0.0,1130.0,1130.0,0.0,11431,52,1116,1096.0,762.0666666666667,-0.7614457744795347,-1.3105249393660032,210228.3288888888,1096.0,234.0,862.0,1634046393.258386,0.0,15.39774179458618
4020,0,1,0,0,3,2,117,2211110130,151,64,137,17,59861,29483,4,0,0,43,15,2211110130,17,59861,11123,3541,151,1130,1130.0,885.25,-1.1547005383792517,-0.6666666666666665,179707.6875,1130.0,885.25,244.75,11548,52,1116,1096.0,721.75,-0.5635195280763536,-1.5894016911519742,221470.5625,1096.0,102.75,993.25,1634046393.258386,0.0,15.39774179458618
4021,0,1,0,0,3,2,408,2211110130,442,64,428,17,59861,29483,4,0,0,43,15,2211110130,17,59861,11123,3983,151,1130,1130.0,796.6,-0.5522545145375968,-1.52356930306322,175201.44,1130.0,442.0,688.0,11956,52,1116,1096.0,703.2941176470588,-0.4573889675511682,-1.6467501911511953,213892.79584775085,1096.0,117.0,979.0,1634046393.274437,0.0160510540008544,15.413792848587034
4022,0,1,0,0,2,3,60,3232270721,94,47,80,17,29483,59861,4,0,0,43,15,2211110130,17,59861,11123,4077,94,1130,786.0,679.5,-0.1466329551462139,-1.833258902107545,214563.25,1130.0,223.75,906.25,12016,52,1116,1003.5,667.5555555555555,-0.3164786368783717,-1.771631710420041,223723.02469135803,1096.0,74.25,1021.75,1634046393.28314,0.0087029933929443,15.422495841979979
4023,0,1,0,0,3,2,60,2211110130,94,64,80,17,59861,29483,4,0,0,43,15,2211110130,17,59861,11123,4171,94,1130,442.0,595.8571428571429,0.149979769921697,-1.849889118186344,225888.1224489796,1130.0,122.5,1007.5,12076,52,1116,911.0,635.578947368421,-0.1935622346143575,-1.8453995633649305,230353.1911357341,1096.0,60.0,1036.0,1634046393.293561,0.0104210376739501,15.432916879653929
4024,0,1,0,0,3,2,408,2211110130,442,64,428,17,59861,29483,4,0,0,43,15,2211110130,17,59861,11123,4613,94,1130,442.0,576.625,0.2811694637731894,-1.6803610751329228,200241.234375,1130.0,136.75,993.25,12484,52,1116,659.5,624.2,-0.1283687118266669,-1.824695837729073,221295.66,1096.0,60.0,1036.0,1634046393.298713,0.0051519870758056,15.438068866729735
4025,0,1,0,0,3,2,1096,2211110130,1130,64,1116,17,59861,29483,4,0,0,43,15,2211110130,17,59861,11123,5743,94,1130,442.0,638.1111111111111,0.0271491488887772,-1.7989446542550045,208236.5432098765,1130.0,151.0,979.0,1096,1096,1096,1096.0,1096.0,0.0,-3.0,0.0,1096.0,1096.0,0.0,1634046393.308199,0.0094859600067138,15.447554826736448
4026,0,1,0,0,3,2,1096,2211110130,1130,64,1116,17,59861,29483,4,0,0,43,15,2211110130,17,59861,11123,6873,94,1130,786.0,687.3,-0.1752247001957861,-1.7892414599219602,209188.81,1130.0,223.75,906.25,2192,1096,1096,1096.0,1096.0,0.0,-3.0,0.0,1096.0,1096.0,0.0,1634046393.308199,0.0,15.447554826736448
4027,0,1,0,0,3,2,1096,2211110130,1130,64,1116,17,59861,29483,4,0,0,43,15,2211110130,17,59861,11123,8003,94,1130,1130.0,727.5454545454545,-0.3449095133060058,-1.711959634778587,206368.61157024797,1130.0,296.5,833.5,3288,1096,1096,1096.0,1096.0,0.0,-3.0,0.0,1096.0,1096.0,0.0,1634046393.308199,0.0,15.447554826736448
4028,0,1,0,0,3,2,1096,2211110130,1130,64,1116,17,59861,29483,4,0,0,43,15,2211110130,17,59861,11123,9133,94,1130,1130.0,761.0833333333334,-0.4920837407419694,-1.594741790104255,201543.90972222225,1130.0,369.25,760.75,4384,1096,1096,1096.0,1096.0,0.0,-3.0,0.0,1096.0,1096.0,0.0,1634046393.308808,0.0006091594696044,15.448163986206053
4029,0,1,0,0,3,2,1096,2211110130,1130,64,1116,17,59861,29483,4,0,0,43,15,2211110130,17,59861,11123,10263,94,1130,1130.0,789.4615384615385,-0.6228101331607919,-1.4519692689128063,195704.402366864,1130.0,442.0,688.0,5480,1096,1096,1096.0,1096.0,0.0,-3.0,0.0,1096.0,1096.0,0.0,1634046393.308808,0.0,15.448163986206053
4030,0,1,0,0,3,2,1096,2211110130,1130,64,1116,17,59861,29483,4,0,0,43,15,2211110130,17,59861,11123,11393,94,1130,1130.0,813.7857142857143,-0.7409807947194135,-1.291860374976419,189417.16836734695,1130.0,442.0,688.0,6576,1096,1096,1096.0,1096.0,0.0,-3.0,0.0,1096.0,1096.0,0.0,1634046393.30983,0.0010218620300292,15.449185848236082
4031,0,1,0,0,3,2,1096,2211110130,1130,64,1116,17,59861,29483,4,0,0,43,15,2211110130,17,59861,11123,12523,94,1130,1130.0,834.8666666666667,-0.8492395220128452,-1.1194514727410223,183011.0488888888,1130.0,442.0,688.0,7672,1096,1096,1096.0,1096.0,0.0,-3.0,0.0,1096.0,1096.0,0.0,1634046393.30983,0.0,15.449185848236082
4032,0,1,0,0,3,2,1096,2211110130,1130,64,1116,17,59861,29483,4,0,0,43,15,2211110130,17,59861,11123,13653,94,1130,1130.0,853.3125,-0.949463095838643,-0.9380007309296344,176676.58984375,1130.0,442.0,688.0,8768,1096,1096,1096.0,1096.0,0.0,-3.0,0.0,1096.0,1096.0,0.0,1634046393.30983,0.0,15.449185848236082
4033,0,1,0,0,3,2,1096,2211110130,1130,64,1116,17,59861,29483,4,0,0,43,15,2211110130,17,59861,11123,14783,94,1130,1130.0,869.5882352941177,-1.043031722230028,-0.749709122276899,170522.24221453286,1130.0,442.0,688.0,9864,1096,1096,1096.0,1096.0,0.0,-3.0,0.0,1096.0,1096.0,0.0,1634046393.30983,0.0,15.449185848236082
4034,0,1,0,0,3,2,1096,2211110130,1130,64,1116,17,59861,29483,4,0,0,43,15,2211110130,17,59861,11123,15913,94,1130,1130.0,884.0555555555555,-1.1309902256729767,-0.556116980937825,164606.94135802466,1130.0,614.0,516.0,10960,1096,1096,1096.0,1096.0,0.0,-3.0,0.0,1096.0,1096.0,0.0,1634046393.310349,0.0005190372467041,15.449704885482786
4035,0,1,0,0,3,2,1096,2211110130,1130,64,1116,17,59861,29483,4,0,0,43,15,2211110130,17,59861,11123,17043,94,1130,1130.0,897.0,-1.2141488609149909,-0.3583345397047877,158959.47368421053,1130.0,786.0,344.0,12056,1096,1096,1096.0,1096.0,0.0,-3.0,0.0,1096.0,1096.0,0.0,1634046393.310349,0.0,15.449704885482786
4036,0,1,0,0,3,2,1096,2211110130,1130,64,1116,17,59861,29483,4,0,0,43,15,2211110130,17,59861,11123,18173,94,1130,1130.0,908.65,-1.2931489345262832,-0.1571822377638931,153590.22749999995,1130.0,958.0,172.0,13152,1096,1096,1096.0,1096.0,0.0,-3.0,0.0,1096.0,1096.0,0.0,1634046393.314321,0.003972053527832,15.453676939010618
4037,0,1,0,0,3,2,1096,2211110130,1130,64,1116,17,59861,29483,4,0,0,43,15,2211110130,17,59861,11123,1130,1130,1130,1130.0,1130.0,0.0,-3.0,0.0,1130.0,1130.0,0.0,14248,1096,1096,1096.0,1096.0,0.0,-3.0,0.0,1096.0,1096.0,0.0,1634046393.314321,0.0,15.453676939010618
4038,0,1,0,0,3,2,1096,2211110130,1130,64,1116,17,59861,29483,4,0,0,43,15,2211110130,17,59861,11123,2260,1130,1130,1130.0,1130.0,0.0,-3.0,0.0,1130.0,1130.0,0.0,15344,1096,1096,1096.0,1096.0,0.0,-3.0,0.0,1096.0,1096.0,0.0,1634046393.314321,0.0,15.453676939010618
4039,0,1,0,0,3,2,1096,2211110130,1130,64,1116,17,59861,29483,4,0,0,43,15,2211110130,17,59861,11123,3390,1130,1130,1130.0,1130.0,0.0,-3.0,0.0,1130.0,1130.0,0.0,16440,1096,1096,1096.0,1096.0,0.0,-3.0,0.0,1096.0,1096.0,0.0,1634046393.314321,0.0,15.453676939010618
4040,0,1,0,0,3,2,1096,2211110130,1130,64,1116,17,59861,29483,4,0,0,43,15,2211110130,17,59861,11123,4520,1130,1130,1130.0,1130.0,0.0,-3.0,0.0,1130.0,1130.0,0.0,17536,1096,1096,1096.0,1096.0,0.0,-3.0,0.0,1096.0,1096.0,0.0,1634046393.314321,0.0,15.453676939010618
4041,0,1,0,0,2,3,60,3232270721,94,47,80,17,29483,59861,4,0,0,43,15,2211110130,17,59861,11123,4614,94,1130,1130.0,922.8,-1.4999999999999996,0.2499999999999986,171727.36000000002,1130.0,1130.0,0.0,17596,60,1096,1096.0,1035.0588235294117,-3.749999999999999,12.062499999999998,59421.23183391004,1096.0,1096.0,0.0,1634046393.316598,0.0022768974304199,15.455953836441038
4042,0,1,0,0,3,2,1116,2211110130,1150,64,1136,17,59861,29483,4,0,0,43,15,2211110130,17,59861,11123,5764,94,1150,1130.0,960.6666666666666,-1.787415105428971,1.197465212514108,150275.55555555553,1130.0,1130.0,0.0,18712,60,1116,1096.0,1039.5555555555557,-3.878117093396442,13.047088435632755,56463.80246913581,1096.0,1096.0,0.0,1634046393.331477,0.0148789882659912,15.47083282470703
4043,0,1,0,0,3,2,1096,2211110130,1130,64,1116,17,59861,29483,4,0,0,43,15,2211110130,17,59861,11123,6894,94,1150,1130.0,984.8571428571428,-2.0396857689846426,2.163330484531224,132318.69387755104,1130.0,1130.0,0.0,19808,60,1116,1096.0,1042.5263157894738,-4.004420723481372,14.043068933092917,53650.8808864266,1096.0,1096.0,0.0,1634046393.331477,0.0,15.47083282470703
4044,0,1,0,0,3,2,1096,2211110130,1130,64,1116,17,59861,29483,4,0,0,43,15,2211110130,17,59861,11123,8024,94,1150,1130.0,1003.0,-2.2661257914347903,3.1387335290790803,118083.0,1130.0,1130.0,0.0,20904,60,1116,1096.0,1045.2,-4.126902377109574,15.039394113983295,51104.16,1096.0,1096.0,0.0,1634046393.331477,0.0,15.47083282470703
4045,0,1,0,0,3,2,1096,2211110130,1130,64,1116,17,59861,29483,4,0,0,43,15,2211110130,17,59861,11123,9154,94,1150,1130.0,1017.1111111111112,-2.473115199169558,4.120098479969193,106555.65432098768,1130.0,1130.0,0.0,1096,1096,1096,1096.0,1096.0,0.0,-3.0,0.0,1096.0,1096.0,0.0,1634046393.331477,0.0,15.47083282470703
4046,0,1,0,0,3,2,1096,2211110130,1130,64,1116,17,59861,29483,4,0,0,43,15,2211110130,17,59861,11123,10284,94,1150,1130.0,1028.4,-2.664816701336021,5.1054384031236815,97047.04,1130.0,1130.0,0.0,2192,1096,1096,1096.0,1096.0,0.0,-3.0,0.0,1096.0,1096.0,0.0,1634046393.332107,0.0006301403045654,15.471462965011595
4047,0,1,0,0,3,2,1096,2211110130,1130,64,1116,17,59861,29483,4,0,0,43,15,2211110130,17,59861,11123,11414,94,1150,1130.0,1037.6363636363635,-2.844113394324101,6.093560994871309,89077.68595041323,1130.0,1130.0,0.0,3288,1096,1096,1096.0,1096.0,0.0,-3.0,0.0,1096.0,1096.0,0.0,1634046393.332107,0.0,15.471462965011595
4048,0,1,0,0,3,2,1096,2211110130,1130,64,1116,17,59861,29483,4,0,0,43,15,2211110130,17,59861,11123,12544,94,1150,1130.0,1045.3333333333333,-3.013094503731086,7.083707449494312,82306.22222222223,1130.0,1130.0,0.0,4384,1096,1096,1096.0,1096.0,0.0,-3.0,0.0,1096.0,1096.0,0.0,1634046393.332107,0.0,15.471462965011595
4049,0,1,0,0,3,2,1096,2211110130,1130,64,1116,17,59861,29483,4,0,0,43,15,2211110130,17,59861,11123,13674,94,1150,1130.0,1051.8461538461538,-3.173328600481707,8.075371862370881,76483.97633136093,1130.0,1130.0,0.0,5480,1096,1096,1096.0,1096.0,0.0,-3.0,0.0,1096.0,1096.0,0.0,1634046393.332107,0.0,15.471462965011595
4050,0,1,0,0,3,2,1096,2211110130,1130,64,1116,17,59861,29483,4,0,0,43,15,2211110130,17,59861,11123,14804,94,1150,1130.0,1057.428571428571,-3.326027414504145,9.06820397322534,71425.95918367348,1130.0,1130.0,0.0,6576,1096,1096,1096.0,1096.0,0.0,-3.0,0.0,1096.0,1096.0,0.0,1634046393.332614,0.0005068778991699,15.471969842910765
4051,0,1,0,0,3,2,1096,2211110130,1130,64,1116,17,59861,29483,4,0,0,43,15,2211110130,17,59861,11123,15934,94,1150,1130.0,1062.2666666666669,-3.472149200414124,10.061953585421172,66991.9288888889,1130.0,1130.0,0.0,7672,1096,1096,1096.0,1096.0,0.0,-3.0,0.0,1096.0,1096.0,0.0,1634046393.332614,0.0,15.471969842910765
4052,0,1,0,0,3,2,1096,2211110130,1130,64,1116,17,59861,29483,4,0,0,43,15,2211110130,17,59861,11123,17064,94,1150,1130.0,1066.5,-3.612466745270548,11.056437214953894,63073.75,1130.0,1130.0,0.0,8768,1096,1096,1096.0,1096.0,0.0,-3.0,0.0,1096.0,1096.0,0.0,1634046393.332614,0.0,15.471969842910765
4053,0,1,0,0,3,2,1096,2211110130,1130,64,1116,17,59861,29483,4,0,0,43,15,2211110130,17,59861,11123,18194,94,1150,1130.0,1070.235294117647,-3.7476137006394223,12.051517244761015,59586.76816608997,1130.0,1130.0,0.0,9864,1096,1096,1096.0,1096.0,0.0,-3.0,0.0,1096.0,1096.0,0.0,1634046393.332614,0.0,15.471969842910765
4054,0,1,0,0,3,2,1096,2211110130,1130,64,1116,17,59861,29483,4,0,0,43,15,2211110130,17,59861,11123,19324,94,1150,1130.0,1073.5555555555557,-3.878117093396444,13.047088435632762,56463.80246913579,1130.0,1130.0,0.0,10960,1096,1096,1096.0,1096.0,0.0,-3.0,0.0,1096.0,1096.0,0.0,1634046393.33326,0.0006461143493652,15.47261595726013
4055,0,1,0,0,3,2,1096,2211110130,1130,64,1116,17,59861,29483,4,0,0,43,15,2211110130,17,59861,11123,20454,94,1150,1130.0,1076.5263157894738,-4.004420723481373,14.043068933092911,53650.88088642659,1130.0,1130.0,0.0,12056,1096,1096,1096.0,1096.0,0.0,-3.0,0.0,1096.0,1096.0,0.0,1634046393.33326,0.0,15.47261595726013
4056,0,1,0,0,3,2,1096,2211110130,1130,64,1116,17,59861,29483,4,0,0,43,15,2211110130,17,59861,11123,21584,94,1150,1130.0,1079.2,-4.126902377109574,15.039394113983292,51104.16,1130.0,1130.0,0.0,13152,1096,1096,1096.0,1096.0,0.0,-3.0,0.0,1096.0,1096.0,0.0,1634046393.33326,0.0,15.47261595726013
4057,0,1,0,0,2,3,60,3232270721,94,47,80,17,29483,59861,4,0,0,43,15,2211110130,17,59861,11123,94,94,94,94.0,94.0,0.0,-3.0,0.0,94.0,94.0,0.0,13212,60,1096,1096.0,1016.3076923076924,-3.175426480542941,8.08333333333333,76210.36686390532,1096.0,1096.0,0.0,1634046393.336799,0.0035388469696044,15.476154804229735
4058,0,1,0,0,3,2,1096,2211110130,1130,64,1116,17,59861,29483,4,0,0,43,15,2211110130,17,59861,11123,1224,94,1130,612.0,612.0,0.0,-2.0,268324.0,871.0,353.0,518.0,14308,60,1096,1096.0,1022.0,-3.328201177351375,9.076923076923077,71188.0,1096.0,1096.0,0.0,1634046393.351277,0.0144782066345214,15.490633010864256
4059,0,1,0,0,3,2,1096,2211110130,1130,64,1116,17,59861,29483,4,0,0,43,15,2211110130,17,59861,11123,2354,94,1130,1130.0,784.6666666666666,-0.7071067811865472,-1.5,238510.22222222225,1130.0,612.0,518.0,15404,60,1096,1096.0,1026.9333333333334,-3.474396144861517,10.071428571428571,66782.86222222222,1096.0,1096.0,0.0,1634046393.351277,0.0,15.490633010864256
4060,0,1,0,0,3,2,1096,2211110130,1130,64,1116,17,59861,29483,4,0,0,43,15,2211110130,17,59861,11123,3484,94,1130,1130.0,871.0,-1.1547005383792517,-0.6666666666666665,201243.0,1130.0,871.0,259.0,16500,60,1096,1096.0,1031.25,-3.614784456460256,11.066666666666666,62888.4375,1096.0,1096.0,0.0,1634046393.351277,0.0,15.490633010864256
4061,0,1,0,0,3,2,1096,2211110130,1130,64,1116,17,59861,29483,4,0,0,43,15,2211110130,17,59861,11123,4614,94,1130,1130.0,922.8,-1.5000000000000004,0.2500000000000004,171727.35999999996,1130.0,1130.0,0.0,17596,60,1096,1096.0,1035.0588235294117,-3.749999999999999,12.062499999999991,59421.231833910046,1096.0,1096.0,0.0,1634046393.351907,0.0006299018859863,15.491262912750242
4062,0,1,0,0,3,2,1096,2211110130,1130,64,1116,17,59861,29483,4,0,0,43,15,2211110130,17,59861,11123,5744,94,1130,1130.0,957.3333333333334,-1.7888543819998324,1.2000000000000002,149068.88888888888,1130.0,1130.0,0.0,18692,60,1096,1096.0,1038.4444444444443,-3.8805700005813257,13.058823529411756,56314.91358024691,1096.0,1096.0,0.0,1634046393.351907,0.0,15.491262912750242
4063,0,1,0,0,3,2,1096,2211110130,1130,64,1116,17,59861,29483,4,0,0,43,15,2211110130,17,59861,11123,6874,94,1130,1130.0,982.0,-2.0412414523193148,2.166666666666667,131424.0,1130.0,1130.0,0.0,19788,60,1096,1096.0,1041.4736842105262,-4.006938426723766,14.055555555555546,53516.144044321336,1096.0,1096.0,0.0,1634046393.351907,0.0,15.491262912750242
4064,0,1,0,0,3,2,1096,2211110130,1130,64,1116,17,59861,29483,4,0,0,43,15,2211110130,17,59861,11123,8004,94,1130,1130.0,1000.5,-2.2677868380553634,3.1428571428571432,117391.75,1130.0,1130.0,0.0,20884,60,1096,1096.0,1044.2,-4.129483209670113,15.052631578947372,50981.56,1096.0,1096.0,0.0,1634046393.352557,0.0006499290466308,15.491912841796873
4065,0,1,0,0,3,2,1096,2211110130,1130,64,1116,17,59861,29483,4,0,0,43,15,2211110130,17,59861,11123,9134,94,1130,1130.0,1014.8888888888888,-2.474873734152917,4.124999999999999,106004.54320987656,1130.0,1130.0,0.0,1096,1096,1096,1096.0,1096.0,0.0,-3.0,0.0,1096.0,1096.0,0.0,1634046393.352557,0.0,15.491912841796873
4066,0,1,0,0,3,2,1096,2211110130,1130,64,1116,17,59861,29483,4,0,0,43,15,2211110130,17,59861,11123,10264,94,1130,1130.0,1026.4,-2.666666666666668,5.111111111111114,96596.63999999998,1130.0,1130.0,0.0,2192,1096,1096,1096.0,1096.0,0.0,-3.0,0.0,1096.0,1096.0,0.0,1634046393.352557,0.0,15.491912841796873
4067,0,1,0,0,3,2,1096,2211110130,1130,64,1116,17,59861,29483,4,0,0,43,15,2211110130,17,59861,11123,11394,94,1130,1130.0,1035.8181818181818,-2.846049894151541,6.100000000000001,88702.14876033057,1130.0,1130.0,0.0,3288,1096,1096,1096.0,1096.0,0.0,-3.0,0.0,1096.0,1096.0,0.0,1634046393.35324,0.0006830692291259,15.492595911026
4068,0,1,0,0,3,2,1096,2211110130,1130,64,1116,17,59861,29483,4,0,0,43,15,2211110130,17,59861,11123,12524,94,1130,1130.0,1043.6666666666667,-3.015113445777637,7.090909090909101,81987.88888888886,1130.0,1130.0,0.0,4384,1096,1096,1096.0,1096.0,0.0,-3.0,0.0,1096.0,1096.0,0.0,1634046393.35324,0.0,15.492595911026
4069,0,1,0,0,2,3,60,3232270721,94,47,80,17,29483,59861,4,0,0,43,15,2211110130,17,59861,11123,12618,94,1130,1130.0,970.6153846153846,-1.9188064472004935,1.68181818181818,139719.00591715978,1130.0,1130.0,0.0,4444,60,1096,1096.0,888.8,-1.4999999999999996,0.2499999999999986,171727.36000000002,1096.0,1096.0,0.0,1634046393.358963,0.0057229995727539,15.498318910598753
4070,0,1,0,0,3,2,1116,2211110130,1150,64,1136,17,59861,29483,4,0,0,43,15,2211110130,17,59861,11123,13768,94,1150,1130.0,983.4285714285714,-2.040381057816293,2.164828548789676,131873.38775510204,1130.0,1130.0,0.0,5560,60,1116,1096.0,926.6666666666666,-1.787415105428971,1.197465212514108,150275.55555555553,1096.0,1096.0,0.0,1634046393.362383,0.0034198760986328,15.501738786697386
4071,0,1,0,0,3,2,1104,2211110130,1138,64,1124,17,59861,29483,4,0,0,43,15,2211110130,17,59861,11123,14906,94,1150,1130.0,993.7333333333332,-2.1563154588417306,2.651616970810027,124568.4622222222,1130.0,1130.0,0.0,6664,60,1116,1096.0,952.0,-2.039693342038409,2.163332992365283,132658.2857142857,1100.0,1096.0,4.0,1634046393.362383,0.0,15.501738786697386
4072,0,1,0,0,3,2,1096,2211110130,1130,64,1116,17,59861,29483,4,0,0,43,15,2211110130,17,59861,11123,16036,94,1150,1130.0,1002.25,-2.2667964935448475,3.1403993275069557,117870.9375,1130.0,1130.0,0.0,7760,60,1116,1096.0,970.0,-2.266088928952498,3.1386271800080614,118344.0,1098.0,1096.0,2.0,1634046393.362383,0.0,15.501738786697386
4073,0,1,0,0,3,2,1096,2211110130,1130,64,1116,17,59861,29483,4,0,0,43,15,2211110130,17,59861,11123,17166,94,1150,1130.0,1009.7647058823528,-2.3724466774565207,3.630648445192943,111840.8858131488,1130.0,1130.0,0.0,8856,60,1116,1096.0,984.0,-2.4730421080046163,4.1198788958855,106762.66666666669,1096.0,1096.0,0.0,1634046393.363121,0.0007381439208984,15.502476930618284
4074,0,1,0,0,3,2,1096,2211110130,1130,64,1116,17,59861,29483,4,0,0,43,15,2211110130,17,59861,11123,18296,94,1150,1130.0,1016.4444444444443,-2.4738294209735976,4.1220893299083885,106386.02469135803,1130.0,1130.0,0.0,9952,60,1116,1096.0,995.2,-2.66471288668996,5.10510322915469,97215.36,1096.0,1096.0,0.0,1634046393.363121,0.0,15.502476930618284
4075,0,1,0,0,3,2,1096,2211110130,1130,64,1116,17,59861,29483,4,0,0,43,15,2211110130,17,59861,11123,19426,94,1150,1130.0,1022.421052631579,-2.5714086253785435,4.614511686282532,101429.71745152355,1130.0,1130.0,0.0,11048,60,1116,1096.0,1004.3636363636364,-2.8439827736848744,6.093108878722653,89217.32231404957,1096.0,1096.0,0.0,1634046393.363121,0.0,15.502476930618284
4076,0,1,0,0,3,2,1096,2211110130,1130,64,1116,17,59861,29483,4,0,0,43,15,2211110130,17,59861,11123,20556,94,1150,1130.0,1027.8,-2.6655713447291616,5.107751947395993,96907.96,1130.0,1130.0,0.0,12144,60,1116,1096.0,1012.0,-3.012939994123075,7.083137575168408,82424.0,1096.0,1096.0,0.0,1634046393.364136,0.0010149478912353,15.50349187850952
4077,0,1,0,0,3,2,1096,2211110130,1130,64,1116,17,59861,29483,4,0,0,43,15,2211110130,17,59861,11123,1130,1130,1130,1130.0,1130.0,0.0,-3.0,0.0,1130.0,1130.0,0.0,13240,60,1116,1096.0,1018.4615384615385,-3.1731524531412263,8.074683718335592,76584.7100591716,1096.0,1096.0,0.0,1634046393.364136,0.0,15.50349187850952
4078,0,1,0,0,3,2,1096,2211110130,1130,64,1116,17,59861,29483,4,0,0,43,15,2211110130,17,59861,11123,2260,1130,1130,1130.0,1130.0,0.0,-3.0,0.0,1130.0,1130.0,0.0,14336,60,1116,1096.0,1024.0,-3.3258314177372763,9.067397229200044,71513.14285714286,1096.0,1096.0,0.0,1634046393.364136,0.0,15.50349187850952
4079,0,1,0,0,3,2,1096,2211110130,1130,64,1116,17,59861,29483,4,0,0,43,15,2211110130,17,59861,11123,3390,1130,1130,1130.0,1130.0,0.0,-3.0,0.0,1130.0,1130.0,0.0,15432,60,1116,1096.0,1028.8,-3.4719348088592583,10.061028023265434,67068.15999999997,1096.0,1096.0,0.0,1634046393.364136,0.0,15.50349187850952
4080,0,1,0,0,3,2,1096,2211110130,1130,64,1116,17,59861,29483,4,0,0,43,15,2211110130,17,59861,11123,4520,1130,1130,1130.0,1130.0,0.0,-3.0,0.0,1130.0,1130.0,0.0,16528,60,1116,1096.0,1033.0,-3.61223516574482,11.055392688143211,63141.0,1096.0,1096.0,0.0,1634046393.364645,0.0005090236663818,15.504000902175902
4081,0,1,0,0,3,2,1096,2211110130,1130,64,1116,17,59861,29483,4,0,0,43,15,2211110130,17,59861,11123,5650,1130,1130,1130.0,1130.0,0.0,-3.0,0.0,1130.0,1130.0,0.0,17624,60,1116,1096.0,1036.7058823529412,-3.747365951170235,12.050353653726187,59646.560553633215,1096.0,1096.0,0.0,1634046393.364645,0.0,15.504000902175902
4082,0,1,0,0,3,2,1096,2211110130,1130,64,1116,17,59861,29483,4,0,0,43,15,2211110130,17,59861,11123,6780,1130,1130,1130.0,1130.0,0.0,-3.0,0.0,1130.0,1130.0,0.0,18720,60,1116,1096.0,1040.0,-3.877854045036048,13.045805712273488,56517.333333333336,1096.0,1096.0,0.0,1634046393.364645,0.0,15.504000902175902
4083,0,1,0,0,3,2,1096,2211110130,1130,64,1116,17,59861,29483,4,0,0,43,15,2211110130,17,59861,11123,7910,1130,1130,1130.0,1130.0,0.0,-3.0,0.0,1130.0,1130.0,0.0,19816,60,1116,1096.0,1042.9473684210527,-4.004143130693274,14.041667030788004,53699.1024930748,1096.0,1096.0,0.0,1634046393.365152,0.0005068778991699,15.504507780075071
4084,0,1,0,0,3,2,1096,2211110130,1130,64,1116,17,59861,29483,4,0,0,43,15,2211110130,17,59861,11123,9040,1130,1130,1130.0,1130.0,0.0,-3.0,0.0,1130.0,1130.0,0.0,20912,60,1116,1096.0,1045.6,-4.12661090034729,15.037873000995456,51147.84000000001,1096.0,1096.0,0.0,1634046393.365152,0.0,15.504507780075071
4085,0,1,0,0,3,2,1096,2211110130,1130,64,1116,17,59861,29483,4,0,0,43,15,2211110130,17,59861,11123,10170,1130,1130,1130.0,1130.0,0.0,-3.0,0.0,1130.0,1130.0,0.0,1096,1096,1096,1096.0,1096.0,0.0,-3.0,0.0,1096.0,1096.0,0.0,1634046393.365152,0.0,15.504507780075071
4086,0,1,0,0,3,2,1096,2211110130,1130,64,1116,17,59861,29483,4,0,0,43,15,2211110130,17,59861,11123,11300,1130,1130,1130.0,1130.0,0.0,-3.0,0.0,1130.0,1130.0,0.0,2192,1096,1096,1096.0,1096.0,0.0,-3.0,0.0,1096.0,1096.0,0.0,1634046393.365152,0.0,15.504507780075071
4087,0,1,0,0,3,2,1096,2211110130,1130,64,1116,17,59861,29483,4,0,0,43,15,2211110130,17,59861,11123,12430,1130,1130,1130.0,1130.0,0.0,-3.0,0.0,1130.0,1130.0,0.0,3288,1096,1096,1096.0,1096.0,0.0,-3.0,0.0,1096.0,1096.0,0.0,1634046393.365669,0.0005171298980712,15.505024909973143
4088,0,1,0,0,3,2,1096,2211110130,1130,64,1116,17,59861,29483,4,0,0,43,15,2211110130,17,59861,11123,13560,1130,1130,1130.0,1130.0,0.0,-3.0,0.0,1130.0,1130.0,0.0,4384,1096,1096,1096.0,1096.0,0.0,-3.0,0.0,1096.0,1096.0,0.0,1634046393.365669,0.0,15.505024909973143
4089,0,1,0,0,3,2,1096,2211110130,1130,64,1116,17,59861,29483,4,0,0,43,15,2211110130,17,59861,11123,14690,1130,1130,1130.0,1130.0,0.0,-3.0,0.0,1130.0,1130.0,0.0,5480,1096,1096,1096.0,1096.0,0.0,-3.0,0.0,1096.0,1096.0,0.0,1634046393.365669,0.0,15.505024909973143
4090,0,1,0,0,3,2,1096,2211110130,1130,64,1116,17,59861,29483,4,0,0,43,15,2211110130,17,59861,11123,15820,1130,1130,1130.0,1130.0,0.0,-3.0,0.0,1130.0,1130.0,0.0,6576,1096,1096,1096.0,1096.0,0.0,-3.0,0.0,1096.0,1096.0,0.0,1634046393.366406,0.0007369518280029,15.505761861801146
4091,0,1,0,0,3,2,1096,2211110130,1130,64,1116,17,59861,29483,4,0,0,43,15,2211110130,17,59861,11123,16950,1130,1130,1130.0,1130.0,0.0,-3.0,0.0,1130.0,1130.0,0.0,7672,1096,1096,1096.0,1096.0,0.0,-3.0,0.0,1096.0,1096.0,0.0,1634046393.366406,0.0,15.505761861801146
4092,0,1,0,0,3,2,1096,2211110130,1130,64,1116,17,59861,29483,4,0,0,43,15,2211110130,17,59861,11123,18080,1130,1130,1130.0,1130.0,0.0,-3.0,0.0,1130.0,1130.0,0.0,8768,1096,1096,1096.0,1096.0,0.0,-3.0,0.0,1096.0,1096.0,0.0,1634046393.366406,0.0,15.505761861801146
4093,0,1,0,0,3,2,1096,2211110130,1130,64,1116,17,59861,29483,4,0,0,43,15,2211110130,17,59861,11123,19210,1130,1130,1130.0,1130.0,0.0,-3.0,0.0,1130.0,1130.0,0.0,9864,1096,1096,1096.0,1096.0,0.0,-3.0,0.0,1096.0,1096.0,0.0,1634046393.366895,0.0004889965057373,15.506250858306883
4094,0,1,0,0,3,2,1096,2211110130,1130,64,1116,17,59861,29483,4,0,0,43,15,2211110130,17,59861,11123,20340,1130,1130,1130.0,1130.0,0.0,-3.0,0.0,1130.0,1130.0,0.0,10960,1096,1096,1096.0,1096.0,0.0,-3.0,0.0,1096.0,1096.0,0.0,1634046393.366895,0.0,15.506250858306883
4095,0,1,0,0,3,2,1096,2211110130,1130,64,1116,17,59861,29483,4,0,0,43,15,2211110130,17,59861,11123,21470,1130,1130,1130.0,1130.0,0.0,-3.0,0.0,1130.0,1130.0,0.0,12056,1096,1096,1096.0,1096.0,0.0,-3.0,0.0,1096.0,1096.0,0.0,1634046393.366895,0.0,15.506250858306883
4096,0,1,0,0,3,2,1116,2211110130,1150,64,1136,17,59861,29483,4,0,0,43,15,2211110130,17,59861,11123,22620,1130,1150,1130.0,1131.0,4.129483209670112,15.05263157894737,19.0,1130.0,1130.0,0.0,13172,1096,1116,1096.0,1097.6666666666667,3.015113445777595,7.090909090908927,30.55555555555556,1096.0,1096.0,0.0,1634046393.366895,0.0,15.506250858306883
4097,0,1,0,0,3,2,1096,2211110130,1130,64,1116,17,59861,29483,4,0,0,43,15,2211110130,17,59861,11123,1130,1130,1130,1130.0,1130.0,0.0,-3.0,0.0,1130.0,1130.0,0.0,14268,1096,1116,1096.0,1097.5384615384614,3.1754264805430004,8.083333333333583,28.40236686390533,1096.0,1096.0,0.0,1634046393.367509,0.0006139278411865,15.50686478614807
4098,0,1,0,0,3,2,1096,2211110130,1130,64,1116,17,59861,29483,4,0,0,43,15,2211110130,17,59861,11123,2260,1130,1130,1130.0,1130.0,0.0,-3.0,0.0,1130.0,1130.0,0.0,15364,1096,1116,1096.0,1097.428571428571,3.3282011773514317,9.076923076923327,26.53061224489796,1096.0,1096.0,0.0,1634046393.367509,0.0,15.50686478614807
4099,0,1,0,0,3,2,1096,2211110130,1130,64,1116,17,59861,29483,4,0,0,43,15,2211110130,17,59861,11123,3390,1130,1130,1130.0,1130.0,0.0,-3.0,0.0,1130.0,1130.0,0.0,16460,1096,1116,1096.0,1097.3333333333333,3.4743961448615623,10.07142857142878,24.888888888888896,1096.0,1096.0,0.0,1634046393.367509,0.0,15.50686478614807
4100,0,1,0,0,3,2,1096,2211110130,1130,64,1116,17,59861,29483,4,0,0,43,15,2211110130,17,59861,11123,4520,1130,1130,1130.0,1130.0,0.0,-3.0,0.0,1130.0,1130.0,0.0,17556,1096,1116,1096.0,1097.25,3.614784456460256,11.066666666666666,23.4375,1096.0,1096.0,0.0,1634046393.367509,0.0,15.50686478614807
4101,0,1,0,0,3,2,1096,2211110130,1130,64,1116,17,59861,29483,4,0,0,43,15,2211110130,17,59861,11123,5650,1130,1130,1130.0,1130.0,0.0,-3.0,0.0,1130.0,1130.0,0.0,18652,1096,1116,1096.0,1097.1764705882354,3.749999999999957,12.06249999999979,22.14532871972318,1096.0,1096.0,0.0,1634046393.368036,0.0005271434783935,15.507391929626463
4102,0,1,0,0,3,2,1096,2211110130,1130,64,1116,17,59861,29483,4,0,0,43,15,2211110130,17,59861,11123,6780,1130,1130,1130.0,1130.0,0.0,-3.0,0.0,1130.0,1130.0,0.0,19748,1096,1116,1096.0,1097.111111111111,3.880570000581343,13.058823529411846,20.98765432098766,1096.0,1096.0,0.0,1634046393.368036,0.0,15.507391929626463
4103,0,1,0,0,3,2,1096,2211110130,1130,64,1116,17,59861,29483,4,0,0,43,15,2211110130,17,59861,11123,7910,1130,1130,1130.0,1130.0,0.0,-3.0,0.0,1130.0,1130.0,0.0,20844,1096,1116,1096.0,1097.0526315789473,4.006938426723828,14.055555555555864,19.944598337950133,1096.0,1096.0,0.0,1634046393.368036,0.0,15.507391929626463
4104,0,1,0,0,3,2,1096,2211110130,1130,64,1116,17,59861,29483,4,0,0,43,15,2211110130,17,59861,11123,9040,1130,1130,1130.0,1130.0,0.0,-3.0,0.0,1130.0,1130.0,0.0,21940,1096,1116,1096.0,1097.0,4.129483209670112,15.05263157894737,19.0,1096.0,1096.0,0.0,1634046393.36881,0.0007739067077636,15.508165836334227
4105,0,1,0,0,3,2,1096,2211110130,1130,64,1116,17,59861,29483,4,0,0,43,15,2211110130,17,59861,11123,10170,1130,1130,1130.0,1130.0,0.0,-3.0,0.0,1130.0,1130.0,0.0,1096,1096,1096,1096.0,1096.0,0.0,-3.0,0.0,1096.0,1096.0,0.0,1634046393.36881,0.0,15.508165836334227
4106,0,1,0,0,3,2,1096,2211110130,1130,64,1116,17,59861,29483,4,0,0,43,15,2211110130,17,59861,11123,11300,1130,1130,1130.0,1130.0,0.0,-3.0,0.0,1130.0,1130.0,0.0,2192,1096,1096,1096.0,1096.0,0.0,-3.0,0.0,1096.0,1096.0,0.0,1634046393.36881,0.0,15.508165836334227
4107,0,1,0,0,3,2,1096,2211110130,1130,64,1116,17,59861,29483,4,0,0,43,15,2211110130,17,59861,11123,12430,1130,1130,1130.0,1130.0,0.0,-3.0,0.0,1130.0,1130.0,0.0,3288,1096,1096,1096.0,1096.0,0.0,-3.0,0.0,1096.0,1096.0,0.0,1634046393.369296,0.000486135482788,15.508651971817015
4108,0,1,0,0,3,2,1096,2211110130,1130,64,1116,17,59861,29483,4,0,0,43,15,2211110130,17,59861,11123,13560,1130,1130,1130.0,1130.0,0.0,-3.0,0.0,1130.0,1130.0,0.0,4384,1096,1096,1096.0,1096.0,0.0,-3.0,0.0,1096.0,1096.0,0.0,1634046393.369296,0.0,15.508651971817015
4109,0,1,0,0,3,2,1096,2211110130,1130,64,1116,17,59861,29483,4,0,0,43,15,2211110130,17,59861,11123,14690,1130,1130,1130.0,1130.0,0.0,-3.0,0.0,1130.0,1130.0,0.0,5480,1096,1096,1096.0,1096.0,0.0,-3.0,0.0,1096.0,1096.0,0.0,1634046393.369296,0.0,15.508651971817015
4110,0,1,0,0,3,2,1096,2211110130,1130,64,1116,17,59861,29483,4,0,0,43,15,2211110130,17,59861,11123,15820,1130,1130,1130.0,1130.0,0.0,-3.0,0.0,1130.0,1130.0,0.0,6576,1096,1096,1096.0,1096.0,0.0,-3.0,0.0,1096.0,1096.0,0.0,1634046393.369296,0.0,15.508651971817015
4111,0,1,0,0,3,2,1096,2211110130,1130,64,1116,17,59861,29483,4,0,0,43,15,2211110130,17,59861,11123,16950,1130,1130,1130.0,1130.0,0.0,-3.0,0.0,1130.0,1130.0,0.0,7672,1096,1096,1096.0,1096.0,0.0,-3.0,0.0,1096.0,1096.0,0.0,1634046393.370129,0.0008330345153808,15.509485006332396
4112,0,1,0,0,3,2,1096,2211110130,1130,64,1116,17,59861,29483,4,0,0,43,15,2211110130,17,59861,11123,18080,1130,1130,1130.0,1130.0,0.0,-3.0,0.0,1130.0,1130.0,0.0,8768,1096,1096,1096.0,1096.0,0.0,-3.0,0.0,1096.0,1096.0,0.0,1634046393.370129,0.0,15.509485006332396
4113,0,1,0,0,3,2,1096,2211110130,1130,64,1116,17,59861,29483,4,0,0,43,15,2211110130,17,59861,11123,19210,1130,1130,1130.0,1130.0,0.0,-3.0,0.0,1130.0,1130.0,0.0,9864,1096,1096,1096.0,1096.0,0.0,-3.0,0.0,1096.0,1096.0,0.0,1634046393.370129,0.0,15.509485006332396
4114,0,1,0,0,3,2,1096,2211110130,1130,64,1116,17,59861,29483,4,0,0,43,15,2211110130,17,59861,11123,20340,1130,1130,1130.0,1130.0,0.0,-3.0,0.0,1130.0,1130.0,0.0,10960,1096,1096,1096.0,1096.0,0.0,-3.0,0.0,1096.0,1096.0,0.0,1634046393.370662,0.0005328655242919,15.510017871856688
4115,0,1,0,0,3,2,1096,2211110130,1130,64,1116,17,59861,29483,4,0,0,43,15,2211110130,17,59861,11123,21470,1130,1130,1130.0,1130.0,0.0,-3.0,0.0,1130.0,1130.0,0.0,12056,1096,1096,1096.0,1096.0,0.0,-3.0,0.0,1096.0,1096.0,0.0,1634046393.370662,0.0,15.510017871856688
4116,0,1,0,0,3,2,1096,2211110130,1130,64,1116,17,59861,29483,4,0,0,43,15,2211110130,17,59861,11123,22600,1130,1130,1130.0,1130.0,0.0,-3.0,0.0,1130.0,1130.0,0.0,13152,1096,1096,1096.0,1096.0,0.0,-3.0,0.0,1096.0,1096.0,0.0,1634046393.370662,0.0,15.510017871856688
4117,0,1,0,0,3,2,1096,2211110130,1130,64,1116,17,59861,29483,4,0,0,43,15,2211110130,17,59861,11123,1130,1130,1130,1130.0,1130.0,0.0,-3.0,0.0,1130.0,1130.0,0.0,14248,1096,1096,1096.0,1096.0,0.0,-3.0,0.0,1096.0,1096.0,0.0,1634046393.370662,0.0,15.510017871856688
4118,0,1,0,0,2,3,52,3232270721,86,47,72,17,29483,59861,4,0,0,43,15,2211110130,17,59861,11123,1216,86,1130,608.0,608.0,0.0,-2.0,272484.0,869.0,347.0,522.0,14300,52,1096,1096.0,1021.4285714285714,-3.3282011773513744,9.076923076923078,72291.67346938775,1096.0,1096.0,0.0,1634046393.3714,0.0007381439208984,15.510756015777586
4119,0,1,0,0,3,2,1096,2211110130,1130,64,1116,17,59861,29483,4,0,0,43,15,2211110130,17,59861,11123,2346,86,1130,1130.0,782.0,-0.7071067811865475,-1.5,242208.0,1130.0,608.0,522.0,15396,52,1096,1096.0,1026.4,-3.474396144861518,10.071428571428577,67818.24,1096.0,1096.0,0.0,1634046393.371458,5.793571472167969e-05,15.510813951492308
4120,0,1,0,0,3,2,1096,2211110130,1130,64,1116,17,59861,29483,4,0,0,43,15,2211110130,17,59861,11123,3476,86,1130,1130.0,869.0,-1.1547005383792517,-0.6666666666666665,204363.0,1130.0,869.0,261.0,16492,52,1096,1096.0,1030.75,-3.614784456460256,11.066666666666666,63863.4375,1096.0,1096.0,0.0,1634046393.371458,0.0,15.510813951492308
4121,0,1,0,0,3,2,1096,2211110130,1130,64,1116,17,59861,29483,4,0,0,43,15,2211110130,17,59861,11123,4606,86,1130,1130.0,921.2,-1.5000000000000009,0.2500000000000018,174389.75999999995,1130.0,1130.0,0.0,17588,52,1096,1096.0,1034.5882352941176,-3.749999999999999,12.062499999999991,60342.477508650525,1096.0,1096.0,0.0,1634046393.371458,0.0,15.510813951492308
4122,0,1,0,0,3,2,1096,2211110130,1130,64,1116,17,59861,29483,4,0,0,43,15,2211110130,17,59861,11123,5736,86,1130,1130.0,956.0,-1.7888543819998317,1.2000000000000002,151380.0,1130.0,1130.0,0.0,18684,52,1096,1096.0,1038.0,-3.880570000581328,13.058823529411764,57188.0,1096.0,1096.0,0.0,1634046393.372006,0.0005478858947753,15.511361837387083
4123,0,1,0,0,3,2,1116,2211110130,1150,64,1136,17,59861,29483,4,0,0,43,15,2211110130,17,59861,11123,6886,86,1150,1130.0,983.7142857142856,-2.0397095323541925,2.1633810588977456,134362.77551020408,1130.0,1130.0,0.0,19800,52,1116,1096.0,1042.1052631578948,-4.004459316919961,14.043259022964936,54481.46260387811,1096.0,1096.0,0.0,1634046393.373855,0.0018491744995117,15.513211011886595
4124,0,1,0,0,3,2,1096,2211110130,1130,64,1116,17,59861,29483,4,0,0,43,15,2211110130,17,59861,11123,8016,86,1150,1130.0,1002.0,-2.266151183277823,3.138796096878397,119908.0,1130.0,1130.0,0.0,20896,52,1116,1096.0,1044.8,-4.126941941904131,15.039595656728787,51895.360000000015,1096.0,1096.0,0.0,1634046393.373855,0.0,15.513211011886595
4125,0,1,0,0,3,2,1096,2211110130,1130,64,1116,17,59861,29483,4,0,0,43,15,2211110130,17,59861,11123,9146,86,1150,1130.0,1016.2222222222222,-2.473142096415245,4.120172901407859,108203.06172839509,1130.0,1130.0,0.0,1096,1096,1096,1096.0,1096.0,0.0,-3.0,0.0,1096.0,1096.0,0.0,1634046393.373855,0.0,15.513211011886595
4126,0,1,0,0,3,2,1096,2211110130,1130,64,1116,17,59861,29483,4,0,0,43,15,2211110130,17,59861,11123,10276,86,1150,1130.0,1027.6,-2.6648450094278955,5.105524579218383,98547.84,1130.0,1130.0,0.0,2192,1096,1096,1096.0,1096.0,0.0,-3.0,0.0,1096.0,1096.0,0.0,1634046393.373855,0.0,15.513211011886595
4127,0,1,0,0,3,2,1096,2211110130,1130,64,1116,17,59861,29483,4,0,0,43,15,2211110130,17,59861,11123,11406,86,1150,1130.0,1036.909090909091,-2.844143036952896,6.093658853363591,90455.53719008264,1130.0,1130.0,0.0,3288,1096,1096,1096.0,1096.0,0.0,-3.0,0.0,1096.0,1096.0,0.0,1634046393.374378,0.0005228519439697,15.513733863830565
4128,0,1,0,0,3,2,1096,2211110130,1130,64,1116,17,59861,29483,4,0,0,43,15,2211110130,17,59861,11123,12536,86,1150,1130.0,1044.6666666666667,-3.013125417198641,7.083816936184862,83579.55555555555,1130.0,1130.0,0.0,4384,1096,1096,1096.0,1096.0,0.0,-3.0,0.0,1096.0,1096.0,0.0,1634046393.374378,0.0,15.513733863830565
4129,0,1,0,0,3,2,1096,2211110130,1130,64,1116,17,59861,29483,4,0,0,43,15,2211110130,17,59861,11123,13666,86,1150,1130.0,1051.2307692307693,-3.1733607303102573,8.075492935638122,77667.40828402368,1130.0,1130.0,0.0,5480,1096,1096,1096.0,1096.0,0.0,-3.0,0.0,1096.0,1096.0,0.0,1634046393.374378,0.0,15.513733863830565
4130,0,1,0,0,3,2,1096,2211110130,1130,64,1116,17,59861,29483,4,0,0,43,15,2211110130,17,59861,11123,14796,86,1150,1130.0,1056.857142857143,-3.326060713247262,9.068336600449909,72531.26530612243,1130.0,1130.0,0.0,6576,1096,1096,1096.0,1096.0,0.0,-3.0,0.0,1096.0,1096.0,0.0,1634046393.374378,0.0,15.513733863830565
4131,0,1,0,0,3,2,1096,2211110130,1130,64,1116,17,59861,29483,4,0,0,43,15,2211110130,17,59861,11123,15926,86,1150,1130.0,1061.7333333333331,-3.472183626163172,10.062097740583896,68028.7288888889,1130.0,1130.0,0.0,7672,1096,1096,1096.0,1096.0,0.0,-3.0,0.0,1096.0,1096.0,0.0,1634046393.374879,0.0005009174346923,15.514234781265257
4132,0,1,0,0,3,2,1096,2211110130,1130,64,1116,17,59861,29483,4,0,0,43,15,2211110130,17,59861,11123,17056,86,1150,1130.0,1066.0,-3.6125022605901775,11.056592876978796,64050.0,1130.0,1130.0,0.0,8768,1096,1096,1096.0,1096.0,0.0,-3.0,0.0,1096.0,1096.0,0.0,1634046393.374879,0.0,15.514234781265257
4133,0,1,0,0,3,2,1096,2211110130,1130,64,1116,17,59861,29483,4,0,0,43,15,2211110130,17,59861,11123,18186,86,1150,1130.0,1069.764705882353,-3.747650271781563,12.051684396344168,60509.121107266445,1130.0,1130.0,0.0,9864,1096,1096,1096.0,1096.0,0.0,-3.0,0.0,1096.0,1096.0,0.0,1634046393.374879,0.0,15.514234781265257
4134,0,1,0,0,3,2,1096,2211110130,1130,64,1116,17,59861,29483,4,0,0,43,15,2211110130,17,59861,11123,19316,86,1150,1130.0,1073.111111111111,-3.878154689703099,13.04726706239682,57337.87654320988,1130.0,1130.0,0.0,10960,1096,1096,1096.0,1096.0,0.0,-3.0,0.0,1096.0,1096.0,0.0,1634046393.374879,0.0,15.514234781265257
4135,0,1,0,0,3,2,1096,2211110130,1130,64,1116,17,59861,29483,4,0,0,43,15,2211110130,17,59861,11123,20446,86,1150,1130.0,1076.1052631578948,-4.00445931691996,14.043259022964936,54481.46260387811,1130.0,1130.0,0.0,12056,1096,1096,1096.0,1096.0,0.0,-3.0,0.0,1096.0,1096.0,0.0,1634046393.375406,0.0005271434783935,15.51476192474365
4136,0,1,0,0,3,2,1096,2211110130,1130,64,1116,17,59861,29483,4,0,0,43,15,2211110130,17,59861,11123,21576,86,1150,1130.0,1078.8,-4.126941941904131,15.039595656728787,51895.360000000015,1130.0,1130.0,0.0,13152,1096,1096,1096.0,1096.0,0.0,-3.0,0.0,1096.0,1096.0,0.0,1634046393.375406,0.0,15.51476192474365
4137,0,1,0,0,3,2,1096,2211110130,1130,64,1116,17,59861,29483,4,0,0,43,15,2211110130,17,59861,11123,1130,1130,1130,1130.0,1130.0,0.0,-3.0,0.0,1130.0,1130.0,0.0,14248,1096,1096,1096.0,1096.0,0.0,-3.0,0.0,1096.0,1096.0,0.0,1634046393.375406,0.0,15.51476192474365
4138,0,1,0,0,3,2,1096,2211110130,1130,64,1116,17,59861,29483,4,0,0,43,15,2211110130,17,59861,11123,2260,1130,1130,1130.0,1130.0,0.0,-3.0,0.0,1130.0,1130.0,0.0,15344,1096,1096,1096.0,1096.0,0.0,-3.0,0.0,1096.0,1096.0,0.0,1634046393.375406,0.0,15.51476192474365
4139,0,1,0,0,3,2,1096,2211110130,1130,64,1116,17,59861,29483,4,0,0,43,15,2211110130,17,59861,11123,3390,1130,1130,1130.0,1130.0,0.0,-3.0,0.0,1130.0,1130.0,0.0,16440,1096,1096,1096.0,1096.0,0.0,-3.0,0.0,1096.0,1096.0,0.0,1634046393.375925,0.0005190372467041,15.515280961990355
4140,0,1,0,0,3,2,1096,2211110130,1130,64,1116,17,59861,29483,4,0,0,43,15,2211110130,17,59861,11123,4520,1130,1130,1130.0,1130.0,0.0,-3.0,0.0,1130.0,1130.0,0.0,17536,1096,1096,1096.0,1096.0,0.0,-3.0,0.0,1096.0,1096.0,0.0,1634046393.375925,0.0,15.515280961990355
4141,0,1,0,0,3,2,1096,2211110130,1130,64,1116,17,59861,29483,4,0,0,43,15,2211110130,17,59861,11123,5650,1130,1130,1130.0,1130.0,0.0,-3.0,0.0,1130.0,1130.0,0.0,18632,1096,1096,1096.0,1096.0,0.0,-3.0,0.0,1096.0,1096.0,0.0,1634046393.375925,0.0,15.515280961990355
4142,0,1,0,0,3,2,1096,2211110130,1130,64,1116,17,59861,29483,4,0,0,43,15,2211110130,17,59861,11123,6780,1130,1130,1130.0,1130.0,0.0,-3.0,0.0,1130.0,1130.0,0.0,19728,1096,1096,1096.0,1096.0,0.0,-3.0,0.0,1096.0,1096.0,0.0,1634046393.375925,0.0,15.515280961990355
4143,0,1,0,0,3,2,1096,2211110130,1130,64,1116,17,59861,29483,4,0,0,43,15,2211110130,17,59861,11123,7910,1130,1130,1130.0,1130.0,0.0,-3.0,0.0,1130.0,1130.0,0.0,20824,1096,1096,1096.0,1096.0,0.0,-3.0,0.0,1096.0,1096.0,0.0,1634046393.377088,0.0011630058288574,15.516443967819212
4144,0,1,0,0,3,2,1096,2211110130,1130,64,1116,17,59861,29483,4,0,0,43,15,2211110130,17,59861,11123,9040,1130,1130,1130.0,1130.0,0.0,-3.0,0.0,1130.0,1130.0,0.0,21920,1096,1096,1096.0,1096.0,0.0,-3.0,0.0,1096.0,1096.0,0.0,1634046393.377088,0.0,15.516443967819212
4145,0,1,0,0,3,2,1096,2211110130,1130,64,1116,17,59861,29483,4,0,0,43,15,2211110130,17,59861,11123,10170,1130,1130,1130.0,1130.0,0.0,-3.0,0.0,1130.0,1130.0,0.0,1096,1096,1096,1096.0,1096.0,0.0,-3.0,0.0,1096.0,1096.0,0.0,1634046393.377088,0.0,15.516443967819212
4146,0,1,0,0,3,2,1096,2211110130,1130,64,1116,17,59861,29483,4,0,0,43,15,2211110130,17,59861,11123,11300,1130,1130,1130.0,1130.0,0.0,-3.0,0.0,1130.0,1130.0,0.0,2192,1096,1096,1096.0,1096.0,0.0,-3.0,0.0,1096.0,1096.0,0.0,1634046393.379969,0.0028808116912841,15.519324779510496
4147,0,1,0,0,3,2,1096,2211110130,1130,64,1116,17,59861,29483,4,0,0,43,15,2211110130,17,59861,11123,12430,1130,1130,1130.0,1130.0,0.0,-3.0,0.0,1130.0,1130.0,0.0,3288,1096,1096,1096.0,1096.0,0.0,-3.0,0.0,1096.0,1096.0,0.0,1634046393.379969,0.0,15.519324779510496
4148,0,1,0,0,3,2,1096,2211110130,1130,64,1116,17,59861,29483,4,0,0,43,15,2211110130,17,59861,11123,13560,1130,1130,1130.0,1130.0,0.0,-3.0,0.0,1130.0,1130.0,0.0,4384,1096,1096,1096.0,1096.0,0.0,-3.0,0.0,1096.0,1096.0,0.0,1634046393.379969,0.0,15.519324779510496
4149,0,1,0,0,3,2,1116,2211110130,1150,64,1136,17,59861,29483,4,0,0,43,15,2211110130,17,59861,11123,14710,1130,1150,1130.0,1131.5384615384614,3.1754264805430004,8.08333333333358,28.40236686390533,1130.0,1130.0,0.0,5500,1096,1116,1096.0,1100.0,1.5,0.25,64.0,1096.0,1096.0,0.0,1634046393.384437,0.0044682025909423,15.523792982101439
4150,0,1,0,0,3,2,1096,2211110130,1130,64,1116,17,59861,29483,4,0,0,43,15,2211110130,17,59861,11123,15840,1130,1150,1130.0,1131.428571428571,3.328201177351432,9.07692307692333,26.53061224489796,1130.0,1130.0,0.0,6596,1096,1116,1096.0,1099.3333333333333,1.788854381999862,1.200000000000072,55.55555555555557,1096.0,1096.0,0.0,1634046393.388073,0.0036358833312988,15.527428865432737
4151,0,1,0,0,3,2,1096,2211110130,1130,64,1116,17,59861,29483,4,0,0,43,15,2211110130,17,59861,11123,16970,1130,1150,1130.0,1131.3333333333333,3.474396144861562,10.071428571428775,24.888888888888896,1130.0,1130.0,0.0,7692,1096,1116,1096.0,1098.857142857143,2.041241452319301,2.166666666666627,48.9795918367347,1096.0,1096.0,0.0,1634046393.388073,0.0,15.527428865432737
4152,0,1,0,0,3,2,1096,2211110130,1130,64,1116,17,59861,29483,4,0,0,43,15,2211110130,17,59861,11123,18100,1130,1150,1130.0,1131.25,3.614784456460256,11.066666666666666,23.4375,1130.0,1130.0,0.0,8788,1096,1116,1096.0,1098.5,2.2677868380553634,3.1428571428571432,43.75,1096.0,1096.0,0.0,1634046393.394513,0.0064399242401123,15.53386878967285
4153,0,1,0,0,3,2,1096,2211110130,1130,64,1116,17,59861,29483,4,0,0,43,15,2211110130,17,59861,11123,19230,1130,1150,1130.0,1131.1764705882354,3.749999999999957,12.06249999999979,22.14532871972318,1130.0,1130.0,0.0,9884,1096,1116,1096.0,1098.2222222222222,2.4748737341529403,4.125000000000078,39.50617283950618,1096.0,1096.0,0.0,1634046393.394513,0.0,15.53386878967285
4154,0,1,0,0,3,2,300,2211110130,334,64,320,17,59861,29483,4,0,0,43,15,2211110130,17,59861,11123,19564,334,1150,1130.0,1086.888888888889,-3.876405157725633,13.038982551853376,33364.543209876545,1130.0,1130.0,0.0,10184,300,1116,1096.0,1018.4,-2.663528741059202,5.101531608189466,57379.84,1096.0,1096.0,0.0,1634046393.395482,0.0009691715240478,15.534837961196898
4155,0,1,0,0,3,2,1096,2211110130,1130,64,1116,17,59861,29483,4,0,0,43,15,2211110130,17,59861,11123,20694,334,1150,1130.0,1089.157894736842,-4.0026632948956,14.03444234348315,31701.185595567877,1130.0,1130.0,0.0,11280,300,1116,1096.0,1025.4545454545455,-2.8427644845290883,6.089123668025014,52661.15702479339,1096.0,1096.0,0.0,1634046393.395482,0.0,15.534837961196898
4156,0,1,0,0,3,2,1096,2211110130,1130,64,1116,17,59861,29483,4,0,0,43,15,2211110130,17,59861,11123,21824,334,1150,1130.0,1091.2,-4.1251006343969925,15.030247278154889,30195.36,1130.0,1130.0,0.0,12376,300,1116,1096.0,1031.3333333333333,-3.0116875663208127,7.078742015794012,48652.88888888888,1096.0,1096.0,0.0,1634046393.395482,0.0,15.534837961196898
4157,0,1,0,0,3,2,1096,2211110130,1130,64,1116,17,59861,29483,4,0,0,43,15,2211110130,17,59861,11123,1130,1130,1130,1130.0,1130.0,0.0,-3.0,0.0,1130.0,1130.0,0.0,13472,300,1116,1096.0,1036.3076923076924,-3.1718661329954108,8.069880185611426,45207.289940828414,1096.0,1096.0,0.0,1634046393.395482,0.0,15.534837961196898
4158,0,1,0,0,3,2,487,2211110130,521,64,507,17,59861,29483,4,0,0,43,15,2211110130,17,59861,11123,1651,521,1130,825.5,825.5,0.0,-2.0,92720.25,977.75,673.25,304.5,13959,300,1116,1096.0,997.0714285714286,-2.124560844881817,2.669957552491105,61991.49489795919,1096.0,1096.0,0.0,1634046393.395482,0.0,15.534837961196898
4159,0,1,0,0,2,3,60,3232270721,94,47,80,17,29483,59861,4,0,0,43,15,2211110130,17,59861,11123,1745,94,1130,521.0,581.6666666666666,0.2111534160570207,-1.5,180722.8888888889,825.5,307.5,518.0,14019,60,1116,1096.0,934.6,-1.6997607911338932,1.1930832646659937,112496.24,1096.0,1096.0,0.0,1634046393.40416,0.0086779594421386,15.543515920639036
4160,0,1,0,0,3,2,56,2211110130,90,64,76,17,59861,29483,4,0,0,43,15,2211110130,17,59861,11123,1835,90,1130,307.5,458.75,0.6630950112654799,-1.1718023152558186,180867.6875,673.25,93.0,580.25,14075,56,1116,1096.0,879.6875,-1.3252191539916167,-0.0396335273922838,150695.96484375,1096.0,943.75,152.25,1634046393.412094,0.0079340934753417,15.551450014114378
4161,0,1,0,0,3,2,60,2211110130,94,64,80,17,59861,29483,4,0,0,43,15,2211110130,17,59861,11123,1929,90,1130,94.0,385.8,1.0028128740469693,-0.6099774877403576,165980.96000000002,521.0,94.0,427.0,14135,56,1116,1096.0,831.4705882352941,-1.0475407382800614,-0.7529647786488414,179029.42560553632,1096.0,487.0,609.0,1634046393.418648,0.0065538883209228,15.558003902435301
4162,0,1,0,0,3,2,408,2211110130,442,64,428,17,59861,29483,4,0,0,43,15,2211110130,17,59861,11123,2371,90,1130,268.0,395.1666666666667,1.0184413618626302,-0.2562229927281718,138756.13888888888,501.25,94.0,407.25,14543,56,1116,1096.0,807.9444444444445,-0.8825286265639044,-1.0241270239658051,178492.49691358025,1096.0,427.75,668.25,1634046393.418648,0.0,15.558003902435301
4163,0,1,0,0,3,2,408,2211110130,442,64,428,17,59861,29483,4,0,0,43,15,2211110130,17,59861,11123,2813,90,1130,442.0,401.8571428571428,1.038541279546151,0.1039594399700711,119202.4081632653,481.5,94.0,387.5,14951,56,1116,1096.0,786.8947368421053,-0.7411410372926512,-1.2183738683933127,177073.7783933518,1096.0,408.0,688.0,1634046393.418648,0.0,15.558003902435301
4164,0,1,0,0,3,2,1096,2211110130,1130,64,1116,17,59861,29483,4,0,0,43,15,2211110130,17,59861,11123,3943,90,1130,442.0,492.875,0.6207935649921514,-1.0706111888218215,162291.859375,673.25,94.0,579.25,16047,56,1116,1096.0,802.35,-0.8216669921515312,-1.0926370233947362,172758.52749999997,1096.0,408.0,688.0,1634046393.418648,0.0,15.558003902435301
4165,0,1,0,0,3,2,1096,2211110130,1130,64,1116,17,59861,29483,4,0,0,43,15,2211110130,17,59861,11123,5073,90,1130,442.0,563.6666666666666,0.3197314916293692,-1.5068529110156867,184351.11111111112,1130.0,94.0,1036.0,1096,1096,1096,1096.0,1096.0,0.0,-3.0,0.0,1096.0,1096.0,0.0,1634046393.41928,0.0006320476531982,15.5586359500885
4166,0,1,0,0,3,2,1096,2211110130,1130,64,1116,17,59861,29483,4,0,0,43,15,2211110130,17,59861,11123,6203,90,1130,481.5,620.3,0.089176670406747,-1.6699461878334847,194782.01,1130.0,181.0,949.0,2192,1096,1096,1096.0,1096.0,0.0,-3.0,0.0,1096.0,1096.0,0.0,1634046393.41928,0.0,15.5586359500885
4167,0,1,0,0,3,2,1096,2211110130,1130,64,1116,17,59861,29483,4,0,0,43,15,2211110130,17,59861,11123,7333,90,1130,521.0,666.6363636363636,-0.0982492744950588,-1.7047442209338013,198545.14049586776,1130.0,268.0,862.0,3288,1096,1096,1096.0,1096.0,0.0,-3.0,0.0,1096.0,1096.0,0.0,1634046393.41928,0.0,15.5586359500885
4168,0,1,0,0,3,2,1096,2211110130,1130,64,1116,17,59861,29483,4,0,0,43,15,2211110130,17,59861,11123,8463,90,1130,825.5,705.25,-0.2570671914777455,-1.669368243057081,198400.85416666663,1130.0,355.0,775.0,4384,1096,1096,1096.0,1096.0,0.0,-3.0,0.0,1096.0,1096.0,0.0,1634046393.41994,0.0006599426269531,15.559295892715452
4169,0,1,0,0,3,2,667,2211110130,701,64,687,17,59861,29483,4,0,0,43,15,2211110130,17,59861,11123,9164,90,1130,701.0,704.9230769230769,-0.2652694914726721,-1.5593165429705118,183140.5325443787,1130.0,442.0,688.0,5051,667,1096,1096.0,1010.2,-1.500000000000001,0.2500000000000022,29446.56,1096.0,1096.0,0.0,1634046393.41994,0.0,15.559295892715452
4170,0,1,0,0,3,2,1096,2211110130,1130,64,1116,17,59861,29483,4,0,0,43,15,2211110130,17,59861,11123,10294,90,1130,915.5,735.2857142857143,-0.3917658803140003,-1.4945758948551684,182043.6326530612,1130.0,442.0,688.0,6147,667,1096,1096.0,1024.5,-1.7888543819998317,1.2000000000000002,25561.25,1096.0,1096.0,0.0,1634046393.41994,0.0,15.559295892715452
4171,0,1,0,0,2,3,56,3232270721,90,47,76,17,29483,59861,4,0,0,43,15,2211110130,17,59861,11123,10384,90,1130,701.0,692.2666666666667,-0.2419164506224677,-1.6350504574869689,195816.3288888889,1130.0,268.0,862.0,6203,56,1096,1096.0,886.1428571428571,-1.515028676253009,0.7187663263015671,136765.83673469388,1096.0,881.5,214.5,1634046393.421854,0.0019140243530273,15.56120991706848
4172,0,1,0,0,3,2,1096,2211110130,1130,64,1116,17,59861,29483,4,0,0,43,15,2211110130,17,59861,11123,11514,90,1130,915.5,719.625,-0.3537905955778938,-1.5819201047592366,194804.984375,1130.0,355.0,775.0,7299,56,1096,1096.0,912.375,-1.7236982143858732,1.4225475689915692,124486.984375,1096.0,988.75,107.25,1634046393.422192,0.000338077545166,15.561547994613646
4173,0,1,0,0,3,2,1096,2211110130,1130,64,1116,17,59861,29483,4,0,0,43,15,2211110130,17,59861,11123,12644,90,1130,1130.0,743.7647058823529,-0.4556128923658274,-1.5085744655006694,192669.4740484429,1130.0,442.0,688.0,8395,56,1096,1096.0,932.7777777777778,-1.9123641758319216,2.1389600865362777,113985.28395061726,1096.0,1096.0,0.0,1634046393.422192,0.0,15.561547994613646
4174,0,1,0,0,3,2,1096,2211110130,1130,64,1116,17,59861,29483,4,0,0,43,15,2211110130,17,59861,11123,13774,90,1130,1130.0,765.2222222222222,-0.5492881732934382,-1.4204305114126008,189792.83950617287,1130.0,442.0,688.0,9491,56,1096,1096.0,949.1,-2.0856161517041483,2.86357597151602,104984.49,1096.0,1096.0,0.0,1634046393.422192,0.0,15.561547994613646
4175,0,1,0,0,3,2,1096,2211110130,1130,64,1116,17,59861,29483,4,0,0,43,15,2211110130,17,59861,11123,14904,90,1130,1130.0,784.421052631579,-0.6362303461838363,-1.3211335022212425,186438.4542936288,1130.0,442.0,688.0,10587,56,1096,1096.0,962.4545454545456,-2.2465625242829392,3.593818910749098,97223.88429752066,1096.0,1096.0,0.0,1634046393.422192,0.0,15.561547994613646
4176,0,1,0,0,3,2,430,2211110130,464,64,450,17,59861,29483,4,0,0,43,15,2211110130,17,59861,11123,15368,90,1130,1130.0,768.4,-0.5351667678418587,-1.3991579746972491,181993.34,1130.0,442.0,688.0,11017,56,1096,1096.0,918.0833333333334,-1.632056048702965,1.224217451300821,110778.74305555556,1096.0,988.75,107.25,1634046393.422724,0.0005319118499755,15.562079906463621
4177,0,1,0,0,3,2,1096,2211110130,1130,64,1116,17,59861,29483,4,0,0,43,15,2211110130,17,59861,11123,1130,1130,1130,1130.0,1130.0,0.0,-3.0,0.0,1130.0,1130.0,0.0,12113,56,1096,1096.0,931.7692307692308,-1.7584503614822438,1.6755852867350365,104504.94674556212,1096.0,1096.0,0.0,1634046393.422724,0.0,15.562079906463621
4178,0,1,0,0,3,2,1096,2211110130,1130,64,1116,17,59861,29483,4,0,0,43,15,2211110130,17,59861,11123,2260,1130,1130,1130.0,1130.0,0.0,-3.0,0.0,1130.0,1130.0,0.0,13209,56,1096,1096.0,943.5,-1.8773205563920536,2.1317788433808644,98829.25,1096.0,1096.0,0.0,1634046393.422724,0.0,15.562079906463621
4179,0,1,0,0,3,2,1116,2211110130,1150,64,1136,17,59861,29483,4,0,0,43,15,2211110130,17,59861,11123,3410,1130,1150,1130.0,1136.6666666666667,0.7071067811865238,-1.5000000000000222,88.88888888888887,1140.0,1130.0,10.0,14325,56,1116,1096.0,955.0,-1.9868060696224077,2.580253873619424,94092.13333333332,1096.0,1096.0,0.0,1634046393.430031,0.0073070526123046,15.569386959075926
4180,0,1,0,0,3,2,1096,2211110130,1130,64,1116,17,59861,29483,4,0,0,43,15,2211110130,17,59861,11123,4540,1130,1150,1130.0,1135.0,1.1547005383792517,-0.6666666666666665,75.0,1135.0,1130.0,5.0,15421,56,1116,1096.0,963.8125,-2.093879089482952,3.0428879580014216,89376.27734375,1096.0,1096.0,0.0,1634046393.430031,0.0,15.569386959075926
4181,0,1,0,0,3,2,1096,2211110130,1130,64,1116,17,59861,29483,4,0,0,43,15,2211110130,17,59861,11123,5670,1130,1150,1130.0,1134.0,1.5,0.25,64.0,1130.0,1130.0,0.0,16517,56,1116,1096.0,971.5882352941176,-2.1961329317415808,3.5077866416331247,85086.24221453287,1096.0,1096.0,0.0,1634046393.430619,0.0005879402160644,15.56997489929199
4182,0,1,0,0,3,2,1096,2211110130,1130,64,1116,17,59861,29483,4,0,0,43,15,2211110130,17,59861,11123,6800,1130,1150,1130.0,1133.3333333333333,1.7888543819998612,1.2000000000000703,55.55555555555557,1130.0,1130.0,0.0,17613,56,1116,1096.0,978.5,-2.2941403063189933,3.974514543638136,81171.36111111111,1096.0,1096.0,0.0,1634046393.430619,0.0,15.56997489929199
4183,0,1,0,0,3,2,1096,2211110130,1130,64,1116,17,59861,29483,4,0,0,43,15,2211110130,17,59861,11123,7930,1130,1150,1130.0,1132.857142857143,2.041241452319301,2.166666666666627,48.9795918367347,1130.0,1130.0,0.0,18709,56,1116,1096.0,984.6842105263158,-2.388371455163432,4.442741148208705,77587.58448753464,1096.0,1096.0,0.0,1634046393.430619,0.0,15.56997489929199
4184,0,1,0,0,3,2,178,2211110130,212,64,198,17,59861,29483,4,0,0,43,15,2211110130,17,59861,11123,8142,212,1150,1130.0,1017.75,-2.2656706332869607,3.137613753051922,92790.4375,1130.0,1130.0,0.0,18887,56,1116,1096.0,944.35,-1.8487265409973976,1.8076924187437484,104618.32749999998,1096.0,1096.0,0.0,1634046393.430619,0.0,15.56997489929199
4185,0,1,0,0,3,2,408,2211110130,442,64,428,17,59861,29483,4,0,0,43,15,2211110130,17,59861,11123,8584,212,1150,1130.0,953.7777777777778,-1.4256098643185655,0.1689352197672167,115219.95061728396,1130.0,1130.0,0.0,408,408,408,408.0,408.0,0.0,-3.0,0.0,408.0,408.0,0.0,1634046393.430619,0.0,15.56997489929199
4186,0,1,0,0,2,3,60,3232270721,94,47,80,17,29483,59861,4,0,0,43,15,2211110130,17,59861,11123,8678,94,1150,1130.0,867.8,-0.9851961221111226,-0.8912659621289474,170227.56,1130.0,614.0,516.0,468,60,408,234.0,234.0,0.0,-2.0,30276.0,321.0,147.0,174.0,1634046393.44347,0.0128509998321533,15.582825899124144
4187,0,1,0,0,2,3,60,3232270721,94,47,80,17,29483,59861,4,0,0,43,15,2211110130,17,59861,11123,8772,94,1150,1130.0,797.4545454545455,-0.6671112351279562,-1.4482213165461515,204237.1570247934,1130.0,327.0,803.0,528,60,408,60.0,176.0,0.7071067811865476,-1.5,26912.0,234.0,60.0,174.0,1634046393.456693,0.0132229328155517,15.596048831939695
4188,0,1,0,0,3,2,1096,2211110130,1130,64,1116,17,59861,29483,4,0,0,43,15,2211110130,17,59861,11123,9902,94,1150,1130.0,825.1666666666666,-0.8049264734952554,-1.2454026764667347,195664.97222222225,1130.0,384.5,745.5,1624,60,1096,234.0,406.0,0.8117587838515856,-1.0051628355158138,178884.0,580.0,60.0,520.0,1634046393.461807,0.0051140785217285,15.601162910461424
4189,0,1,0,0,3,2,1096,2211110130,1130,64,1116,17,59861,29483,4,0,0,43,15,2211110130,17,59861,11123,11032,94,1150,1130.0,848.6153846153846,-0.9297378350381886,-1.0279438993056826,187211.92899408287,1130.0,442.0,688.0,2720,60,1096,408.0,544.0,0.2086335827709203,-1.769752916353344,219283.2,1096.0,60.0,1036.0,1634046393.461807,0.0,15.601162910461424
4190,0,1,0,0,3,2,1096,2211110130,1130,64,1116,17,59861,29483,4,0,0,43,15,2211110130,17,59861,11123,12162,94,1150,1130.0,868.7142857142857,-1.0442996573493746,-0.8001597104292282,179091.20408163266,1130.0,614.0,516.0,3816,60,1096,752.0,636.0,-0.1593041753593395,-1.824694925543368,225056.0,1096.0,147.0,949.0,1634046393.461807,0.0,15.601162910461424
4191,0,1,0,0,3,2,1096,2211110130,1130,64,1116,17,59861,29483,4,0,0,43,15,2211110130,17,59861,11123,13292,94,1150,1130.0,886.1333333333333,-1.1505571778018535,-0.5648210165371439,171399.71555555562,1130.0,786.0,344.0,4912,60,1096,1096.0,701.7142857142857,-0.4307983090929525,-1.6774453555450637,218815.34693877556,1096.0,234.0,862.0,1634046393.46241,0.0006029605865478,15.601765871047972
4192,0,1,0,0,3,2,1096,2211110130,1130,64,1116,17,59861,29483,4,0,0,43,15,2211110130,17,59861,11123,14422,94,1150,1130.0,901.375,-1.2499360708357186,-0.3237886825202096,164171.859375,1130.0,958.0,172.0,6008,60,1096,1096.0,751.0,-0.6499560248353045,-1.4449176388181533,208467.0,1096.0,321.0,775.0,1634046393.46241,0.0,15.601765871047972
4193,0,1,0,0,3,2,565,2211110130,599,64,585,17,59861,29483,4,0,0,43,15,2211110130,17,59861,11123,15021,94,1150,1130.0,883.5882352941177,-1.1194350151123509,-0.5260230251126172,159576.59515570934,1130.0,599.0,531.0,6573,60,1096,1096.0,730.3333333333334,-0.5366393991391909,-1.425277341419906,188720.88888888888,1096.0,408.0,688.0,1634046393.46241,0.0,15.601765871047972
4194,0,1,0,0,3,2,408,2211110130,442,64,428,17,59861,29483,4,0,0,43,15,2211110130,17,59861,11123,15463,94,1150,1130.0,859.0555555555555,-0.9342197090799228,-0.8723764293176597,160942.7191358025,1130.0,481.25,648.75,6981,60,1096,830.5,698.1,-0.3372482447921252,-1.5320697736187214,179199.69,1096.0,408.0,688.0,1634046393.468409,0.0059990882873535,15.607764959335325
4195,0,1,0,0,3,2,1096,2211110130,1130,64,1116,17,59861,29483,4,0,0,43,15,2211110130,17,59861,11123,16593,94,1150,1130.0,873.3157894736842,-1.0176116823265735,-0.7075240942083543,156132.4265927978,1130.0,520.5,609.5,8077,60,1096,1096.0,734.2727272727273,-0.4967530641228372,-1.4162144771900993,175993.47107438018,1096.0,408.0,688.0,1634046393.468409,0.0,15.607764959335325
4196,0,1,0,0,3,2,1096,2211110130,1130,64,1116,17,59861,29483,4,0,0,43,15,2211110130,17,59861,11123,17723,94,1150,1130.0,886.15,-1.096478665285123,-0.5379900943369096,151455.4275,1130.0,559.75,570.25,9173,60,1096,1096.0,764.4166666666666,-0.6373516048780298,-1.265530567696626,171322.5763888889,1096.0,408.0,688.0,1634046393.469067,0.0006580352783203,15.608422994613646
4197,0,1,0,0,3,2,1096,2211110130,1130,64,1116,17,59861,29483,4,0,0,43,15,2211110130,17,59861,11123,1130,1130,1130,1130.0,1130.0,0.0,-3.0,0.0,1130.0,1130.0,0.0,10269,60,1096,1096.0,789.9230769230769,-0.7637198764376595,-1.092122653303118,165950.84023668637,1096.0,408.0,688.0,1634046393.469067,0.0,15.608422994613646
4198,0,1,0,0,3,2,1035,2211110130,1069,64,1055,17,59861,29483,4,0,0,43,15,2211110130,17,59861,11123,2199,1069,1130,1099.5,1099.5,0.0,-2.0,930.25,1114.75,1084.25,30.5,11304,60,1096,1096.0,807.4285714285714,-0.878222372910632,-0.8942704098324978,158080.95918367346,1096.0,447.25,648.75,1634046393.469067,0.0,15.608422994613646
4199,0,1,0,0,2,3,60,3232270721,94,47,80,17,29483,59861,4,0,0,43,15,2211110130,17,59861,11123,2293,94,1130,1069.0,764.3333333333334,-0.6983577806864687,-1.4999999999999996,225293.55555555556,1099.5,581.5,518.0,11364,60,1096,1096.0,757.6,-0.6677947206466046,-1.2898087102731297,182302.64,1096.0,408.0,688.0,1634046393.492195,0.023127794265747,15.631550788879393
4200,0,1,0,0,3,2,408,2211110130,442,64,428,17,59861,29483,4,0,0,43,15,2211110130,17,59861,11123,2735,94,1130,755.5,683.75,-0.2237022811313848,-1.6901723429082085,188451.1875,1084.25,355.0,729.25,11772,60,1096,1065.5,735.75,-0.5285735366436075,-1.415698665272734,178070.0625,1096.0,408.0,688.0,1634046393.506345,0.0141501426696777,15.64570093154907
4201,0,1,0,0,3,2,1096,2211110130,1130,64,1116,17,59861,29483,4,0,0,43,15,2211110130,17,59861,11123,3865,94,1130,1069.0,773.0,-0.5955143333530207,-1.4124996299523942,182623.2,1130.0,442.0,688.0,12868,60,1096,1096.0,756.9411764705883,-0.6261496705930437,-1.308270239804998,174780.40830449827,1096.0,408.0,688.0,1634046393.521688,0.0153429508209228,15.661043882369993
4202,0,1,0,0,3,2,1096,2211110130,1130,64,1116,17,59861,29483,4,0,0,43,15,2211110130,17,59861,11123,4995,94,1130,1099.5,832.5,-0.8808820713141173,-0.9943210285254432,169887.25,1130.0,598.75,531.25,13964,60,1096,1096.0,775.7777777777778,-0.716646534477326,-1.1896530592056032,171102.28395061733,1096.0,408.0,688.0,1634046393.521688,0.0,15.661043882369993
4203,0,1,0,0,3,2,1096,2211110130,1130,64,1116,17,59861,29483,4,0,0,43,15,2211110130,17,59861,11123,6125,94,1130,1130.0,875.0,-1.1171322293596797,-0.5165435029471204,156455.14285714287,1130.0,755.5,374.5,15060,60,1096,1096.0,792.6315789473684,-0.8012152159465932,-1.0624649618823376,167209.81163434903,1096.0,408.0,688.0,1634046393.522316,0.0006279945373535,15.661671876907347
4204,0,1,0,0,3,2,1096,2211110130,1130,64,1116,17,59861,29483,4,0,0,43,15,2211110130,17,59861,11123,7255,94,1130,1130.0,906.875,-1.3215472306592633,-0.0080628395034523,144010.359375,1130.0,912.25,217.75,16156,60,1096,1096.0,807.8,-0.8807452009345222,-0.9285675947875448,163220.86000000004,1096.0,408.0,688.0,1634046393.522316,0.0,15.661671876907347
4205,0,1,0,0,3,2,1096,2211110130,1130,64,1116,17,59861,29483,4,0,0,43,15,2211110130,17,59861,11123,8385,94,1130,1130.0,931.6666666666666,-1.5035039921914493,0.5182863376825444,132926.22222222222,1130.0,1069.0,61.0,1096,1096,1096,1096.0,1096.0,0.0,-3.0,0.0,1096.0,1096.0,0.0,1634046393.522316,0.0,15.661671876907347
4206,0,1,0,0,3,2,1090,2211110130,1124,64,1110,17,59861,29483,4,0,0,43,15,2211110130,17,59861,11123,9509,94,1130,1130.0,950.9,-1.6691155271263276,1.057572121499848,122962.89,1130.0,1082.75,47.25,2186,1090,1096,1093.0,1093.0,0.0,-2.0,9.0,1094.5,1091.5,3.0,1634046393.522849,0.000533103942871,15.662204980850218
4207,0,1,0,0,3,2,60,2211110130,94,64,80,17,59861,29483,4,0,0,43,15,2211110130,17,59861,11123,9603,94,1130,1130.0,873.0,-1.1427326366830843,-0.5469426059159788,172468.54545454544,1130.0,755.5,374.5,2246,60,1096,1090.0,748.6666666666666,-0.7070262720683523,-1.5000000000000002,237136.8888888889,1093.0,575.0,518.0,1634046393.522849,0.0,15.662204980850218
4208,0,1,0,0,2,3,60,3232270721,94,47,80,17,29483,59861,4,0,0,43,15,2211110130,17,59861,11123,9697,94,1130,1127.0,808.0833333333334,-0.8040499650896087,-1.251559870071321,204452.0763888889,1130.0,355.0,775.0,2306,60,1096,575.0,576.5,5.060368319305325e-05,-1.9999325287069376,266776.75,1091.5,60.0,1031.5,1634046393.527057,0.0042078495025634,15.666412830352781
4209,0,1,0,0,3,2,408,2211110130,442,64,428,17,59861,29483,4,0,0,43,15,2211110130,17,59861,11123,10139,94,1130,1124.0,779.9230769230769,-0.6301154721752289,-1.4316115929226974,198240.99408284025,1130.0,442.0,688.0,2714,60,1096,408.0,542.8,0.2075784467057769,-1.7694419485701949,217964.16,1090.0,60.0,1030.0,1634046393.532425,0.0053679943084716,15.671780824661253
4210,0,1,0,0,3,2,1116,2211110130,1150,64,1136,17,59861,29483,4,0,0,43,15,2211110130,17,59861,11123,11289,94,1150,1127.0,806.3571428571429,-0.746331157133474,-1.272347673901875,193164.8010204082,1130.0,442.0,688.0,3830,60,1116,749.0,638.3333333333334,-0.1570571122305456,-1.8251288356920563,227269.8888888889,1094.5,147.0,947.5,1634046393.535942,0.0035171508789062,15.67529797554016
4211,0,1,0,0,2,3,60,3232270721,94,47,80,17,29483,59861,4,0,0,43,15,2211110130,17,59861,11123,11383,94,1150,1124.0,758.8666666666667,-0.5429312004160394,-1.5651625091288257,211861.9822222222,1130.0,268.0,862.0,3890,60,1116,408.0,555.7142857142857,0.1465785721095064,-1.8514399629196772,235758.20408163263,1093.0,60.0,1033.0,1634046393.544906,0.0089638233184814,15.68426179885864
4212,0,1,0,0,3,2,1096,2211110130,1130,64,1116,17,59861,29483,4,0,0,43,15,2211110130,17,59861,11123,12513,94,1150,1127.0,782.0625,-0.647412092254197,-1.44243917511537,206691.30859375,1130.0,355.0,775.0,4986,60,1116,749.0,623.25,-0.1219284297213343,-1.8757027922813971,238215.9375,1096.0,60.0,1036.0,1634046393.555929,0.0110230445861816,15.695284843444822
4213,0,1,0,0,3,2,1096,2211110130,1130,64,1116,17,59861,29483,4,0,0,43,15,2211110130,17,59861,11123,13643,94,1150,1130.0,802.5294117647059,-0.7437988388066445,-1.3089550435718404,201235.3079584775,1130.0,442.0,688.0,6082,60,1116,1090.0,675.7777777777778,-0.3347900073302333,-1.786658581906026,233820.83950617284,1096.0,60.0,1036.0,1634046393.557604,0.0016751289367675,15.69695997238159
4214,0,1,0,0,3,2,1096,2211110130,1130,64,1116,17,59861,29483,4,0,0,43,15,2211110130,17,59861,11123,14773,94,1150,1130.0,820.7222222222222,-0.8335019950004107,-1.167320237201514,195682.20061728396,1130.0,442.0,688.0,7178,60,1116,1093.0,717.8,-0.5131517462949285,-1.6392227405699349,226331.56000000008,1096.0,147.0,949.0,1634046393.558089,0.0004849433898925,15.697444915771483
4215,0,1,0,0,3,2,1096,2211110130,1130,64,1116,17,59861,29483,4,0,0,43,15,2211110130,17,59861,11123,15903,94,1150,1130.0,837.0,-0.9175875866381878,-1.0193642336382438,190152.52631578947,1130.0,442.0,688.0,8274,60,1116,1096.0,752.1818181818181,-0.6680102482806768,-1.4577616153773474,217577.0578512397,1096.0,234.0,862.0,1634046393.558089,0.0,15.697444915771483
4216,0,1,0,0,3,2,376,2211110130,410,64,396,17,59861,29483,4,0,0,43,15,2211110130,17,59861,11123,16313,94,1150,1130.0,815.65,-0.7774985131383197,-1.2221987366143188,189305.5275,1130.0,434.0,696.0,8650,60,1116,1093.0,720.8333333333334,-0.4851989366551879,-1.6091127248367658,210255.6388888889,1096.0,297.0,799.0,1634046393.558089,0.0,15.697444915771483
4217,0,1,0,0,3,2,52,2211110130,86,64,72,17,59861,29483,4,0,0,43,15,2211110130,17,59861,11123,86,86,86,86.0,86.0,0.0,-3.0,0.0,86.0,86.0,0.0,8702,52,1116,1090.0,669.3846153846154,-0.2906945437913181,-1.781792588932709,225845.775147929,1096.0,60.0,1036.0,1634046393.566251,0.0081620216369628,15.705606937408445
4218,0,1,0,0,2,3,60,3232270721,94,47,80,17,29483,59861,4,0,0,43,15,2211110130,17,59861,11123,180,86,94,90.0,90.0,0.0,-2.0,16.0,92.0,88.0,4.0,8762,52,1116,749.0,625.8571428571429,-0.1273901327313834,-1.8643956675680171,234344.2653061224,1096.0,60.0,1036.0,1634046393.569187,0.0029358863830566,15.708542823791502
4219,0,1,0,0,3,2,408,2211110130,442,64,428,17,59861,29483,4,0,0,43,15,2211110130,17,59861,11123,622,86,442,94.0,207.33333333333331,0.705874768647165,-1.5,27544.888888888887,268.0,90.0,178.0,9170,52,1116,408.0,611.3333333333334,-0.0432673309389687,-1.8234767836878432,221674.4888888889,1096.0,60.0,1036.0,1634046393.573241,0.0040540695190429,15.712596893310545
4220,0,1,0,0,2,3,60,3232270721,94,47,80,17,29483,59861,4,0,0,43,15,2211110130,17,59861,11123,716,86,442,94.0,179.0,1.153090823479084,-0.6678805445104996,23067.0,181.0,92.0,89.0,9230,52,1116,408.0,576.875,0.0807800754541645,-1.8300769911182817,225630.484375,1096.0,60.0,1036.0,1634046393.578445,0.0052039623260498,15.717800855636595
4221,0,1,0,0,2,3,52,3232270721,86,47,72,17,29483,59861,4,0,0,43,15,2211110130,17,59861,11123,802,86,442,94.0,160.4,1.497580879468705,0.2467750262831605,19837.44000000001,94.0,86.0,8.0,9282,52,1116,408.0,546.0,0.1911267240303269,-1.807462410453233,227610.35294117648,1096.0,60.0,1036.0,1634046393.5785,5.507469177246094e-05,15.717855930328367
4222,0,1,0,0,3,2,56,2211110130,90,64,76,17,59861,29483,4,0,0,43,15,2211110130,17,59861,11123,892,86,442,92.0,148.66666666666666,1.786361655690631,1.195541681310174,17219.55555555556,94.0,87.0,7.0,9338,52,1116,392.0,518.7777777777778,0.2917374450239238,-1.7643588917489512,227563.17283950615,1096.0,60.0,1036.0,1634046393.596914,0.01841402053833,15.736269950866697
4223,0,1,0,0,3,2,1096,2211110130,1130,64,1116,17,59861,29483,4,0,0,43,15,2211110130,17,59861,11123,2022,86,1130,94.0,288.85714285714283,1.6534357389637115,1.130328180776166,132679.83673469388,268.0,88.0,180.0,10434,52,1116,408.0,549.1578947368421,0.1692233781387914,-1.8338443267728484,232199.29085872576,1096.0,60.0,1036.0,1634046393.596914,0.0,15.736269950866697
4224,0,1,0,0,3,2,1096,2211110130,1130,64,1116,17,59861,29483,4,0,0,43,15,2211110130,17,59861,11123,3152,86,1130,94.0,394.0,0.9649225443987308,-0.897616769364773,193480.0,614.0,89.0,525.0,11530,52,1116,408.0,576.5,0.0605102716491962,-1.8681657820435669,234793.55,1096.0,60.0,1036.0,1634046393.597397,0.0004830360412597,15.736752986907957
4225,0,1,0,0,3,2,1096,2211110130,1130,64,1116,17,59861,29483,4,0,0,43,15,2211110130,17,59861,11123,4282,86,1130,94.0,475.77777777777777,0.5737182018135614,-1.5568287581704183,225483.06172839503,1130.0,90.0,1040.0,1096,1096,1096,1096.0,1096.0,0.0,-3.0,0.0,1096.0,1096.0,0.0,1634046393.597397,0.0,15.736752986907957
4226,0,1,0,0,3,2,1096,2211110130,1130,64,1116,17,59861,29483,4,0,0,43,15,2211110130,17,59861,11123,5412,86,1130,268.0,541.2,0.3001948773309648,-1.819627700829178,241455.36,1130.0,91.0,1039.0,2192,1096,1096,1096.0,1096.0,0.0,-3.0,0.0,1096.0,1096.0,0.0,1634046393.597397,0.0,15.736752986907957
4227,0,1,0,0,2,3,60,3232270721,94,47,80,17,29483,59861,4,0,0,43,15,2211110130,17,59861,11123,5506,86,1130,94.0,500.54545454545456,0.4630881099345993,-1.698857765555054,236032.79338842985,1130.0,92.0,1038.0,2252,60,1096,1096.0,750.6666666666666,-0.7071067811865472,-1.5000000000000004,238510.22222222225,1096.0,578.0,518.0,1634046393.597572,0.0001749992370605,15.736927986145018
4228,0,1,0,0,3,2,478,2211110130,512,64,498,17,59861,29483,4,0,0,43,15,2211110130,17,59861,11123,6018,86,1130,268.0,501.5,0.4774911397555212,-1.5846482437754346,216373.41666666663,1130.0,93.0,1037.0,2730,60,1096,787.0,682.5,-0.319979338748918,-1.5854194550550582,192822.75,1096.0,373.5,722.5,1634046393.598277,0.0007050037384033,15.737632989883421
4229,0,1,0,0,3,2,1096,2211110130,1130,64,1116,17,59861,29483,4,0,0,43,15,2211110130,17,59861,11123,7148,86,1130,442.0,549.8461538461538,0.2788136870755781,-1.7643753008014469,227777.51479289943,1130.0,94.0,1036.0,3826,60,1096,1096.0,765.2,-0.6868235261437199,-1.241325882372764,181615.36,1096.0,478.0,618.0,1634046393.603305,0.0050280094146728,15.742660999298094
4230,0,1,0,0,3,2,1096,2211110130,1130,64,1116,17,59861,29483,4,0,0,43,15,2211110130,17,59861,11123,8278,86,1130,477.0,591.2857142857143,0.1145418619273154,-1.8466680613063,233831.77551020417,1130.0,94.0,1036.0,4922,60,1096,1096.0,820.3333333333334,-0.9707673742769968,-0.7704903746881335,166544.55555555556,1096.0,632.5,463.5,1634046393.604205,0.0008997917175292,15.743560791015623
4231,0,1,0,0,3,2,1096,2211110130,1130,64,1116,17,59861,29483,4,0,0,43,15,2211110130,17,59861,11123,9408,86,1130,512.0,627.2,-0.0260751386095427,-1.8704506877571143,236300.69333333333,1130.0,94.0,1036.0,6018,60,1096,1096.0,859.7142857142857,-1.2073192411081546,-0.2454186910686404,152057.63265306124,1096.0,787.0,309.0,1634046393.604205,0.0,15.743560791015623
4232,0,1,0,0,3,2,1096,2211110130,1130,64,1116,17,59861,29483,4,0,0,43,15,2211110130,17,59861,11123,10538,86,1130,821.0,658.625,-0.1494863229878972,-1.856369205039777,236344.859375,1130.0,94.0,1036.0,7114,60,1096,1096.0,889.25,-1.4129198122117377,0.3078120398633364,139156.9375,1096.0,941.5,154.5,1634046393.604675,0.0004701614379882,15.744030952453612
4233,0,1,0,0,3,2,394,2211110130,428,64,414,17,59861,29483,4,0,0,43,15,2211110130,17,59861,11123,10966,86,1130,512.0,645.0588235294117,-0.0720708392174909,-1.8262974263134957,225386.8788927336,1130.0,94.0,1036.0,7508,60,1096,1096.0,834.2222222222222,-0.9510819691133792,-0.7598220148954722,147919.5061728395,1096.0,478.0,618.0,1634046393.604675,0.0,15.744030952453612
4234,0,1,0,0,2,3,60,3232270721,94,47,80,17,29483,59861,4,0,0,43,15,2211110130,17,59861,11123,11060,86,1130,477.0,614.4444444444445,0.0407745998438616,-1.840608421293252,228798.46913580247,1130.0,94.0,1036.0,7568,60,1096,1096.0,756.8,-0.6326400074784367,-1.3590850973467676,187075.36,1096.0,415.0,681.0,1634046393.612388,0.0077128410339355,15.751743793487547
4235,0,1,0,0,3,2,408,2211110130,442,64,428,17,59861,29483,4,0,0,43,15,2211110130,17,59861,11123,11502,86,1130,442.0,605.3684210526316,0.0971099567859574,-1.786511542630049,218239.18005540167,1130.0,94.0,1036.0,7976,60,1096,1096.0,725.0909090909091,-0.4346502476176669,-1.5128308346107724,180123.17355371898,1096.0,401.0,695.0,1634046393.62919,0.0168020725250244,15.768545866012571
4236,0,1,0,0,2,3,32,3232270721,66,47,52,17,29483,59861,4,0,0,43,15,2211110130,17,59861,11123,11568,66,1130,442.0,578.4,0.1872321984600285,-1.767557593049064,221145.84,1130.0,94.0,1036.0,8008,32,1096,787.0,667.3333333333334,-0.2541744997172449,-1.6719890947725673,201808.22222222225,1096.0,310.5,785.5,1634046393.631285,0.0020949840545654,15.770640850067137
4237,0,1,0,0,2,3,56,3232270721,90,47,76,17,29483,59861,4,0,0,43,15,2211110130,17,59861,11123,90,90,90,90.0,90.0,0.0,-3.0,0.0,90.0,90.0,0.0,8064,32,1096,478.0,620.3076923076923,-0.0887874678177026,-1.759177007421538,212821.44378698216,1096.0,60.0,1036.0,1634046393.63134,5.507469177246094e-05,15.77069592475891
4238,0,1,0,0,2,3,60,3232270721,94,47,80,17,29483,59861,4,0,0,43,15,2211110130,17,59861,11123,184,90,94,92.0,92.0,0.0,-2.0,4.0,93.0,91.0,2.0,8124,32,1096,443.0,580.2857142857143,0.0551684783424617,-1.7839598514117805,218442.775510204,1096.0,60.0,1036.0,1634046393.631371,3.0994415283203125e-05,15.770726919174193
4239,0,1,0,0,3,2,60,2211110130,94,64,80,17,59861,29483,4,0,0,43,15,2211110130,17,59861,11123,278,90,94,94.0,92.66666666666669,-0.707106781186555,-1.499999999999993,3.555555555555556,94.0,92.0,2.0,8184,32,1096,408.0,545.6,0.182039316104869,-1.767064093795822,220723.30666666664,1096.0,60.0,1036.0,1634046393.651575,0.0202040672302246,15.790930986404417
4240,0,1,0,0,3,2,1096,2211110130,1130,64,1116,17,59861,29483,4,0,0,43,15,2211110130,17,59861,11123,1408,90,1130,94.0,352.0,1.154654715169188,-0.6667018203542612,201764.0,353.0,93.0,260.0,9280,32,1096,443.0,580.0,0.045925507951164,-1.815796926820382,224678.5,1096.0,60.0,1036.0,1634046393.660753,0.0091779232025146,15.800108909606932
4241,0,1,0,0,3,2,1096,2211110130,1130,64,1116,17,59861,29483,4,0,0,43,15,2211110130,17,59861,11123,2538,90,1130,94.0,507.6,0.4082229763206219,-1.8333194950443288,258256.64,1130.0,94.0,1036.0,10376,32,1096,478.0,610.3529411764706,-0.0738103402880197,-1.824540326358907,226202.93425605536,1096.0,60.0,1036.0,1634046393.660753,0.0,15.800108909606932
4242,0,1,0,0,3,2,1096,2211110130,1130,64,1116,17,59861,29483,4,0,0,43,15,2211110130,17,59861,11123,3668,90,1130,612.0,611.3333333333334,-1.98421959330261e-05,-1.999973498437163,269016.8888888888,1130.0,94.0,1036.0,11472,32,1096,787.0,637.3333333333334,-0.181014540073796,-1.805702352495768,226011.11111111112,1096.0,60.0,1036.0,1634046393.66144,0.0006868839263916,15.800795793533323
4243,0,1,0,0,3,2,1008,2211110130,1042,64,1028,17,59861,29483,4,0,0,43,15,2211110130,17,59861,11123,4710,90,1130,1042.0,672.8571428571429,-0.2790660581653135,-1.9099717543724712,253296.97959183672,1130.0,94.0,1036.0,12480,32,1096,1008.0,656.8421052631579,-0.2761650547562944,-1.760452577886821,220966.4487534626,1096.0,60.0,1036.0,1634046393.66144,0.0,15.800795793533323
4244,0,1,0,0,3,2,408,2211110130,442,64,428,17,59861,29483,4,0,0,43,15,2211110130,17,59861,11123,5152,90,1130,742.0,644.0,-0.1193776506877763,-1.8612931281768603,227464.0,1130.0,94.0,1036.0,12888,32,1096,743.0,644.4,-0.2044086854543969,-1.7532061499197444,212859.44000000003,1096.0,60.0,1036.0,1634046393.66144,0.0,15.800795793533323
4245,0,1,0,0,2,3,60,3232270721,94,47,80,17,29483,59861,4,0,0,43,15,2211110130,17,59861,11123,5246,90,1130,442.0,582.8888888888889,0.1142812450630256,-1.877602814141085,232066.7654320988,1130.0,94.0,1036.0,60,60,60,60.0,60.0,0.0,-3.0,0.0,60.0,60.0,0.0,1634046393.665406,0.0039660930633544,15.804761886596678
4246,0,1,0,0,3,2,1096,2211110130,1130,64,1116,17,59861,29483,4,0,0,43,15,2211110130,17,59861,11123,6376,90,1130,742.0,637.6,-0.0959916087896899,-1.89349536549518,235799.84,1130.0,94.0,1036.0,1156,60,1096,578.0,578.0,0.0,-2.0,268324.0,837.0,319.0,518.0,1634046393.668148,0.002742052078247,15.807503938674925
4247,0,1,0,0,3,2,1096,2211110130,1130,64,1116,17,59861,29483,4,0,0,43,15,2211110130,17,59861,11123,7506,90,1130,1042.0,682.3636363636364,-0.2705761653366081,-1.8360782733745615,234401.3223140496,1130.0,94.0,1036.0,2252,60,1096,1096.0,750.6666666666666,-0.7071067811865472,-1.5,238510.22222222225,1096.0,578.0,518.0,1634046393.668148,0.0,15.807503938674925
4248,0,1,0,0,3,2,1096,2211110130,1130,64,1116,17,59861,29483,4,0,0,43,15,2211110130,17,59861,11123,8636,90,1130,1086.0,719.6666666666666,-0.4209319272136967,-1.7357676876990005,230174.55555555556,1130.0,94.0,1036.0,3348,60,1096,1096.0,837.0,-1.1547005383792517,-0.6666666666666665,201243.0,1096.0,837.0,259.0,1634046393.668148,0.0,15.807503938674925
4249,0,1,0,0,3,2,1116,2211110130,1150,64,1136,17,59861,29483,4,0,0,43,15,2211110130,17,59861,11123,9786,90,1150,1130.0,752.7692307692307,-0.5525906084435481,-1.6087047123009048,225618.1775147929,1130.0,94.0,1036.0,4464,60,1116,1096.0,892.8,-1.4986946394519651,0.2482875521764378,173448.96,1096.0,1096.0,0.0,1634046393.670474,0.0023260116577148,15.80982995033264
4250,0,1,0,0,3,2,908,2211110130,942,64,928,17,59861,29483,4,0,0,43,15,2211110130,17,59861,11123,10728,90,1150,1086.0,766.2857142857143,-0.6469911301561165,-1.4622246181005296,211877.63265306127,1130.0,181.0,949.0,5372,60,1116,1096.0,895.3333333333334,-1.6611688465850896,0.940220323239175,144572.8888888889,1096.0,955.0,141.0,1634046393.670474,0.0,15.80982995033264
4251,0,1,0,0,3,2,408,2211110130,442,64,428,17,59861,29483,4,0,0,43,15,2211110130,17,59861,11123,11170,90,1150,1042.0,744.6666666666666,-0.5188031804117006,-1.551562216057777,204295.82222222225,1130.0,268.0,862.0,5780,60,1116,1096.0,825.7142857142857,-1.0445338808285107,-0.5749914928431057,153000.48979591837,1096.0,658.0,438.0,1634046393.697232,0.0267579555511474,15.836587905883787
4252,0,1,0,0,2,3,60,3232270721,94,47,80,17,29483,59861,4,0,0,43,15,2211110130,17,59861,11123,11264,90,1150,992.0,704.0,-0.3544898558847838,-1.7195453038751405,216334.0,1130.0,94.0,1036.0,5840,60,1116,1002.0,730.0,-0.6025001306062555,-1.4351428570235738,198004.0,1096.0,321.0,775.0,1634046393.701316,0.0040841102600097,15.840672016143797
4253,0,1,0,0,3,2,1096,2211110130,1130,64,1116,17,59861,29483,4,0,0,43,15,2211110130,17,59861,11123,12394,90,1150,1042.0,729.0588235294117,-0.4566815376826686,-1.6406333554422172,213655.5847750865,1130.0,94.0,1036.0,6936,60,1116,1096.0,770.6666666666666,-0.7883089584701255,-1.179150960950853,189233.77777777775,1096.0,408.0,688.0,1634046393.713222,0.0119059085845947,15.852577924728392
4254,0,1,0,0,3,2,1096,2211110130,1130,64,1116,17,59861,29483,4,0,0,43,15,2211110130,17,59861,11123,13524,90,1150,1086.0,751.3333333333334,-0.550634484704269,-1.5485308213412272,210220.44444444444,1130.0,181.0,949.0,8032,60,1116,1096.0,803.2,-0.9512610968207956,-0.8942867259614942,179836.16,1096.0,533.0,563.0,1634046393.713222,0.0,15.852577924728392
4255,0,1,0,0,3,2,1096,2211110130,1130,64,1116,17,59861,29483,4,0,0,43,15,2211110130,17,59861,11123,14654,90,1150,1130.0,771.2631578947369,-0.6377938084347448,-1.4464346811210498,206305.7728531856,1130.0,268.0,862.0,9128,60,1116,1096.0,829.8181818181819,-1.0974024062301442,-0.5912112657426243,170572.69421487604,1096.0,658.0,438.0,1634046393.713222,0.0,15.852577924728392
4256,0,1,0,0,3,2,1096,2211110130,1130,64,1116,17,59861,29483,4,0,0,43,15,2211110130,17,59861,11123,15784,90,1150,1130.0,789.2,-0.7192538817812408,-1.336588727294102,202103.36000000004,1130.0,355.0,775.0,10224,60,1116,1096.0,852.0,-1.2306242232406488,-0.2759196723954575,161770.66666666666,1096.0,783.0,313.0,1634046393.713848,0.0006260871887207,15.853204011917112
4257,0,1,0,0,3,2,1096,2211110130,1130,64,1116,17,59861,29483,4,0,0,43,15,2211110130,17,59861,11123,1130,1130,1130,1130.0,1130.0,0.0,-3.0,0.0,1130.0,1130.0,0.0,11320,60,1116,1096.0,870.7692307692307,-1.353577950034551,0.0479612952173811,153554.17751479291,1096.0,908.0,188.0,1634046393.713848,0.0,15.853204011917112
4258,0,1,0,0,3,2,720,2211110130,754,64,740,17,59861,29483,4,0,0,43,15,2211110130,17,59861,11123,1884,754,1130,942.0,942.0,0.0,-2.0,35344.0,1036.0,848.0,188.0,12040,60,1116,1096.0,860.0,-1.3020278730853303,0.0632821431270653,144093.7142857143,1096.0,767.0,329.0,1634046393.713848,0.0,15.853204011917112
4259,0,1,0,0,2,3,52,3232270721,86,48,72,17,10001,59861,4,0,0,43,15,2211110130,17,59861,11123,1970,86,1130,754.0,656.6666666666666,-0.3267135772100773,-1.4999999999999998,186392.88888888888,942.0,420.0,522.0,12092,52,1116,1096.0,806.1333333333333,-0.9987238667518908,-0.7513190309012319,175110.11555555556,1096.0,564.0,532.0,1634046393.719431,0.0055828094482421,15.858786821365355
4260,0,1,0,0,2,3,60,3232270721,94,47,80,17,29483,59861,4,0,0,43,15,2211110130,17,59861,11123,2064,86,1130,424.0,516.0,0.2539977195163722,-1.6685585461716752,199156.0,848.0,92.0,756.0,12152,52,1116,1096.0,759.5,-0.7668131700081933,-1.2193512928477026,196785.75,1096.0,321.0,775.0,1634046393.720636,0.0012049674987792,15.859991788864134
4261,0,1,0,0,3,2,408,2211110130,442,64,428,17,59861,29483,4,0,0,43,15,2211110130,17,59861,11123,2506,86,1130,442.0,501.2,0.3913685741305254,-1.3039386447302836,160200.96,754.0,94.0,660.0,12560,52,1116,1096.0,738.8235294117648,-0.6372675750925435,-1.3497149799057069,192050.38062283737,1096.0,408.0,688.0,1634046393.738436,0.0178000926971435,15.877791881561278
4262,0,1,0,0,3,2,1096,2211110130,1130,64,1116,17,59861,29483,4,0,0,43,15,2211110130,17,59861,11123,3636,86,1130,598.0,606.0,0.023966673696268,-1.6205732349186628,188416.0,1036.0,181.0,855.0,13656,52,1116,1096.0,758.6666666666666,-0.7273743682122095,-1.228683946915352,188074.66666666663,1096.0,408.0,688.0,1634046393.751327,0.0128910541534423,15.89068293571472
4263,0,1,0,0,2,3,60,3232270721,94,47,80,17,29483,59861,4,0,0,43,15,2211110130,17,59861,11123,3730,86,1130,442.0,532.8571428571429,0.2979291364047912,-1.5866289571393934,193598.69387755104,942.0,94.0,848.0,13716,52,1116,1096.0,721.8947368421053,-0.5679910604496861,-1.4726652626679797,202515.14681440443,1096.0,234.0,862.0,1634046393.751776,0.0004489421844482,15.891131877899168
4264,0,1,0,0,3,2,1096,2211110130,1130,64,1116,17,59861,29483,4,0,0,43,15,2211110130,17,59861,11123,4860,86,1130,598.0,607.5,0.0182875266229039,-1.7398583353635044,208399.75,1130.0,94.0,1036.0,14812,52,1116,1096.0,740.6,-0.6501700675640412,-1.3746709949436302,199037.24,1096.0,321.0,775.0,1634046393.752731,0.0009551048278808,15.892086982727049
4265,0,1,0,0,3,2,1096,2211110130,1130,64,1116,17,59861,29483,4,0,0,43,15,2211110130,17,59861,11123,5990,86,1130,754.0,665.5555555555555,-0.2021281457257908,-1.7294698368081995,212207.8024691358,1130.0,94.0,1036.0,1096,1096,1096,1096.0,1096.0,0.0,-3.0,0.0,1096.0,1096.0,0.0,1634046393.752731,0.0,15.892086982727049
4266,0,1,0,0,3,2,449,2211110130,483,64,469,17,59861,29483,4,0,0,43,15,2211110130,17,59861,11123,6473,86,1130,618.5,647.3,-0.0908433474145773,-1.6540379892504975,193986.41,1130.0,181.0,949.0,1545,449,1096,772.5,772.5,0.0,-2.0,104652.25,934.25,610.75,323.5,1634046393.752731,0.0,15.892086982727049
4267,0,1,0,0,3,2,60,2211110130,94,64,80,17,59861,29483,4,0,0,43,15,2211110130,17,59861,11123,6567,86,1130,483.0,597.0,0.0894689428099484,-1.6934825931935302,201652.18181818185,1130.0,94.0,1036.0,1605,60,1096,449.0,535.0,0.2937465261667777,-1.5,182580.66666666663,772.5,254.5,518.0,1634046393.765714,0.0129828453063964,15.905069828033445
4268,0,1,0,0,3,2,52,2211110130,86,64,72,17,59861,29483,4,0,0,43,15,2211110130,17,59861,11123,6653,86,1130,462.5,554.4166666666666,0.2432814367632703,-1.6649894393359757,204794.5763888889,1130.0,94.0,1036.0,1657,52,1096,254.5,414.25,0.7321577143469492,-1.0931304208601365,180677.1875,610.75,58.0,552.75,1634046393.765714,0.0,15.905069828033445
4269,0,1,0,0,2,3,60,3232270721,94,47,80,17,29483,59861,4,0,0,43,15,2211110130,17,59861,11123,6747,86,1130,442.0,519.0,0.3799688578425654,-1.5939740464037973,204093.2307692308,1130.0,94.0,1036.0,1717,52,1096,60.0,343.4,1.0695499307492122,-0.4830029929728883,164620.63999999996,449.0,60.0,389.0,1634046393.771422,0.0057079792022705,15.910777807235716
4270,0,1,0,0,3,2,408,2211110130,442,64,428,17,59861,29483,4,0,0,43,15,2211110130,17,59861,11123,7189,86,1130,442.0,513.5,0.4305588847872373,-1.4712326008372687,189908.39285714287,1036.0,94.0,942.0,2125,52,1096,234.0,354.1666666666667,1.0780780099858236,-0.1349522572208719,137763.47222222222,438.75,60.0,378.75,1634046393.772161,0.0007390975952148,15.91151690483093
4271,0,1,0,0,2,3,60,3232270721,94,47,80,17,29483,59861,4,0,0,43,15,2211110130,17,59861,11123,7283,86,1130,442.0,485.53333333333336,0.5407323536057275,-1.3743176319878418,188197.7155555556,942.0,94.0,848.0,2185,52,1096,60.0,312.1428571428572,1.2979065640287588,0.4050076810246596,128678.97959183676,428.5,60.0,368.5,1634046393.787859,0.015697956085205,15.927214860916136
4272,0,1,0,0,2,3,52,3232270721,86,47,72,17,29483,59861,4,0,0,43,15,2211110130,17,59861,11123,7369,86,1130,268.0,460.5625,0.6410465837159889,-1.2616001423052372,185788.49609375,848.0,94.0,754.0,2237,52,1096,60.0,279.625,1.4906420158863465,0.9726917618825368,119995.984375,418.25,58.0,360.25,1634046393.78789,3.0994415283203125e-05,15.92724585533142
4273,0,1,0,0,3,2,1096,2211110130,1130,64,1116,17,59861,29483,4,0,0,43,15,2211110130,17,59861,11123,8499,86,1130,442.0,499.9411764705882,0.4742539535991568,-1.5009690187639522,199670.6435986159,1130.0,94.0,1036.0,3333,52,1096,60.0,370.3333333333333,0.9470981223619388,-0.7480289036259236,172487.11111111112,449.0,60.0,389.0,1634046393.791734,0.0038440227508544,15.931089878082274
4274,0,1,0,0,3,2,1096,2211110130,1130,64,1116,17,59861,29483,4,0,0,43,15,2211110130,17,59861,11123,9629,86,1130,442.0,534.9444444444445,0.3321187939876563,-1.6499413743810287,209406.71913580247,1130.0,94.0,1036.0,4429,52,1096,234.0,442.9,0.6005683704441525,-1.399905097132416,202631.69,934.25,60.0,874.25,1634046393.791734,0.0,15.931089878082274
4275,0,1,0,0,3,2,1096,2211110130,1130,64,1116,17,59861,29483,4,0,0,43,15,2211110130,17,59861,11123,10759,86,1130,442.0,566.2631578947369,0.2082468709062646,-1.7403448851669714,216040.82548476456,1130.0,94.0,1036.0,5525,52,1096,408.0,502.27272727272725,0.3484611477734593,-1.68980041422968,219461.83471074383,1096.0,60.0,1036.0,1634046393.791734,0.0,15.931089878082274
4276,0,1,0,0,3,2,1096,2211110130,1130,64,1116,17,59861,29483,4,0,0,43,15,2211110130,17,59861,11123,11889,86,1130,462.5,594.45,0.0983285561925315,-1.7907574650593296,220334.2475,1130.0,94.0,1036.0,6621,52,1096,428.5,551.75,0.1496478676013421,-1.8157322320131053,228101.35416666663,1096.0,60.0,1036.0,1634046393.792475,0.0007410049438476,15.931830883026121
4277,0,1,0,0,3,2,1096,2211110130,1130,64,1116,17,59861,29483,4,0,0,43,15,2211110130,17,59861,11123,1130,1130,1130,1130.0,1130.0,0.0,-3.0,0.0,1130.0,1130.0,0.0,7717,52,1096,449.0,593.6153846153846,-0.0153460105402101,-1.8537809698845436,231587.6213017752,1096.0,60.0,1036.0,1634046393.792475,0.0,15.931830883026121
4278,0,1,0,0,3,2,540,2211110130,574,64,560,17,59861,29483,4,0,0,43,15,2211110130,17,59861,11123,1704,574,1130,852.0,852.0,0.0,-2.0,77284.0,991.0,713.0,278.0,8257,52,1096,494.5,589.7857142857143,0.0087503962936094,-1.7679034060533363,215236.31122448985,1096.0,60.0,1036.0,1634046393.792475,0.0,15.931830883026121
4279,0,1,0,0,3,2,56,2211110130,90,64,76,17,59861,29483,4,0,0,43,15,2211110130,17,59861,11123,1794,90,1130,574.0,598.0,0.0845421930916174,-1.4999999999999998,180554.66666666663,852.0,332.0,520.0,8313,52,1096,449.0,554.2,0.1375512777713103,-1.7649941591387472,218616.02666666667,1096.0,60.0,1036.0,1634046393.808567,0.0160920619964599,15.947922945022581
4280,0,1,0,0,2,3,56,3232270721,90,47,76,17,29483,59861,4,0,0,43,15,2211110130,17,59861,11123,1884,90,1130,332.0,471.0,0.5605016987639795,-1.2916536389539086,183803.0,713.0,90.0,623.0,8369,52,1096,428.5,523.0625,0.2527042299684013,-1.730867809442406,219495.68359375,1096.0,59.0,1037.0,1634046393.81977,0.0112030506134033,15.959125995635985
4281,0,1,0,0,2,3,60,3232270721,94,47,80,17,29483,59861,4,0,0,43,15,2211110130,17,59861,11123,1978,90,1130,94.0,395.6,0.9069828730668784,-0.7963007223679539,169783.03999999998,574.0,90.0,484.0,8429,52,1096,408.0,495.8235294117647,0.3573698207506903,-1.674529022448644,218455.5570934256,1096.0,60.0,1036.0,1634046393.819826,5.5789947509765625e-05,15.959181785583494
4282,0,1,0,0,3,2,408,2211110130,442,64,428,17,59861,29483,4,0,0,43,15,2211110130,17,59861,11123,2420,90,1130,268.0,403.3333333333333,0.929098645189952,-0.4455219897355094,141784.8888888889,541.0,91.0,450.0,8837,52,1096,408.0,490.94444444444446,0.3984452787632096,-1.5855602834216074,206723.8302469136,1096.0,60.0,1036.0,1634046393.821627,0.0018010139465332,15.960982799530028
4283,0,1,0,0,3,2,1096,2211110130,1130,64,1116,17,59861,29483,4,0,0,43,15,2211110130,17,59861,11123,3550,90,1130,442.0,507.1428571428572,0.4758520068890962,-1.3897753794251506,186188.40816326533,852.0,92.0,760.0,9933,52,1096,408.0,522.7894736842105,0.2690297398817327,-1.6993329349584507,214097.5346260388,1096.0,60.0,1036.0,1634046393.824314,0.0026872158050537,15.963670015335081
4284,0,1,0,0,3,2,1096,2211110130,1130,64,1116,17,59861,29483,4,0,0,43,15,2211110130,17,59861,11123,4680,90,1130,508.0,585.0,0.1635683550560112,-1.685938726500527,205347.0,1130.0,93.0,1037.0,11029,52,1096,428.5,551.45,0.1549692532403761,-1.766999516756822,218999.7475,1096.0,60.0,1036.0,1634046393.827057,0.0027427673339843,15.966412782669066
4285,0,1,0,0,3,2,1096,2211110130,1130,64,1116,17,59861,29483,4,0,0,43,15,2211110130,17,59861,11123,5810,90,1130,574.0,645.5555555555555,-0.073781776565633,-1.7496626653147784,211866.46913580247,1130.0,94.0,1036.0,1096,1096,1096,1096.0,1096.0,0.0,-3.0,0.0,1096.0,1096.0,0.0,1634046393.827824,0.0007672309875488,15.967180013656614
4286,0,1,0,0,3,2,481,2211110130,515,64,501,17,59861,29483,4,0,0,43,15,2211110130,17,59861,11123,6325,90,1130,544.5,632.5,0.0098776657199745,-1.6361812207870756,192213.85,1130.0,181.0,949.0,1577,481,1096,788.5,788.5,0.0,-2.0,94556.25,942.25,634.75,307.5,1634046393.827824,0.0,15.967180013656614
4287,0,1,0,0,3,2,1116,2211110130,1150,64,1136,17,59861,29483,4,0,0,43,15,2211110130,17,59861,11123,7475,90,1150,574.0,679.5454545454545,-0.1663848058189073,-1.6469416680171105,196872.61157024797,1130.0,268.0,862.0,2693,481,1116,1096.0,897.6666666666666,-0.7046656764625799,-1.5000000000000004,86872.22222222222,1106.0,788.5,317.5,1634046393.830331,0.0025069713592529,15.969686985015867
4288,0,1,0,0,2,3,60,3232270721,94,47,80,17,29483,59861,4,0,0,43,15,2211110130,17,59861,11123,7569,90,1150,544.5,630.75,0.0033510205069666,-1.7128098002710963,206657.5208333333,1130.0,94.0,1036.0,2753,60,1116,788.5,688.25,-0.3175099165800117,-1.5868311583720758,196720.1875,1101.0,375.75,725.25,1634046393.836946,0.0066149234771728,15.97630190849304
4289,0,1,0,0,2,3,60,3232270721,94,47,80,17,29483,59861,4,0,0,43,15,2211110130,17,59861,11123,7663,90,1150,515.0,589.4615384615385,0.150694996314108,-1.7137985175982664,211217.6331360947,1130.0,94.0,1036.0,2813,60,1116,481.0,562.6,0.1289611503703537,-1.756372247957547,220527.84,1096.0,60.0,1036.0,1634046393.848985,0.0120389461517333,15.988340854644774
4290,0,1,0,0,3,2,1096,2211110130,1130,64,1116,17,59861,29483,4,0,0,43,15,2211110130,17,59861,11123,8793,90,1150,544.5,628.0714285714286,-0.0015540759308113,-1.7625129712398044,215510.06632653065,1130.0,94.0,1036.0,3909,60,1116,788.5,651.5,-0.2258604309123477,-1.7621712473250934,223289.25,1096.0,165.25,930.75,1634046393.873264,0.0242791175842285,16.012619972229
4291,0,1,0,0,3,2,1096,2211110130,1130,64,1116,17,59861,29483,4,0,0,43,15,2211110130,17,59861,11123,9923,90,1150,574.0,661.5333333333333,-0.1338953842693746,-1.7614254400464402,216818.51555555555,1130.0,94.0,1036.0,5005,60,1116,1096.0,715.0,-0.4915685919081088,-1.585477465675751,215584.2857142857,1096.0,270.5,825.5,1634046393.873264,0.0,16.012619972229
4292,0,1,0,0,3,2,1096,2211110130,1130,64,1116,17,59861,29483,4,0,0,43,15,2211110130,17,59861,11123,11053,90,1150,852.0,690.8125,-0.2513690884002865,-1.7274336617534083,216126.40234375,1130.0,94.0,1036.0,6101,60,1116,1096.0,762.625,-0.7078699560664194,-1.3301668960958362,204513.234375,1096.0,375.75,720.25,1634046393.873264,0.0,16.012619972229
4293,0,1,0,0,3,2,1096,2211110130,1130,64,1116,17,59861,29483,4,0,0,43,15,2211110130,17,59861,11123,12183,90,1150,1130.0,716.6470588235294,-0.3573361830265606,-1.67057913081555,214091.875432526,1130.0,94.0,1036.0,7197,60,1116,1096.0,799.6666666666666,-0.8926623655992426,-1.033865423349979,192766.22222222225,1096.0,481.0,615.0,1634046393.87395,0.0006859302520751,16.013305902481076
4294,0,1,0,0,3,2,1096,2211110130,1130,64,1116,17,59861,29483,4,0,0,43,15,2211110130,17,59861,11123,13313,90,1150,1130.0,739.6111111111111,-0.4541401017388922,-1.5971995319721093,211162.79320987652,1130.0,181.0,949.0,8293,60,1116,1096.0,829.3,-1.055515476660999,-0.7134949950285026,181392.81,1096.0,634.75,461.25,1634046393.87395,0.0,16.013305902481076
4295,0,1,0,0,3,2,523,2211110130,557,64,543,17,59861,29483,4,0,0,43,15,2211110130,17,59861,11123,13870,90,1150,1130.0,730.0,-0.4001562037978711,-1.5791394999062471,201711.68421052632,1130.0,268.0,862.0,8816,60,1116,1096.0,801.4545454545455,-0.8683778023380387,-0.9385693685693122,172656.24793388427,1096.0,502.0,594.0,1634046393.87395,0.0,16.013305902481076
4296,0,1,0,0,3,2,408,2211110130,442,64,428,17,59861,29483,4,0,0,43,15,2211110130,17,59861,11123,14312,90,1150,852.0,715.6,-0.3142967739803513,-1.6023182415123762,195565.94,1130.0,355.0,775.0,9224,60,1116,1096.0,768.6666666666666,-0.6474205716754059,-1.2278052436997615,170093.72222222225,1096.0,462.75,633.25,1634046393.874696,0.0007460117340087,16.014051914215084
4297,0,1,0,0,3,2,60,2211110130,94,64,80,17,59861,29483,4,0,0,43,15,2211110130,17,59861,11123,94,94,94,94.0,94.0,0.0,-3.0,0.0,94.0,94.0,0.0,9284,60,1116,1096.0,714.1538461538462,-0.4449468587229556,-1.5162060573996567,192669.3609467456,1096.0,408.0,688.0,1634046393.880831,0.0061349868774414,16.020186901092526
4298,0,1,0,0,3,2,1096,2211110130,1130,64,1116,17,59861,29483,4,0,0,43,15,2211110130,17,59861,11123,1224,94,1130,612.0,612.0,0.0,-2.0,268324.0,871.0,353.0,518.0,10380,60,1116,1096.0,741.4285714285714,-0.5667924674752199,-1.4003456453295666,188578.1020408164,1096.0,426.25,669.75,1634046393.880831,0.0,16.020186901092526
4299,0,1,0,0,3,2,1096,2211110130,1130,64,1116,17,59861,29483,4,0,0,43,15,2211110130,17,59861,11123,2354,94,1130,1130.0,784.6666666666666,-0.7071067811865472,-1.5,238510.22222222225,1130.0,612.0,518.0,11476,60,1116,1096.0,765.0666666666667,-0.6774978085248625,-1.2665058347633995,183828.8622222222,1096.0,444.5,651.5,1634046393.881317,0.0004858970642089,16.020672798156735
4300,0,1,0,0,3,2,1096,2211110130,1130,64,1116,17,59861,29483,4,0,0,43,15,2211110130,17,59861,11123,3484,94,1130,1130.0,871.0,-1.1547005383792517,-0.6666666666666665,201243.0,1130.0,871.0,259.0,12572,60,1116,1096.0,785.75,-0.7792858766100107,-1.1197256224509975,178756.5625,1096.0,462.75,633.25,1634046393.881317,0.0,16.020672798156735
4301,0,1,0,0,3,2,633,2211110130,667,64,653,17,59861,29483,4,0,0,43,15,2211110130,17,59861,11123,4151,94,1130,1130.0,830.2,-0.9396637007136656,-0.7322912779753401,167652.96000000002,1130.0,667.0,463.0,13205,60,1116,1096.0,776.7647058823529,-0.7316316171345074,-1.0981445897630615,169533.23875432526,1096.0,481.0,615.0,1634046393.881317,0.0,16.020672798156735
4302,0,1,0,0,2,3,60,3232270721,94,47,80,17,29483,59861,4,0,0,43,15,2211110130,17,59861,11123,4245,94,1130,898.5,707.5,-0.3939686932328982,-1.633609963638441,214987.25,1130.0,237.25,892.75,13265,60,1116,1096.0,736.9444444444445,-0.5719933871585601,-1.3673651337960562,187070.8302469136,1096.0,426.25,669.75,1634046393.882471,0.0011541843414306,16.021826982498165
4303,0,1,0,0,3,2,408,2211110130,442,64,428,17,59861,29483,4,0,0,43,15,2211110130,17,59861,11123,4687,94,1130,667.0,669.5714285714286,-0.1691394179601328,-1.6294922943353336,192906.2448979592,1130.0,268.0,862.0,13673,60,1116,1096.0,719.6315789473684,-0.4642169154535817,-1.443586244006336,182620.2326869806,1096.0,408.0,688.0,1634046393.905332,0.0228610038757324,16.044687986373898
4304,0,1,0,0,3,2,1096,2211110130,1130,64,1116,17,59861,29483,4,0,0,43,15,2211110130,17,59861,11123,5817,94,1130,898.5,727.125,-0.4003504033487663,-1.530252971598375,191979.859375,1130.0,355.0,775.0,14769,60,1116,1096.0,738.45,-0.5480841950034263,-1.365441909557274,180217.7475,1096.0,408.0,688.0,1634046393.905332,0.0,16.044687986373898
4305,0,1,0,0,3,2,1096,2211110130,1130,64,1116,17,59861,29483,4,0,0,43,15,2211110130,17,59861,11123,6947,94,1130,1130.0,771.8888888888889,-0.5929783340109597,-1.353097172285139,186679.20987654323,1130.0,442.0,688.0,1096,1096,1096,1096.0,1096.0,0.0,-3.0,0.0,1096.0,1096.0,0.0,1634046393.905332,0.0,16.044687986373898
4306,0,1,0,0,3,2,1096,2211110130,1130,64,1116,17,59861,29483,4,0,0,43,15,2211110130,17,59861,11123,8077,94,1130,1130.0,807.7,-0.7595435263932474,-1.1329304474600206,179553.21000000002,1130.0,498.25,631.75,2192,1096,1096,1096.0,1096.0,0.0,-3.0,0.0,1096.0,1096.0,0.0,1634046393.905332,0.0,16.044687986373898
4307,0,1,0,0,3,2,1096,2211110130,1130,64,1116,17,59861,29483,4,0,0,43,15,2211110130,17,59861,11123,9207,94,1130,1130.0,837.0,-0.9073393244464912,-0.8865617395884513,171815.0909090909,1130.0,554.5,575.5,3288,1096,1096,1096.0,1096.0,0.0,-3.0,0.0,1096.0,1096.0,0.0,1634046393.905332,0.0,16.044687986373898
4308,0,1,0,0,3,2,365,2211110130,399,64,385,17,59861,29483,4,0,0,43,15,2211110130,17,59861,11123,9606,94,1130,1130.0,800.5,-0.6627289356340775,-1.246461820455101,172151.91666666666,1130.0,431.25,698.75,3653,365,1096,1096.0,913.25,-1.1547005383792517,-0.6666666666666665,100192.6875,1096.0,913.25,182.75,1634046393.905332,0.0,16.044687986373898
4309,0,1,0,0,2,3,60,3232270721,94,47,80,17,29483,59861,4,0,0,43,15,2211110130,17,59861,11123,9700,94,1130,1130.0,746.1538461538462,-0.4548897399332949,-1.538349820579296,194351.5147928994,1130.0,399.0,731.0,3713,60,1096,1096.0,742.6,-0.5492808509442475,-1.5298872269992831,196639.84,1096.0,365.0,731.0,1634046393.936314,0.0309820175170898,16.075670003890988
4310,0,1,0,0,3,2,408,2211110130,442,64,428,17,59861,29483,4,0,0,43,15,2211110130,17,59861,11123,10142,94,1130,898.5,724.4285714285714,-0.322898521927935,-1.590314636274363,186605.10204081636,1130.0,409.75,720.25,4121,60,1096,752.0,686.8333333333334,-0.210106229459759,-1.6784531551767752,179416.13888888888,1096.0,375.75,720.25,1634046393.946843,0.0105288028717041,16.08619880676269
4311,0,1,0,0,3,2,1096,2211110130,1130,64,1116,17,59861,29483,4,0,0,43,15,2211110130,17,59861,11123,11272,94,1130,1130.0,751.4666666666667,-0.4397725700082168,-1.5126282124567811,184399.58222222223,1130.0,420.5,709.5,5217,60,1096,1096.0,745.2857142857143,-0.4763923580848422,-1.5189509132715404,174285.34693877553,1096.0,386.5,709.5,1634046393.946843,0.0,16.08619880676269
4312,0,1,0,0,3,2,1096,2211110130,1130,64,1116,17,59861,29483,4,0,0,43,15,2211110130,17,59861,11123,12402,94,1130,1130.0,775.125,-0.5459585275921577,-1.4151645707478224,181270.359375,1130.0,431.25,698.75,6313,60,1096,1096.0,789.125,-0.6929571983093187,-1.2733413170702552,165952.859375,1096.0,397.25,698.75,1634046393.946843,0.0,16.08619880676269
4313,0,1,0,0,3,2,1096,2211110130,1130,64,1116,17,59861,29483,4,0,0,43,15,2211110130,17,59861,11123,13532,94,1130,1130.0,796.0,-0.6435472657942217,-1.3033715966918198,177579.64705882352,1130.0,442.0,688.0,7409,60,1096,1096.0,823.2222222222222,-0.87782418075745,-0.9832304229795148,156814.61728395062,1096.0,408.0,688.0,1634046393.947469,0.0006260871887207,16.086824893951412
4314,0,1,0,0,3,2,1096,2211110130,1130,64,1116,17,59861,29483,4,0,0,43,15,2211110130,17,59861,11123,14662,94,1130,1130.0,814.5555555555555,-0.7340701168782956,-1.1808673646534014,173567.35802469135,1130.0,442.0,688.0,8505,60,1096,1096.0,850.5,-1.0406363608933382,-0.6671429448624373,147829.85,1096.0,580.0,516.0,1634046393.94807,0.000601053237915,16.087425947189328
4315,0,1,0,0,3,2,1096,2211110130,1130,64,1116,17,59861,29483,4,0,0,43,15,2211110130,17,59861,11123,15792,94,1130,1130.0,831.1578947368421,-0.8186801788934062,-1.0501478590361188,169393.71191135733,1130.0,442.0,688.0,9601,60,1096,1096.0,872.8181818181819,-1.1871523752572877,-0.334576096366225,139371.78512396693,1096.0,752.0,344.0,1634046393.94807,0.0,16.087425947189328
4316,0,1,0,0,3,2,780,2211110130,814,64,800,17,59861,29483,4,0,0,43,15,2211110130,17,59861,11123,16606,94,1130,1130.0,830.3,-0.8334271397078191,-0.9550370523740056,160938.00999999998,1130.0,442.0,688.0,10381,60,1096,1096.0,865.0833333333334,-1.16710510970557,-0.2251779474406636,128415.57638888888,1096.0,687.0,409.0,1634046393.94807,0.0,16.087425947189328
4317,0,1,0,0,2,3,60,3232270721,94,47,80,17,29483,59861,4,0,0,43,15,2211110130,17,59861,11123,94,94,94,94.0,94.0,0.0,-3.0,0.0,94.0,94.0,0.0,10441,60,1096,1096.0,803.1538461538462,-0.8824036108419386,-0.9261144571295676,164560.5917159763,1096.0,408.0,688.0,1634046393.954099,0.0060288906097412,16.09345483779907
4318,0,1,0,0,2,3,60,3232270721,94,47,80,17,29483,59861,4,0,0,43,15,2211110130,17,59861,11123,188,94,94,94.0,94.0,0.0,-3.0,0.0,94.0,94.0,0.0,10501,60,1096,1096.0,750.0714285714286,-0.6512621080690242,-1.346892763575544,189436.92346938772,1096.0,375.75,720.25,1634046393.974243,0.020143985748291,16.11359882354736
4319,0,1,0,0,3,2,416,2211110130,450,64,436,17,59861,29483,4,0,0,43,15,2211110130,17,59861,11123,638,94,450,94.0,212.66666666666663,0.7071067811865475,-1.5000000000000002,28163.55555555556,272.0,94.0,178.0,10917,60,1096,1096.0,727.8,-0.5118186597876471,-1.4581334403059114,183752.02666666664,1096.0,386.5,709.5,1634046393.97569,0.0014469623565673,16.115045785903927
4320,0,1,0,0,3,2,1116,2211110130,1150,64,1136,17,59861,29483,4,0,0,43,15,2211110130,17,59861,11123,1788,94,1150,272.0,447.0,0.8095182777597666,-1.007607794941893,185859.0,625.0,94.0,531.0,12033,60,1116,1096.0,752.0625,-0.6142011695935227,-1.3479776545308857,181097.55859375,1096.0,397.25,698.75,1634046393.981279,0.0055890083312988,16.120634794235226
4321,0,1,0,0,2,3,52,3232270721,86,47,72,17,29483,59861,4,0,0,43,15,2211110130,17,59861,11123,1874,86,1150,94.0,374.8,1.1399938947989083,-0.3521114386748412,169538.56,450.0,94.0,356.0,12085,52,1116,1096.0,710.8823529411765,-0.4583498438466046,-1.5532161514207468,197577.63321799308,1096.0,365.0,731.0,1634046393.990846,0.0095670223236083,16.130201816558834
4322,0,1,0,0,3,2,60,2211110130,94,64,80,17,59861,29483,4,0,0,43,15,2211110130,17,59861,11123,1968,86,1150,94.0,328.0,1.4159434281087253,0.3742901795321565,152233.33333333334,361.0,94.0,267.0,12145,52,1116,938.0,674.7222222222222,-0.3210202821821198,-1.687446569732575,208829.53395061725,1096.0,136.25,959.75,1634046393.990903,5.698204040527344e-05,16.13025879859924
4323,0,1,0,0,3,2,1096,2211110130,1130,64,1116,17,59861,29483,4,0,0,43,15,2211110130,17,59861,11123,3098,86,1150,94.0,442.57142857142856,0.7559497062204581,-1.2569477132716331,209245.38775510204,790.0,94.0,696.0,13241,52,1116,1096.0,696.8947368421053,-0.4134142816956912,-1.6254450780580776,206687.6731301939,1096.0,212.5,883.5,1634046393.990903,0.0,16.13025879859924
4324,0,1,0,0,3,2,1096,2211110130,1130,64,1116,17,59861,29483,4,0,0,43,15,2211110130,17,59861,11123,4228,86,1150,272.0,528.5,0.3759028494522056,-1.738418217923306,234775.75,1130.0,94.0,1036.0,14337,52,1116,1096.0,716.85,-0.4989079602784046,-1.5515026450267966,203919.3275,1096.0,288.75,807.25,1634046393.992813,0.0019102096557617,16.132169008255
4325,0,1,0,0,3,2,1096,2211110130,1130,64,1116,17,59861,29483,4,0,0,43,15,2211110130,17,59861,11123,5358,86,1150,450.0,595.3333333333334,0.1066323860016243,-1.8895574819752328,244423.11111111112,1130.0,94.0,1036.0,1096,1096,1096,1096.0,1096.0,0.0,-3.0,0.0,1096.0,1096.0,0.0,1634046393.992813,0.0,16.132169008255
4326,0,1,0,0,3,2,1096,2211110130,1130,64,1116,17,59861,29483,4,0,0,43,15,2211110130,17,59861,11123,6488,86,1150,790.0,648.8,-0.1041347009987451,-1.9006872932330383,245708.96,1130.0,94.0,1036.0,2192,1096,1096,1096.0,1096.0,0.0,-3.0,0.0,1096.0,1096.0,0.0,1634046393.993337,0.0005238056182861,16.132692813873287
4327,0,1,0,0,3,2,974,2211110130,1008,64,994,17,59861,29483,4,0,0,43,15,2211110130,17,59861,11123,7496,86,1150,1008.0,681.4545454545455,-0.2674330335829438,-1.8259585233726112,234034.9752066116,1130.0,94.0,1036.0,3166,974,1096,1096.0,1055.3333333333333,-0.7071067811865437,-1.500000000000003,3307.555555555555,1096.0,1035.0,61.0,1634046393.993337,0.0,16.132692813873287
4328,0,1,0,0,2,3,60,3232270721,94,47,80,17,29483,59861,4,0,0,43,15,2211110130,17,59861,11123,7590,86,1150,729.0,632.5,-0.0774221148861738,-1.903862320415818,240894.0833333333,1130.0,94.0,1036.0,3226,60,1096,1035.0,806.5,-1.1105101310604628,-0.7042381484020024,188234.75,1096.0,745.5,350.5,1634046394.008435,0.0150980949401855,16.147790908813473
4329,0,1,0,0,3,2,56,2211110130,90,64,76,17,59861,29483,4,0,0,43,15,2211110130,17,59861,11123,7680,86,1150,450.0,590.7692307692307,0.0816449008242669,-1.9105564387073848,243261.25443786985,1130.0,94.0,1036.0,3282,56,1096,974.0,656.4,-0.3838021015639903,-1.8217939865876376,240707.84,1096.0,60.0,1036.0,1634046394.01366,0.0052249431610107,16.153015851974484
4330,0,1,0,0,2,3,56,3232270721,90,47,76,17,29483,59861,4,0,0,43,15,2211110130,17,59861,11123,7770,86,1150,272.0,555.0,0.2193408448841444,-1.8737484246458944,242518.14285714287,1130.0,94.0,1036.0,3338,56,1096,517.0,556.3333333333334,0.0191707723021349,-1.975804674397279,250656.55555555556,1065.5,57.0,1008.5,1634046394.027119,0.0134589672088623,16.166474819183346
4331,0,1,0,0,2,3,60,3232270721,94,47,80,17,29483,59861,4,0,0,43,15,2211110130,17,59861,11123,7864,86,1150,94.0,524.2666666666667,0.3414213418272233,-1.8082945458266189,239573.7955555556,1130.0,94.0,1036.0,3398,56,1096,60.0,485.4285714285714,0.3056534465534781,-1.885200126146464,245013.387755102,1035.0,58.0,977.0,1634046394.027174,5.507469177246094e-05,16.16652989387512
4332,0,1,0,0,3,2,1096,2211110130,1130,64,1116,17,59861,29483,4,0,0,43,15,2211110130,17,59861,11123,8994,86,1150,272.0,562.125,0.191827184776818,-1.895845415466892,246099.234375,1130.0,94.0,1036.0,4494,56,1096,517.0,561.75,0.0156769692759194,-1.9807389608618395,255161.4375,1096.0,59.0,1037.0,1634046394.032585,0.0054109096527099,16.17194080352783
4333,0,1,0,0,3,2,1096,2211110130,1130,64,1116,17,59861,29483,4,0,0,43,15,2211110130,17,59861,11123,10124,86,1150,450.0,595.5294117647059,0.0624037464729445,-1.9340035393705648,249476.48442906572,1130.0,94.0,1036.0,5590,56,1096,974.0,621.1111111111111,-0.2087564044557604,-1.9385814748991683,255000.0987654321,1096.0,60.0,1036.0,1634046394.032585,0.0,16.17194080352783
4334,0,1,0,0,3,2,1096,2211110130,1130,64,1116,17,59861,29483,4,0,0,43,15,2211110130,17,59861,11123,11254,86,1150,729.0,625.2222222222222,-0.0520005931645825,-1.938871459865873,250604.95061728396,1130.0,94.0,1036.0,6686,56,1096,1035.0,668.6,-0.3939066583224265,-1.8275450697207507,249796.83999999997,1096.0,60.0,1036.0,1634046394.033257,0.0006721019744873,16.172612905502316
4335,0,1,0,0,3,2,1096,2211110130,1130,64,1116,17,59861,29483,4,0,0,43,15,2211110130,17,59861,11123,12384,86,1150,1008.0,651.7894736842105,-0.1548064014485403,-1.9202432493752304,250119.95567867032,1130.0,94.0,1036.0,7782,56,1096,1096.0,707.4545454545455,-0.5529116348819999,-1.6771819368931933,242184.7933884297,1096.0,60.0,1036.0,1634046394.033257,0.0,16.172612905502316
4336,0,1,0,0,3,2,998,2211110130,1032,64,1018,17,59861,29483,4,0,0,43,15,2211110130,17,59861,11123,13416,86,1150,1020.0,670.8,-0.2448501992718169,-1.8800970768177636,244480.56,1130.0,94.0,1036.0,8780,56,1096,1047.0,731.6666666666666,-0.6866005225342,-1.5021444455567443,228451.22222222225,1096.0,60.0,1036.0,1634046394.033257,0.0,16.172612905502316
4337,0,1,0,0,3,2,408,2211110130,442,64,428,17,59861,29483,4,0,0,43,15,2211110130,17,59861,11123,442,442,442,442.0,442.0,0.0,-3.0,0.0,442.0,442.0,0.0,9188,56,1096,998.0,706.7692307692307,-0.5439860341726973,-1.6012954053624606,218316.63905325445,1096.0,60.0,1036.0,1634046394.033257,0.0,16.172612905502316
4338,0,1,0,0,3,2,1096,2211110130,1130,64,1116,17,59861,29483,4,0,0,43,15,2211110130,17,59861,11123,1572,442,1130,786.0,786.0,0.0,-2.0,118336.0,958.0,614.0,344.0,10284,56,1096,1047.0,734.5714285714286,-0.663127551660637,-1.4583400352403062,212771.10204081636,1096.0,147.0,949.0,1634046394.041916,0.0086588859558105,16.181271791458126
4339,0,1,0,0,3,2,1096,2211110130,1130,64,1116,17,59861,29483,4,0,0,43,15,2211110130,17,59861,11123,2702,442,1130,1130.0,900.6666666666666,-0.7071067811865471,-1.5000000000000009,105187.55555555556,1130.0,786.0,344.0,11380,56,1096,1096.0,758.6666666666666,-0.7719657405818043,-1.3021564861416106,206714.4888888889,1096.0,234.0,862.0,1634046394.046344,0.0044281482696533,16.18569993972778
4340,0,1,0,0,3,2,1096,2211110130,1130,64,1116,17,59861,29483,4,0,0,43,15,2211110130,17,59861,11123,3832,442,1130,1130.0,958.0,-1.1547005383792517,-0.6666666666666665,88752.0,1130.0,958.0,172.0,12476,56,1096,1096.0,779.75,-0.8724795543153953,-1.1362690729440088,200462.4375,1096.0,321.0,775.0,1634046394.046344,0.0,16.18569993972778
4341,0,1,0,0,3,2,332,2211110130,366,64,352,17,59861,29483,4,0,0,43,15,2211110130,17,59861,11123,4198,366,1130,1130.0,839.6,-0.4221305926446946,-1.803141404910496,127075.84,1130.0,442.0,688.0,12808,56,1096,1096.0,753.4117647058823,-0.7075806208769796,-1.3621049879105,199769.7716262976,1096.0,332.0,764.0,1634046394.046843,0.0004990100860595,16.18619894981384
4342,0,1,0,0,2,3,60,3232270721,94,47,80,17,29483,59861,4,0,0,43,15,2211110130,17,59861,11123,4292,94,1130,786.0,715.3333333333334,-0.1893477281419973,-1.7164537010141396,183107.5555555556,1130.0,385.0,745.0,12868,56,1096,1047.0,714.8888888888889,-0.5399337947405555,-1.591569901001852,213899.6543209877,1096.0,128.0,968.0,1634046394.061729,0.0148859024047851,16.201084852218624
4343,0,1,0,0,3,2,408,2211110130,442,64,428,17,59861,29483,4,0,0,43,15,2211110130,17,59861,11123,4734,94,1130,442.0,676.2857142857143,0.0573579928555494,-1.6672185088245468,166097.63265306124,1130.0,404.0,726.0,13276,56,1096,998.0,698.7368421052631,-0.4456418139079278,-1.6398278972237856,207337.7728531856,1096.0,196.0,900.0,1634046394.072247,0.0105180740356445,16.21160292625427
4344,0,1,0,0,3,2,1096,2211110130,1130,64,1116,17,59861,29483,4,0,0,43,15,2211110130,17,59861,11123,5864,94,1130,786.0,733.0,-0.1987649714820388,-1.675322372712425,167851.0,1130.0,423.0,707.0,14372,56,1096,1047.0,718.6,-0.530268129728412,-1.559920696233829,204467.24,1096.0,264.0,832.0,1634046394.082884,0.0106370449066162,16.222239971160885
4345,0,1,0,0,3,2,1096,2211110130,1130,64,1116,17,59861,29483,4,0,0,43,15,2211110130,17,59861,11123,6994,94,1130,1130.0,777.1111111111111,-0.4050091672039971,-1.5712987004592351,164767.20987654323,1130.0,442.0,688.0,1096,1096,1096,1096.0,1096.0,0.0,-3.0,0.0,1096.0,1096.0,0.0,1634046394.083379,0.0004949569702148,16.2227349281311
4346,0,1,0,0,3,2,1096,2211110130,1130,64,1116,17,59861,29483,4,0,0,43,15,2211110130,17,59861,11123,8124,94,1130,1130.0,812.4,-0.5795022081015123,-1.4089378344803634,159498.24,1130.0,442.0,688.0,2192,1096,1096,1096.0,1096.0,0.0,-3.0,0.0,1096.0,1096.0,0.0,1634046394.083379,0.0,16.2227349281311
4347,0,1,0,0,3,2,1096,2211110130,1130,64,1116,17,59861,29483,4,0,0,43,15,2211110130,17,59861,11123,9254,94,1130,1130.0,841.2727272727273,-0.7319992249148389,-1.2123768921498932,153334.7438016529,1130.0,442.0,688.0,3288,1096,1096,1096.0,1096.0,0.0,-3.0,0.0,1096.0,1096.0,0.0,1634046394.083882,0.0005030632019042,16.223237991333004
4348,0,1,0,0,3,2,230,2211110130,264,64,250,17,59861,29483,4,0,0,43,15,2211110130,17,59861,11123,9518,94,1130,1130.0,793.1666666666666,-0.4767740603050105,-1.5752884564055327,166012.97222222222,1130.0,423.0,707.0,3518,230,1096,1096.0,879.5,-1.1547005383792517,-0.6666666666666665,140616.75,1096.0,879.5,216.5,1634046394.083882,0.0,16.223237991333004
4349,0,1,0,0,3,2,408,2211110130,442,64,428,17,59861,29483,4,0,0,43,15,2211110130,17,59861,11123,9960,94,1130,1130.0,766.1538461538462,-0.3060012995691951,-1.6835235436550302,161999.0532544379,1130.0,442.0,688.0,3926,230,1096,1096.0,785.2,-0.4729934800656709,-1.693115899348984,148063.36000000002,1096.0,408.0,688.0,1634046394.095415,0.0115330219268798,16.234771013259884
4350,0,1,0,0,2,3,60,3232270721,94,47,80,17,29483,59861,4,0,0,43,15,2211110130,17,59861,11123,10054,94,1130,786.0,718.1428571428571,-0.1843528269267119,-1.726306543695067,180393.4081632653,1130.0,385.0,745.0,3986,60,1096,752.0,664.3333333333334,-0.1496817806389406,-1.8015427966327624,196429.88888888888,1096.0,274.5,821.5,1634046394.095906,0.0004909038543701,16.235261917114254
4351,0,1,0,0,3,2,60,2211110130,94,64,80,17,59861,29483,4,0,0,43,15,2211110130,17,59861,11123,10148,94,1130,442.0,676.5333333333333,-0.0624340825749517,-1.762176318943839,192606.1155555556,1130.0,315.0,815.0,4046,60,1096,408.0,578.0,0.1335177964061905,-1.8186516997044733,213089.14285714287,1096.0,145.0,951.0,1634046394.105705,0.0097990036010742,16.24506092071533
4352,0,1,0,0,3,2,1096,2211110130,1130,64,1116,17,59861,29483,4,0,0,43,15,2211110130,17,59861,11123,11278,94,1130,786.0,704.875,-0.183586927704719,-1.746056271556438,192616.984375,1130.0,340.5,789.5,5142,60,1096,752.0,642.75,-0.1329189650640176,-1.8417223456526748,215800.9375,1096.0,187.5,908.5,1634046394.110695,0.0049898624420166,16.250050783157345
4353,0,1,0,0,3,2,1096,2211110130,1130,64,1116,17,59861,29483,4,0,0,43,15,2211110130,17,59861,11123,12408,94,1130,1130.0,729.8823529411765,-0.292282347111303,-1.7036889100937072,191292.45674740485,1130.0,366.0,764.0,6238,60,1096,1096.0,693.1111111111111,-0.3446911479837048,-1.7512007335147943,212112.987654321,1096.0,230.0,866.0,1634046394.112368,0.0016732215881347,16.25172400474548
4354,0,1,0,0,3,2,1096,2211110130,1130,64,1116,17,59861,29483,4,0,0,43,15,2211110130,17,59861,11123,13538,94,1130,1130.0,752.1111111111111,-0.3911484563244218,-1.6425577718364557,189065.0987654321,1130.0,385.0,745.0,7334,60,1096,1096.0,733.4,-0.5224167020963123,-1.6020571917795146,205510.44,1096.0,274.5,821.5,1634046394.112368,0.0,16.25172400474548
4355,0,1,0,0,3,2,1116,2211110130,1150,64,1136,17,59861,29483,4,0,0,43,15,2211110130,17,59861,11123,14688,94,1150,1130.0,773.0526315789474,-0.4810876961891043,-1.5687239475060475,187008.1551246537,1130.0,404.0,726.0,8450,60,1116,1096.0,768.1818181818181,-0.6757414967347453,-1.4201220762454616,198925.4214876033,1096.0,319.0,777.0,1634046394.125815,0.0134468078613281,16.265170812606808
4356,0,1,0,0,3,2,1096,2211110130,1130,64,1116,17,59861,29483,4,0,0,43,15,2211110130,17,59861,11123,15818,94,1150,1130.0,790.9,-0.5655092025019962,-1.4831895020692092,183709.79,1130.0,423.0,707.0,9546,60,1116,1096.0,795.5,-0.8133705029174224,-1.215199017064627,190557.41666666663,1096.0,363.5,732.5,1634046394.12636,0.0005450248718261,16.265715837478634
4357,0,1,0,0,3,2,1096,2211110130,1130,64,1116,17,59861,29483,4,0,0,43,15,2211110130,17,59861,11123,1130,1130,1130,1130.0,1130.0,0.0,-3.0,0.0,1130.0,1130.0,0.0,10642,60,1116,1096.0,818.6153846153846,-0.9380718650189686,-0.9956623329281212,182311.0059171598,1096.0,408.0,688.0,1634046394.12636,0.0,16.265715837478634
4358,0,1,0,0,3,2,757,2211110130,791,64,777,17,59861,29483,4,0,0,43,15,2211110130,17,59861,11123,1921,791,1130,960.5,960.5,0.0,-2.0,28730.25,1045.25,875.75,169.5,11399,60,1116,1096.0,814.2142857142857,-0.9394872970364442,-0.8887067333744954,169540.59693877547,1096.0,495.25,600.75,1634046394.12636,0.0,16.265715837478634
4359,0,1,0,0,2,3,60,3232270721,94,47,80,17,29483,59861,4,0,0,43,15,2211110130,17,59861,11123,2015,94,1130,791.0,671.6666666666666,-0.3938591952021117,-1.5000000000000002,186002.8888888889,960.5,442.5,518.0,11459,60,1116,1096.0,763.9333333333333,-0.7098010740926769,-1.3168869198318098,193632.32888888888,1096.0,319.0,777.0,1634046394.130182,0.0038220882415771,16.26953792572021
4360,0,1,0,0,3,2,408,2211110130,442,64,428,17,59861,29483,4,0,0,43,15,2211110130,17,59861,11123,2457,94,1130,616.5,614.25,-0.0139036384700028,-1.3660279129035957,149392.1875,875.75,355.0,520.75,11867,60,1116,1096.0,741.6875,-0.5709560985513514,-1.447472570458092,188953.46484375,1096.0,363.5,732.5,1634046394.134725,0.0045430660247802,16.27408099174499
4361,0,1,0,0,3,2,1096,2211110130,1130,64,1116,17,59861,29483,4,0,0,43,15,2211110130,17,59861,11123,3587,94,1130,791.0,717.4,-0.3748108882379753,-1.3647227149891434,162073.44,1130.0,442.0,688.0,12963,60,1116,1096.0,762.5294117647059,-0.668267635008068,-1.3295504239932685,184788.7197231834,1096.0,408.0,688.0,1634046394.147593,0.0128679275512695,16.28694891929626
4362,0,1,0,0,3,2,1096,2211110130,1130,64,1116,17,59861,29483,4,0,0,43,15,2211110130,17,59861,11123,4717,94,1130,960.5,786.1666666666666,-0.6601694471064747,-1.1108883845315731,158705.47222222222,1130.0,529.25,600.75,14059,60,1116,1096.0,781.0555555555555,-0.758600496130383,-1.2018073173783572,180357.38580246916,1096.0,408.0,688.0,1634046394.147593,0.0,16.28694891929626
4363,0,1,0,0,3,2,1096,2211110130,1130,64,1116,17,59861,29483,4,0,0,43,15,2211110130,17,59861,11123,5847,94,1130,1130.0,835.2857142857143,-0.8951154727896199,-0.7545818137750131,150509.34693877553,1130.0,616.5,513.5,15155,60,1116,1096.0,797.6315789473684,-0.8430890008251467,-1.066504612912185,175810.6537396122,1096.0,408.0,688.0,1634046394.148166,0.000572919845581,16.287521839141842
4364,0,1,0,0,3,2,922,2211110130,956,64,942,17,59861,29483,4,0,0,43,15,2211110130,17,59861,11123,6803,94,1130,1043.0,850.375,-1.0593502495745564,-0.3284354745769704,133289.484375,1130.0,703.75,426.25,16077,60,1116,1096.0,803.85,-0.9034658187413366,-0.928620708311656,167754.82749999998,1096.0,408.0,688.0,1634046394.148166,0.0,16.287521839141842
4365,0,1,0,0,2,3,60,3232270721,94,47,80,17,29483,59861,4,0,0,43,15,2211110130,17,59861,11123,6897,94,1130,956.0,766.3333333333334,-0.672044160579875,-1.2182963073535609,174983.5555555556,1130.0,442.0,688.0,60,60,60,60.0,60.0,0.0,-3.0,0.0,60.0,60.0,0.0,1634046394.149281,0.001115083694458,16.2886369228363
4366,0,1,0,0,3,2,1096,2211110130,1130,64,1116,17,59861,29483,4,0,0,43,15,2211110130,17,59861,11123,8027,94,1130,1043.0,802.7,-0.8318400117891528,-0.980711808693548,169388.01,1130.0,529.25,600.75,1156,60,1096,578.0,578.0,0.0,-2.0,268324.0,837.0,319.0,518.0,1634046394.170621,0.0213398933410644,16.309976816177365
4367,0,1,0,0,3,2,1096,2211110130,1130,64,1116,17,59861,29483,4,0,0,43,15,2211110130,17,59861,11123,9157,94,1130,1130.0,832.4545454545455,-0.9753664613382304,-0.7193775601729966,162842.42975206606,1130.0,616.5,513.5,2252,60,1096,1096.0,750.6666666666666,-0.7071067811865472,-1.5,238510.22222222225,1096.0,578.0,518.0,1634046394.170621,0.0,16.309976816177365
4368,0,1,0,0,3,2,1096,2211110130,1130,64,1116,17,59861,29483,4,0,0,43,15,2211110130,17,59861,11123,10287,94,1130,1130.0,857.25,-1.1061731276034192,-0.4421281999057056,156035.1875,1130.0,703.75,426.25,3348,60,1096,1096.0,837.0,-1.1547005383792517,-0.6666666666666665,201243.0,1096.0,837.0,259.0,1634046394.171986,0.0013651847839355,16.3113420009613
4369,0,1,0,0,3,2,1096,2211110130,1130,64,1116,17,59861,29483,4,0,0,43,15,2211110130,17,59861,11123,11417,94,1130,1130.0,878.2307692307693,-1.226785579768336,-0.1537286873362586,149314.79289940826,1130.0,791.0,339.0,4444,60,1096,1096.0,888.8,-1.5000000000000004,0.2500000000000004,171727.35999999996,1096.0,1096.0,0.0,1634046394.171986,0.0,16.3113420009613
4370,0,1,0,0,3,2,1096,2211110130,1130,64,1116,17,59861,29483,4,0,0,43,15,2211110130,17,59861,11123,12547,94,1130,1130.0,896.2142857142857,-1.3390454576673405,0.1427720824702554,142853.73979591837,1130.0,832.25,297.75,5540,60,1096,1096.0,923.3333333333334,-1.7888543819998324,1.2000000000000002,149068.88888888888,1096.0,1096.0,0.0,1634046394.171986,0.0,16.3113420009613
4371,0,1,0,0,3,2,306,2211110130,340,64,326,17,59861,29483,4,0,0,43,15,2211110130,17,59861,11123,12887,94,1130,1130.0,859.1333333333333,-1.039035317238609,-0.6034027120080223,152580.11555555556,1130.0,616.5,513.5,5846,60,1096,1096.0,835.1428571428571,-1.0297161253289204,-0.8283600576737418,174438.693877551,1096.0,701.0,395.0,1634046394.171986,0.0,16.3113420009613
4372,0,1,0,0,2,3,93,3232270721,127,47,113,17,29483,59861,4,0,0,43,15,2211110130,17,59861,11123,13014,94,1130,1130.0,813.375,-0.8034171800016943,-1.1154216296376471,174451.234375,1130.0,416.5,713.5,5939,60,1096,1096.0,742.375,-0.5772449485647692,-1.5957244109154674,212874.984375,1096.0,252.75,843.25,1634046394.180058,0.0080718994140625,16.319413900375363
4373,0,1,0,0,3,2,416,2211110130,450,64,436,17,59861,29483,4,0,0,43,15,2211110130,17,59861,11123,13464,94,1130,1130.0,792.0,-0.660519223555036,-1.2821932809056846,171499.64705882352,1130.0,442.0,688.0,6355,60,1096,1096.0,706.1111111111111,-0.3638463247231729,-1.708263692824042,199742.7654320988,1096.0,306.0,790.0,1634046394.189953,0.0098950862884521,16.329308986663815
4374,0,1,0,0,2,3,60,3232270721,94,47,80,17,29483,59861,4,0,0,43,15,2211110130,17,59861,11123,13558,94,1130,1043.0,753.2222222222222,-0.5088271611121046,-1.498677959238213,187535.06172839503,1130.0,365.5,764.5,6415,60,1096,756.0,641.5,-0.1362734805009819,-1.840297106598576,217339.85,1096.0,146.25,949.75,1634046394.193053,0.0030999183654785,16.332408905029293
4375,0,1,0,0,3,2,32,2211110130,66,64,52,17,59861,29483,4,0,0,43,15,2211110130,17,59861,11123,13624,66,1130,956.0,717.0526315789474,-0.3805720265525853,-1.6363435643475197,201213.1024930748,1130.0,233.5,896.5,6447,32,1096,416.0,586.0909090909091,0.0456642629179886,-1.8633308946039824,228283.35537190083,1096.0,76.5,1019.5,1634046394.193337,0.0002839565277099,16.332692861557003
4376,0,1,0,0,2,3,52,3232270721,86,47,72,17,29483,59861,4,0,0,43,15,2211110130,17,59861,11123,13710,66,1130,873.5,685.5,-0.2625770133701116,-1.7325211431148717,210068.25,1130.0,118.75,1011.25,6499,32,1096,361.0,541.5833333333334,0.2053684193661417,-1.8312891236551287,231049.90972222225,1096.0,60.0,1036.0,1634046394.203108,0.0097711086273193,16.342463970184323
4377,0,1,0,0,2,3,52,3232270721,86,48,72,17,10001,59861,4,0,0,43,15,2211110130,17,59861,11123,86,86,86,86.0,86.0,0.0,-3.0,0.0,86.0,86.0,0.0,6551,32,1096,306.0,503.9230769230769,0.3447367337128893,-1.759565412752774,230296.37869822484,1096.0,60.0,1036.0,1634046394.219984,0.0168759822845459,16.35933995246887
4378,0,1,0,0,2,3,60,3232270721,94,47,80,17,29483,59861,4,0,0,43,15,2211110130,17,59861,11123,180,86,94,90.0,90.0,0.0,-2.0,16.0,92.0,88.0,4.0,6611,32,1096,199.5,472.2142857142857,0.4694703510042491,-1.6613410689406989,226917.4540816326,1096.0,60.0,1036.0,1634046394.220474,0.0004899501800537,16.359829902648922
4379,0,1,0,0,3,2,60,2211110130,94,64,80,17,59861,29483,4,0,0,43,15,2211110130,17,59861,11123,274,86,94,94.0,91.33333333333331,-0.7071067811865437,-1.5000000000000036,14.22222222222222,94.0,90.0,4.0,6671,32,1096,93.0,444.73333333333335,0.5822017778512839,-1.5446159804837734,222362.46222222224,1096.0,60.0,1036.0,1634046394.223045,0.0025711059570312,16.362401008605953
4380,0,1,0,0,3,2,1096,2211110130,1130,64,1116,17,59861,29483,4,0,0,43,15,2211110130,17,59861,11123,1404,86,1130,94.0,351.0,1.154517569640643,-0.6668065497241153,202291.0,353.0,92.0,261.0,7767,32,1096,199.5,485.4375,0.4076161927535408,-1.7342012352897225,233317.24609375,1096.0,60.0,1036.0,1634046394.223045,0.0,16.362401008605953
4381,0,1,0,0,3,2,1096,2211110130,1130,64,1116,17,59861,29483,4,0,0,43,15,2211110130,17,59861,11123,2534,86,1130,94.0,506.8,0.4081472110616828,-1.8332778421721705,258927.36,1130.0,94.0,1036.0,8863,32,1096,306.0,521.3529411764706,0.2606818602203813,-1.8432545486756369,240231.4048442907,1096.0,60.0,1036.0,1634046394.223552,0.0005068778991699,16.362907886505123
4382,0,1,0,0,3,2,1096,2211110130,1130,64,1116,17,59861,29483,4,0,0,43,15,2211110130,17,59861,11123,3664,86,1130,612.0,610.6666666666666,-7.923039983910368e-05,-1.999893998464072,269714.2222222222,1130.0,94.0,1036.0,9959,32,1096,361.0,553.2777777777778,0.1334836840326847,-1.900811314155068,244211.53395061727,1096.0,60.0,1036.0,1634046394.224314,0.0007619857788085,16.363669872283932
4383,0,1,0,0,3,2,1096,2211110130,1130,64,1116,17,59861,29483,4,0,0,43,15,2211110130,17,59861,11123,4794,86,1130,1130.0,684.8571428571429,-0.288745179912877,-1.916531542084596,264208.9795918367,1130.0,94.0,1036.0,11055,32,1096,416.0,581.8421052631579,0.0210363738677625,-1.9234502449388493,246044.86980609415,1096.0,60.0,1036.0,1634046394.229037,0.0047230720520019,16.368392944335934
4384,0,1,0,0,3,2,199,2211110130,233,64,219,17,59861,29483,4,0,0,43,15,2211110130,17,59861,11123,5027,86,1130,681.5,628.375,-0.0212054446927428,-1.974390959998876,253514.484375,1130.0,94.0,1036.0,11254,32,1096,361.0,562.7,0.1140043747037845,-1.9041993110804,240704.61,1096.0,60.0,1036.0,1634046394.229037,0.0,16.368392944335934
4385,0,1,0,0,3,2,56,2211110130,90,64,76,17,59861,29483,4,0,0,43,15,2211110130,17,59861,11123,5117,86,1130,233.0,568.5555555555555,0.2035062895312396,-1.9350311206455129,253973.1358024691,1130.0,94.0,1036.0,56,56,56,56.0,56.0,0.0,-3.0,0.0,56.0,56.0,0.0,1634046394.250091,0.0210540294647216,16.389446973800656
4386,0,1,0,0,3,2,408,2211110130,442,64,428,17,59861,29483,4,0,0,43,15,2211110130,17,59861,11123,5559,86,1130,337.5,555.9,0.2898451288128926,-1.8045858669351649,230017.29,1130.0,94.0,1036.0,464,56,408,232.0,232.0,0.0,-2.0,30976.0,320.0,144.0,176.0,1634046394.250091,0.0,16.389446973800656
4387,0,1,0,0,3,2,1096,2211110130,1130,64,1116,17,59861,29483,4,0,0,43,15,2211110130,17,59861,11123,6689,86,1130,442.0,608.0909090909091,0.0793918148052677,-1.897259941002503,236345.53719008263,1130.0,94.0,1036.0,1560,56,1096,408.0,520.0,0.3715396642818891,-1.4999999999999998,186538.66666666663,752.0,232.0,520.0,1634046394.254346,0.0042548179626464,16.393701791763302
4388,0,1,0,0,3,2,1096,2211110130,1130,64,1116,17,59861,29483,4,0,0,43,15,2211110130,17,59861,11123,7819,86,1130,786.0,651.5833333333334,-0.0938212520848382,-1.9033105629586693,237457.5763888889,1130.0,94.0,1036.0,2656,56,1096,752.0,664.0,-0.2209083806017051,-1.7110937129623651,202112.0,1096.0,320.0,776.0,1634046394.254346,0.0,16.393701791763302
4389,0,1,0,0,3,2,1096,2211110130,1130,64,1116,17,59861,29483,4,0,0,43,15,2211110130,17,59861,11123,8949,86,1130,1130.0,688.3846153846154,-0.2419550100938127,-1.85872661258766,235443.6213017752,1130.0,94.0,1036.0,3752,56,1096,1096.0,750.4,-0.5991375832154536,-1.424414698912279,191549.44,1096.0,408.0,688.0,1634046394.255027,0.0006811618804931,16.394382953643795
4390,0,1,0,0,3,2,1096,2211110130,1130,64,1116,17,59861,29483,4,0,0,43,15,2211110130,17,59861,11123,10079,86,1130,1130.0,719.9285714285714,-0.3720740244802084,-1.7819891986715848,231561.4948979591,1130.0,128.75,1001.25,4848,56,1096,1096.0,808.0,-0.8870831088785447,-0.9983900943313264,176213.33333333334,1096.0,580.0,516.0,1634046394.255027,0.0,16.394382953643795
4391,0,1,0,0,2,3,56,3232270721,90,47,76,17,29483,59861,4,0,0,43,15,2211110130,17,59861,11123,10169,86,1130,1130.0,677.9333333333333,-0.2111017462371551,-1.8841163179994005,240814.4622222222,1130.0,94.0,1036.0,4904,56,1096,1096.0,700.5714285714286,-0.4329293220618948,-1.674162135013194,220285.38775510204,1096.0,232.0,864.0,1634046394.259354,0.0043270587921142,16.39871001243591
4392,0,1,0,0,2,3,60,3232270721,94,47,80,17,29483,59861,4,0,0,43,15,2211110130,17,59861,11123,10263,86,1130,786.0,641.4375,-0.0728741676561886,-1.929079103732751,245742.74609375,1130.0,94.0,1036.0,4964,56,1096,752.0,620.5,-0.1245351545633799,-1.8747815818981148,237629.75,1096.0,59.0,1037.0,1634046394.259409,5.4836273193359375e-05,16.398764848709103
4393,0,1,0,0,2,3,93,3232270721,127,47,113,17,29483,59861,4,0,0,43,15,2211110130,17,59861,11123,10390,86,1130,442.0,611.1764705882352,0.0491198341118327,-1.9359348256625688,245938.96885813147,1130.0,94.0,1036.0,5057,56,1096,408.0,561.8888888888889,0.1118286515278677,-1.8907407984178048,238708.54320987652,1096.0,60.0,1036.0,1634046394.25944,3.0994415283203125e-05,16.398795843124386
4394,0,1,0,0,3,2,1116,2211110130,1150,64,1136,17,59861,29483,4,0,0,43,15,2211110130,17,59861,11123,11540,86,1150,786.0,641.1111111111111,-0.0641971811931575,-1.9376020981071305,247509.0987654321,1130.0,94.0,1036.0,6173,56,1116,752.0,617.3,-0.0982063563734125,-1.9039945939286396,242471.21,1096.0,68.25,1027.75,1634046394.273324,0.0138840675354003,16.412679910659786
4395,0,1,0,0,3,2,1096,2211110130,1130,64,1116,17,59861,29483,4,0,0,43,15,2211110130,17,59861,11123,12670,86,1150,1130.0,666.8421052631579,-0.1665961476275404,-1.91649847810052,246399.8171745152,1130.0,94.0,1036.0,7269,56,1116,1096.0,660.8181818181819,-0.2734169976300481,-1.8445551219806708,239366.694214876,1096.0,76.5,1019.5,1634046394.273324,0.0,16.412679910659786
4396,0,1,0,0,3,2,378,2211110130,412,64,398,17,59861,29483,4,0,0,43,15,2211110130,17,59861,11123,13082,86,1150,786.0,654.1,-0.0962528141719513,-1.8993818130325857,237164.69,1130.0,94.0,1036.0,7647,56,1116,752.0,637.25,-0.1426440266784408,-1.839505705175259,225529.5208333333,1096.0,84.75,1011.25,1634046394.273324,0.0,16.412679910659786
4397,0,1,0,0,2,3,60,3232270721,94,47,80,17,29483,59861,4,0,0,43,15,2211110130,17,59861,11123,94,94,94,94.0,94.0,0.0,-3.0,0.0,94.0,94.0,0.0,7707,56,1116,408.0,592.8461538461538,0.0185687649850326,-1.8716572986258344,231841.51479289943,1096.0,60.0,1036.0,1634046394.292143,0.0188190937042236,16.43149900436401
4398,0,1,0,0,3,2,408,2211110130,442,64,428,17,59861,29483,4,0,0,43,15,2211110130,17,59861,11123,536,94,442,268.0,268.0,0.0,-2.0,30276.0,355.0,181.0,174.0,8115,56,1116,408.0,579.6428571428571,0.0994692746470262,-1.8018302890060605,217547.6581632653,1096.0,68.25,1027.75,1634046394.292254,0.0001108646392822,16.431609869003292
4399,0,1,0,0,3,2,1096,2211110130,1130,64,1116,17,59861,29483,4,0,0,43,15,2211110130,17,59861,11123,1666,94,1130,442.0,555.3333333333334,0.3766675336035382,-1.5000000000000004,185304.8888888889,786.0,268.0,518.0,9211,56,1116,408.0,614.0666666666667,-0.0400689408822012,-1.8252414432920885,219634.46222222224,1096.0,76.5,1019.5,1634046394.294983,0.0027289390563964,16.43433880805969
4400,0,1,0,0,3,2,1096,2211110130,1130,64,1116,17,59861,29483,4,0,0,43,15,2211110130,17,59861,11123,2796,94,1130,786.0,699.0,-0.2173703793443629,-1.715628269693377,200899.0,1130.0,355.0,775.0,10307,56,1116,752.0,644.1875,-0.1627056662547731,-1.8104851958528323,219516.27734375,1096.0,84.75,1011.25,1634046394.294983,0.0,16.43433880805969
4401,0,1,0,0,3,2,1096,2211110130,1130,64,1116,17,59861,29483,4,0,0,43,15,2211110130,17,59861,11123,3926,94,1130,1130.0,785.2,-0.5960310217014525,-1.4309581812273606,190440.96,1130.0,442.0,688.0,11403,56,1116,1096.0,670.7647058823529,-0.2724878362011839,-1.769620181723606,217905.12110726643,1096.0,93.0,1003.0,1634046394.294983,0.0,16.43433880805969
4402,0,1,0,0,3,2,1096,2211110130,1130,64,1116,17,59861,29483,4,0,0,43,15,2211110130,17,59861,11123,5056,94,1130,1130.0,842.6666666666666,-0.8841304010018901,-1.0064953845451037,175212.8888888889,1130.0,614.0,516.0,12499,56,1116,1096.0,694.3888888888889,-0.3721710336857824,-1.7101111038791577,215287.0154320988,1096.0,164.25,931.75,1634046394.295593,0.0006101131439208,16.43494892120361
4403,0,1,0,0,3,2,1096,2211110130,1130,64,1116,17,59861,29483,4,0,0,43,15,2211110130,17,59861,11123,6186,94,1130,1130.0,883.7142857142857,-1.1219136136324064,-0.5235409323099716,160291.91836734695,1130.0,786.0,344.0,13595,56,1116,1096.0,715.5263157894736,-0.4637117529745813,-1.6368254755413372,211998.3545706372,1096.0,235.5,860.5,1634046394.295593,0.0,16.43494892120361
4404,0,1,0,0,3,2,1096,2211110130,1130,64,1116,17,59861,29483,4,0,0,43,15,2211110130,17,59861,11123,7316,94,1130,1130.0,914.5,-1.3273705025965463,-0.0105978742076358,146889.75,1130.0,958.0,172.0,14691,56,1116,1096.0,734.55,-0.5485470270023177,-1.5530724877236637,208274.5475,1096.0,306.75,789.25,1634046394.295593,0.0,16.43494892120361
4405,0,1,0,0,3,2,1096,2211110130,1130,64,1116,17,59861,29483,4,0,0,43,15,2211110130,17,59861,11123,8446,94,1130,1130.0,938.4444444444443,-1.5101224547548595,0.5197603987679695,135155.35802469135,1130.0,1130.0,0.0,1096,1096,1096,1096.0,1096.0,0.0,-3.0,0.0,1096.0,1096.0,0.0,1634046394.295593,0.0,16.43494892120361
4406,0,1,0,0,3,2,1096,2211110130,1130,64,1116,17,59861,29483,4,0,0,43,15,2211110130,17,59861,11123,9576,94,1130,1130.0,957.6,-1.6759382430603422,1.0611269491205937,124942.24000000002,1130.0,1130.0,0.0,2192,1096,1096,1096.0,1096.0,0.0,-3.0,0.0,1096.0,1096.0,0.0,1634046394.296243,0.0006499290466308,16.43559885025024
4407,0,1,0,0,3,2,1096,2211110130,1130,64,1116,17,59861,29483,4,0,0,43,15,2211110130,17,59861,11123,10706,94,1130,1130.0,973.2727272727273,-1.8285626725386857,1.6098940990930624,116040.19834710743,1130.0,1130.0,0.0,3288,1096,1096,1096.0,1096.0,0.0,-3.0,0.0,1096.0,1096.0,0.0,1634046394.296243,0.0,16.43559885025024
4408,0,1,0,0,3,2,1096,2211110130,1130,64,1116,17,59861,29483,4,0,0,43,15,2211110130,17,59861,11123,11836,94,1130,1130.0,986.3333333333334,-1.9705730543895368,2.1638752697020065,108246.55555555556,1130.0,1130.0,0.0,4384,1096,1096,1096.0,1096.0,0.0,-3.0,0.0,1096.0,1096.0,0.0,1634046394.296243,0.0,16.43559885025024
4409,0,1,0,0,3,2,1096,2211110130,1130,64,1116,17,59861,29483,4,0,0,43,15,2211110130,17,59861,11123,12966,94,1130,1130.0,997.3846153846154,-2.103824511095961,2.721668010600462,101385.46745562131,1130.0,1130.0,0.0,5480,1096,1096,1096.0,1096.0,0.0,-3.0,0.0,1096.0,1096.0,0.0,1634046394.296243,0.0,16.43559885025024
4410,0,1,0,0,3,2,1096,2211110130,1130,64,1116,17,59861,29483,4,0,0,43,15,2211110130,17,59861,11123,14096,94,1130,1130.0,1006.8571428571428,-2.2297005205246663,3.2823314372402006,95310.12244897956,1130.0,1130.0,0.0,6576,1096,1096,1096.0,1096.0,0.0,-3.0,0.0,1096.0,1096.0,0.0,1634046394.296756,0.0005130767822265,16.436111927032467
4411,0,1,0,0,3,2,1096,2211110130,1130,64,1116,17,59861,29483,4,0,0,43,15,2211110130,17,59861,11123,15226,94,1130,1130.0,1015.0666666666668,-2.349262881989731,3.8452107877870585,89899.6622222222,1130.0,1130.0,0.0,7672,1096,1096,1096.0,1096.0,0.0,-3.0,0.0,1096.0,1096.0,0.0,1634046394.296756,0.0,16.436111927032467
4412,0,1,0,0,3,2,1096,2211110130,1130,64,1116,17,59861,29483,4,0,0,43,15,2211110130,17,59861,11123,16356,94,1130,1130.0,1022.25,-2.463346072965985,4.409836348156118,85054.9375,1130.0,1130.0,0.0,8768,1096,1096,1096.0,1096.0,0.0,-3.0,0.0,1096.0,1096.0,0.0,1634046394.296756,0.0,16.436111927032467
4413,0,1,0,0,3,2,1096,2211110130,1130,64,1116,17,59861,29483,4,0,0,43,15,2211110130,17,59861,11123,17486,94,1130,1130.0,1028.5882352941176,-2.57261910850976,4.975862395200278,80694.47750865051,1130.0,1130.0,0.0,9864,1096,1096,1096.0,1096.0,0.0,-3.0,0.0,1096.0,1096.0,0.0,1634046394.296756,0.0,16.436111927032467
4414,0,1,0,0,3,2,1096,2211110130,1130,64,1116,17,59861,29483,4,0,0,43,15,2211110130,17,59861,11123,18616,94,1130,1130.0,1034.2222222222222,-2.677627517833697,5.543028817799756,76751.06172839506,1130.0,1130.0,0.0,10960,1096,1096,1096.0,1096.0,0.0,-3.0,0.0,1096.0,1096.0,0.0,1634046394.297619,0.0008630752563476,16.436975002288815
4415,0,1,0,0,3,2,1096,2211110130,1130,64,1116,17,59861,29483,4,0,0,43,15,2211110130,17,59861,11123,19746,94,1130,1130.0,1039.2631578947369,-2.778822676227438,6.111136161956082,73168.93074792245,1130.0,1130.0,0.0,12056,1096,1096,1096.0,1096.0,0.0,-3.0,0.0,1096.0,1096.0,0.0,1634046394.297619,0.0,16.436975002288815
4416,0,1,0,0,3,2,1096,2211110130,1130,64,1116,17,59861,29483,4,0,0,43,15,2211110130,17,59861,11123,20876,94,1130,1130.0,1043.8,-2.876582825288549,6.68002892377911,69901.55999999998,1130.0,1130.0,0.0,13152,1096,1096,1096.0,1096.0,0.0,-3.0,0.0,1096.0,1096.0,0.0,1634046394.297619,0.0,16.436975002288815
4417,0,1,0,0,3,2,1096,2211110130,1130,64,1116,17,59861,29483,4,0,0,43,15,2211110130,17,59861,11123,1130,1130,1130,1130.0,1130.0,0.0,-3.0,0.0,1130.0,1130.0,0.0,14248,1096,1096,1096.0,1096.0,0.0,-3.0,0.0,1096.0,1096.0,0.0,1634046394.298137,0.0005178451538085,16.437492847442623
4418,0,1,0,0,3,2,1096,2211110130,1130,64,1116,17,59861,29483,4,0,0,43,15,2211110130,17,59861,11123,2260,1130,1130,1130.0,1130.0,0.0,-3.0,0.0,1130.0,1130.0,0.0,15344,1096,1096,1096.0,1096.0,0.0,-3.0,0.0,1096.0,1096.0,0.0,1634046394.298137,0.0,16.437492847442623
4419,0,1,0,0,3,2,1096,2211110130,1130,64,1116,17,59861,29483,4,0,0,43,15,2211110130,17,59861,11123,3390,1130,1130,1130.0,1130.0,0.0,-3.0,0.0,1130.0,1130.0,0.0,16440,1096,1096,1096.0,1096.0,0.0,-3.0,0.0,1096.0,1096.0,0.0,1634046394.298137,0.0,16.437492847442623
4420,0,1,0,0,3,2,1096,2211110130,1130,64,1116,17,59861,29483,4,0,0,43,15,2211110130,17,59861,11123,4520,1130,1130,1130.0,1130.0,0.0,-3.0,0.0,1130.0,1130.0,0.0,17536,1096,1096,1096.0,1096.0,0.0,-3.0,0.0,1096.0,1096.0,0.0,1634046394.298137,0.0,16.437492847442623
4421,0,1,0,0,3,2,1116,2211110130,1150,64,1136,17,59861,29483,4,0,0,43,15,2211110130,17,59861,11123,5670,1130,1150,1130.0,1134.0,1.5,0.25,64.0,1130.0,1130.0,0.0,18652,1096,1116,1096.0,1097.1764705882354,3.7499999999999583,12.062499999999789,22.14532871972318,1096.0,1096.0,0.0,1634046394.298755,0.0006179809570312,16.438110828399655
4422,0,1,0,0,3,2,1096,2211110130,1130,64,1116,17,59861,29483,4,0,0,43,15,2211110130,17,59861,11123,6800,1130,1150,1130.0,1133.3333333333333,1.788854381999862,1.200000000000072,55.55555555555557,1130.0,1130.0,0.0,19748,1096,1116,1096.0,1097.111111111111,3.880570000581343,13.058823529411846,20.98765432098766,1096.0,1096.0,0.0,1634046394.298755,0.0,16.438110828399655
4423,0,1,0,0,3,2,1096,2211110130,1130,64,1116,17,59861,29483,4,0,0,43,15,2211110130,17,59861,11123,7930,1130,1150,1130.0,1132.857142857143,2.041241452319301,2.166666666666627,48.9795918367347,1130.0,1130.0,0.0,20844,1096,1116,1096.0,1097.0526315789473,4.006938426723827,14.055555555555864,19.944598337950133,1096.0,1096.0,0.0,1634046394.298755,0.0,16.438110828399655
4424,0,1,0,0,3,2,1096,2211110130,1130,64,1116,17,59861,29483,4,0,0,43,15,2211110130,17,59861,11123,9060,1130,1150,1130.0,1132.5,2.2677868380553634,3.1428571428571432,43.75,1130.0,1130.0,0.0,21940,1096,1116,1096.0,1097.0,4.129483209670112,15.05263157894737,19.0,1096.0,1096.0,0.0,1634046394.298755,0.0,16.438110828399655
4425,0,1,0,0,3,2,1096,2211110130,1130,64,1116,17,59861,29483,4,0,0,43,15,2211110130,17,59861,11123,10190,1130,1150,1130.0,1132.2222222222222,2.4748737341529403,4.125000000000078,39.50617283950618,1130.0,1130.0,0.0,1096,1096,1096,1096.0,1096.0,0.0,-3.0,0.0,1096.0,1096.0,0.0,1634046394.299252,0.0004971027374267,16.43860793113708
4426,0,1,0,0,3,2,1096,2211110130,1130,64,1116,17,59861,29483,4,0,0,43,15,2211110130,17,59861,11123,11320,1130,1150,1130.0,1132.0,2.6666666666666665,5.111111111111111,36.0,1130.0,1130.0,0.0,2192,1096,1096,1096.0,1096.0,0.0,-3.0,0.0,1096.0,1096.0,0.0,1634046394.299252,0.0,16.43860793113708
4427,0,1,0,0,3,2,1096,2211110130,1130,64,1116,17,59861,29483,4,0,0,43,15,2211110130,17,59861,11123,12450,1130,1150,1130.0,1131.8181818181818,2.8460498941515744,6.100000000000124,33.05785123966942,1130.0,1130.0,0.0,3288,1096,1096,1096.0,1096.0,0.0,-3.0,0.0,1096.0,1096.0,0.0,1634046394.299252,0.0,16.43860793113708
4428,0,1,0,0,3,2,1096,2211110130,1130,64,1116,17,59861,29483,4,0,0,43,15,2211110130,17,59861,11123,13580,1130,1150,1130.0,1131.6666666666667,3.015113445777593,7.090909090908916,30.555555555555568,1130.0,1130.0,0.0,4384,1096,1096,1096.0,1096.0,0.0,-3.0,0.0,1096.0,1096.0,0.0,1634046394.299252,0.0,16.43860793113708
4429,0,1,0,0,3,2,1096,2211110130,1130,64,1116,17,59861,29483,4,0,0,43,15,2211110130,17,59861,11123,14710,1130,1150,1130.0,1131.5384615384614,3.1754264805429995,8.083333333333577,28.40236686390534,1130.0,1130.0,0.0,5480,1096,1096,1096.0,1096.0,0.0,-3.0,0.0,1096.0,1096.0,0.0,1634046394.302919,0.003666877746582,16.442274808883663
4430,0,1,0,0,3,2,1096,2211110130,1130,64,1116,17,59861,29483,4,0,0,43,15,2211110130,17,59861,11123,15840,1130,1150,1130.0,1131.428571428571,3.3282011773514317,9.07692307692333,26.530612244897952,1130.0,1130.0,0.0,6576,1096,1096,1096.0,1096.0,0.0,-3.0,0.0,1096.0,1096.0,0.0,1634046394.302919,0.0,16.442274808883663
4431,0,1,0,0,3,2,1096,2211110130,1130,64,1116,17,59861,29483,4,0,0,43,15,2211110130,17,59861,11123,16970,1130,1150,1130.0,1131.3333333333333,3.474396144861561,10.071428571428772,24.888888888888903,1130.0,1130.0,0.0,7672,1096,1096,1096.0,1096.0,0.0,-3.0,0.0,1096.0,1096.0,0.0,1634046394.302919,0.0,16.442274808883663
4432,0,1,0,0,3,2,1096,2211110130,1130,64,1116,17,59861,29483,4,0,0,43,15,2211110130,17,59861,11123,18100,1130,1150,1130.0,1131.25,3.614784456460256,11.066666666666666,23.4375,1130.0,1130.0,0.0,8768,1096,1096,1096.0,1096.0,0.0,-3.0,0.0,1096.0,1096.0,0.0,1634046394.303532,0.0006129741668701,16.442887783050534
4433,0,1,0,0,3,2,1096,2211110130,1130,64,1116,17,59861,29483,4,0,0,43,15,2211110130,17,59861,11123,19230,1130,1150,1130.0,1131.1764705882354,3.749999999999957,12.06249999999979,22.14532871972318,1130.0,1130.0,0.0,9864,1096,1096,1096.0,1096.0,0.0,-3.0,0.0,1096.0,1096.0,0.0,1634046394.303532,0.0,16.442887783050534
4434,0,1,0,0,3,2,1096,2211110130,1130,64,1116,17,59861,29483,4,0,0,43,15,2211110130,17,59861,11123,20360,1130,1150,1130.0,1131.111111111111,3.880570000581343,13.058823529411846,20.98765432098766,1130.0,1130.0,0.0,10960,1096,1096,1096.0,1096.0,0.0,-3.0,0.0,1096.0,1096.0,0.0,1634046394.303532,0.0,16.442887783050534
4435,0,1,0,0,3,2,1096,2211110130,1130,64,1116,17,59861,29483,4,0,0,43,15,2211110130,17,59861,11123,21490,1130,1150,1130.0,1131.0526315789473,4.006938426723828,14.055555555555864,19.944598337950133,1130.0,1130.0,0.0,12056,1096,1096,1096.0,1096.0,0.0,-3.0,0.0,1096.0,1096.0,0.0,1634046394.304148,0.0006160736083984,16.443503856658932
4436,0,1,0,0,3,2,1096,2211110130,1130,64,1116,17,59861,29483,4,0,0,43,15,2211110130,17,59861,11123,22620,1130,1150,1130.0,1131.0,4.129483209670112,15.05263157894737,19.0,1130.0,1130.0,0.0,13152,1096,1096,1096.0,1096.0,0.0,-3.0,0.0,1096.0,1096.0,0.0,1634046394.304148,0.0,16.443503856658932
4437,0,1,0,0,3,2,1096,2211110130,1130,64,1116,17,59861,29483,4,0,0,43,15,2211110130,17,59861,11123,1130,1130,1130,1130.0,1130.0,0.0,-3.0,0.0,1130.0,1130.0,0.0,14248,1096,1096,1096.0,1096.0,0.0,-3.0,0.0,1096.0,1096.0,0.0,1634046394.304148,0.0,16.443503856658932
4438,0,1,0,0,3,2,1096,2211110130,1130,64,1116,17,59861,29483,4,0,0,43,15,2211110130,17,59861,11123,2260,1130,1130,1130.0,1130.0,0.0,-3.0,0.0,1130.0,1130.0,0.0,15344,1096,1096,1096.0,1096.0,0.0,-3.0,0.0,1096.0,1096.0,0.0,1634046394.304148,0.0,16.443503856658932
4439,0,1,0,0,3,2,1096,2211110130,1130,64,1116,17,59861,29483,4,0,0,43,15,2211110130,17,59861,11123,3390,1130,1130,1130.0,1130.0,0.0,-3.0,0.0,1130.0,1130.0,0.0,16440,1096,1096,1096.0,1096.0,0.0,-3.0,0.0,1096.0,1096.0,0.0,1634046394.304694,0.0005459785461425,16.444049835205075
4440,0,1,0,0,3,2,1096,2211110130,1130,64,1116,17,59861,29483,4,0,0,43,15,2211110130,17,59861,11123,4520,1130,1130,1130.0,1130.0,0.0,-3.0,0.0,1130.0,1130.0,0.0,17536,1096,1096,1096.0,1096.0,0.0,-3.0,0.0,1096.0,1096.0,0.0,1634046394.304694,0.0,16.444049835205075
4441,0,1,0,0,3,2,1096,2211110130,1130,64,1116,17,59861,29483,4,0,0,43,15,2211110130,17,59861,11123,5650,1130,1130,1130.0,1130.0,0.0,-3.0,0.0,1130.0,1130.0,0.0,18632,1096,1096,1096.0,1096.0,0.0,-3.0,0.0,1096.0,1096.0,0.0,1634046394.304694,0.0,16.444049835205075
4442,0,1,0,0,3,2,1096,2211110130,1130,64,1116,17,59861,29483,4,0,0,43,15,2211110130,17,59861,11123,6780,1130,1130,1130.0,1130.0,0.0,-3.0,0.0,1130.0,1130.0,0.0,19728,1096,1096,1096.0,1096.0,0.0,-3.0,0.0,1096.0,1096.0,0.0,1634046394.305202,0.0005080699920654,16.44455790519714
4443,0,1,0,0,3,2,1096,2211110130,1130,64,1116,17,59861,29483,4,0,0,43,15,2211110130,17,59861,11123,7910,1130,1130,1130.0,1130.0,0.0,-3.0,0.0,1130.0,1130.0,0.0,20824,1096,1096,1096.0,1096.0,0.0,-3.0,0.0,1096.0,1096.0,0.0,1634046394.305202,0.0,16.44455790519714
4444,0,1,0,0,3,2,1096,2211110130,1130,64,1116,17,59861,29483,4,0,0,43,15,2211110130,17,59861,11123,9040,1130,1130,1130.0,1130.0,0.0,-3.0,0.0,1130.0,1130.0,0.0,21920,1096,1096,1096.0,1096.0,0.0,-3.0,0.0,1096.0,1096.0,0.0,1634046394.305202,0.0,16.44455790519714
4445,0,1,0,0,3,2,1096,2211110130,1130,64,1116,17,59861,29483,4,0,0,43,15,2211110130,17,59861,11123,10170,1130,1130,1130.0,1130.0,0.0,-3.0,0.0,1130.0,1130.0,0.0,1096,1096,1096,1096.0,1096.0,0.0,-3.0,0.0,1096.0,1096.0,0.0,1634046394.305202,0.0,16.44455790519714
4446,0,1,0,0,3,2,1096,2211110130,1130,64,1116,17,59861,29483,4,0,0,43,15,2211110130,17,59861,11123,11300,1130,1130,1130.0,1130.0,0.0,-3.0,0.0,1130.0,1130.0,0.0,2192,1096,1096,1096.0,1096.0,0.0,-3.0,0.0,1096.0,1096.0,0.0,1634046394.305716,0.0005140304565429,16.445071935653683
4447,0,1,0,0,3,2,1116,2211110130,1150,64,1136,17,59861,29483,4,0,0,43,15,2211110130,17,59861,11123,12450,1130,1150,1130.0,1131.8181818181818,2.846049894151573,6.100000000000126,33.05785123966942,1130.0,1130.0,0.0,3308,1096,1116,1096.0,1102.6666666666667,0.7071067811865238,-1.5000000000000222,88.88888888888887,1106.0,1096.0,10.0,1634046394.310242,0.0045258998870849,16.449597835540768
4448,0,1,0,0,3,2,1096,2211110130,1130,64,1116,17,59861,29483,4,0,0,43,15,2211110130,17,59861,11123,13580,1130,1150,1130.0,1131.6666666666667,3.0151134457775943,7.090909090908923,30.55555555555556,1130.0,1130.0,0.0,4404,1096,1116,1096.0,1101.0,1.1547005383792517,-0.6666666666666665,75.0,1101.0,1096.0,5.0,1634046394.310242,0.0,16.449597835540768
4449,0,1,0,0,3,2,1096,2211110130,1130,64,1116,17,59861,29483,4,0,0,43,15,2211110130,17,59861,11123,14710,1130,1150,1130.0,1131.5384615384614,3.175426480543001,8.083333333333583,28.40236686390533,1130.0,1130.0,0.0,5500,1096,1116,1096.0,1100.0,1.5,0.25,64.0,1096.0,1096.0,0.0,1634046394.310242,0.0,16.449597835540768
4450,0,1,0,0,3,2,1096,2211110130,1130,64,1116,17,59861,29483,4,0,0,43,15,2211110130,17,59861,11123,15840,1130,1150,1130.0,1131.428571428571,3.3282011773514317,9.076923076923327,26.53061224489796,1130.0,1130.0,0.0,6596,1096,1116,1096.0,1099.3333333333333,1.7888543819998612,1.2000000000000703,55.55555555555557,1096.0,1096.0,0.0,1634046394.310242,0.0,16.449597835540768
4451,0,1,0,0,2,3,60,3232270721,94,47,80,17,29483,59861,4,0,0,43,15,2211110130,17,59861,11123,15934,94,1150,1130.0,1062.2666666666669,-3.4721492004141274,10.061953585421174,66991.92888888888,1130.0,1130.0,0.0,6656,60,1116,1096.0,950.8571428571428,-2.0396857689846426,2.163330484531224,132318.69387755104,1096.0,1096.0,0.0,1634046394.310423,0.000180959701538,16.449778795242306
4452,0,1,0,0,3,2,1096,2211110130,1130,64,1116,17,59861,29483,4,0,0,43,15,2211110130,17,59861,11123,17064,94,1150,1130.0,1066.5,-3.612466745270548,11.056437214953894,63073.75,1130.0,1130.0,0.0,7752,60,1116,1096.0,969.0,-2.2661257914347903,3.1387335290790803,118083.0,1096.0,1096.0,0.0,1634046394.310735,0.0003120899200439,16.45009088516235
4453,0,1,0,0,3,2,1096,2211110130,1130,64,1116,17,59861,29483,4,0,0,43,15,2211110130,17,59861,11123,18194,94,1150,1130.0,1070.235294117647,-3.7476137006394223,12.051517244761015,59586.76816608997,1130.0,1130.0,0.0,8848,60,1116,1096.0,983.1111111111112,-2.4731151991695586,4.120098479969196,106555.65432098764,1096.0,1096.0,0.0,1634046394.310735,0.0,16.45009088516235
4454,0,1,0,0,3,2,1096,2211110130,1130,64,1116,17,59861,29483,4,0,0,43,15,2211110130,17,59861,11123,19324,94,1150,1130.0,1073.5555555555557,-3.878117093396444,13.047088435632762,56463.80246913579,1130.0,1130.0,0.0,9944,60,1116,1096.0,994.4,-2.66481670133602,5.105438403123673,97047.04,1096.0,1096.0,0.0,1634046394.310735,0.0,16.45009088516235
4455,0,1,0,0,3,2,1096,2211110130,1130,64,1116,17,59861,29483,4,0,0,43,15,2211110130,17,59861,11123,20454,94,1150,1130.0,1076.5263157894738,-4.004420723481373,14.043068933092911,53650.88088642659,1130.0,1130.0,0.0,11040,60,1116,1096.0,1003.6363636363636,-2.8441133943241,6.093560994871311,89077.68595041323,1096.0,1096.0,0.0,1634046394.310735,0.0,16.45009088516235
4456,0,1,0,0,3,2,1096,2211110130,1130,64,1116,17,59861,29483,4,0,0,43,15,2211110130,17,59861,11123,21584,94,1150,1130.0,1079.2,-4.126902377109573,15.039394113983292,51104.16,1130.0,1130.0,0.0,12136,60,1116,1096.0,1011.3333333333334,-3.013094503731087,7.083707449494314,82306.22222222225,1096.0,1096.0,0.0,1634046394.311381,0.0006461143493652,16.450736999511715
4457,0,1,0,0,3,2,1096,2211110130,1130,64,1116,17,59861,29483,4,0,0,43,15,2211110130,17,59861,11123,1130,1130,1130,1130.0,1130.0,0.0,-3.0,0.0,1130.0,1130.0,0.0,13232,60,1116,1096.0,1017.8461538461538,-3.173328600481708,8.07537186237088,76483.97633136093,1096.0,1096.0,0.0,1634046394.311381,0.0,16.450736999511715
4458,0,1,0,0,3,2,1096,2211110130,1130,64,1116,17,59861,29483,4,0,0,43,15,2211110130,17,59861,11123,2260,1130,1130,1130.0,1130.0,0.0,-3.0,0.0,1130.0,1130.0,0.0,14328,60,1116,1096.0,1023.4285714285714,-3.3260274145041477,9.068203973225346,71425.95918367348,1096.0,1096.0,0.0,1634046394.311381,0.0,16.450736999511715
4459,0,1,0,0,3,2,1096,2211110130,1130,64,1116,17,59861,29483,4,0,0,43,15,2211110130,17,59861,11123,3390,1130,1130,1130.0,1130.0,0.0,-3.0,0.0,1130.0,1130.0,0.0,15424,60,1116,1096.0,1028.2666666666669,-3.4721492004141234,10.061953585421174,66991.9288888889,1096.0,1096.0,0.0,1634046394.311381,0.0,16.450736999511715
4460,0,1,0,0,3,2,1096,2211110130,1130,64,1116,17,59861,29483,4,0,0,43,15,2211110130,17,59861,11123,4520,1130,1130,1130.0,1130.0,0.0,-3.0,0.0,1130.0,1130.0,0.0,16520,60,1116,1096.0,1032.5,-3.612466745270548,11.056437214953894,63073.75,1096.0,1096.0,0.0,1634046394.311381,0.0,16.450736999511715
4461,0,1,0,0,3,2,1096,2211110130,1130,64,1116,17,59861,29483,4,0,0,43,15,2211110130,17,59861,11123,5650,1130,1130,1130.0,1130.0,0.0,-3.0,0.0,1130.0,1130.0,0.0,17616,60,1116,1096.0,1036.235294117647,-3.7476137006394223,12.051517244761015,59586.76816608997,1096.0,1096.0,0.0,1634046394.313866,0.0024847984313964,16.45322179794311
4462,0,1,0,0,3,2,1096,2211110130,1130,64,1116,17,59861,29483,4,0,0,43,15,2211110130,17,59861,11123,6780,1130,1130,1130.0,1130.0,0.0,-3.0,0.0,1130.0,1130.0,0.0,18712,60,1116,1096.0,1039.5555555555557,-3.878117093396444,13.047088435632762,56463.80246913579,1096.0,1096.0,0.0,1634046394.313866,0.0,16.45322179794311
4463,0,1,0,0,3,2,1096,2211110130,1130,64,1116,17,59861,29483,4,0,0,43,15,2211110130,17,59861,11123,7910,1130,1130,1130.0,1130.0,0.0,-3.0,0.0,1130.0,1130.0,0.0,19808,60,1116,1096.0,1042.5263157894738,-4.004420723481373,14.043068933092911,53650.88088642659,1096.0,1096.0,0.0,1634046394.313866,0.0,16.45322179794311
4464,0,1,0,0,3,2,1096,2211110130,1130,64,1116,17,59861,29483,4,0,0,43,15,2211110130,17,59861,11123,9040,1130,1130,1130.0,1130.0,0.0,-3.0,0.0,1130.0,1130.0,0.0,20904,60,1116,1096.0,1045.2,-4.126902377109573,15.039394113983292,51104.16,1096.0,1096.0,0.0,1634046394.313866,0.0,16.45322179794311
4465,0,1,0,0,3,2,1096,2211110130,1130,64,1116,17,59861,29483,4,0,0,43,15,2211110130,17,59861,11123,10170,1130,1130,1130.0,1130.0,0.0,-3.0,0.0,1130.0,1130.0,0.0,1096,1096,1096,1096.0,1096.0,0.0,-3.0,0.0,1096.0,1096.0,0.0,1634046394.314376,0.0005102157592773,16.45373201370239
4466,0,1,0,0,3,2,1096,2211110130,1130,64,1116,17,59861,29483,4,0,0,43,15,2211110130,17,59861,11123,11300,1130,1130,1130.0,1130.0,0.0,-3.0,0.0,1130.0,1130.0,0.0,2192,1096,1096,1096.0,1096.0,0.0,-3.0,0.0,1096.0,1096.0,0.0,1634046394.314376,0.0,16.45373201370239
4467,0,1,0,0,3,2,1096,2211110130,1130,64,1116,17,59861,29483,4,0,0,43,15,2211110130,17,59861,11123,12430,1130,1130,1130.0,1130.0,0.0,-3.0,0.0,1130.0,1130.0,0.0,3288,1096,1096,1096.0,1096.0,0.0,-3.0,0.0,1096.0,1096.0,0.0,1634046394.314376,0.0,16.45373201370239
4468,0,1,0,0,3,2,1096,2211110130,1130,64,1116,17,59861,29483,4,0,0,43,15,2211110130,17,59861,11123,13560,1130,1130,1130.0,1130.0,0.0,-3.0,0.0,1130.0,1130.0,0.0,4384,1096,1096,1096.0,1096.0,0.0,-3.0,0.0,1096.0,1096.0,0.0,1634046394.314376,0.0,16.45373201370239
4469,0,1,0,0,3,2,1096,2211110130,1130,64,1116,17,59861,29483,4,0,0,43,15,2211110130,17,59861,11123,14690,1130,1130,1130.0,1130.0,0.0,-3.0,0.0,1130.0,1130.0,0.0,5480,1096,1096,1096.0,1096.0,0.0,-3.0,0.0,1096.0,1096.0,0.0,1634046394.314909,0.0005328655242919,16.45426487922668
4470,0,1,0,0,3,2,1096,2211110130,1130,64,1116,17,59861,29483,4,0,0,43,15,2211110130,17,59861,11123,15820,1130,1130,1130.0,1130.0,0.0,-3.0,0.0,1130.0,1130.0,0.0,6576,1096,1096,1096.0,1096.0,0.0,-3.0,0.0,1096.0,1096.0,0.0,1634046394.314909,0.0,16.45426487922668
4471,0,1,0,0,3,2,1096,2211110130,1130,64,1116,17,59861,29483,4,0,0,43,15,2211110130,17,59861,11123,16950,1130,1130,1130.0,1130.0,0.0,-3.0,0.0,1130.0,1130.0,0.0,7672,1096,1096,1096.0,1096.0,0.0,-3.0,0.0,1096.0,1096.0,0.0,1634046394.314909,0.0,16.45426487922668
4472,0,1,0,0,3,2,1096,2211110130,1130,64,1116,17,59861,29483,4,0,0,43,15,2211110130,17,59861,11123,18080,1130,1130,1130.0,1130.0,0.0,-3.0,0.0,1130.0,1130.0,0.0,8768,1096,1096,1096.0,1096.0,0.0,-3.0,0.0,1096.0,1096.0,0.0,1634046394.314909,0.0,16.45426487922668
4473,0,1,0,0,3,2,1096,2211110130,1130,64,1116,17,59861,29483,4,0,0,43,15,2211110130,17,59861,11123,19210,1130,1130,1130.0,1130.0,0.0,-3.0,0.0,1130.0,1130.0,0.0,9864,1096,1096,1096.0,1096.0,0.0,-3.0,0.0,1096.0,1096.0,0.0,1634046394.315418,0.0005090236663818,16.454773902893063
4474,0,1,0,0,3,2,1116,2211110130,1150,64,1136,17,59861,29483,4,0,0,43,15,2211110130,17,59861,11123,20360,1130,1150,1130.0,1131.111111111111,3.880570000581344,13.05882352941185,20.98765432098765,1130.0,1130.0,0.0,10980,1096,1116,1096.0,1098.0,2.6666666666666665,5.111111111111111,36.0,1096.0,1096.0,0.0,1634046394.315418,0.0,16.454773902893063
4475,0,1,0,0,3,2,1096,2211110130,1130,64,1116,17,59861,29483,4,0,0,43,15,2211110130,17,59861,11123,21490,1130,1150,1130.0,1131.0526315789473,4.006938426723826,14.05555555555586,19.944598337950136,1130.0,1130.0,0.0,12076,1096,1116,1096.0,1097.8181818181818,2.846049894151573,6.100000000000124,33.05785123966942,1096.0,1096.0,0.0,1634046394.32031,0.0048921108245849,16.459666013717648
4476,0,1,0,0,3,2,1096,2211110130,1130,64,1116,17,59861,29483,4,0,0,43,15,2211110130,17,59861,11123,22620,1130,1150,1130.0,1131.0,4.129483209670112,15.05263157894737,19.0,1130.0,1130.0,0.0,13172,1096,1116,1096.0,1097.6666666666667,3.0151134457775943,7.090909090908921,30.55555555555556,1096.0,1096.0,0.0,1634046394.321403,0.0010929107666015,16.46075892448425
4477,0,1,0,0,3,2,1096,2211110130,1130,64,1116,17,59861,29483,4,0,0,43,15,2211110130,17,59861,11123,1130,1130,1130,1130.0,1130.0,0.0,-3.0,0.0,1130.0,1130.0,0.0,14268,1096,1116,1096.0,1097.5384615384614,3.175426480543,8.08333333333358,28.402366863905332,1096.0,1096.0,0.0,1634046394.321403,0.0,16.46075892448425
4478,0,1,0,0,3,2,1096,2211110130,1130,64,1116,17,59861,29483,4,0,0,43,15,2211110130,17,59861,11123,2260,1130,1130,1130.0,1130.0,0.0,-3.0,0.0,1130.0,1130.0,0.0,15364,1096,1116,1096.0,1097.428571428571,3.328201177351432,9.07692307692333,26.530612244897952,1096.0,1096.0,0.0,1634046394.321403,0.0,16.46075892448425
4479,0,1,0,0,3,2,1096,2211110130,1130,64,1116,17,59861,29483,4,0,0,43,15,2211110130,17,59861,11123,3390,1130,1130,1130.0,1130.0,0.0,-3.0,0.0,1130.0,1130.0,0.0,16460,1096,1116,1096.0,1097.3333333333333,3.474396144861562,10.071428571428774,24.8888888888889,1096.0,1096.0,0.0,1634046394.321403,0.0,16.46075892448425
4480,0,1,0,0,3,2,1096,2211110130,1130,64,1116,17,59861,29483,4,0,0,43,15,2211110130,17,59861,11123,4520,1130,1130,1130.0,1130.0,0.0,-3.0,0.0,1130.0,1130.0,0.0,17556,1096,1116,1096.0,1097.25,3.614784456460256,11.066666666666666,23.4375,1096.0,1096.0,0.0,1634046394.321991,0.0005879402160644,16.461346864700314
4481,0,1,0,0,3,2,1096,2211110130,1130,64,1116,17,59861,29483,4,0,0,43,15,2211110130,17,59861,11123,5650,1130,1130,1130.0,1130.0,0.0,-3.0,0.0,1130.0,1130.0,0.0,18652,1096,1116,1096.0,1097.1764705882354,3.749999999999957,12.06249999999979,22.14532871972318,1096.0,1096.0,0.0,1634046394.321991,0.0,16.461346864700314
4482,0,1,0,0,3,2,1096,2211110130,1130,64,1116,17,59861,29483,4,0,0,43,15,2211110130,17,59861,11123,6780,1130,1130,1130.0,1130.0,0.0,-3.0,0.0,1130.0,1130.0,0.0,19748,1096,1116,1096.0,1097.111111111111,3.880570000581343,13.058823529411846,20.98765432098766,1096.0,1096.0,0.0,1634046394.321991,0.0,16.461346864700314
4483,0,1,0,0,3,2,1096,2211110130,1130,64,1116,17,59861,29483,4,0,0,43,15,2211110130,17,59861,11123,7910,1130,1130,1130.0,1130.0,0.0,-3.0,0.0,1130.0,1130.0,0.0,20844,1096,1116,1096.0,1097.0526315789473,4.006938426723828,14.055555555555864,19.944598337950133,1096.0,1096.0,0.0,1634046394.321991,0.0,16.461346864700314
4484,0,1,0,0,3,2,1096,2211110130,1130,64,1116,17,59861,29483,4,0,0,43,15,2211110130,17,59861,11123,9040,1130,1130,1130.0,1130.0,0.0,-3.0,0.0,1130.0,1130.0,0.0,21940,1096,1116,1096.0,1097.0,4.129483209670112,15.05263157894737,19.0,1096.0,1096.0,0.0,1634046394.322635,0.0006439685821533,16.461990833282467
4485,0,1,0,0,3,2,1096,2211110130,1130,64,1116,17,59861,29483,4,0,0,43,15,2211110130,17,59861,11123,10170,1130,1130,1130.0,1130.0,0.0,-3.0,0.0,1130.0,1130.0,0.0,1096,1096,1096,1096.0,1096.0,0.0,-3.0,0.0,1096.0,1096.0,0.0,1634046394.322635,0.0,16.461990833282467
4486,0,1,0,0,3,2,1096,2211110130,1130,64,1116,17,59861,29483,4,0,0,43,15,2211110130,17,59861,11123,11300,1130,1130,1130.0,1130.0,0.0,-3.0,0.0,1130.0,1130.0,0.0,2192,1096,1096,1096.0,1096.0,0.0,-3.0,0.0,1096.0,1096.0,0.0,1634046394.322635,0.0,16.461990833282467
4487,0,1,0,0,3,2,1096,2211110130,1130,64,1116,17,59861,29483,4,0,0,43,15,2211110130,17,59861,11123,12430,1130,1130,1130.0,1130.0,0.0,-3.0,0.0,1130.0,1130.0,0.0,3288,1096,1096,1096.0,1096.0,0.0,-3.0,0.0,1096.0,1096.0,0.0,1634046394.322635,0.0,16.461990833282467
4488,0,1,0,0,3,2,1096,2211110130,1130,64,1116,17,59861,29483,4,0,0,43,15,2211110130,17,59861,11123,13560,1130,1130,1130.0,1130.0,0.0,-3.0,0.0,1130.0,1130.0,0.0,4384,1096,1096,1096.0,1096.0,0.0,-3.0,0.0,1096.0,1096.0,0.0,1634046394.323245,0.0006101131439208,16.462600946426388
4489,0,1,0,0,3,2,1096,2211110130,1130,64,1116,17,59861,29483,4,0,0,43,15,2211110130,17,59861,11123,14690,1130,1130,1130.0,1130.0,0.0,-3.0,0.0,1130.0,1130.0,0.0,5480,1096,1096,1096.0,1096.0,0.0,-3.0,0.0,1096.0,1096.0,0.0,1634046394.323245,0.0,16.462600946426388
4490,0,1,0,0,3,2,1096,2211110130,1130,64,1116,17,59861,29483,4,0,0,43,15,2211110130,17,59861,11123,15820,1130,1130,1130.0,1130.0,0.0,-3.0,0.0,1130.0,1130.0,0.0,6576,1096,1096,1096.0,1096.0,0.0,-3.0,0.0,1096.0,1096.0,0.0,1634046394.323245,0.0,16.462600946426388
4491,0,1,0,0,3,2,1096,2211110130,1130,64,1116,17,59861,29483,4,0,0,43,15,2211110130,17,59861,11123,16950,1130,1130,1130.0,1130.0,0.0,-3.0,0.0,1130.0,1130.0,0.0,7672,1096,1096,1096.0,1096.0,0.0,-3.0,0.0,1096.0,1096.0,0.0,1634046394.323245,0.0,16.462600946426388
4492,0,1,0,0,3,2,1096,2211110130,1130,64,1116,17,59861,29483,4,0,0,43,15,2211110130,17,59861,11123,18080,1130,1130,1130.0,1130.0,0.0,-3.0,0.0,1130.0,1130.0,0.0,8768,1096,1096,1096.0,1096.0,0.0,-3.0,0.0,1096.0,1096.0,0.0,1634046394.323781,0.0005359649658203,16.46313691139221
4493,0,1,0,0,3,2,1096,2211110130,1130,64,1116,17,59861,29483,4,0,0,43,15,2211110130,17,59861,11123,19210,1130,1130,1130.0,1130.0,0.0,-3.0,0.0,1130.0,1130.0,0.0,9864,1096,1096,1096.0,1096.0,0.0,-3.0,0.0,1096.0,1096.0,0.0,1634046394.323781,0.0,16.46313691139221
4494,0,1,0,0,3,2,1096,2211110130,1130,64,1116,17,59861,29483,4,0,0,43,15,2211110130,17,59861,11123,20340,1130,1130,1130.0,1130.0,0.0,-3.0,0.0,1130.0,1130.0,0.0,10960,1096,1096,1096.0,1096.0,0.0,-3.0,0.0,1096.0,1096.0,0.0,1634046394.326028,0.0022470951080322,16.46538400650024
4495,0,1,0,0,3,2,1096,2211110130,1130,64,1116,17,59861,29483,4,0,0,43,15,2211110130,17,59861,11123,21470,1130,1130,1130.0,1130.0,0.0,-3.0,0.0,1130.0,1130.0,0.0,12056,1096,1096,1096.0,1096.0,0.0,-3.0,0.0,1096.0,1096.0,0.0,1634046394.326028,0.0,16.46538400650024
4496,0,1,0,0,3,2,1096,2211110130,1130,64,1116,17,59861,29483,4,0,0,43,15,2211110130,17,59861,11123,22600,1130,1130,1130.0,1130.0,0.0,-3.0,0.0,1130.0,1130.0,0.0,13152,1096,1096,1096.0,1096.0,0.0,-3.0,0.0,1096.0,1096.0,0.0,1634046394.326028,0.0,16.46538400650024
4497,0,1,0,0,3,2,1096,2211110130,1130,64,1116,17,59861,29483,4,0,0,43,15,2211110130,17,59861,11123,1130,1130,1130,1130.0,1130.0,0.0,-3.0,0.0,1130.0,1130.0,0.0,14248,1096,1096,1096.0,1096.0,0.0,-3.0,0.0,1096.0,1096.0,0.0,1634046394.326028,0.0,16.46538400650024
4498,0,1,0,0,3,2,1096,2211110130,1130,64,1116,17,59861,29483,4,0,0,43,15,2211110130,17,59861,11123,2260,1130,1130,1130.0,1130.0,0.0,-3.0,0.0,1130.0,1130.0,0.0,15344,1096,1096,1096.0,1096.0,0.0,-3.0,0.0,1096.0,1096.0,0.0,1634046394.326534,0.0005059242248535,16.465889930725094
4499,0,1,0,0,3,2,1096,2211110130,1130,64,1116,17,59861,29483,4,0,0,43,15,2211110130,17,59861,11123,3390,1130,1130,1130.0,1130.0,0.0,-3.0,0.0,1130.0,1130.0,0.0,16440,1096,1096,1096.0,1096.0,0.0,-3.0,0.0,1096.0,1096.0,0.0,1634046394.326534,0.0,16.465889930725094
4500,0,1,0,0,3,2,1116,2211110130,1150,64,1136,17,59861,29483,4,0,0,43,15,2211110130,17,59861,11123,4540,1130,1150,1130.0,1135.0,1.1547005383792517,-0.6666666666666665,75.0,1135.0,1130.0,5.0,17556,1096,1116,1096.0,1097.25,3.614784456460256,11.066666666666666,23.4375,1096.0,1096.0,0.0,1634046394.326534,0.0,16.465889930725094
4501,0,1,0,0,3,2,1096,2211110130,1130,64,1116,17,59861,29483,4,0,0,43,15,2211110130,17,59861,11123,5670,1130,1150,1130.0,1134.0,1.5,0.25,64.0,1130.0,1130.0,0.0,18652,1096,1116,1096.0,1097.1764705882354,3.749999999999957,12.06249999999979,22.14532871972318,1096.0,1096.0,0.0,1634046394.326534,0.0,16.465889930725094
4502,0,1,0,0,3,2,1096,2211110130,1130,64,1116,17,59861,29483,4,0,0,43,15,2211110130,17,59861,11123,6800,1130,1150,1130.0,1133.3333333333333,1.788854381999862,1.2000000000000703,55.55555555555557,1130.0,1130.0,0.0,19748,1096,1116,1096.0,1097.111111111111,3.880570000581343,13.058823529411846,20.98765432098766,1096.0,1096.0,0.0,1634046394.327064,0.0005300045013427,16.466419935226437
4503,0,1,0,0,3,2,1096,2211110130,1130,64,1116,17,59861,29483,4,0,0,43,15,2211110130,17,59861,11123,7930,1130,1150,1130.0,1132.857142857143,2.041241452319301,2.166666666666627,48.9795918367347,1130.0,1130.0,0.0,20844,1096,1116,1096.0,1097.0526315789473,4.006938426723828,14.055555555555864,19.944598337950133,1096.0,1096.0,0.0,1634046394.327064,0.0,16.466419935226437
4504,0,1,0,0,3,2,1096,2211110130,1130,64,1116,17,59861,29483,4,0,0,43,15,2211110130,17,59861,11123,9060,1130,1150,1130.0,1132.5,2.2677868380553634,3.1428571428571432,43.75,1130.0,1130.0,0.0,21940,1096,1116,1096.0,1097.0,4.129483209670112,15.05263157894737,19.0,1096.0,1096.0,0.0,1634046394.327064,0.0,16.466419935226437
4505,0,1,0,0,3,2,1096,2211110130,1130,64,1116,17,59861,29483,4,0,0,43,15,2211110130,17,59861,11123,10190,1130,1150,1130.0,1132.2222222222222,2.4748737341529403,4.125000000000078,39.50617283950618,1130.0,1130.0,0.0,1096,1096,1096,1096.0,1096.0,0.0,-3.0,0.0,1096.0,1096.0,0.0,1634046394.327064,0.0,16.466419935226437
4506,0,1,0,0,3,2,1096,2211110130,1130,64,1116,17,59861,29483,4,0,0,43,15,2211110130,17,59861,11123,11320,1130,1150,1130.0,1132.0,2.6666666666666665,5.111111111111111,36.0,1130.0,1130.0,0.0,2192,1096,1096,1096.0,1096.0,0.0,-3.0,0.0,1096.0,1096.0,0.0,1634046394.327544,0.0004799365997314,16.46689987182617
4507,0,1,0,0,3,2,1096,2211110130,1130,64,1116,17,59861,29483,4,0,0,43,15,2211110130,17,59861,11123,12450,1130,1150,1130.0,1131.8181818181818,2.8460498941515744,6.100000000000124,33.05785123966942,1130.0,1130.0,0.0,3288,1096,1096,1096.0,1096.0,0.0,-3.0,0.0,1096.0,1096.0,0.0,1634046394.327544,0.0,16.46689987182617
4508,0,1,0,0,3,2,1096,2211110130,1130,64,1116,17,59861,29483,4,0,0,43,15,2211110130,17,59861,11123,13580,1130,1150,1130.0,1131.6666666666667,3.015113445777593,7.090909090908916,30.555555555555568,1130.0,1130.0,0.0,4384,1096,1096,1096.0,1096.0,0.0,-3.0,0.0,1096.0,1096.0,0.0,1634046394.327544,0.0,16.46689987182617
4509,0,1,0,0,3,2,1096,2211110130,1130,64,1116,17,59861,29483,4,0,0,43,15,2211110130,17,59861,11123,14710,1130,1150,1130.0,1131.5384615384614,3.1754264805429995,8.083333333333577,28.40236686390534,1130.0,1130.0,0.0,5480,1096,1096,1096.0,1096.0,0.0,-3.0,0.0,1096.0,1096.0,0.0,1634046394.328088,0.0005440711975097,16.467443943023678
4510,0,1,0,0,3,2,1096,2211110130,1130,64,1116,17,59861,29483,4,0,0,43,15,2211110130,17,59861,11123,15840,1130,1150,1130.0,1131.428571428571,3.3282011773514317,9.07692307692333,26.530612244897952,1130.0,1130.0,0.0,6576,1096,1096,1096.0,1096.0,0.0,-3.0,0.0,1096.0,1096.0,0.0,1634046394.328088,0.0,16.467443943023678
4511,0,1,0,0,3,2,1096,2211110130,1130,64,1116,17,59861,29483,4,0,0,43,15,2211110130,17,59861,11123,16970,1130,1150,1130.0,1131.3333333333333,3.474396144861561,10.071428571428772,24.888888888888903,1130.0,1130.0,0.0,7672,1096,1096,1096.0,1096.0,0.0,-3.0,0.0,1096.0,1096.0,0.0,1634046394.328088,0.0,16.467443943023678
4512,0,1,0,0,3,2,1096,2211110130,1130,64,1116,17,59861,29483,4,0,0,43,15,2211110130,17,59861,11123,18100,1130,1150,1130.0,1131.25,3.614784456460256,11.066666666666666,23.4375,1130.0,1130.0,0.0,8768,1096,1096,1096.0,1096.0,0.0,-3.0,0.0,1096.0,1096.0,0.0,1634046394.328088,0.0,16.467443943023678
4513,0,1,0,0,3,2,1096,2211110130,1130,64,1116,17,59861,29483,4,0,0,43,15,2211110130,17,59861,11123,19230,1130,1150,1130.0,1131.1764705882354,3.749999999999957,12.06249999999979,22.14532871972318,1130.0,1130.0,0.0,9864,1096,1096,1096.0,1096.0,0.0,-3.0,0.0,1096.0,1096.0,0.0,1634046394.328597,0.0005090236663818,16.46795296669006
4514,0,1,0,0,3,2,1096,2211110130,1130,64,1116,17,59861,29483,4,0,0,43,15,2211110130,17,59861,11123,20360,1130,1150,1130.0,1131.111111111111,3.880570000581343,13.058823529411846,20.98765432098766,1130.0,1130.0,0.0,10960,1096,1096,1096.0,1096.0,0.0,-3.0,0.0,1096.0,1096.0,0.0,1634046394.328597,0.0,16.46795296669006
4515,0,1,0,0,3,2,528,2211110130,562,64,548,17,59861,29483,4,0,0,43,15,2211110130,17,59861,11123,20922,562,1150,1130.0,1101.157894736842,-3.9985089826276567,14.014232897051514,16169.396121883658,1130.0,1130.0,0.0,11488,528,1096,1096.0,1044.3636363636365,-2.84604989415154,6.099999999999994,26663.14049586777,1096.0,1096.0,0.0,1634046394.328597,0.0,16.46795296669006
4516,0,1,0,0,3,2,408,2211110130,442,64,428,17,59861,29483,4,0,0,43,15,2211110130,17,59861,11123,21364,442,1150,1130.0,1068.2,-2.7136340034360096,5.477017035287126,35999.16,1130.0,1130.0,0.0,11896,408,1096,1096.0,991.3333333333334,-1.832148895757844,1.4317137736145122,55375.55555555556,1096.0,1096.0,0.0,1634046394.329148,0.0005509853363037,16.468503952026364
4517,0,1,0,0,3,2,1096,2211110130,1130,64,1116,17,59861,29483,4,0,0,43,15,2211110130,17,59861,11123,1130,1130,1130,1130.0,1130.0,0.0,-3.0,0.0,1130.0,1130.0,0.0,12992,408,1096,1096.0,999.3846153846154,-1.9628575681030835,1.931596525531956,51893.77514792899,1096.0,1096.0,0.0,1634046394.329148,0.0,16.468503952026364
4518,0,1,0,0,3,2,1096,2211110130,1130,64,1116,17,59861,29483,4,0,0,43,15,2211110130,17,59861,11123,2260,1130,1130,1130.0,1130.0,0.0,-3.0,0.0,1130.0,1130.0,0.0,14088,408,1096,1096.0,1006.2857142857144,-2.08608682060902,2.434477758092489,48806.204081632655,1096.0,1096.0,0.0,1634046394.329148,0.0,16.468503952026364
4519,0,1,0,0,3,2,1096,2211110130,1130,64,1116,17,59861,29483,4,0,0,43,15,2211110130,17,59861,11123,3390,1130,1130,1130.0,1130.0,0.0,-3.0,0.0,1130.0,1130.0,0.0,15184,408,1096,1096.0,1012.2666666666668,-2.202940397695301,2.939667423798116,46053.26222222224,1096.0,1096.0,0.0,1634046394.329746,0.0005979537963867,16.46910190582275
4520,0,1,0,0,3,2,164,2211110130,198,64,184,17,59861,29483,4,0,0,43,15,2211110130,17,59861,11123,3588,198,1130,1130.0,897.0,-1.1547005383792517,-0.6666666666666665,162867.0,1130.0,897.0,233.0,15348,164,1096,1096.0,959.25,-1.7986295518226405,1.5609923720041037,85336.4375,1096.0,1096.0,0.0,1634046394.329746,0.0,16.46910190582275
4521,0,1,0,0,3,2,60,2211110130,94,64,80,17,59861,29483,4,0,0,43,15,2211110130,17,59861,11123,3682,94,1130,1130.0,736.4,-0.4223972605618418,-1.802562116191832,233463.04,1130.0,198.0,932.0,15408,60,1096,1096.0,906.3529411764706,-1.4687495184310102,0.4429340611461336,125086.22837370244,1096.0,1096.0,0.0,1634046394.329746,0.0,16.46910190582275
4522,0,1,0,0,2,3,60,3232270721,94,47,80,17,29483,59861,4,0,0,43,15,2211110130,17,59861,11123,3776,94,1130,664.0,629.3333333333334,-0.0139505446424904,-1.982274977914896,251868.88888888888,1130.0,120.0,1010.0,15468,60,1096,1096.0,859.3333333333334,-1.187606142331992,-0.3777655332500211,155721.33333333337,1096.0,670.0,426.0,1634046394.330599,0.0008530616760253,16.469954967498776
4523,0,1,0,0,3,2,408,2211110130,442,64,428,17,59861,29483,4,0,0,43,15,2211110130,17,59861,11123,4218,94,1130,442.0,602.5714285714286,0.1475639777907742,-1.840781193045008,220184.81632653065,1130.0,146.0,984.0,15876,60,1096,1096.0,835.578947368421,-1.0017804422218135,-0.7505414573974645,157682.3490304709,1096.0,468.0,628.0,1634046394.333996,0.003396987915039,16.473351955413815
4524,0,1,0,0,2,3,60,3232270721,94,47,80,17,29483,59861,4,0,0,43,15,2211110130,17,59861,11123,4312,94,1130,320.0,539.0,0.3783344172381253,-1.7268285781460262,220951.0,1130.0,94.0,1036.0,15936,60,1096,1096.0,796.8,-0.824429490737392,-1.114804074404072,178370.56,1096.0,408.0,688.0,1634046394.346489,0.0124928951263427,16.485844850540158
4525,0,1,0,0,3,2,1096,2211110130,1130,64,1116,17,59861,29483,4,0,0,43,15,2211110130,17,59861,11123,5442,94,1130,442.0,604.6666666666666,0.1089996646149195,-1.8814267888322964,230897.77777777775,1130.0,94.0,1036.0,1096,1096,1096,1096.0,1096.0,0.0,-3.0,0.0,1096.0,1096.0,0.0,1634046394.348525,0.0020360946655273,16.487880945205685
4526,0,1,0,0,3,2,1096,2211110130,1130,64,1116,17,59861,29483,4,0,0,43,15,2211110130,17,59861,11123,6572,94,1130,786.0,657.2,-0.1018407010079558,-1.8945848088875656,232645.76,1130.0,120.0,1010.0,2192,1096,1096,1096.0,1096.0,0.0,-3.0,0.0,1096.0,1096.0,0.0,1634046394.348525,0.0,16.487880945205685
4527,0,1,0,0,3,2,1096,2211110130,1130,64,1116,17,59861,29483,4,0,0,43,15,2211110130,17,59861,11123,7702,94,1130,1130.0,700.1818181818181,-0.2766870486822564,-1.834732521888591,229970.5123966942,1130.0,146.0,984.0,3288,1096,1096,1096.0,1096.0,0.0,-3.0,0.0,1096.0,1096.0,0.0,1634046394.34986,0.0013349056243896,16.489215850830075
4528,0,1,0,0,3,2,1096,2211110130,1130,64,1116,17,59861,29483,4,0,0,43,15,2211110130,17,59861,11123,8832,94,1130,1130.0,736.0,-0.4271937787854897,-1.7322951685236467,224918.66666666663,1130.0,172.0,958.0,4384,1096,1096,1096.0,1096.0,0.0,-3.0,0.0,1096.0,1096.0,0.0,1634046394.34986,0.0,16.489215850830075
4529,0,1,0,0,3,2,1116,2211110130,1150,64,1136,17,59861,29483,4,0,0,43,15,2211110130,17,59861,11123,9982,94,1150,1130.0,767.8461538461538,-0.5593503106451782,-1.603476715734368,219787.3609467456,1130.0,198.0,932.0,5500,1096,1116,1096.0,1100.0,1.5,0.25,64.0,1096.0,1096.0,0.0,1634046394.352402,0.0025420188903808,16.491757869720455
4530,0,1,0,0,3,2,1096,2211110130,1130,64,1116,17,59861,29483,4,0,0,43,15,2211110130,17,59861,11123,11112,94,1150,1130.0,793.7142857142857,-0.6790815940961403,-1.4559217005947702,212787.3469387756,1130.0,259.0,871.0,6596,1096,1116,1096.0,1099.3333333333333,1.788854381999862,1.200000000000072,55.55555555555557,1096.0,1096.0,0.0,1634046394.352402,0.0,16.491757869720455
4531,0,1,0,0,3,2,576,2211110130,610,64,596,17,59861,29483,4,0,0,43,15,2211110130,17,59861,11123,11722,94,1150,1130.0,781.4666666666667,-0.6144737600794848,-1.4498656111763517,200701.58222222223,1130.0,320.0,810.0,7172,576,1116,1096.0,1024.571428571429,-2.0350629827535087,2.1536192977534565,33583.67346938776,1096.0,1096.0,0.0,1634046394.352402,0.0,16.491757869720455
4532,0,1,0,0,2,3,60,3232270721,94,47,80,17,29483,59861,4,0,0,43,15,2211110130,17,59861,11123,11816,94,1150,1130.0,738.5,-0.4407595105200953,-1.6583780068599348,215849.75,1130.0,172.0,958.0,7232,60,1116,1096.0,904.0,-1.5569767921541289,0.8358854019241968,131148.0,1096.0,966.0,130.0,1634046394.362678,0.0102760791778564,16.502033948898312
4533,0,1,0,0,2,3,60,3232270721,94,47,80,17,29483,59861,4,0,0,43,15,2211110130,17,59861,11123,11910,94,1150,1130.0,700.5882352941177,-0.293575042905711,-1.783035833618781,226149.53633217997,1130.0,94.0,1036.0,7292,60,1116,1096.0,810.2222222222222,-0.9789424431946616,-0.8419904770668079,186930.1728395062,1096.0,576.0,520.0,1634046394.383704,0.0210258960723876,16.5230598449707
4534,0,1,0,0,3,2,1096,2211110130,1130,64,1116,17,59861,29483,4,0,0,43,15,2211110130,17,59861,11123,13040,94,1150,1130.0,724.4444444444445,-0.3925598163361848,-1.7188339610865508,223260.6913580247,1130.0,120.0,1010.0,8388,60,1116,1096.0,838.8,-1.1409801527159964,-0.4937936690286268,175587.36000000002,1096.0,706.0,390.0,1634046394.391432,0.007728099822998,16.530787944793698
4535,0,1,0,0,3,2,1096,2211110130,1130,64,1116,17,59861,29483,4,0,0,43,15,2211110130,17,59861,11123,14170,94,1150,1130.0,745.7894736842105,-0.4835654957304605,-1.6415994601452844,219711.11357340723,1130.0,146.0,984.0,9484,60,1116,1096.0,862.1818181818181,-1.2874926689939623,-0.1316606465937733,165091.96694214878,1096.0,836.0,260.0,1634046394.391432,0.0,16.530787944793698
4536,0,1,0,0,3,2,1096,2211110130,1130,64,1116,17,59861,29483,4,0,0,43,15,2211110130,17,59861,11123,15300,94,1150,1130.0,765.0,-0.5679872203666553,-1.554432368226736,215737.4,1130.0,172.0,958.0,10580,60,1116,1096.0,881.6666666666666,-1.421918605599369,0.2399643286318977,155510.55555555553,1096.0,966.0,130.0,1634046394.39555,0.0041179656982421,16.53490591049194
4537,0,1,0,0,3,2,1096,2211110130,1130,64,1116,17,59861,29483,4,0,0,43,15,2211110130,17,59861,11123,1130,1130,1130,1130.0,1130.0,0.0,-3.0,0.0,1130.0,1130.0,0.0,11676,60,1116,1096.0,898.1538461538462,-1.5466342857191353,0.6183447868048866,146810.13017751477,1096.0,1096.0,0.0,1634046394.39555,0.0,16.53490591049194
4538,0,1,0,0,3,2,1016,2211110130,1050,64,1036,17,59861,29483,4,0,0,43,15,2211110130,17,59861,11123,2180,1050,1130,1090.0,1090.0,0.0,-2.0,1600.0,1110.0,1070.0,40.0,12692,60,1116,1096.0,906.5714285714286,-1.6547645979738277,0.992578340422424,137244.8163265306,1096.0,1036.0,60.0,1634046394.396157,0.0006070137023925,16.535512924194332
4539,0,1,0,0,3,2,416,2211110130,450,64,436,17,59861,29483,4,0,0,43,15,2211110130,17,59861,11123,2630,450,1130,1050.0,876.6666666666666,-0.670428228357964,-1.5000000000000002,92088.88888888888,1090.0,750.0,340.0,13108,60,1116,1096.0,873.8666666666667,-1.3364993333195845,0.1106425418494834,143069.5822222222,1096.0,796.0,300.0,1634046394.396157,0.0,16.535512924194332
4540,0,1,0,0,2,3,60,3232270721,94,47,80,17,29483,59861,4,0,0,43,15,2211110130,17,59861,11123,2724,94,1130,750.0,681.0,-0.2339893461303459,-1.6641263381176703,183923.0,1070.0,361.0,709.0,13168,60,1116,1096.0,823.0,-1.0425133748191824,-0.6873319995195124,172939.0,1096.0,536.0,560.0,1634046394.414045,0.017888069152832,16.553400993347164
4541,0,1,0,0,2,3,52,3232270721,86,47,72,17,29483,59861,4,0,0,43,15,2211110130,17,59861,11123,2810,86,1130,450.0,562.0,0.1906826212565675,-1.7465374919963077,203782.4,1050.0,94.0,956.0,13220,52,1116,1096.0,777.6470588235294,-0.8180442219658948,-1.1556256794045474,195676.34602076124,1096.0,416.0,680.0,1634046394.41408,3.4809112548828125e-05,16.553435802459713
4542,0,1,0,0,3,2,1096,2211110130,1130,64,1116,17,59861,29483,4,0,0,43,15,2211110130,17,59861,11123,3940,86,1130,750.0,656.6666666666666,-0.1673813501862919,-1.7972139811499244,214627.5555555556,1110.0,183.0,927.0,14316,52,1116,1096.0,795.3333333333334,-0.9068233823307512,-1.001804728252573,190123.11111111112,1096.0,456.0,640.0,1634046394.422349,0.0082690715789794,16.561704874038693
4543,0,1,0,0,3,2,1096,2211110130,1130,64,1116,17,59861,29483,4,0,0,43,15,2211110130,17,59861,11123,5070,86,1130,1050.0,724.2857142857143,-0.4352866555893099,-1.6510426964797664,211400.4897959184,1130.0,272.0,858.0,15412,52,1116,1096.0,811.1578947368421,-0.9902653824232888,-0.8421672879426967,184624.13296398893,1096.0,496.0,600.0,1634046394.422788,0.0004389286041259,16.56214380264282
4544,0,1,0,0,3,2,1096,2211110130,1130,64,1116,17,59861,29483,4,0,0,43,15,2211110130,17,59861,11123,6200,86,1130,1090.0,775.0,-0.6526619843462194,-1.419801944702562,202979.0,1130.0,361.0,769.0,16508,52,1116,1096.0,825.4,-1.0691306250009258,-0.6779070480836675,179246.84,1096.0,536.0,560.0,1634046394.423358,0.0005700588226318,16.56271386146545
4545,0,1,0,0,3,2,1096,2211110130,1130,64,1116,17,59861,29483,4,0,0,43,15,2211110130,17,59861,11123,7330,86,1130,1130.0,814.4444444444445,-0.8378187705151092,-1.1443535280415604,192872.69135802463,1130.0,450.0,680.0,1096,1096,1096,1096.0,1096.0,0.0,-3.0,0.0,1096.0,1096.0,0.0,1634046394.423358,0.0,16.56271386146545
4546,0,1,0,0,3,2,1096,2211110130,1130,64,1116,17,59861,29483,4,0,0,43,15,2211110130,17,59861,11123,8460,86,1130,1130.0,846.0,-1.0005947063560745,-0.8430463432102631,182547.2,1130.0,600.0,530.0,2192,1096,1096,1096.0,1096.0,0.0,-3.0,0.0,1096.0,1096.0,0.0,1634046394.423911,0.0005531311035156,16.563266992568966
4547,0,1,0,0,3,2,306,2211110130,340,64,326,17,59861,29483,4,0,0,43,15,2211110130,17,59861,11123,8800,86,1130,1130.0,800.0,-0.7018325705641054,-1.3299416163164492,187112.0,1130.0,395.0,735.0,2498,306,1096,1096.0,832.6666666666666,-0.7071067811865471,-1.5000000000000004,138688.8888888889,1096.0,701.0,395.0,1634046394.423911,0.0,16.563266992568966
4548,0,1,0,0,3,2,408,2211110130,442,64,428,17,59861,29483,4,0,0,43,15,2211110130,17,59861,11123,9242,86,1130,1090.0,770.1666666666666,-0.5134675225314609,-1.501299588169844,181309.63888888888,1130.0,416.5,713.5,2906,306,1096,752.0,726.5,-0.0281725964865684,-1.9625251443923712,137830.75,1096.0,382.5,713.5,1634046394.42939,0.0054788589477539,16.56874585151672
4549,0,1,0,0,3,2,56,2211110130,90,64,76,17,59861,29483,4,0,0,43,15,2211110130,17,59861,11123,9332,86,1130,1050.0,717.8461538461538,-0.3262571324430307,-1.689582055744174,200211.97633136096,1130.0,340.0,790.0,2962,56,1096,408.0,592.4,0.1834688484358298,-1.6786750966934472,182195.84,1096.0,306.0,790.0,1634046394.436901,0.0075111389160156,16.576256990432736
4550,0,1,0,0,3,2,60,2211110130,94,64,80,17,59861,29483,4,0,0,43,15,2211110130,17,59861,11123,9426,86,1130,750.0,673.2857142857143,-0.1651598929034714,-1.7909027614819282,211724.34693877547,1130.0,155.5,974.5,3022,56,1096,357.0,503.6666666666667,0.4585245919227587,-1.5104275105642049,191197.88888888888,924.0,121.5,802.5,1634046394.436901,0.0,16.576256990432736
4551,0,1,0,0,3,2,1096,2211110130,1130,64,1116,17,59861,29483,4,0,0,43,15,2211110130,17,59861,11123,10556,86,1130,1050.0,703.7333333333333,-0.2890192907219732,-1.743621304040989,210588.1955555556,1130.0,217.0,913.0,4118,56,1096,408.0,588.2857142857143,0.1002610539646019,-1.7815861849064318,206846.20408163263,1096.0,183.0,913.0,1634046394.464967,0.0280659198760986,16.604322910308834
4552,0,1,0,0,3,2,1096,2211110130,1130,64,1116,17,59861,29483,4,0,0,43,15,2211110130,17,59861,11123,11686,86,1130,1090.0,730.375,-0.4002952409729815,-1.6727971756651268,208073.109375,1130.0,278.5,851.5,5214,56,1096,752.0,651.75,-0.161699188655968,-1.793921530346935,209184.4375,1096.0,244.5,851.5,1634046394.464967,0.0,16.604322910308834
4553,0,1,0,0,2,3,56,3232270721,90,47,76,17,29483,59861,4,0,0,43,15,2211110130,17,59861,11123,11776,86,1130,1050.0,692.7058823529412,-0.2589606906201345,-1.7829635396281234,218536.91349480968,1130.0,94.0,1036.0,5270,56,1096,408.0,585.5555555555555,0.066714234274203,-1.834659037447253,220995.35802469132,1096.0,60.0,1036.0,1634046394.465408,0.0004410743713378,16.604763984680172
4554,0,1,0,0,2,3,60,3232270721,94,47,80,17,29483,59861,4,0,0,43,15,2211110130,17,59861,11123,11870,86,1130,750.0,659.4444444444445,-0.1347409497576455,-1.8441514144824496,225203.46913580247,1130.0,94.0,1036.0,5330,56,1096,357.0,533.0,0.2564707105389758,-1.784757084302867,223754.6,1096.0,60.0,1036.0,1634046394.465464,5.602836608886719e-05,16.60482001304626
4555,0,1,0,0,3,2,1096,2211110130,1130,64,1116,17,59861,29483,4,0,0,43,15,2211110130,17,59861,11123,13000,86,1130,1050.0,684.2105263157895,-0.2337422634001874,-1.813320280181104,224391.1135734072,1130.0,94.0,1036.0,6426,56,1096,408.0,584.1818181818181,0.0500909311565689,-1.8675918396021884,229609.0578512397,1096.0,60.0,1036.0,1634046394.467439,0.0019748210906982,16.60679483413696
4556,0,1,0,0,3,2,1096,2211110130,1130,64,1116,17,59861,29483,4,0,0,43,15,2211110130,17,59861,11123,14130,86,1130,1090.0,706.5,-0.3243811079482438,-1.7668053775531043,222611.15,1130.0,94.0,1036.0,7522,56,1096,752.0,626.8333333333334,-0.1205968483252279,-1.866757657701762,230485.63888888888,1096.0,60.0,1036.0,1634046394.467439,0.0,16.60679483413696
4557,0,1,0,0,3,2,1096,2211110130,1130,64,1116,17,59861,29483,4,0,0,43,15,2211110130,17,59861,11123,1130,1130,1130,1130.0,1130.0,0.0,-3.0,0.0,1130.0,1130.0,0.0,8618,56,1096,1096.0,662.9230769230769,-0.2670593736360498,-1.81672926057401,228385.60946745565,1096.0,60.0,1036.0,1634046394.467439,0.0,16.60679483413696
4558,0,1,0,0,3,2,1016,2211110130,1050,64,1036,17,59861,29483,4,0,0,43,15,2211110130,17,59861,11123,2180,1050,1130,1090.0,1090.0,0.0,-2.0,1600.0,1110.0,1070.0,40.0,9634,56,1096,1056.0,688.1428571428571,-0.3926270333889341,-1.7296364998273124,220340.8367346939,1096.0,121.5,974.5,1634046394.467439,0.0,16.60679483413696
4559,0,1,0,0,3,2,408,2211110130,442,64,428,17,59861,29483,4,0,0,43,15,2211110130,17,59861,11123,2622,442,1130,1050.0,874.0,-0.6713138752153387,-1.5000000000000002,94378.66666666669,1090.0,746.0,344.0,10042,56,1096,1016.0,669.4666666666667,-0.2853466095853585,-1.7484410897713214,210534.64888888889,1096.0,183.0,913.0,1634046394.467439,0.0,16.60679483413696
4560,0,1,0,0,3,2,1096,2211110130,1130,64,1116,17,59861,29483,4,0,0,43,15,2211110130,17,59861,11123,3752,442,1130,1090.0,938.0,-1.1116233362044965,-0.7032485677859266,83072.0,1130.0,898.0,232.0,11138,56,1096,1056.0,696.125,-0.3967742103844914,-1.6782601997291842,208036.234375,1096.0,244.5,851.5,1634046394.481102,0.0136630535125732,16.620457887649533
4561,0,1,0,0,3,2,1096,2211110130,1130,64,1116,17,59861,29483,4,0,0,43,15,2211110130,17,59861,11123,4882,442,1130,1130.0,976.4,-1.4524505723202823,0.1805630051187745,72355.84,1130.0,1050.0,80.0,12234,56,1096,1096.0,719.6470588235294,-0.4982394624467142,-1.5912124037561848,204651.40484429064,1096.0,306.0,790.0,1634046394.481102,0.0,16.620457887649533
4562,0,1,0,0,3,2,1096,2211110130,1130,64,1116,17,59861,29483,4,0,0,43,15,2211110130,17,59861,11123,6012,442,1130,1130.0,1002.0,-1.7376263176100923,1.1000585559209035,63573.333333333336,1130.0,1070.0,60.0,13330,56,1096,1096.0,740.5555555555555,-0.5916509994167103,-1.491718457101909,200713.6913580247,1096.0,331.5,764.5,1634046394.481102,0.0,16.620457887649533
4563,0,1,0,0,2,3,60,3232270721,94,47,80,17,29483,59861,4,0,0,43,15,2211110130,17,59861,11123,6106,94,1130,1130.0,872.2857142857143,-1.1118993581598595,-0.5179334150603094,155446.20408163266,1130.0,746.0,384.0,13390,56,1096,1096.0,704.7368421052631,-0.4471479246136797,-1.6606719543257091,213243.45706371195,1096.0,183.0,913.0,1634046394.484329,0.0032269954681396,16.623684883117672
4564,0,1,0,0,3,2,1116,2211110130,1150,64,1136,17,59861,29483,4,0,0,43,15,2211110130,17,59861,11123,7256,94,1150,1130.0,907.0,-1.3120896666013528,-0.0201048929546954,144451.0,1130.0,898.0,232.0,14506,56,1116,1096.0,725.3,-0.5312942313278108,-1.5802679826837247,210615.31,1096.0,244.5,851.5,1634046394.489114,0.0047850608825683,16.62846994400024
4565,0,1,0,0,3,2,1096,2211110130,1130,64,1116,17,59861,29483,4,0,0,43,15,2211110130,17,59861,11123,8386,94,1150,1130.0,931.7777777777778,-1.494069783429985,0.503285679275252,133312.3950617284,1130.0,1050.0,80.0,1096,1096,1096,1096.0,1096.0,0.0,-3.0,0.0,1096.0,1096.0,0.0,1634046394.489114,0.0,16.62846994400024
4566,0,1,0,0,3,2,624,2211110130,658,64,644,17,59861,29483,4,0,0,43,15,2211110130,17,59861,11123,9044,94,1150,1130.0,904.4,-1.2651384501713216,0.0994273685427993,126727.04,1130.0,756.0,374.0,1720,624,1096,860.0,860.0,0.0,-2.0,55696.0,978.0,742.0,236.0,1634046394.489114,0.0,16.62846994400024
4567,0,1,0,0,3,2,408,2211110130,442,64,428,17,59861,29483,4,0,0,43,15,2211110130,17,59861,11123,9486,94,1150,1130.0,862.3636363636364,-0.9092811240278053,-0.7011328193713275,132876.95867768594,1130.0,550.0,580.0,2128,408,1096,624.0,709.3333333333334,0.4193460675044869,-1.5000000000000002,82531.55555555556,860.0,516.0,344.0,1634046394.505825,0.0167109966278076,16.645180940628048
4568,0,1,0,0,3,2,1096,2211110130,1130,64,1116,17,59861,29483,4,0,0,43,15,2211110130,17,59861,11123,10616,94,1150,1130.0,884.6666666666666,-1.041741907549514,-0.439707492814624,127275.55555555556,1130.0,604.0,526.0,3224,408,1096,860.0,806.0,-0.1881331773214555,-1.753220189163606,89932.0,1096.0,570.0,526.0,1634046394.515775,0.0099499225616455,16.655130863189694
4569,0,1,0,0,3,2,1096,2211110130,1130,64,1116,17,59861,29483,4,0,0,43,15,2211110130,17,59861,11123,11746,94,1150,1130.0,903.5384615384615,-1.1633692478715092,-0.164729459064254,121758.86390532546,1130.0,658.0,472.0,4320,408,1096,1096.0,864.0,-0.5704229277013529,-1.485042451650191,85401.6,1096.0,624.0,472.0,1634046394.517195,0.0014200210571289,16.656550884246823
4570,0,1,0,0,3,2,1096,2211110130,1130,64,1116,17,59861,29483,4,0,0,43,15,2211110130,17,59861,11123,12876,94,1150,1130.0,919.7142857142856,-1.2762136481884077,0.1199454430320443,116463.34693877547,1130.0,756.0,374.0,5416,408,1096,1096.0,902.6666666666666,-0.8598213590669277,-1.0733867790670384,78643.55555555556,1096.0,742.0,354.0,1634046394.517195,0.0,16.656550884246823
4571,0,1,0,0,3,2,1096,2211110130,1130,64,1116,17,59861,29483,4,0,0,43,15,2211110130,17,59861,11123,14006,94,1150,1130.0,933.7333333333332,-1.3817823130542453,0.4117956617824516,111450.59555555554,1130.0,854.0,276.0,6512,408,1096,1096.0,930.2857142857144,-1.0980257868306544,-0.602071471479932,71985.63265306123,1096.0,860.0,236.0,1634046394.517722,0.0005269050598144,16.657077789306637
4572,0,1,0,0,3,2,461,2211110130,495,64,481,17,59861,29483,4,0,0,43,15,2211110130,17,59861,11123,14501,94,1150,1130.0,906.3125,-1.115411383626274,-0.2611223675123137,115763.46484375,1130.0,617.25,512.75,6973,408,1096,1096.0,871.625,-0.6207363943799712,-1.4986654003330764,87074.984375,1096.0,583.25,512.75,1634046394.517722,0.0,16.657077789306637
4573,0,1,0,0,2,3,60,3232270721,94,47,80,17,29483,59861,4,0,0,43,15,2211110130,17,59861,11123,14595,94,1150,1130.0,858.5294117647059,-0.9355295022349008,-0.7210457775458758,145485.42560553632,1130.0,495.0,635.0,7033,60,1096,1096.0,781.4444444444445,-0.6380430277231607,-1.0812918876057191,142460.24691358025,1096.0,461.0,635.0,1634046394.519394,0.0016720294952392,16.658749818801876
4574,0,1,0,0,3,2,408,2211110130,442,64,428,17,59861,29483,4,0,0,43,15,2211110130,17,59861,11123,15037,94,1150,1130.0,835.3888888888889,-0.7643414821506235,-1.0064116051415222,146506.12654320986,1130.0,455.25,674.75,7441,60,1096,860.0,744.1,-0.383659355651637,-1.345474796756347,140765.69,1096.0,421.25,674.75,1634046394.539308,0.0199141502380371,16.678663969039913
4575,0,1,0,0,3,2,1096,2211110130,1130,64,1116,17,59861,29483,4,0,0,43,15,2211110130,17,59861,11123,16167,94,1150,1130.0,850.8947368421053,-0.8481109797699569,-0.8726765851930471,143123.04155124654,1130.0,468.5,661.5,8537,60,1096,1096.0,776.0909090909091,-0.5402184423434281,-1.2251352286955548,138202.9917355372,1096.0,434.5,661.5,1634046394.539308,0.0,16.678663969039913
4576,0,1,0,0,3,2,1096,2211110130,1130,64,1116,17,59861,29483,4,0,0,43,15,2211110130,17,59861,11123,17297,94,1150,1130.0,864.85,-0.9270432087888224,-0.7321378894658337,139667.1275,1130.0,481.75,648.25,9633,60,1096,1096.0,802.75,-0.6789152961721839,-1.0684036115237068,134503.85416666666,1096.0,447.75,648.25,1634046394.539799,0.0004909038543701,16.679154872894284
4577,0,1,0,0,3,2,1096,2211110130,1130,64,1116,17,59861,29483,4,0,0,43,15,2211110130,17,59861,11123,1130,1130,1130,1130.0,1130.0,0.0,-3.0,0.0,1130.0,1130.0,0.0,10729,60,1096,1096.0,825.3076923076923,-0.8040230223169528,-0.887941147242914,130263.59763313612,1096.0,461.0,635.0,1634046394.539799,0.0,16.679154872894284
4578,0,1,0,0,3,2,1096,2211110130,1130,64,1116,17,59861,29483,4,0,0,43,15,2211110130,17,59861,11123,2260,1130,1130,1130.0,1130.0,0.0,-3.0,0.0,1130.0,1130.0,0.0,11825,60,1096,1096.0,844.6428571428571,-0.9184458306084152,-0.6911516459066402,125819.08673469385,1096.0,501.75,594.25,1634046394.539799,0.0,16.679154872894284
4579,0,1,0,0,3,2,1096,2211110130,1130,64,1116,17,59861,29483,4,0,0,43,15,2211110130,17,59861,11123,3390,1130,1130,1130.0,1130.0,0.0,-3.0,0.0,1130.0,1130.0,0.0,12921,60,1096,1096.0,861.4,-1.024239789353523,-0.4826514397318875,121362.37333333332,1096.0,542.5,553.5,1634046394.539799,0.0,16.679154872894284
4580,0,1,0,0,3,2,1096,2211110130,1130,64,1116,17,59861,29483,4,0,0,43,15,2211110130,17,59861,11123,4520,1130,1130,1130.0,1130.0,0.0,-3.0,0.0,1130.0,1130.0,0.0,14017,60,1096,1096.0,876.0625,-1.122911269518813,-0.2654674944862751,117002.05859375,1096.0,583.25,512.75,1634046394.542048,0.002249002456665,16.68140387535095
4581,0,1,0,0,3,2,318,2211110130,352,64,338,17,59861,29483,4,0,0,43,15,2211110130,17,59861,11123,4872,352,1130,1130.0,974.4,-1.4999999999999998,0.25,96845.44,1130.0,1130.0,0.0,14335,60,1096,1096.0,843.2352941176471,-0.8787653209512608,-0.8504209354261412,127361.59169550172,1096.0,461.0,635.0,1634046394.542048,0.0,16.68140387535095
4582,0,1,0,0,2,3,60,3232270721,94,47,80,17,29483,59861,4,0,0,43,15,2211110130,17,59861,11123,4966,94,1130,1130.0,827.6666666666666,-0.7991913717307529,-1.2414611219846046,188357.8888888889,1130.0,546.5,583.5,14395,60,1096,1096.0,799.7222222222222,-0.7462560057876911,-1.091487567782945,152473.53395061727,1096.0,421.25,674.75,1634046394.553192,0.0111439228057861,16.692547798156735
4583,0,1,0,0,3,2,60,2211110130,94,64,80,17,59861,29483,4,0,0,43,15,2211110130,17,59861,11123,5060,94,1130,1130.0,722.8571428571429,-0.3668898727490566,-1.7795749380236825,227359.83673469388,1130.0,223.0,907.0,14455,60,1096,1096.0,760.7894736842105,-0.6081259538367407,-1.3219498012429618,171732.27146814406,1096.0,408.0,688.0,1634046394.558872,0.0056800842285156,16.69822788238525
4584,0,1,0,0,2,3,60,3232270721,94,47,80,17,29483,59861,4,0,0,43,15,2211110130,17,59861,11123,5154,94,1130,741.0,644.25,-0.069541964665408,-1.9238224066813456,242193.4375,1130.0,94.0,1036.0,14515,60,1096,1096.0,725.75,-0.4803272489076888,-1.4965703253019234,186473.1875,1096.0,385.5,710.5,1634046394.570719,0.0118470191955566,16.710074901580807
4585,0,1,0,0,3,2,408,2211110130,442,64,428,17,59861,29483,4,0,0,43,15,2211110130,17,59861,11123,5596,94,1130,442.0,621.7777777777778,0.0633837226254793,-1.8312822097137904,219323.06172839503,1130.0,94.0,1036.0,408,408,408,408.0,408.0,0.0,-3.0,0.0,408.0,408.0,0.0,1634046394.577427,0.0067079067230224,16.71678280830383
4586,0,1,0,0,2,3,60,3232270721,94,47,80,17,29483,59861,4,0,0,43,15,2211110130,17,59861,11123,5690,94,1130,397.0,569.0,0.2528282383305966,-1.7829479202297565,222460.2,1130.0,94.0,1036.0,468,60,408,234.0,234.0,0.0,-2.0,30276.0,321.0,147.0,174.0,1634046394.58691,0.0094830989837646,16.726265907287594
4587,0,1,0,0,3,2,1104,2211110130,1138,64,1124,17,59861,29483,4,0,0,43,15,2211110130,17,59861,11123,6828,94,1138,442.0,620.7272727272727,0.0473581635938019,-1.864821163823572,228993.652892562,1130.0,94.0,1036.0,1572,60,1104,408.0,524.0,0.3818017741606063,-1.5,188384.0,756.0,234.0,522.0,1634046394.595704,0.0087940692901611,16.735059976577755
4588,0,1,0,0,3,2,1096,2211110130,1130,64,1116,17,59861,29483,4,0,0,43,15,2211110130,17,59861,11123,7958,94,1138,786.0,663.1666666666666,-0.1231573847901743,-1.8632780734274703,229722.97222222225,1130.0,94.0,1036.0,2668,60,1104,752.0,667.0,-0.2154648284828085,-1.7177914201214748,202635.0,1098.0,321.0,777.0,1634046394.595704,0.0,16.735059976577755
4589,0,1,0,0,3,2,1096,2211110130,1130,64,1116,17,59861,29483,4,0,0,43,15,2211110130,17,59861,11123,9088,94,1138,1130.0,699.0769230769231,-0.2695026867730663,-1.812669864368844,227526.5325443787,1130.0,94.0,1036.0,3764,60,1104,1096.0,752.8,-0.5948424282569496,-1.433127669788114,191554.56,1096.0,408.0,688.0,1634046394.595704,0.0,16.735059976577755
4590,0,1,0,0,3,2,1096,2211110130,1130,64,1116,17,59861,29483,4,0,0,43,15,2211110130,17,59861,11123,10218,94,1138,1130.0,729.8571428571429,-0.3983862226622262,-1.7307698800825644,223591.1224489796,1130.0,158.5,971.5,4860,60,1104,1096.0,810.0,-0.8832320185517368,-1.0085899280287656,175988.0,1096.0,580.0,516.0,1634046394.596295,0.0005910396575927,16.735651016235348
4591,0,1,0,0,3,2,1096,2211110130,1130,64,1116,17,59861,29483,4,0,0,43,15,2211110130,17,59861,11123,11348,94,1138,1130.0,756.5333333333333,-0.5140651564895771,-1.6276934289057383,218647.7155555556,1130.0,223.0,907.0,5956,60,1104,1096.0,850.8571428571429,-1.1211669679648812,-0.5255830459759445,160862.693877551,1096.0,752.0,344.0,1634046394.596861,0.000565767288208,16.736216783523556
4592,0,1,0,0,3,2,570,2211110130,604,64,590,17,59861,29483,4,0,0,43,15,2211110130,17,59861,11123,11952,94,1138,1130.0,747.0,-0.4650679792234986,-1.5963737073586997,206345.5,1130.0,287.5,842.5,6526,60,1104,1096.0,815.75,-0.8709706036556566,-0.8204845919289818,149382.4375,1096.0,529.5,566.5,1634046394.596861,0.0,16.736216783523556
4593,0,1,0,0,3,2,1096,2211110130,1130,64,1116,17,59861,29483,4,0,0,43,15,2211110130,17,59861,11123,13082,94,1138,1130.0,769.5294117647059,-0.5648825430892154,-1.4969327549970464,202328.7197231834,1130.0,352.0,778.0,7622,60,1104,1096.0,846.8888888888889,-1.0517265332945025,-0.4685520498183377,140541.43209876542,1096.0,570.0,526.0,1634046394.603044,0.0061831474304199,16.742399930953976
4594,0,1,0,0,3,2,1096,2211110130,1130,64,1116,17,59861,29483,4,0,0,43,15,2211110130,17,59861,11123,14212,94,1138,1130.0,789.5555555555555,-0.6570665936373938,-1.3861797303767949,197906.02469135803,1130.0,374.5,755.5,8718,60,1104,1096.0,871.8,-1.212798760692596,-0.0937413120475936,132072.36000000002,1096.0,701.5,394.5,1634046394.603044,0.0,16.742399930953976
4595,0,1,0,0,2,3,60,3232270721,94,47,80,17,29483,59861,4,0,0,43,15,2211110130,17,59861,11123,14306,94,1138,1130.0,752.9473684210526,-0.5056887649540371,-1.5866743805558117,211612.7867036011,1130.0,223.0,907.0,8778,60,1104,1096.0,798.0,-0.8573485356542263,-0.984903789085962,174530.18181818182,1096.0,489.0,607.0,1634046394.604303,0.0012588500976562,16.743658781051632
4596,0,1,0,0,3,2,1116,2211110130,1150,64,1136,17,59861,29483,4,0,0,43,15,2211110130,17,59861,11123,15456,94,1150,1130.0,772.8,-0.5887690354250454,-1.4976000309357924,208520.56,1130.0,287.5,842.5,9894,60,1116,1096.0,824.5,-0.9897021022903112,-0.7382282807625207,167710.75,1096.0,529.5,566.5,1634046394.604575,0.0002720355987548,16.743930816650387
4597,0,1,0,0,3,2,1096,2211110130,1130,64,1116,17,59861,29483,4,0,0,43,15,2211110130,17,59861,11123,1130,1130,1130,1130.0,1130.0,0.0,-3.0,0.0,1130.0,1130.0,0.0,10990,60,1116,1096.0,845.3846153846154,-1.112708772986351,-0.4750791705898911,160043.92899408285,1096.0,570.0,526.0,1634046394.604575,0.0,16.743930816650387
4598,0,1,0,0,3,2,703,2211110130,737,64,723,17,59861,29483,4,0,0,43,15,2211110130,17,59861,11123,1867,737,1130,933.5,933.5,0.0,-2.0,38612.25,1031.75,835.25,196.5,11693,60,1116,1096.0,835.2142857142857,-1.0639580848894363,-0.4440073903007544,149956.88265306124,1096.0,603.25,492.75,1634046394.604575,0.0,16.743930816650387
4599,0,1,0,0,2,3,52,3232270721,86,47,72,17,29483,59861,4,0,0,43,15,2211110130,17,59861,11123,1953,86,1130,737.0,651.0,-0.2916617440733665,-1.5,185354.0,933.5,411.5,522.0,11745,52,1116,1096.0,783.0,-0.8200294353908363,-1.0165668489300064,178128.4,1096.0,489.0,607.0,1634046394.62153,0.0169551372528076,16.760885953903195
4600,0,1,0,0,3,2,408,2211110130,442,64,428,17,59861,29483,4,0,0,43,15,2211110130,17,59861,11123,2395,86,1130,589.5,598.75,0.061595432683731,-1.2724131836447083,147205.6875,835.25,353.0,482.25,12153,52,1116,1096.0,759.5625,-0.6646845672867165,-1.2060497018959444,175235.12109375,1096.0,408.0,688.0,1634046394.626527,0.0049970149993896,16.765882968902584
4601,0,1,0,0,3,2,56,2211110130,90,64,76,17,59861,29483,4,0,0,43,15,2211110130,17,59861,11123,2485,86,1130,442.0,497.0,0.4108166711288754,-1.2645910740487758,159176.8,737.0,90.0,647.0,12209,52,1116,1096.0,718.1764705882352,-0.5029806002449688,-1.4521503512947358,192332.0276816609,1096.0,408.0,688.0,1634046394.636607,0.0100798606872558,16.77596282958984
4602,0,1,0,0,2,3,60,3232270721,94,47,80,17,29483,59861,4,0,0,43,15,2211110130,17,59861,11123,2579,86,1130,268.0,429.8333333333333,0.6935989854311325,-0.99858329291681,155204.1388888889,663.25,91.0,572.25,12269,52,1116,899.5,681.6111111111111,-0.3619317166559969,-1.6121611799586075,204376.3487654321,1096.0,147.0,949.0,1634046394.63755,0.0009431838989257,16.776906013488766
4603,0,1,0,0,3,2,1096,2211110130,1130,64,1116,17,59861,29483,4,0,0,43,15,2211110130,17,59861,11123,3709,86,1130,442.0,529.8571428571429,0.311845390031341,-1.5677591008798044,193060.693877551,933.5,92.0,841.5,13365,52,1116,1096.0,703.421052631579,-0.4529122410863526,-1.54479063965592,202181.82271468145,1096.0,234.0,862.0,1634046394.648147,0.0105969905853271,16.787503004074093
4604,0,1,0,0,3,2,1096,2211110130,1130,64,1116,17,59861,29483,4,0,0,43,15,2211110130,17,59861,11123,4839,86,1130,589.5,604.875,0.0300809934331522,-1.7326257287913034,208321.859375,1130.0,93.0,1037.0,14461,52,1116,1096.0,723.05,-0.5373069807201095,-1.4658639195830336,199393.3475,1096.0,321.0,775.0,1634046394.648147,0.0,16.787503004074093
4605,0,1,0,0,3,2,1096,2211110130,1130,64,1116,17,59861,29483,4,0,0,43,15,2211110130,17,59861,11123,5969,86,1130,737.0,663.2222222222222,-0.191502744192667,-1.7285734868832374,212410.17283950615,1130.0,94.0,1036.0,1096,1096,1096,1096.0,1096.0,0.0,-3.0,0.0,1096.0,1096.0,0.0,1634046394.648147,0.0,16.787503004074093
4606,0,1,0,0,3,2,1096,2211110130,1130,64,1116,17,59861,29483,4,0,0,43,15,2211110130,17,59861,11123,7099,86,1130,933.5,709.9,-0.3753244053995564,-1.6405682957133552,210778.49,1130.0,181.0,949.0,2192,1096,1096,1096.0,1096.0,0.0,-3.0,0.0,1096.0,1096.0,0.0,1634046394.648768,0.0006208419799804,16.788123846054074
4607,0,1,0,0,3,2,1096,2211110130,1130,64,1116,17,59861,29483,4,0,0,43,15,2211110130,17,59861,11123,8229,86,1130,1130.0,748.0909090909091,-0.5335479709372898,-1.5050944522011709,206202.26446280992,1130.0,268.0,862.0,3288,1096,1096,1096.0,1096.0,0.0,-3.0,0.0,1096.0,1096.0,0.0,1634046394.649295,0.0005271434783935,16.788650989532467
4608,0,1,0,0,3,2,598,2211110130,632,64,618,17,59861,29483,4,0,0,43,15,2211110130,17,59861,11123,8861,86,1130,933.5,738.4166666666666,-0.4877391630839963,-1.4326448270629093,190048.24305555556,1130.0,355.0,775.0,3886,598,1096,1096.0,971.5,-1.1547005383792517,-0.6666666666666665,46500.75,1096.0,971.5,124.5,1634046394.649295,0.0,16.788650989532467
4609,0,1,0,0,2,3,56,3232270721,90,47,76,17,29483,59861,4,0,0,43,15,2211110130,17,59861,11123,8951,86,1130,737.0,688.5384615384615,-0.2949198088628317,-1.6400386536287397,205283.1715976331,1130.0,94.0,1036.0,3942,56,1096,1096.0,788.4,-0.8813953874735136,-0.8469238261210519,171303.03999999998,1096.0,598.0,498.0,1634046394.656415,0.0071198940277099,16.795770883560177
4610,0,1,0,0,2,3,60,3232270721,94,47,80,17,29483,59861,4,0,0,43,15,2211110130,17,59861,11123,9045,86,1130,684.5,646.0714285714286,-0.1326064678619695,-1.74321003637046,214064.92346938772,1130.0,94.0,1036.0,4002,56,1096,847.0,667.0,-0.3562122214178861,-1.6596192942220296,216442.3333333333,1096.0,194.5,901.5,1634046394.656469,5.412101745605469e-05,16.795825004577633
4611,0,1,0,0,3,2,408,2211110130,442,64,428,17,59861,29483,4,0,0,43,15,2211110130,17,59861,11123,9487,86,1130,632.0,632.4666666666667,-0.0501040757823124,-1.696426306941818,202385.18222222224,1130.0,94.0,1036.0,4410,56,1096,598.0,630.0,-0.1368733508549669,-1.637357189852306,193736.0,1096.0,234.0,862.0,1634046394.659758,0.003288984298706,16.79911398887634
4612,0,1,0,0,2,3,60,3232270721,94,47,80,17,29483,59861,4,0,0,43,15,2211110130,17,59861,11123,9581,86,1130,537.0,598.8125,0.0731443207391354,-1.7169708375859905,206725.15234375,1130.0,94.0,1036.0,4470,56,1096,503.0,558.75,0.1166369895482604,-1.697620156772594,205054.9375,1096.0,60.0,1036.0,1634046394.671801,0.0120429992675781,16.811156988143917
4613,0,1,0,0,3,2,60,2211110130,94,64,80,17,59861,29483,4,0,0,43,15,2211110130,17,59861,11123,9675,86,1130,442.0,569.1176470588235,0.1837845346719875,-1.7047424966222144,208673.39792387543,1130.0,94.0,1036.0,4530,56,1096,408.0,503.3333333333333,0.3231563127494528,-1.633310389464615,206839.11111111115,1096.0,60.0,1036.0,1634046394.672517,0.0007159709930419,16.81187295913696
4614,0,1,0,0,3,2,1096,2211110130,1130,64,1116,17,59861,29483,4,0,0,43,15,2211110130,17,59861,11123,10805,86,1130,537.0,600.2777777777778,0.0643496053453542,-1.756463375923899,213586.64506172843,1130.0,94.0,1036.0,5626,56,1096,503.0,562.6,0.0910184811377857,-1.773450257543428,217768.04,1096.0,60.0,1036.0,1634046394.689836,0.0173189640045166,16.829191923141476
4615,0,1,0,0,3,2,1096,2211110130,1130,64,1116,17,59861,29483,4,0,0,43,15,2211110130,17,59861,11123,11935,86,1130,632.0,628.1578947368421,-0.0424874205234497,-1.7745092559877729,216336.6592797784,1130.0,94.0,1036.0,6722,56,1096,598.0,611.0909090909091,-0.0971731842795282,-1.795810128429557,221484.6280991735,1096.0,60.0,1036.0,1634046394.690716,0.0008800029754638,16.83007192611694
4616,0,1,0,0,2,3,60,3232270721,94,47,80,17,29483,59861,4,0,0,43,15,2211110130,17,59861,11123,12029,86,1130,537.0,601.45,0.0574435377775942,-1.786303647119742,219072.7475,1130.0,94.0,1036.0,6782,56,1096,503.0,565.1666666666666,0.0746526123053249,-1.8189604136831767,226226.97222222225,1096.0,60.0,1036.0,1634046394.693753,0.0030369758605957,16.833108901977536
4617,0,1,0,0,3,2,1096,2211110130,1130,64,1116,17,59861,29483,4,0,0,43,15,2211110130,17,59861,11123,1130,1130,1130,1130.0,1130.0,0.0,-3.0,0.0,1130.0,1130.0,0.0,7878,56,1096,598.0,606.0,-0.083854217991591,-1.833000296370669,228833.2307692308,1096.0,60.0,1036.0,1634046394.694888,0.0011351108551025,16.834244012832638
4618,0,1,0,0,3,2,672,2211110130,706,64,692,17,59861,29483,4,0,0,43,15,2211110130,17,59861,11123,1836,706,1130,918.0,918.0,0.0,-2.0,44944.0,1024.0,812.0,212.0,8550,56,1096,635.0,610.7142857142857,-0.1172944904798641,-1.742443513259606,212776.91836734692,1096.0,60.0,1036.0,1634046394.694888,0.0,16.834244012832638
4619,0,1,0,0,2,3,60,3232270721,94,47,80,17,29483,59861,4,0,0,43,15,2211110130,17,59861,11123,1930,94,1130,706.0,643.3333333333334,-0.2178411829590652,-1.5,180846.22222222225,918.0,400.0,518.0,8610,56,1096,598.0,574.0,0.0209218485815515,-1.7772888585366782,217462.9333333333,1096.0,60.0,1036.0,1634046394.706966,0.0120778083801269,16.846321821212765
4620,0,1,0,0,3,2,408,2211110130,442,64,428,17,59861,29483,4,0,0,43,15,2211110130,17,59861,11123,2372,94,1130,574.0,593.0,0.1319081995953599,-1.222859892814629,143235.0,812.0,355.0,457.0,9018,56,1096,503.0,563.625,0.0869588317814479,-1.7102484609527349,205486.109375,1096.0,60.0,1036.0,1634046394.714438,0.0074720382690429,16.853793859481808
4621,0,1,0,0,2,3,52,3232270721,86,48,72,17,10001,59861,4,0,0,43,15,2211110130,17,59861,11123,2458,86,1130,442.0,491.6,0.4567708316524602,-1.183106991570312,155715.84,706.0,94.0,612.0,9070,52,1096,408.0,533.5294117647059,0.1956241346181529,-1.6952854979670149,207890.60207612457,1096.0,60.0,1036.0,1634046394.720758,0.0063199996948242,16.860113859176632
4622,0,1,0,0,2,3,60,3232270721,94,47,80,17,29483,59861,4,0,0,43,15,2211110130,17,59861,11123,2552,86,1130,268.0,425.3333333333333,0.7338204225416752,-0.8992895547772957,151719.55555555556,640.0,94.0,546.0,9130,52,1096,408.0,507.22222222222223,0.2955279353277165,-1.6576195067050727,208106.2839506173,1096.0,60.0,1036.0,1634046394.725314,0.0045559406280517,16.864669799804684
4623,0,1,0,0,3,2,1096,2211110130,1130,64,1116,17,59861,29483,4,0,0,43,15,2211110130,17,59861,11123,3682,86,1130,442.0,526.0,0.3418495126987116,-1.531464067050574,190848.0,918.0,94.0,824.0,10226,52,1096,408.0,538.2105263157895,0.1747897941707084,-1.7383956559936673,214438.27146814403,1096.0,60.0,1036.0,1634046394.727385,0.0020711421966552,16.86674094200134
4624,0,1,0,0,3,2,1096,2211110130,1130,64,1116,17,59861,29483,4,0,0,43,15,2211110130,17,59861,11123,4812,86,1130,574.0,601.5,0.0551558456901329,-1.7206502219301327,206893.75,1130.0,94.0,1036.0,11322,52,1096,503.0,566.1,0.0672007927571068,-1.7815943988775451,218494.99,1096.0,60.0,1036.0,1634046394.727385,0.0,16.86674094200134
4625,0,1,0,0,3,2,1096,2211110130,1130,64,1116,17,59861,29483,4,0,0,43,15,2211110130,17,59861,11123,5942,86,1130,706.0,660.2222222222222,-0.1690769861579575,-1.7296499670393983,211491.95061728396,1130.0,94.0,1036.0,1096,1096,1096,1096.0,1096.0,0.0,-3.0,0.0,1096.0,1096.0,0.0,1634046394.727992,0.0006070137023925,16.867347955703732
4626,0,1,0,0,3,2,1096,2211110130,1130,64,1116,17,59861,29483,4,0,0,43,15,2211110130,17,59861,11123,7072,86,1130,918.0,707.2,-0.3544610511148106,-1.6502416049673188,210204.96,1130.0,181.0,949.0,2192,1096,1096,1096.0,1096.0,0.0,-3.0,0.0,1096.0,1096.0,0.0,1634046394.727992,0.0,16.867347955703732
4627,0,1,0,0,3,2,1096,2211110130,1130,64,1116,17,59861,29483,4,0,0,43,15,2211110130,17,59861,11123,8202,86,1130,1130.0,745.6363636363636,-0.5136588650378946,-1.5212265192340224,205868.95867768597,1130.0,268.0,862.0,3288,1096,1096,1096.0,1096.0,0.0,-3.0,0.0,1096.0,1096.0,0.0,1634046394.727992,0.0,16.867347955703732
4628,0,1,0,0,3,2,291,2211110130,325,64,311,17,59861,29483,4,0,0,43,15,2211110130,17,59861,11123,8527,86,1130,918.0,710.5833333333334,-0.3175045951237267,-1.6669184747926176,202229.07638888888,1130.0,267.25,862.75,3579,291,1096,1096.0,894.75,-1.1547005383792517,-0.6666666666666665,121504.6875,1096.0,894.75,201.25,1634046394.727992,0.0,16.867347955703732
4629,0,1,0,0,3,2,408,2211110130,442,64,428,17,59861,29483,4,0,0,43,15,2211110130,17,59861,11123,8969,86,1130,706.0,689.9230769230769,-0.1934313942878159,-1.6709128618688107,191795.1479289941,1130.0,325.0,805.0,3987,291,1096,1096.0,797.4,-0.439096555686765,-1.7663367535586174,135111.84,1096.0,408.0,688.0,1634046394.739432,0.0114400386810302,16.878787994384762
4630,0,1,0,0,3,2,1096,2211110130,1130,64,1116,17,59861,29483,4,0,0,43,15,2211110130,17,59861,11123,10099,86,1130,918.0,721.3571428571429,-0.3240402530170436,-1.6191299305682043,190940.8010204081,1130.0,354.25,775.75,5083,291,1096,1096.0,847.1666666666666,-0.7359959080502881,-1.4184756176928548,124976.80555555556,1096.0,580.0,516.0,1634046394.756211,0.0167789459228515,16.895566940307614
4631,0,1,0,0,2,3,60,3232270721,94,47,80,17,29483,59861,4,0,0,43,15,2211110130,17,59861,11123,10193,86,1130,706.0,679.5333333333333,-0.1773874097145018,-1.7228216073252594,202700.6488888889,1130.0,209.5,920.5,5143,60,1096,1096.0,734.7142857142857,-0.439361849967912,-1.611217623199806,182996.20408163263,1096.0,349.5,746.5,1634046394.756584,0.0003728866577148,16.89593982696533
4632,0,1,0,0,3,2,1096,2211110130,1130,64,1116,17,59861,29483,4,0,0,43,15,2211110130,17,59861,11123,11323,86,1130,918.0,707.6875,-0.292508716848245,-1.6805309896148637,201921.71484375,1130.0,267.25,862.75,6239,60,1096,1096.0,779.875,-0.6579693624383784,-1.3777095075628758,174398.109375,1096.0,378.75,717.25,1634046394.757941,0.001357078552246,16.897296905517575
4633,0,1,0,0,3,2,1096,2211110130,1130,64,1116,17,59861,29483,4,0,0,43,15,2211110130,17,59861,11123,12453,86,1130,1130.0,732.5294117647059,-0.3967370958055321,-1.6166730311899669,199917.8961937716,1130.0,325.0,805.0,7335,60,1096,1096.0,815.0,-0.8438911752367025,-1.0990258604787937,164890.66666666666,1096.0,408.0,688.0,1634046394.757941,0.0,16.897296905517575
4634,0,1,0,0,3,2,1116,2211110130,1150,64,1136,17,59861,29483,4,0,0,43,15,2211110130,17,59861,11123,13603,86,1150,1130.0,755.7222222222222,-0.4909122479427679,-1.5383850519984894,197955.7561728395,1130.0,354.25,775.75,8451,60,1116,1096.0,845.1,-1.0055911781862357,-0.7973716621549798,156555.69,1096.0,580.0,516.0,1634046394.761787,0.0038459300994873,16.901142835617062
4635,0,1,0,0,3,2,587,2211110130,621,64,607,17,59861,29483,4,0,0,43,15,2211110130,17,59861,11123,14224,86,1150,1130.0,748.6315789473684,-0.4533018675565466,-1.5026971987497244,188442.0221606648,1130.0,383.5,746.5,9038,60,1116,1096.0,821.6363636363636,-0.8405022601868511,-0.9632834383807398,147828.77685950414,1096.0,497.5,598.5,1634046394.761787,0.0,16.901142835617062
4636,0,1,0,0,2,3,60,3232270721,94,47,80,17,29483,59861,4,0,0,43,15,2211110130,17,59861,11123,14318,86,1150,918.0,715.9,-0.3329579620348137,-1.6281949101916355,199375.69,1130.0,267.25,862.75,9098,60,1116,1096.0,758.1666666666666,-0.60474014507973,-1.36801023028601,179822.1388888889,1096.0,378.75,717.25,1634046394.775654,0.0138671398162841,16.915009975433346
4637,0,1,0,0,3,2,60,2211110130,94,64,80,17,59861,29483,4,0,0,43,15,2211110130,17,59861,11123,94,94,94,94.0,94.0,0.0,-3.0,0.0,94.0,94.0,0.0,9158,60,1116,1096.0,704.4615384615385,-0.4036908005950563,-1.6153826863729506,200600.55621301776,1096.0,291.0,805.0,1634046394.790298,0.014643907546997,16.929653882980343
4638,0,1,0,0,3,2,408,2211110130,442,64,428,17,59861,29483,4,0,0,43,15,2211110130,17,59861,11123,536,94,442,268.0,268.0,0.0,-2.0,30276.0,355.0,181.0,174.0,9566,60,1116,841.5,683.2857142857143,-0.2770552788749301,-1.6506007688524107,192101.34693877556,1096.0,320.25,775.75,1634046394.790855,0.0005569458007812,16.930210828781124
4639,0,1,0,0,3,2,1096,2211110130,1130,64,1116,17,59861,29483,4,0,0,43,15,2211110130,17,59861,11123,1666,94,1130,442.0,555.3333333333334,0.3766675336035382,-1.5000000000000004,185304.8888888889,786.0,268.0,518.0,10662,60,1116,1096.0,710.8,-0.3961438094423377,-1.581344462324792,189893.0933333333,1096.0,349.5,746.5,1634046394.791715,0.0008599758148193,16.931070804595944
4640,0,1,0,0,3,2,1096,2211110130,1130,64,1116,17,59861,29483,4,0,0,43,15,2211110130,17,59861,11123,2796,94,1130,786.0,699.0,-0.2173703793443629,-1.715628269693377,200899.0,1130.0,355.0,775.0,11758,60,1116,1096.0,734.875,-0.5039384880595252,-1.4912647569167985,186718.859375,1096.0,378.75,717.25,1634046394.791715,0.0,16.931070804595944
4641,0,1,0,0,3,2,1096,2211110130,1130,64,1116,17,59861,29483,4,0,0,43,15,2211110130,17,59861,11123,3926,94,1130,1130.0,785.2,-0.5960310217014525,-1.4309581812273606,190440.96,1130.0,442.0,688.0,12854,60,1116,1096.0,756.1176470588235,-0.6027170230818802,-1.3861791364182323,182955.3979238754,1096.0,408.0,688.0,1634046394.792355,0.0006401538848876,16.93171095848083
4642,0,1,0,0,3,2,1096,2211110130,1130,64,1116,17,59861,29483,4,0,0,43,15,2211110130,17,59861,11123,5056,94,1130,1130.0,842.6666666666666,-0.8841304010018901,-1.0064953845451037,175212.8888888889,1130.0,614.0,516.0,13950,60,1116,1096.0,775.0,-0.694128999721774,-1.2699242359436382,178852.44444444444,1096.0,408.0,688.0,1634046394.792355,0.0,16.93171095848083
4643,0,1,0,0,3,2,1096,2211110130,1130,64,1116,17,59861,29483,4,0,0,43,15,2211110130,17,59861,11123,6186,94,1130,1130.0,883.7142857142857,-1.1219136136324064,-0.5235409323099716,160291.91836734695,1130.0,786.0,344.0,15046,60,1116,1096.0,791.8947368421053,-0.7794058409234363,-1.1451322616468724,174576.93628808868,1096.0,408.0,688.0,1634046394.792889,0.0005340576171875,16.93224501609802
4644,0,1,0,0,3,2,289,2211110130,323,64,309,17,59861,29483,4,0,0,43,15,2211110130,17,59861,11123,6509,94,1130,1130.0,813.625,-0.6572573907754651,-1.3799762057879026,174642.984375,1130.0,412.25,717.75,15335,60,1116,1096.0,766.75,-0.6257226376628595,-1.371823862020948,177860.9875,1096.0,378.75,717.25,1634046394.792889,0.0,16.93224501609802
4645,0,1,0,0,2,3,60,3232270721,94,47,80,17,29483,59861,4,0,0,43,15,2211110130,17,59861,11123,6603,94,1130,1130.0,733.6666666666666,-0.3629349248196198,-1.711641951839015,206384.88888888888,1130.0,323.0,807.0,60,60,60,60.0,60.0,0.0,-3.0,0.0,60.0,60.0,0.0,1634046394.794284,0.0013949871063232,16.933640003204342
4646,0,1,0,0,3,2,52,2211110130,86,64,72,17,59861,29483,4,0,0,43,15,2211110130,17,59861,11123,6689,86,1130,786.0,668.9,-0.1334096718489857,-1.8450719217165328,223498.89,1130.0,151.25,978.75,112,52,60,56.0,56.0,0.0,-2.0,16.0,58.0,54.0,4.0,1634046394.805963,0.01167893409729,16.945318937301632
4647,0,1,0,0,2,3,60,3232270721,94,47,80,17,29483,59861,4,0,0,43,15,2211110130,17,59861,11123,6783,86,1130,442.0,616.6363636363636,0.0559732743921326,-1.87279283204641,230495.68595041323,1130.0,94.0,1036.0,172,52,60,60.0,57.333333333333336,-0.7071067811865496,-1.4999999999999982,14.222222222222223,60.0,56.0,4.0,1634046394.813099,0.0071358680725097,16.952454805374142
4648,0,1,0,0,3,2,1096,2211110130,1130,64,1116,17,59861,29483,4,0,0,43,15,2211110130,17,59861,11123,7913,86,1130,786.0,659.4166666666666,-0.1152155231196419,-1.873414251382009,231419.40972222225,1130.0,94.0,1036.0,1268,52,1096,60.0,317.0,1.154517569640643,-0.6668065497241153,202291.0,319.0,58.0,261.0,1634046394.814989,0.0018901824951171,16.95434498786926
4649,0,1,0,0,3,2,1096,2211110130,1130,64,1116,17,59861,29483,4,0,0,43,15,2211110130,17,59861,11123,9043,86,1130,1130.0,695.6153846153846,-0.2620099201572168,-1.8245261290329915,229342.08284023663,1130.0,94.0,1036.0,2364,52,1096,60.0,472.8,0.4081472110616828,-1.8332778421721705,258927.36,1096.0,60.0,1036.0,1634046394.814989,0.0,16.95434498786926
4650,0,1,0,0,3,2,1096,2211110130,1130,64,1116,17,59861,29483,4,0,0,43,15,2211110130,17,59861,11123,10173,86,1130,1130.0,726.6428571428571,-0.3912043449695397,-1.7440972559930237,225475.65816326527,1130.0,151.25,978.75,3460,52,1096,578.0,576.6666666666666,-7.923039983910368e-05,-1.999893998464072,269714.2222222222,1096.0,60.0,1036.0,1634046394.815764,0.00077486038208,16.95511984825134
4651,0,1,0,0,3,2,1096,2211110130,1130,64,1116,17,59861,29483,4,0,0,43,15,2211110130,17,59861,11123,11303,86,1130,1130.0,753.5333333333333,-0.5071034612885669,-1.642341152961342,220567.31555555557,1130.0,208.5,921.5,4556,52,1096,1096.0,650.8571428571429,-0.288745179912877,-1.916531542084596,264208.9795918367,1096.0,60.0,1036.0,1634046394.816848,0.0010840892791748,16.956203937530514
4652,0,1,0,0,3,2,408,2211110130,442,64,428,17,59861,29483,4,0,0,43,15,2211110130,17,59861,11123,11745,86,1130,1130.0,734.0625,-0.395345038272042,-1.692781131407857,212468.55859375,1130.0,265.75,864.25,4964,52,1096,752.0,620.5,-0.1245904869168389,-1.8746840287084563,237633.75,1096.0,60.0,1036.0,1634046394.825984,0.0091359615325927,16.965339899063107
4653,0,1,0,0,2,3,60,3232270721,94,47,80,17,29483,59861,4,0,0,43,15,2211110130,17,59861,11123,11839,86,1130,1130.0,696.4117647058823,-0.2537903661164081,-1.7997313133963868,222651.6539792388,1130.0,94.0,1036.0,5024,52,1096,408.0,558.2222222222222,0.1099406594599875,-1.891361035411931,242258.17283950615,1096.0,60.0,1036.0,1634046394.829449,0.003464937210083,16.96880483627319
4654,0,1,0,0,2,3,52,3232270721,86,47,72,17,29483,59861,4,0,0,43,15,2211110130,17,59861,11123,11925,86,1130,786.0,662.5,-0.1306599899325922,-1.8571412854823075,229832.25,1130.0,94.0,1036.0,5076,52,1096,234.0,507.6,0.3004680860568299,-1.8195828158843603,241095.84,1096.0,60.0,1036.0,1634046394.829504,5.507469177246094e-05,16.968859910964962
4655,0,1,0,0,3,2,56,2211110130,90,64,76,17,59861,29483,4,0,0,43,15,2211110130,17,59861,11123,12015,86,1130,442.0,632.3684210526316,-0.0205550148899103,-1.8814346665762447,234078.23268698057,1130.0,94.0,1036.0,5132,52,1096,60.0,466.54545454545456,0.4630881099345993,-1.6988577655550536,236032.79338842977,1096.0,58.0,1038.0,1634046394.836627,0.0071229934692382,16.9759829044342
4656,0,1,0,0,3,2,1096,2211110130,1130,64,1116,17,59861,29483,4,0,0,43,15,2211110130,17,59861,11123,13145,86,1130,786.0,657.25,-0.1195335176586613,-1.8732505834163375,234137.0875,1130.0,94.0,1036.0,6228,52,1096,234.0,519.0,0.2490709142944508,-1.864798875085851,246629.66666666663,1096.0,59.0,1037.0,1634046394.836627,0.0,16.9759829044342
4657,0,1,0,0,3,2,1096,2211110130,1130,64,1116,17,59861,29483,4,0,0,43,15,2211110130,17,59861,11123,1130,1130,1130,1130.0,1130.0,0.0,-3.0,0.0,1130.0,1130.0,0.0,7324,52,1096,408.0,563.3846153846154,0.0745223311993868,-1.929168654472064,251298.0828402367,1096.0,60.0,1036.0,1634046394.836627,0.0,16.9759829044342
4658,0,1,0,0,3,2,1096,2211110130,1130,64,1116,17,59861,29483,4,0,0,43,15,2211110130,17,59861,11123,2260,1130,1130,1130.0,1130.0,0.0,-3.0,0.0,1130.0,1130.0,0.0,8420,52,1096,752.0,601.4285714285714,-0.073644487340907,-1.9342264166978156,252163.67346938775,1096.0,60.0,1036.0,1634046394.837512,0.000885009765625,16.976867914199826
4659,0,1,0,0,3,2,421,2211110130,455,64,441,17,59861,29483,4,0,0,43,15,2211110130,17,59861,11123,2715,455,1130,1130.0,905.0,-0.7071067811865475,-1.5,101250.0,1130.0,792.5,337.5,8841,52,1096,421.0,589.4,-0.0045611186537128,-1.880358901614812,237378.37333333332,1096.0,60.0,1036.0,1634046394.837512,0.0,16.976867914199826
4660,0,1,0,0,2,3,60,3232270721,94,47,80,17,29483,59861,4,0,0,43,15,2211110130,17,59861,11123,2809,94,1130,792.5,702.25,-0.2350200356367024,-1.693038537653349,199260.1875,1130.0,364.75,765.25,8901,52,1096,414.5,556.3125,0.1197499764625587,-1.8733367865298585,238963.96484375,1096.0,60.0,1036.0,1634046394.846873,0.0093610286712646,16.98622894287109
4661,0,1,0,0,3,2,408,2211110130,442,64,428,17,59861,29483,4,0,0,43,15,2211110130,17,59861,11123,3251,94,1130,455.0,650.2,0.0921920759991709,-1.58522235655186,170244.96000000002,1130.0,442.0,688.0,9309,52,1096,408.0,547.5882352941177,0.1757007957592439,-1.8043484931158096,226125.0657439446,1096.0,60.0,1036.0,1634046394.859558,0.0126850605010986,16.99891400337219
4662,0,1,0,0,2,3,56,3232270721,90,47,76,17,29483,59861,4,0,0,43,15,2211110130,17,59861,11123,3341,90,1130,448.5,556.8333333333334,0.3613074638166071,-1.5001702654215348,185457.47222222225,961.25,181.0,780.25,9365,52,1096,408.0,520.2777777777778,0.2769219435106976,-1.7647485514745678,226242.20061728396,1096.0,60.0,1036.0,1634046394.865586,0.0060279369354248,17.004941940307614
4663,0,1,0,0,3,2,1096,2211110130,1130,64,1116,17,59861,29483,4,0,0,43,15,2211110130,17,59861,11123,4471,90,1130,455.0,638.7142857142857,0.0242403431857231,-1.7178724687464937,199190.4897959184,1130.0,268.0,862.0,10461,52,1096,408.0,550.578947368421,0.1556124133318369,-1.83076636324056,230861.6121883656,1096.0,60.0,1036.0,1634046394.881375,0.0157890319824218,17.020730972290036
4664,0,1,0,0,3,2,1096,2211110130,1130,64,1116,17,59861,29483,4,0,0,43,15,2211110130,17,59861,11123,5601,90,1130,792.5,700.125,-0.2279867401337769,-1.7021400681842809,200690.609375,1130.0,355.0,775.0,11557,52,1096,414.5,577.85,0.0477983481339245,-1.8624379498564532,233449.0275,1096.0,60.0,1036.0,1634046394.881375,0.0,17.020730972290036
4665,0,1,0,0,3,2,1096,2211110130,1130,64,1116,17,59861,29483,4,0,0,43,15,2211110130,17,59861,11123,6731,90,1130,1130.0,747.8888888888889,-0.4321073011338076,-1.5838133046768283,196642.7654320988,1130.0,442.0,688.0,1096,1096,1096,1096.0,1096.0,0.0,-3.0,0.0,1096.0,1096.0,0.0,1634046394.881375,0.0,17.020730972290036
4666,0,1,0,0,3,2,1096,2211110130,1130,64,1116,17,59861,29483,4,0,0,43,15,2211110130,17,59861,11123,7861,90,1130,1130.0,786.1,-0.6053584802810813,-1.4114200836986646,190119.29,1130.0,445.25,684.75,2192,1096,1096,1096.0,1096.0,0.0,-3.0,0.0,1096.0,1096.0,0.0,1634046394.882019,0.0006439685821533,17.02137494087219
4667,0,1,0,0,3,2,287,2211110130,321,64,307,17,59861,29483,4,0,0,43,15,2211110130,17,59861,11123,8182,90,1130,1130.0,743.8181818181819,-0.3662090578500337,-1.646016349191446,190713.23966942148,1130.0,381.5,748.5,2479,287,1096,1096.0,826.3333333333334,-0.7071067811865479,-1.4999999999999996,145440.22222222222,1096.0,691.5,404.5,1634046394.882019,0.0,17.02137494087219
4668,0,1,0,0,3,2,408,2211110130,442,64,428,17,59861,29483,4,0,0,43,15,2211110130,17,59861,11123,8624,90,1130,792.5,718.6666666666666,-0.2131228638222551,-1.684103666705931,181779.0555555556,1130.0,411.75,718.25,2887,287,1096,752.0,721.75,-0.0384433743002041,-1.9489074437831688,141893.1875,1096.0,377.75,718.25,1634046394.895147,0.0131280422210693,17.034502983093258
4669,0,1,0,0,2,3,60,3232270721,94,47,80,17,29483,59861,4,0,0,43,15,2211110130,17,59861,11123,8718,90,1130,455.0,670.6153846153846,-0.0659799078987481,-1.743122165622221,195503.1597633136,1130.0,321.0,809.0,2947,60,1096,408.0,589.4,0.1984220994204029,-1.6960652576924489,183580.64,1096.0,287.0,809.0,1634046394.895549,0.0004019737243652,17.034904956817623
4670,0,1,0,0,3,2,1116,2211110130,1150,64,1136,17,59861,29483,4,0,0,43,15,2211110130,17,59861,11123,9868,90,1150,792.5,704.8571428571429,-0.2025563385660348,-1.7238345647897972,196781.1224489796,1130.0,351.25,778.75,4063,60,1116,752.0,677.1666666666666,-0.1641171741345891,-1.7631993839659723,191498.80555555556,1096.0,317.25,778.75,1634046394.897639,0.0020899772644042,17.036994934082028
4671,0,1,0,0,3,2,60,2211110130,94,64,80,17,59861,29483,4,0,0,43,15,2211110130,17,59861,11123,9962,90,1150,455.0,664.1333333333333,-0.0675504401968656,-1.777834346035399,206880.38222222225,1130.0,207.5,922.5,4123,60,1116,408.0,589.0,0.114356633959563,-1.7932760702781203,210782.0,1096.0,173.5,922.5,1634046394.900196,0.0025570392608642,17.039551973342892
4672,0,1,0,0,3,2,1096,2211110130,1130,64,1116,17,59861,29483,4,0,0,43,15,2211110130,17,59861,11123,11092,90,1150,792.5,693.25,-0.1885733665382632,-1.7592457187798838,206667.0625,1130.0,264.25,865.75,5219,60,1116,752.0,652.375,-0.1499284260640621,-1.8100752763435044,212548.984375,1096.0,230.25,865.75,1634046394.913299,0.0131030082702636,17.052654981613156
4673,0,1,0,0,3,2,1096,2211110130,1130,64,1116,17,59861,29483,4,0,0,43,15,2211110130,17,59861,11123,12222,90,1150,1130.0,718.9411764705883,-0.2971664607415245,-1.7149711412551043,205070.76124567472,1130.0,321.0,809.0,6315,60,1116,1096.0,701.6666666666666,-0.3605188310461885,-1.71469569440599,208369.77777777772,1096.0,287.0,809.0,1634046394.913299,0.0,17.052654981613156
4674,0,1,0,0,3,2,1096,2211110130,1130,64,1116,17,59861,29483,4,0,0,43,15,2211110130,17,59861,11123,13352,90,1150,1130.0,741.7777777777778,-0.3959531886625913,-1.6523123067184746,202543.61728395065,1130.0,351.25,778.75,7411,60,1116,1096.0,741.1,-0.5375525761390256,-1.561287984417673,201527.69,1096.0,317.25,778.75,1634046394.913299,0.0,17.052654981613156
4675,0,1,0,0,3,2,1096,2211110130,1130,64,1116,17,59861,29483,4,0,0,43,15,2211110130,17,59861,11123,14482,90,1150,1130.0,762.2105263157895,-0.4868069120503098,-1.576044003635095,199398.37673130195,1130.0,381.5,748.5,8507,60,1116,1096.0,773.3636363636364,-0.6916048576195478,-1.3739830625228064,193616.4132231405,1096.0,347.5,748.5,1634046394.913773,0.0004739761352539,17.05312895774841
4676,0,1,0,0,3,2,1096,2211110130,1130,64,1116,17,59861,29483,4,0,0,43,15,2211110130,17,59861,11123,15612,90,1150,1130.0,780.6,-0.5711098601533139,-1.4894198085374482,195853.74,1130.0,411.75,718.25,9603,60,1116,1096.0,800.25,-0.828899489137579,-1.1651616063301906,185433.35416666663,1096.0,377.75,718.25,1634046394.913773,0.0,17.05312895774841
4677,0,1,0,0,3,2,749,2211110130,783,64,769,17,59861,29483,4,0,0,43,15,2211110130,17,59861,11123,783,783,783,783.0,783.0,0.0,-3.0,0.0,783.0,783.0,0.0,10352,60,1116,1096.0,796.3076923076923,-0.8329121353828968,-1.0488383378603252,171355.75147928993,1096.0,408.0,688.0,1634046394.913773,0.0,17.05312895774841
4678,0,1,0,0,2,3,60,3232270721,94,47,80,17,29483,59861,4,0,0,43,15,2211110130,17,59861,11123,877,94,783,438.5,438.5,0.0,-2.0,118680.25,610.75,266.25,344.5,10412,60,1116,1096.0,743.7142857142857,-0.6087546568140075,-1.425543411576432,195074.9183673469,1096.0,317.25,778.75,1634046394.916419,0.0026459693908691,17.05577492713928
4679,0,1,0,0,3,2,1047,2211110130,1081,64,1067,17,59861,29483,4,0,0,43,15,2211110130,17,59861,11123,1958,94,1081,783.0,652.6666666666666,-0.4416202911157235,-1.5,170854.88888888888,932.0,438.5,493.5,11459,60,1116,1096.0,763.9333333333333,-0.7187561811195519,-1.2772701006061844,187793.26222222223,1096.0,347.5,748.5,1634046394.932835,0.0164160728454589,17.072190999984738
4680,0,1,0,0,3,2,408,2211110130,442,64,428,17,59861,29483,4,0,0,43,15,2211110130,17,59861,11123,2400,94,1081,612.5,600.0,-0.0797722586630346,-1.3779002013116382,136462.5,857.5,355.0,502.5,11867,60,1116,1071.5,741.6875,-0.5776539130155911,-1.4144953955564137,183479.33984375,1096.0,377.75,718.25,1634046394.932835,0.0,17.072190999984738
4681,0,1,0,0,2,3,60,3232270721,94,47,80,17,29483,59861,4,0,0,43,15,2211110130,17,59861,11123,2494,94,1081,442.0,498.8,0.3006469601179459,-1.4461200071882934,150135.76,783.0,94.0,689.0,11927,60,1116,1047.0,701.5882352941177,-0.423503481063981,-1.6024698202936871,198413.6539792388,1096.0,287.0,809.0,1634046394.951619,0.0187838077545166,17.090974807739254
4682,0,1,0,0,3,2,1096,2211110130,1130,64,1116,17,59861,29483,4,0,0,43,15,2211110130,17,59861,11123,3624,94,1130,612.5,604.0,-0.021210903888603,-1.641864241608982,180448.3333333333,1006.5,181.0,825.5,13023,60,1116,1071.5,723.5,-0.5181401844614217,-1.5180947581913518,195552.8055555556,1096.0,317.25,778.75,1634046394.968742,0.0171229839324951,17.10809779167175
4683,0,1,0,0,3,2,1096,2211110130,1130,64,1116,17,59861,29483,4,0,0,43,15,2211110130,17,59861,11123,4754,94,1130,783.0,679.1428571428571,-0.2874236015798954,-1.607773149360481,188548.69387755104,1105.5,268.0,837.5,14119,60,1116,1096.0,743.1052631578947,-0.605816951437845,-1.422560651653627,192179.14681440443,1096.0,347.5,748.5,1634046394.968742,0.0,17.10809779167175
4684,0,1,0,0,3,2,1096,2211110130,1130,64,1116,17,59861,29483,4,0,0,43,15,2211110130,17,59861,11123,5884,94,1130,932.0,735.5,-0.5057306739322085,-1.4555839728966895,187213.0,1130.0,355.0,775.0,15215,60,1116,1096.0,760.75,-0.6876664073977531,-1.3184189497860437,188485.5875,1096.0,377.75,718.25,1634046394.969347,0.0006051063537597,17.10870289802551
4685,0,1,0,0,3,2,1017,2211110130,1051,64,1037,17,59861,29483,4,0,0,43,15,2211110130,17,59861,11123,6935,94,1130,1051.0,770.5555555555555,-0.6960866447059316,-1.2249047776009363,176242.6913580247,1130.0,442.0,688.0,1017,1017,1017,1017.0,1017.0,0.0,-3.0,0.0,1017.0,1017.0,0.0,1634046394.969347,0.0,17.10870289802551
4686,0,1,0,0,2,3,60,3232270721,94,47,80,17,29483,59861,4,0,0,43,15,2211110130,17,59861,11123,7029,94,1130,917.0,702.9,-0.4081487877748214,-1.617409938209612,199813.89,1117.75,181.0,936.75,1077,60,1017,538.5,538.5,0.0,-2.0,228962.25,777.75,299.25,478.5,1634046394.987546,0.0181989669799804,17.12690186500549
4687,0,1,0,0,2,3,60,3232270721,94,47,80,17,29483,59861,4,0,0,43,15,2211110130,17,59861,11123,7123,94,1130,783.0,647.5454545454545,-0.1864871774923976,-1.7856361054014156,212290.24793388436,1105.5,94.0,1011.5,1137,60,1017,60.0,379.0,0.7071067811865475,-1.5,203522.0,538.5,60.0,478.5,1634046394.988758,0.0012121200561523,17.128113985061642
4688,0,1,0,0,3,2,408,2211110130,442,64,428,17,59861,29483,4,0,0,43,15,2211110130,17,59861,11123,7565,94,1130,612.5,630.4166666666666,-0.0826672064784585,-1.735945421050561,197826.7430555556,1093.25,94.0,999.25,1545,60,1017,234.0,386.25,0.7596871946653989,-1.062542533715458,152799.1875,560.25,60.0,500.25,1634046394.995148,0.0063898563385009,17.134503841400143
4689,0,1,0,0,3,2,1096,2211110130,1130,64,1116,17,59861,29483,4,0,0,43,15,2211110130,17,59861,11123,8695,94,1130,783.0,668.8461538461538,-0.2261253980318288,-1.7094013607084997,200331.2071005917,1130.0,94.0,1036.0,2641,60,1096,408.0,528.2,0.2032489084303497,-1.7490559341795124,202838.56,1017.0,60.0,957.0,1634046394.995148,0.0,17.134503841400143
4690,0,1,0,0,3,2,1096,2211110130,1130,64,1116,17,59861,29483,4,0,0,43,15,2211110130,17,59861,11123,9825,94,1130,917.0,701.7857142857143,-0.3533453963288382,-1.6469724775029593,200127.02551020408,1130.0,181.0,949.0,3737,60,1096,712.5,622.8333333333334,-0.1574434611635712,-1.8070138808462777,213809.47222222225,1076.25,147.0,929.25,1634046394.995652,0.0005040168762207,17.135007858276364
4691,0,1,0,0,3,2,1096,2211110130,1130,64,1116,17,59861,29483,4,0,0,43,15,2211110130,17,59861,11123,10955,94,1130,1051.0,730.3333333333334,-0.4679334982961316,-1.5600305663904834,198194.7555555556,1130.0,268.0,862.0,4833,60,1096,1017.0,690.4285714285714,-0.4264652052674483,-1.664885805790978,210679.95918367343,1096.0,234.0,862.0,1634046394.995652,0.0,17.135007858276364
4692,0,1,0,0,3,2,1096,2211110130,1130,64,1116,17,59861,29483,4,0,0,43,15,2211110130,17,59861,11123,12085,94,1130,1066.0,755.3125,-0.5724670237014463,-1.4556691962651886,195166.96484375,1130.0,355.0,775.0,5929,60,1096,1056.5,741.125,-0.6443984958614098,-1.4366944509080286,202335.859375,1096.0,321.0,775.0,1634046394.995652,0.0,17.135007858276364
4693,0,1,0,0,3,2,1096,2211110130,1130,64,1116,17,59861,29483,4,0,0,43,15,2211110130,17,59861,11123,13215,94,1130,1081.0,777.3529411764706,-0.668825751731167,-1.3385122016907351,191459.0519031142,1130.0,442.0,688.0,7025,60,1096,1096.0,780.5555555555555,-0.8298508424305753,-1.1638855450872625,192292.24691358025,1096.0,408.0,688.0,1634046394.996276,0.0006239414215087,17.135631799697872
4694,0,1,0,0,3,2,489,2211110130,523,64,509,17,59861,29483,4,0,0,43,15,2211110130,17,59861,11123,13738,94,1130,1066.0,763.2222222222222,-0.5820391615465319,-1.3813163246230231,184216.95061728396,1130.0,442.0,688.0,7514,60,1096,1056.5,751.4,-0.6459690424802333,-1.3122850914823316,180713.44,1096.0,428.25,667.75,1634046394.996276,0.0,17.135631799697872
4695,0,1,0,0,3,2,52,2211110130,86,64,72,17,59861,29483,4,0,0,43,15,2211110130,17,59861,11123,13824,86,1130,1051.0,727.578947368421,-0.4423505999943514,-1.5608259568439828,197389.296398892,1130.0,268.0,862.0,7566,52,1096,1017.0,687.8181818181819,-0.3985045934680008,-1.6281646932475229,204711.4214876033,1096.0,234.0,862.0,1634046395.007495,0.0112190246582031,17.146850824356076
4696,0,1,0,0,2,3,60,3232270721,94,47,80,17,29483,59861,4,0,0,43,15,2211110130,17,59861,11123,13918,86,1130,917.0,695.9,-0.3184807937923941,-1.680997853682362,206587.39,1130.0,94.0,1036.0,7626,52,1096,753.0,635.5,-0.1981344499178146,-1.780099187497105,217761.25,1096.0,60.0,1036.0,1634046395.02253,0.0150351524353027,17.16188597679138
4697,0,1,0,0,3,2,60,2211110130,94,64,80,17,59861,29483,4,0,0,43,15,2211110130,17,59861,11123,94,94,94,94.0,94.0,0.0,-3.0,0.0,94.0,94.0,0.0,7686,52,1096,489.0,591.2307692307693,-0.0314077789895723,-1.837590218319056,224527.56213017757,1096.0,60.0,1036.0,1634046395.027149,0.0046188831329345,17.166504859924313
4698,0,1,0,0,3,2,1096,2211110130,1130,64,1116,17,59861,29483,4,0,0,43,15,2211110130,17,59861,11123,1224,94,1130,612.0,612.0,0.0,-2.0,268324.0,871.0,353.0,518.0,8782,52,1096,753.0,627.2857142857143,-0.1714177160195525,-1.820143400448753,225389.34693877556,1096.0,60.0,1036.0,1634046395.027779,0.0006301403045654,17.16713500022888
4699,0,1,0,0,3,2,1096,2211110130,1130,64,1116,17,59861,29483,4,0,0,43,15,2211110130,17,59861,11123,2354,94,1130,1130.0,784.6666666666666,-0.7071067811865472,-1.5,238510.22222222225,1130.0,612.0,518.0,9878,52,1096,1017.0,658.5333333333333,-0.2950469650496513,-1.769575160610312,224033.18222222224,1096.0,60.0,1036.0,1634046395.027779,0.0,17.16713500022888
4700,0,1,0,0,3,2,1096,2211110130,1130,64,1116,17,59861,29483,4,0,0,43,15,2211110130,17,59861,11123,3484,94,1130,1130.0,871.0,-1.1547005383792517,-0.6666666666666665,201243.0,1130.0,871.0,259.0,10974,52,1096,1056.5,685.875,-0.4061529979733701,-1.6962998353354672,221244.609375,1096.0,60.0,1036.0,1634046395.028269,0.0004899501800537,17.167624950408932
4701,0,1,0,0,3,2,1027,2211110130,1061,64,1047,17,59861,29483,4,0,0,43,15,2211110130,17,59861,11123,4545,94,1130,1130.0,909.0,-1.484327477821053,0.2279524164269437,166770.4,1130.0,1061.0,69.0,12001,52,1096,1027.0,705.9411764705883,-0.5064806224293469,-1.6029437212099091,214672.64359861592,1096.0,60.0,1036.0,1634046395.028269,0.0,17.167624950408932
4702,0,1,0,0,3,2,408,2211110130,442,64,428,17,59861,29483,4,0,0,43,15,2211110130,17,59861,11123,4987,94,1130,1095.5,831.1666666666666,-0.8791230199551906,-0.9933582499672768,169265.47222222222,1130.0,596.75,533.25,12409,52,1096,1022.0,689.3888888888889,-0.4101792993495629,-1.643839056791813,207404.0154320988,1096.0,147.0,949.0,1634046395.039644,0.0113749504089355,17.178999900817868
4703,0,1,0,0,2,3,52,3232270721,86,47,72,17,29483,59861,4,0,0,43,15,2211110130,17,59861,11123,5073,86,1130,1061.0,724.7142857142857,-0.4303848809631576,-1.6633955416081216,213077.34693877556,1130.0,268.0,862.0,12461,52,1096,1017.0,655.8421052631579,-0.2822608955488621,-1.7511924919504935,216744.97506925208,1096.0,60.0,1036.0,1634046395.040097,0.0004529953002929,17.17945289611816
4704,0,1,0,0,3,2,56,2211110130,90,64,76,17,59861,29483,4,0,0,43,15,2211110130,17,59861,11123,5163,86,1130,751.5,645.375,-0.1232414490660196,-1.8648782696626507,230505.734375,1130.0,93.0,1037.0,12517,52,1096,753.0,625.85,-0.1686324671300934,-1.8161295585661537,222998.7275,1096.0,60.0,1036.0,1634046395.050416,0.0103189945220947,17.189771890640255
4705,0,1,0,0,3,2,1096,2211110130,1130,64,1116,17,59861,29483,4,0,0,43,15,2211110130,17,59861,11123,6293,86,1130,1061.0,699.2222222222222,-0.3348755584052924,-1.7771204403191811,228090.17283950615,1130.0,94.0,1036.0,1096,1096,1096,1096.0,1096.0,0.0,-3.0,0.0,1096.0,1096.0,0.0,1634046395.051185,0.0007688999176025,17.190540790557858
4706,0,1,0,0,2,3,60,3232270721,94,47,80,17,29483,59861,4,0,0,43,15,2211110130,17,59861,11123,6387,86,1130,751.5,638.7,-0.099067216971801,-1.896495962780186,238247.61,1130.0,94.0,1036.0,1156,60,1096,578.0,578.0,0.0,-2.0,268324.0,837.0,319.0,518.0,1634046395.055081,0.0038959980010986,17.194436788558956
4707,0,1,0,0,3,2,1096,2211110130,1130,64,1116,17,59861,29483,4,0,0,43,15,2211110130,17,59861,11123,7517,86,1130,1061.0,683.3636363636364,-0.273604087325859,-1.8377544300828976,236537.14049586776,1130.0,94.0,1036.0,2252,60,1096,1096.0,750.6666666666666,-0.7071067811865472,-1.5,238510.22222222225,1096.0,578.0,518.0,1634046395.055124,4.315376281738281e-05,17.194479942321774
4708,0,1,0,0,2,3,56,3232270721,90,47,76,17,29483,59861,4,0,0,43,15,2211110130,17,59861,11123,7607,86,1130,751.5,633.9166666666666,-0.0830045363062051,-1.9161271776013176,243720.7430555555,1130.0,93.0,1037.0,2308,56,1096,578.0,577.0,-2.2274691495062288e-05,-1.9999703004664693,269363.0,1096.0,59.0,1037.0,1634046395.072598,0.0174739360809326,17.211953878402706
4709,0,1,0,0,3,2,1116,2211110130,1150,64,1136,17,59861,29483,4,0,0,43,15,2211110130,17,59861,11123,8757,86,1150,1061.0,673.6153846153846,-0.2304329772656972,-1.8738253133848897,243884.85207100585,1130.0,94.0,1036.0,3424,56,1116,1096.0,684.8,-0.4076410534567115,-1.832944680077772,261973.75999999995,1096.0,60.0,1036.0,1634046395.091955,0.0193569660186767,17.231310844421383
4710,0,1,0,0,3,2,1096,2211110130,1130,64,1116,17,59861,29483,4,0,0,43,15,2211110130,17,59861,11123,9887,86,1150,1095.5,706.2142857142857,-0.3609634414468499,-1.799509076545746,240279.4540816327,1130.0,94.0,1036.0,4520,56,1116,1096.0,753.3333333333334,-0.7064621884439842,-1.4999384065495422,241795.55555555556,1096.0,319.0,777.0,1634046395.091955,0.0,17.231310844421383
4711,0,1,0,0,3,2,1096,2211110130,1130,64,1116,17,59861,29483,4,0,0,43,15,2211110130,17,59861,11123,11017,86,1150,1130.0,734.4666666666667,-0.4778098170154377,-1.7032389820704628,235435.58222222223,1130.0,94.0,1036.0,5616,56,1116,1096.0,802.2857142857143,-0.9480103439682382,-1.1002175573166897,221631.34693877547,1096.0,578.0,518.0,1634046395.091955,0.0,17.231310844421383
4712,0,1,0,0,3,2,1096,2211110130,1130,64,1116,17,59861,29483,4,0,0,43,15,2211110130,17,59861,11123,12147,86,1150,1130.0,759.1875,-0.5839863153356257,-1.5914727155912105,229887.65234375,1130.0,94.0,1036.0,6712,56,1116,1096.0,839.0,-1.1540018148703026,-0.6671332489155342,203363.0,1096.0,837.0,259.0,1634046395.091955,0.0,17.231310844421383
4713,0,1,0,0,3,2,123,2211110130,157,64,143,17,59861,29483,4,0,0,43,15,2211110130,17,59861,11123,12304,86,1150,1130.0,723.7647058823529,-0.4197369020697938,-1.7626097139088042,236441.23875432528,1130.0,94.0,1036.0,6835,56,1116,1096.0,759.4444444444445,-0.7108449321174779,-1.488135518785332,231399.80246913584,1096.0,123.0,973.0,1634046395.091955,0.0,17.231310844421383
4714,0,1,0,0,3,2,408,2211110130,442,64,428,17,59861,29483,4,0,0,43,15,2211110130,17,59861,11123,12746,86,1150,1095.5,708.1111111111111,-0.3330531234129988,-1.780789785435818,227471.20987654323,1130.0,109.75,1020.25,7243,56,1116,1096.0,724.3,-0.5097912162041216,-1.641201313699867,219376.01,1096.0,194.25,901.75,1634046395.091955,0.0,17.231310844421383
4715,0,1,0,0,3,2,1096,2211110130,1130,64,1116,17,59861,29483,4,0,0,43,15,2211110130,17,59861,11123,13876,86,1150,1130.0,730.3157894736842,-0.4256271528193469,-1.7131106750051843,224373.9002770083,1130.0,125.5,1004.5,8339,56,1116,1096.0,758.0909090909091,-0.6647812271219572,-1.4606282364016991,210850.9917355372,1096.0,265.5,830.5,1634046395.092514,0.0005590915679931,17.231869935989376
4716,0,1,0,0,3,2,1096,2211110130,1130,64,1116,17,59861,29483,4,0,0,43,15,2211110130,17,59861,11123,15006,86,1150,1130.0,750.3,-0.5112619894222954,-1.6345959610908714,220743.21,1130.0,141.25,988.75,9435,56,1116,1096.0,786.25,-0.802648402669742,-1.2583659706692765,202002.35416666663,1096.0,336.75,759.25,1634046395.092514,0.0,17.231869935989376
4717,0,1,0,0,3,2,1096,2211110130,1130,64,1116,17,59861,29483,4,0,0,43,15,2211110130,17,59861,11123,1130,1130,1130,1130.0,1130.0,0.0,-3.0,0.0,1130.0,1130.0,0.0,10531,56,1116,1096.0,810.0769230769231,-0.92749071690314,-1.0415030378101433,193276.37869822484,1096.0,408.0,688.0,1634046395.092514,0.0,17.231869935989376
4718,0,1,0,0,3,2,1096,2211110130,1130,64,1116,17,59861,29483,4,0,0,43,15,2211110130,17,59861,11123,2260,1130,1130,1130.0,1130.0,0.0,-3.0,0.0,1130.0,1130.0,0.0,11627,56,1116,1096.0,830.5,-1.042069315684937,-0.8143425415731449,184893.25,1096.0,580.0,516.0,1634046395.093139,0.0006248950958251,17.2324948310852
4719,0,1,0,0,3,2,1096,2211110130,1130,64,1116,17,59861,29483,4,0,0,43,15,2211110130,17,59861,11123,3390,1130,1130,1130.0,1130.0,0.0,-3.0,0.0,1130.0,1130.0,0.0,12723,56,1116,1096.0,848.2,-1.1483336719380792,-0.5796479220486894,176953.0933333333,1096.0,752.0,344.0,1634046395.093139,0.0,17.2324948310852
4720,0,1,0,0,3,2,447,2211110130,481,64,467,17,59861,29483,4,0,0,43,15,2211110130,17,59861,11123,3871,481,1130,1130.0,967.75,-1.1547005383792517,-0.6666666666666665,78975.1875,1130.0,967.75,162.25,13170,56,1116,1096.0,823.125,-0.9667034237348534,-0.8889946344137374,175324.859375,1096.0,437.25,658.75,1634046395.093139,0.0,17.2324948310852
4721,0,1,0,0,2,3,60,3232270721,94,47,80,17,29483,59861,4,0,0,43,15,2211110130,17,59861,11123,3965,94,1130,1130.0,793.0,-0.6444467274928075,-1.3294170585015577,185330.4,1130.0,481.0,649.0,13230,56,1116,1096.0,778.2352941176471,-0.7565710032244111,-1.2849065093332288,197253.0034602076,1096.0,408.0,688.0,1634046395.112951,0.0198121070861816,17.252306938171383
4722,0,1,0,0,2,3,60,3232270721,94,47,80,17,29483,59861,4,0,0,43,15,2211110130,17,59861,11123,4059,94,1130,805.5,676.5,-0.1955217694034252,-1.790576308089247,222303.25,1130.0,190.75,939.25,13290,56,1116,1096.0,738.3333333333334,-0.5842280638634473,-1.5374835896255514,213361.3333333333,1096.0,194.25,901.75,1634046395.113006,5.507469177246094e-05,17.252362012863156
4723,0,1,0,0,3,2,408,2211110130,442,64,428,17,59861,29483,4,0,0,43,15,2211110130,17,59861,11123,4501,94,1130,481.0,643.0,0.0052064856304973,-1.7051753204478608,197279.14285714287,1130.0,268.0,862.0,13698,56,1116,1096.0,720.9473684210526,-0.4823163208155825,-1.603918469110348,207572.6814404432,1096.0,265.5,830.5,1634046395.115278,0.0022718906402587,17.254633903503414
4724,0,1,0,0,3,2,1096,2211110130,1130,64,1116,17,59861,29483,4,0,0,43,15,2211110130,17,59861,11123,5631,94,1130,805.5,703.875,-0.2447007820873727,-1.6818658547319871,198559.609375,1130.0,355.0,775.0,14794,56,1116,1096.0,739.7,-0.566732132022698,-1.5175862708734082,203875.61,1096.0,336.75,759.25,1634046395.129004,0.013725996017456,17.26835989952087
4725,0,1,0,0,3,2,1096,2211110130,1130,64,1116,17,59861,29483,4,0,0,43,15,2211110130,17,59861,11123,6761,94,1130,1130.0,751.2222222222222,-0.4475636462045179,-1.558212717552329,194431.50617283952,1130.0,442.0,688.0,1096,1096,1096,1096.0,1096.0,0.0,-3.0,0.0,1096.0,1096.0,0.0,1634046395.129004,0.0,17.26835989952087
4726,0,1,0,0,3,2,1096,2211110130,1130,64,1116,17,59861,29483,4,0,0,43,15,2211110130,17,59861,11123,7891,94,1130,1130.0,789.1,-0.6200798545013971,-1.381461242683076,187900.89,1130.0,451.75,678.25,2192,1096,1096,1096.0,1096.0,0.0,-3.0,0.0,1096.0,1096.0,0.0,1634046395.130529,0.0015249252319335,17.269884824752804
4727,0,1,0,0,3,2,1096,2211110130,1130,64,1116,17,59861,29483,4,0,0,43,15,2211110130,17,59861,11123,9021,94,1130,1130.0,820.0909090909091,-0.7713886587507691,-1.1732390855750556,180423.35537190083,1130.0,461.5,668.5,3288,1096,1096,1096.0,1096.0,0.0,-3.0,0.0,1096.0,1096.0,0.0,1634046395.130529,0.0,17.269884824752804
4728,0,1,0,0,3,2,1096,2211110130,1130,64,1116,17,59861,29483,4,0,0,43,15,2211110130,17,59861,11123,10151,94,1130,1130.0,845.9166666666666,-0.9070130321601644,-0.9448377346312612,172724.74305555553,1130.0,471.25,658.75,4384,1096,1096,1096.0,1096.0,0.0,-3.0,0.0,1096.0,1096.0,0.0,1634046395.130529,0.0,17.269884824752804
4729,0,1,0,0,3,2,121,2211110130,155,64,141,17,59861,29483,4,0,0,43,15,2211110130,17,59861,11123,10306,94,1130,1130.0,792.7692307692307,-0.6410680071240328,-1.4146810015504054,193334.02366863904,1130.0,442.0,688.0,4505,121,1096,1096.0,901.0,-1.5,0.25,152100.0,1096.0,1096.0,0.0,1634046395.130529,0.0,17.269884824752804
4730,0,1,0,0,3,2,60,2211110130,94,64,80,17,59861,29483,4,0,0,43,15,2211110130,17,59861,11123,10400,94,1130,1130.0,742.8571428571429,-0.4420254542232471,-1.6578444043837877,211910.26530612243,1130.0,226.75,903.25,4565,60,1096,1096.0,760.8333333333334,-0.7114888167174359,-1.4876100022760377,224983.47222222225,1096.0,364.75,731.25,1634046395.132976,0.0024471282958984,17.272331953048703
4731,0,1,0,0,3,2,408,2211110130,442,64,428,17,59861,29483,4,0,0,43,15,2211110130,17,59861,11123,10842,94,1130,1130.0,722.8,-0.3249572187574203,-1.6969786928575217,203414.96,1130.0,298.5,831.5,4973,60,1096,1096.0,710.4285714285714,-0.4188823533562942,-1.6920084688462302,208086.81632653065,1096.0,264.5,831.5,1634046395.132976,0.0,17.272331953048703
4732,0,1,0,0,3,2,1096,2211110130,1130,64,1116,17,59861,29483,4,0,0,43,15,2211110130,17,59861,11123,11972,94,1130,1130.0,748.25,-0.4352053342007393,-1.6192561977291096,200417.0625,1130.0,370.25,759.75,6069,60,1096,1096.0,758.625,-0.6386933475574973,-1.463907097094184,198336.234375,1096.0,336.25,759.75,1634046395.13924,0.0062639713287353,17.278595924377438
4733,0,1,0,0,3,2,1096,2211110130,1130,64,1116,17,59861,29483,4,0,0,43,15,2211110130,17,59861,11123,13102,94,1130,1130.0,770.7058823529412,-0.5357970005324311,-1.525426642404845,196696.08996539796,1130.0,442.0,688.0,7165,60,1096,1096.0,796.1111111111111,-0.825244089554964,-1.1912094620018396,187540.5432098765,1096.0,408.0,688.0,1634046395.13924,0.0,17.278595924377438
4734,0,1,0,0,3,2,1096,2211110130,1130,64,1116,17,59861,29483,4,0,0,43,15,2211110130,17,59861,11123,14232,94,1130,1130.0,790.6666666666666,-0.6285598936731481,-1.4196789203442095,192541.88888888888,1130.0,442.0,688.0,8261,60,1096,1096.0,826.1,-0.9888868782445648,-0.8925876240155053,176880.49000000005,1096.0,580.0,516.0,1634046395.140633,0.0013930797576904,17.27998900413513
4735,0,1,0,0,3,2,791,2211110130,825,64,811,17,59861,29483,4,0,0,43,15,2211110130,17,59861,11123,15057,94,1130,1130.0,792.4736842105264,-0.6581355232206508,-1.321926542360372,182466.8808864266,1130.0,442.0,688.0,9052,60,1096,1096.0,822.9090909090909,-1.012364778573807,-0.7173666099461715,160902.26446280992,1096.0,599.5,496.5,1634046395.140633,0.0,17.27998900413513
4736,0,1,0,0,2,3,60,3232270721,94,47,80,17,29483,59861,4,0,0,43,15,2211110130,17,59861,11123,15151,94,1130,1130.0,757.55,-0.5181362512971512,-1.5180344126748435,196517.1475,1130.0,370.25,759.75,9112,60,1096,1096.0,759.3333333333334,-0.7137945442555103,-1.304744330388591,191954.3888888889,1096.0,336.25,759.75,1634046395.159211,0.0185778141021728,17.2985668182373
4737,0,1,0,0,3,2,408,2211110130,442,64,428,17,59861,29483,4,0,0,43,15,2211110130,17,59861,11123,442,442,442,442.0,442.0,0.0,-3.0,0.0,442.0,442.0,0.0,9520,60,1096,1096.0,732.3076923076923,-0.5443778355862064,-1.4586738703759177,185953.28994082843,1096.0,408.0,688.0,1634046395.173292,0.0140810012817382,17.31264781951904
4738,0,1,0,0,2,3,60,3232270721,94,47,80,17,29483,59861,4,0,0,43,15,2211110130,17,59861,11123,536,94,442,268.0,268.0,0.0,-2.0,30276.0,355.0,181.0,174.0,9580,60,1096,943.5,684.2857142857143,-0.3610163566470211,-1.6620110646474415,202650.34693877547,1096.0,192.75,903.25,1634046395.178088,0.004796028137207,17.317443847656246
4739,0,1,0,0,3,2,1096,2211110130,1130,64,1116,17,59861,29483,4,0,0,43,15,2211110130,17,59861,11123,1666,94,1130,442.0,555.3333333333334,0.3766675336035382,-1.5000000000000004,185304.8888888889,786.0,268.0,518.0,10676,60,1096,1096.0,711.7333333333333,-0.4768355126777563,-1.5713360949343549,199687.5288888889,1096.0,264.5,831.5,1634046395.182704,0.0046160221099853,17.322059869766232
4740,0,1,0,0,2,3,60,3232270721,94,47,80,17,29483,59861,4,0,0,43,15,2211110130,17,59861,11123,1760,94,1130,268.0,440.0,0.8117587838515856,-1.0051628355158138,178884.0,614.0,94.0,520.0,10736,60,1096,943.5,671.0,-0.3194822888795133,-1.722111308073419,212095.125,1096.0,105.75,990.25,1634046395.196859,0.0141549110412597,17.33621478080749
4741,0,1,0,0,3,2,1116,2211110130,1150,64,1136,17,59861,29483,4,0,0,43,15,2211110130,17,59861,11123,2910,94,1150,442.0,582.0,0.2128417955076414,-1.7694099706135833,223763.2,1130.0,94.0,1036.0,11852,60,1116,1096.0,697.1764705882352,-0.4216079009444188,-1.6512559550366916,210582.26297577855,1096.0,121.0,975.0,1634046395.199409,0.0025501251220703,17.338764905929562
4742,0,1,0,0,3,2,1096,2211110130,1130,64,1116,17,59861,29483,4,0,0,43,15,2211110130,17,59861,11123,4040,94,1150,786.0,673.3333333333334,-0.1567107168568121,-1.8259569090851344,228178.22222222225,1130.0,181.0,949.0,12948,60,1116,1096.0,719.3333333333334,-0.5166627381639078,-1.5655288305000004,207229.0,1096.0,192.75,903.25,1634046395.199409,0.0,17.338764905929562
4743,0,1,0,0,3,2,1096,2211110130,1130,64,1116,17,59861,29483,4,0,0,43,15,2211110130,17,59861,11123,5170,94,1150,1130.0,738.5714285714286,-0.4288399427381582,-1.6791837280446398,221117.38775510204,1130.0,268.0,862.0,14044,60,1116,1096.0,739.1578947368421,-0.604664316191506,-1.4690018394128563,203396.44875346255,1096.0,264.5,831.5,1634046395.200017,0.0006079673767089,17.33937287330627
4744,0,1,0,0,3,2,1096,2211110130,1130,64,1116,17,59861,29483,4,0,0,43,15,2211110130,17,59861,11123,6300,94,1150,1130.0,787.5,-0.648320505038266,-1.4468825566688723,210235.75,1130.0,355.0,775.0,15140,60,1116,1096.0,757.0,-0.6867731998471712,-1.364142702848168,199275.1,1096.0,336.25,759.75,1634046395.200017,0.0,17.33937287330627
4745,0,1,0,0,3,2,1096,2211110130,1130,64,1116,17,59861,29483,4,0,0,43,15,2211110130,17,59861,11123,7430,94,1150,1130.0,825.5555555555555,-0.8347230886035371,-1.1705872284258114,198462.02469135803,1130.0,442.0,688.0,1096,1096,1096,1096.0,1096.0,0.0,-3.0,0.0,1096.0,1096.0,0.0,1634046395.200017,0.0,17.33937287330627
4746,0,1,0,0,3,2,292,2211110130,326,64,312,17,59861,29483,4,0,0,43,15,2211110130,17,59861,11123,7756,94,1150,1130.0,775.6,-0.5393178210298408,-1.5569727162694624,201075.84,1130.0,355.0,775.0,1388,292,1096,694.0,694.0,0.0,-2.0,161604.0,895.0,493.0,402.0,1634046395.200017,0.0,17.33937287330627
4747,0,1,0,0,3,2,1104,2211110130,1138,64,1124,17,59861,29483,4,0,0,43,15,2211110130,17,59861,11123,8894,94,1150,1130.0,808.5454545454545,-0.6930022140705374,-1.3699387875648117,193650.24793388436,1130.0,384.0,746.0,2492,292,1104,1096.0,830.6666666666666,-0.7068728593317251,-1.5000000000000002,145091.55555555556,1100.0,694.0,406.0,1634046395.211931,0.0119140148162841,17.351286888122555
4748,0,1,0,0,3,2,1096,2211110130,1130,64,1116,17,59861,29483,4,0,0,43,15,2211110130,17,59861,11123,10024,94,1150,1130.0,835.3333333333334,-0.8302936659810121,-1.16067705408439,185406.22222222225,1130.0,413.0,717.0,3588,292,1104,1096.0,897.0,-1.154397055841523,-0.666898222594047,122019.0,1098.0,895.0,203.0,1634046395.211931,0.0,17.351286888122555
4749,0,1,0,0,3,2,1096,2211110130,1130,64,1116,17,59861,29483,4,0,0,43,15,2211110130,17,59861,11123,11154,94,1150,1130.0,858.0,-0.9548015008984738,-0.9369236996878804,177309.53846153847,1130.0,442.0,688.0,4684,292,1104,1096.0,936.8,-1.4996525496390265,0.2495405767535881,103951.36,1096.0,1096.0,0.0,1634046395.211931,0.0,17.351286888122555
4750,0,1,0,0,3,2,1096,2211110130,1130,64,1116,17,59861,29483,4,0,0,43,15,2211110130,17,59861,11123,12284,94,1150,1130.0,877.4285714285714,-1.0692090125185008,-0.7029346287784115,169551.67346938772,1130.0,614.0,516.0,5780,292,1104,1096.0,963.3333333333334,-1.788471877419202,1.1993212095158905,90146.22222222223,1096.0,1096.0,0.0,1634046395.212674,0.0007429122924804,17.352029800415036
4751,0,1,0,0,3,2,1096,2211110130,1130,64,1116,17,59861,29483,4,0,0,43,15,2211110130,17,59861,11123,13414,94,1150,1130.0,894.2666666666667,-1.1754170421164456,-0.4614478602833474,162217.5288888888,1130.0,786.0,344.0,6876,292,1104,1096.0,982.2857142857144,-2.040828437202585,2.165774371863922,79423.3469387755,1096.0,1096.0,0.0,1634046395.212674,0.0,17.352029800415036
4752,0,1,0,0,3,2,359,2211110130,393,64,379,17,59861,29483,4,0,0,43,15,2211110130,17,59861,11123,13807,94,1150,1130.0,862.9375,-0.9418147326155812,-0.9316207050348932,166801.68359375,1130.0,429.75,700.25,7235,292,1104,1096.0,904.375,-1.1631583817523734,-0.6334942446991505,111985.984375,1096.0,911.75,184.25,1634046395.212674,0.0,17.352029800415036
4753,0,1,0,0,2,3,60,3232270721,94,47,80,17,29483,59861,4,0,0,43,15,2211110130,17,59861,11123,13901,94,1150,1130.0,817.7058823529412,-0.7416956763074372,-1.2968692249279363,189724.20761245675,1130.0,393.0,737.0,7295,60,1104,1096.0,810.5555555555555,-0.8131308692336056,-1.1850827842441165,169959.8024691358,1096.0,359.0,737.0,1634046395.213129,0.0004551410675048,17.35248494148254
4754,0,1,0,0,2,3,52,3232270721,86,48,72,17,10001,59861,4,0,0,43,15,2211110130,17,59861,11123,13987,86,1150,1130.0,777.0555555555555,-0.5754841694436725,-1.5351306195237076,207275.60802469135,1130.0,342.75,787.25,7347,52,1104,1096.0,734.7,-0.5169434205120363,-1.6007858593774564,204750.41,1096.0,308.75,787.25,1634046395.221729,0.0085999965667724,17.361084938049313
4755,0,1,0,0,3,2,408,2211110130,442,64,428,17,59861,29483,4,0,0,43,15,2211110130,17,59861,11123,14429,86,1150,1130.0,759.421052631579,-0.4708762496148451,-1.605159438578642,201963.9279778393,1130.0,359.5,770.5,7755,52,1104,1096.0,705.0,-0.3405251212710214,-1.6885320721991175,194957.63636363635,1096.0,325.5,770.5,1634046395.226739,0.0050098896026611,17.366094827651974
4756,0,1,0,0,2,3,60,3232270721,94,47,80,17,29483,59861,4,0,0,43,15,2211110130,17,59861,11123,14523,86,1150,1130.0,726.15,-0.3465890252143578,-1.722428622746709,212898.0275,1130.0,268.0,862.0,7815,52,1104,752.0,651.25,-0.1567189143591709,-1.7991566545547266,210490.85416666663,1096.0,234.0,862.0,1634046395.230844,0.0041050910949707,17.370199918746945
4757,0,1,0,0,2,3,52,3232270721,86,47,72,17,29483,59861,4,0,0,43,15,2211110130,17,59861,11123,86,86,86,86.0,86.0,0.0,-3.0,0.0,86.0,86.0,0.0,7867,52,1104,408.0,605.1538461538462,-0.0002926537681067,-1.8362984536406557,219797.5147928994,1096.0,60.0,1036.0,1634046395.248826,0.017982006072998,17.388181924819943
4758,0,1,0,0,3,2,60,2211110130,94,64,80,17,59861,29483,4,0,0,43,15,2211110130,17,59861,11123,180,86,94,90.0,90.0,0.0,-2.0,16.0,92.0,88.0,4.0,7927,52,1104,383.5,566.2142857142857,0.1379248918008382,-1.827150073761208,223809.4540816327,1096.0,60.0,1036.0,1634046395.261355,0.0125288963317871,17.40071082115173
4759,0,1,0,0,3,2,1096,2211110130,1130,64,1116,17,59861,29483,4,0,0,43,15,2211110130,17,59861,11123,1310,86,1130,94.0,436.6666666666667,0.7069655779110001,-1.4999999999999996,240366.22222222216,612.0,90.0,522.0,9023,52,1104,408.0,601.5333333333333,-0.0045001809355581,-1.8590595518850117,226352.91555555555,1096.0,60.0,1036.0,1634046395.261355,0.0,17.40071082115173
4760,0,1,0,0,3,2,1096,2211110130,1130,64,1116,17,59861,29483,4,0,0,43,15,2211110130,17,59861,11123,2440,86,1130,612.0,610.0,-8.875345765765763e-05,-1.999881662931711,270408.0,1130.0,92.0,1038.0,10119,52,1104,752.0,632.4375,-0.129200316534028,-1.851008822677069,226531.87109375,1096.0,60.0,1036.0,1634046395.261833,0.0004780292510986,17.40118885040283
4761,0,1,0,0,3,2,1096,2211110130,1130,64,1116,17,59861,29483,4,0,0,43,15,2211110130,17,59861,11123,3570,86,1130,1130.0,714.0,-0.4083237772777952,-1.8331689750784217,259590.4,1130.0,94.0,1036.0,11215,52,1104,1096.0,659.7058823529412,-0.2405042105633205,-1.8157619940067755,225103.5017301038,1096.0,60.0,1036.0,1634046395.261833,0.0,17.40118885040283
4762,0,1,0,0,3,2,1096,2211110130,1130,64,1116,17,59861,29483,4,0,0,43,15,2211110130,17,59861,11123,4700,86,1130,1130.0,783.3333333333334,-0.7071773847825287,-1.499800303981785,240360.88888888888,1130.0,353.0,777.0,12311,52,1104,1096.0,683.9444444444445,-0.3413352312735661,-1.761171670845641,222585.3858024692,1096.0,118.0,978.0,1634046395.261833,0.0,17.40118885040283
4763,0,1,0,0,3,2,1049,2211110130,1083,64,1069,17,59861,29483,4,0,0,43,15,2211110130,17,59861,11123,5783,86,1130,1130.0,826.1428571428571,-0.9449628214355316,-1.1015655838991494,217019.5510204081,1130.0,588.5,541.5,13360,52,1104,1096.0,703.1578947368421,-0.4331618301200378,-1.6900724215997125,217515.1855955679,1096.0,176.0,920.0,1634046395.261833,0.0,17.40118885040283
4764,0,1,0,0,3,2,408,2211110130,442,64,428,17,59861,29483,4,0,0,43,15,2211110130,17,59861,11123,6225,86,1130,1106.5,778.125,-0.651079290211225,-1.4356273117725358,206032.109375,1130.0,355.0,775.0,13768,52,1104,1072.5,688.4,-0.348209701124099,-1.7171710040372632,210777.54,1096.0,234.0,862.0,1634046395.261833,0.0,17.40118885040283
4765,0,1,0,0,2,3,56,3232270721,90,47,76,17,29483,59861,4,0,0,43,15,2211110130,17,59861,11123,6315,86,1130,1083.0,701.6666666666666,-0.3369619359159446,-1.7800615727737013,229906.66666666663,1130.0,94.0,1036.0,56,56,56,56.0,56.0,0.0,-3.0,0.0,56.0,56.0,0.0,1634046395.264811,0.0029780864715576,17.404166936874386
4766,0,1,0,0,2,3,60,3232270721,94,47,80,17,29483,59861,4,0,0,43,15,2211110130,17,59861,11123,6409,86,1130,762.5,640.9,-0.1008293556554823,-1.8997925212337397,240149.29,1130.0,94.0,1036.0,116,56,60,58.0,58.0,0.0,-2.0,4.0,59.0,57.0,2.0,1634046395.264865,5.3882598876953125e-05,17.404220819473263
4767,0,1,0,0,3,2,56,2211110130,90,64,76,17,59861,29483,4,0,0,43,15,2211110130,17,59861,11123,6499,86,1130,442.0,590.8181818181819,0.0891763801560116,-1.9107311204328967,243399.4214876033,1130.0,92.0,1038.0,172,56,60,56.0,57.333333333333336,0.7071067811865437,-1.5000000000000036,3.555555555555556,58.0,56.0,2.0,1634046395.272433,0.0075681209564208,17.411788940429684
4768,0,1,0,0,2,3,60,3232270721,94,47,80,17,29483,59861,4,0,0,43,15,2211110130,17,59861,11123,6593,86,1130,268.0,549.4166666666666,0.2497077531599393,-1.861454115930232,241971.0763888889,1130.0,93.0,1037.0,232,56,60,58.0,58.0,0.0,-2.0,4.0,60.0,56.0,4.0,1634046395.284216,0.0117828845977783,17.423571825027462
4769,0,1,0,0,3,2,408,2211110130,442,64,428,17,59861,29483,4,0,0,43,15,2211110130,17,59861,11123,7035,86,1130,442.0,541.1538461538462,0.3099421534796306,-1.755562129938044,224177.20710059168,1130.0,94.0,1036.0,640,56,408,60.0,128.0,1.4993878900192996,0.2491838866660076,19603.2,60.0,56.0,4.0,1634046395.297182,0.0129661560058593,17.43653798103332
4770,0,1,0,0,3,2,1096,2211110130,1130,64,1116,17,59861,29483,4,0,0,43,15,2211110130,17,59861,11123,8165,86,1130,442.0,583.2142857142857,0.1429640642685147,-1.848525935214036,231162.59693877556,1130.0,94.0,1036.0,1736,56,1096,60.0,289.3333333333333,1.4182436786765025,0.3796800982674932,146478.22222222222,321.0,57.0,264.0,1634046395.305009,0.007826805114746,17.444364786148068
4771,0,1,0,0,3,2,1096,2211110130,1130,64,1116,17,59861,29483,4,0,0,43,15,2211110130,17,59861,11123,9295,86,1130,442.0,619.6666666666666,0.0004540153352735,-1.8800560026175617,234354.6222222222,1130.0,94.0,1036.0,2832,56,1096,60.0,404.57142857142856,0.7599294119284993,-1.253877141361201,205231.67346938772,752.0,58.0,694.0,1634046395.305009,0.0,17.444364786148068
4772,0,1,0,0,3,2,1096,2211110130,1130,64,1116,17,59861,29483,4,0,0,43,15,2211110130,17,59861,11123,10425,86,1130,762.5,651.5625,-0.1243288040671332,-1.8720115348367787,234967.62109375,1130.0,94.0,1036.0,3928,56,1096,234.0,491.0,0.379547805988191,-1.7384356643231318,231867.0,1096.0,59.0,1037.0,1634046395.305009,0.0,17.444364786148068
4773,0,1,0,0,3,2,1096,2211110130,1130,64,1116,17,59861,29483,4,0,0,43,15,2211110130,17,59861,11123,11555,86,1130,1083.0,679.7058823529412,-0.2357033748469855,-1.8369927397684145,233818.79584775088,1130.0,94.0,1036.0,5024,56,1096,408.0,558.2222222222222,0.1099880078018868,-1.8914201800172756,242254.61728395065,1096.0,60.0,1036.0,1634046395.305583,0.0005741119384765,17.444938898086544
4774,0,1,0,0,3,2,1096,2211110130,1130,64,1116,17,59861,29483,4,0,0,43,15,2211110130,17,59861,11123,12685,86,1130,1106.5,704.7222222222222,-0.3365914138789192,-1.782768767255417,231467.75617283944,1130.0,94.0,1036.0,6120,56,1096,752.0,612.0,-0.1009727163382145,-1.9038190545522824,244057.6,1096.0,60.0,1036.0,1634046395.305583,0.0,17.444938898086544
4775,0,1,0,0,3,2,1096,2211110130,1130,64,1116,17,59861,29483,4,0,0,43,15,2211110130,17,59861,11123,13815,86,1130,1130.0,727.1052631578947,-0.429056169008139,-1.7143886952714715,228303.2520775623,1130.0,94.0,1036.0,7216,56,1096,1096.0,656.0,-0.2758913255579752,-1.843603813429561,241230.54545454544,1096.0,60.0,1036.0,1634046395.305583,0.0,17.444938898086544
4776,0,1,0,0,2,3,60,3232270721,94,47,80,17,29483,59861,4,0,0,43,15,2211110130,17,59861,11123,13909,86,1130,1106.5,695.45,-0.3029367866149984,-1.8164835925823888,235927.1475,1130.0,94.0,1036.0,7276,56,1096,752.0,606.3333333333334,-0.0848237553128838,-1.922106003556684,248262.55555555556,1096.0,60.0,1036.0,1634046395.320048,0.0144650936126708,17.459403991699215
4777,0,1,0,0,3,2,1116,2211110130,1150,64,1136,17,59861,29483,4,0,0,43,15,2211110130,17,59861,11123,1150,1150,1150,1150.0,1150.0,0.0,-3.0,0.0,1150.0,1150.0,0.0,8392,56,1116,1096.0,645.5384615384615,-0.2328071355546951,-1.879025862131513,247609.94082840232,1096.0,60.0,1036.0,1634046395.327478,0.0074298381805419,17.466833829879757
4778,0,1,0,0,3,2,1096,2211110130,1130,64,1116,17,59861,29483,4,0,0,43,15,2211110130,17,59861,11123,2280,1130,1150,1140.0,1140.0,0.0,-2.0,100.0,1145.0,1135.0,10.0,9488,56,1116,1096.0,677.7142857142857,-0.3633980838486721,-1.8037042888775647,243382.20408163255,1096.0,60.0,1036.0,1634046395.329346,0.0018680095672607,17.468701839447018
4779,0,1,0,0,3,2,1096,2211110130,1130,64,1116,17,59861,29483,4,0,0,43,15,2211110130,17,59861,11123,3410,1130,1150,1130.0,1136.6666666666667,0.7071067811865236,-1.5000000000000222,88.88888888888887,1140.0,1130.0,10.0,10584,56,1116,1096.0,705.6,-0.480288213471246,-1.706603424446069,238043.30666666676,1096.0,60.0,1036.0,1634046395.329346,0.0,17.468701839447018
4780,0,1,0,0,3,2,1096,2211110130,1130,64,1116,17,59861,29483,4,0,0,43,15,2211110130,17,59861,11123,4540,1130,1150,1130.0,1135.0,1.1547005383792517,-0.6666666666666665,75.0,1135.0,1130.0,5.0,11680,56,1116,1096.0,730.0,-0.5865002213445586,-1.5941298363011154,232096.0,1096.0,60.0,1036.0,1634046395.329346,0.0,17.468701839447018
4781,0,1,0,0,3,2,1096,2211110130,1130,64,1116,17,59861,29483,4,0,0,43,15,2211110130,17,59861,11123,5670,1130,1150,1130.0,1134.0,1.5,0.25,64.0,1130.0,1130.0,0.0,12776,56,1116,1096.0,751.5294117647059,-0.6841496405740842,-1.470401794635089,225859.5432525952,1096.0,60.0,1036.0,1634046395.32998,0.000633955001831,17.46933579444885
4782,0,1,0,0,3,2,1096,2211110130,1130,64,1116,17,59861,29483,4,0,0,43,15,2211110130,17,59861,11123,6800,1130,1150,1130.0,1133.3333333333333,1.7888543819998608,1.2000000000000697,55.55555555555558,1130.0,1130.0,0.0,13872,56,1116,1096.0,770.6666666666666,-0.7747737571272798,-1.3381871699251593,219537.77777777775,1096.0,147.0,949.0,1634046395.32998,0.0,17.46933579444885
4783,0,1,0,0,3,2,1096,2211110130,1130,64,1116,17,59861,29483,4,0,0,43,15,2211110130,17,59861,11123,7930,1130,1150,1130.0,1132.857142857143,2.041241452319301,2.166666666666627,48.9795918367347,1130.0,1130.0,0.0,14968,56,1116,1096.0,787.7894736842105,-0.8595243617846483,-1.1994149909314882,213260.5872576177,1096.0,234.0,862.0,1634046395.32998,0.0,17.46933579444885
4784,0,1,0,0,3,2,1096,2211110130,1130,64,1116,17,59861,29483,4,0,0,43,15,2211110130,17,59861,11123,9060,1130,1150,1130.0,1132.5,2.2677868380553634,3.1428571428571432,43.75,1130.0,1130.0,0.0,16064,56,1116,1096.0,803.2,-0.9392866126038398,-1.0554708377131197,207109.76,1096.0,321.0,775.0,1634046395.330632,0.0006520748138427,17.46998786926269
4785,0,1,0,0,3,2,1096,2211110130,1130,64,1116,17,59861,29483,4,0,0,43,15,2211110130,17,59861,11123,10190,1130,1150,1130.0,1132.2222222222222,2.4748737341529403,4.125000000000078,39.50617283950618,1130.0,1130.0,0.0,1096,1096,1096,1096.0,1096.0,0.0,-3.0,0.0,1096.0,1096.0,0.0,1634046395.330632,0.0,17.46998786926269
4786,0,1,0,0,3,2,1096,2211110130,1130,64,1116,17,59861,29483,4,0,0,43,15,2211110130,17,59861,11123,11320,1130,1150,1130.0,1132.0,2.6666666666666665,5.111111111111111,36.0,1130.0,1130.0,0.0,2192,1096,1096,1096.0,1096.0,0.0,-3.0,0.0,1096.0,1096.0,0.0,1634046395.330632,0.0,17.46998786926269
4787,0,1,0,0,3,2,1096,2211110130,1130,64,1116,17,59861,29483,4,0,0,43,15,2211110130,17,59861,11123,12450,1130,1150,1130.0,1131.8181818181818,2.8460498941515744,6.100000000000124,33.05785123966942,1130.0,1130.0,0.0,3288,1096,1096,1096.0,1096.0,0.0,-3.0,0.0,1096.0,1096.0,0.0,1634046395.331263,0.0006310939788818,17.470618963241574
4788,0,1,0,0,3,2,1096,2211110130,1130,64,1116,17,59861,29483,4,0,0,43,15,2211110130,17,59861,11123,13580,1130,1150,1130.0,1131.6666666666667,3.015113445777593,7.090909090908916,30.555555555555568,1130.0,1130.0,0.0,4384,1096,1096,1096.0,1096.0,0.0,-3.0,0.0,1096.0,1096.0,0.0,1634046395.336498,0.005234956741333,17.475853919982907
4789,0,1,0,0,3,2,1096,2211110130,1130,64,1116,17,59861,29483,4,0,0,43,15,2211110130,17,59861,11123,14710,1130,1150,1130.0,1131.5384615384614,3.1754264805429995,8.083333333333577,28.40236686390534,1130.0,1130.0,0.0,5480,1096,1096,1096.0,1096.0,0.0,-3.0,0.0,1096.0,1096.0,0.0,1634046395.336498,0.0,17.475853919982907
4790,0,1,0,0,3,2,1096,2211110130,1130,64,1116,17,59861,29483,4,0,0,43,15,2211110130,17,59861,11123,15840,1130,1150,1130.0,1131.428571428571,3.3282011773514317,9.07692307692333,26.530612244897952,1130.0,1130.0,0.0,6576,1096,1096,1096.0,1096.0,0.0,-3.0,0.0,1096.0,1096.0,0.0,1634046395.336498,0.0,17.475853919982907
4791,0,1,0,0,3,2,1096,2211110130,1130,64,1116,17,59861,29483,4,0,0,43,15,2211110130,17,59861,11123,16970,1130,1150,1130.0,1131.3333333333333,3.474396144861561,10.071428571428772,24.888888888888903,1130.0,1130.0,0.0,7672,1096,1096,1096.0,1096.0,0.0,-3.0,0.0,1096.0,1096.0,0.0,1634046395.336498,0.0,17.475853919982907
4792,0,1,0,0,3,2,1096,2211110130,1130,64,1116,17,59861,29483,4,0,0,43,15,2211110130,17,59861,11123,18100,1130,1150,1130.0,1131.25,3.614784456460256,11.066666666666666,23.4375,1130.0,1130.0,0.0,8768,1096,1096,1096.0,1096.0,0.0,-3.0,0.0,1096.0,1096.0,0.0,1634046395.337127,0.0006289482116699,17.476482868194577
4793,0,1,0,0,3,2,1096,2211110130,1130,64,1116,17,59861,29483,4,0,0,43,15,2211110130,17,59861,11123,19230,1130,1150,1130.0,1131.1764705882354,3.749999999999957,12.06249999999979,22.14532871972318,1130.0,1130.0,0.0,9864,1096,1096,1096.0,1096.0,0.0,-3.0,0.0,1096.0,1096.0,0.0,1634046395.337127,0.0,17.476482868194577
4794,0,1,0,0,3,2,1096,2211110130,1130,64,1116,17,59861,29483,4,0,0,43,15,2211110130,17,59861,11123,20360,1130,1150,1130.0,1131.111111111111,3.880570000581343,13.058823529411846,20.98765432098766,1130.0,1130.0,0.0,10960,1096,1096,1096.0,1096.0,0.0,-3.0,0.0,1096.0,1096.0,0.0,1634046395.337127,0.0,17.476482868194577
4795,0,1,0,0,3,2,1096,2211110130,1130,64,1116,17,59861,29483,4,0,0,43,15,2211110130,17,59861,11123,21490,1130,1150,1130.0,1131.0526315789473,4.006938426723828,14.055555555555864,19.944598337950133,1130.0,1130.0,0.0,12056,1096,1096,1096.0,1096.0,0.0,-3.0,0.0,1096.0,1096.0,0.0,1634046395.337764,0.0006370544433593,17.477119922637936
4796,0,1,0,0,3,2,1096,2211110130,1130,64,1116,17,59861,29483,4,0,0,43,15,2211110130,17,59861,11123,22620,1130,1150,1130.0,1131.0,4.129483209670112,15.05263157894737,19.0,1130.0,1130.0,0.0,13152,1096,1096,1096.0,1096.0,0.0,-3.0,0.0,1096.0,1096.0,0.0,1634046395.337764,0.0,17.477119922637936
4797,0,1,0,0,3,2,1096,2211110130,1130,64,1116,17,59861,29483,4,0,0,43,15,2211110130,17,59861,11123,1130,1130,1130,1130.0,1130.0,0.0,-3.0,0.0,1130.0,1130.0,0.0,14248,1096,1096,1096.0,1096.0,0.0,-3.0,0.0,1096.0,1096.0,0.0,1634046395.337764,0.0,17.477119922637936
4798,0,1,0,0,3,2,1096,2211110130,1130,64,1116,17,59861,29483,4,0,0,43,15,2211110130,17,59861,11123,2260,1130,1130,1130.0,1130.0,0.0,-3.0,0.0,1130.0,1130.0,0.0,15344,1096,1096,1096.0,1096.0,0.0,-3.0,0.0,1096.0,1096.0,0.0,1634046395.338419,0.0006549358367919,17.477774858474728
4799,0,1,0,0,3,2,1096,2211110130,1130,64,1116,17,59861,29483,4,0,0,43,15,2211110130,17,59861,11123,3390,1130,1130,1130.0,1130.0,0.0,-3.0,0.0,1130.0,1130.0,0.0,16440,1096,1096,1096.0,1096.0,0.0,-3.0,0.0,1096.0,1096.0,0.0,1634046395.338419,0.0,17.477774858474728
4800,0,1,0,0,3,2,1096,2211110130,1130,64,1116,17,59861,29483,4,0,0,43,15,2211110130,17,59861,11123,4520,1130,1130,1130.0,1130.0,0.0,-3.0,0.0,1130.0,1130.0,0.0,17536,1096,1096,1096.0,1096.0,0.0,-3.0,0.0,1096.0,1096.0,0.0,1634046395.338419,0.0,17.477774858474728
4801,0,1,0,0,3,2,1096,2211110130,1130,64,1116,17,59861,29483,4,0,0,43,15,2211110130,17,59861,11123,5650,1130,1130,1130.0,1130.0,0.0,-3.0,0.0,1130.0,1130.0,0.0,18632,1096,1096,1096.0,1096.0,0.0,-3.0,0.0,1096.0,1096.0,0.0,1634046395.33909,0.0006711483001708,17.4784460067749
4802,0,1,0,0,3,2,1096,2211110130,1130,64,1116,17,59861,29483,4,0,0,43,15,2211110130,17,59861,11123,6780,1130,1130,1130.0,1130.0,0.0,-3.0,0.0,1130.0,1130.0,0.0,19728,1096,1096,1096.0,1096.0,0.0,-3.0,0.0,1096.0,1096.0,0.0,1634046395.33909,0.0,17.4784460067749
4803,0,1,0,0,3,2,1116,2211110130,1150,64,1136,17,59861,29483,4,0,0,43,15,2211110130,17,59861,11123,7930,1130,1150,1130.0,1132.857142857143,2.041241452319302,2.1666666666666297,48.97959183673469,1130.0,1130.0,0.0,20844,1096,1116,1096.0,1097.0526315789473,4.006938426723826,14.05555555555586,19.944598337950136,1096.0,1096.0,0.0,1634046395.33909,0.0,17.4784460067749
4804,0,1,0,0,3,2,1096,2211110130,1130,64,1116,17,59861,29483,4,0,0,43,15,2211110130,17,59861,11123,9060,1130,1150,1130.0,1132.5,2.2677868380553634,3.1428571428571432,43.75,1130.0,1130.0,0.0,21940,1096,1116,1096.0,1097.0,4.129483209670112,15.05263157894737,19.0,1096.0,1096.0,0.0,1634046395.339734,0.0006439685821533,17.479089975357052
4805,0,1,0,0,3,2,1096,2211110130,1130,64,1116,17,59861,29483,4,0,0,43,15,2211110130,17,59861,11123,10190,1130,1150,1130.0,1132.2222222222222,2.4748737341529403,4.125000000000078,39.50617283950618,1130.0,1130.0,0.0,1096,1096,1096,1096.0,1096.0,0.0,-3.0,0.0,1096.0,1096.0,0.0,1634046395.339734,0.0,17.479089975357052
4806,0,1,0,0,3,2,1096,2211110130,1130,64,1116,17,59861,29483,4,0,0,43,15,2211110130,17,59861,11123,11320,1130,1150,1130.0,1132.0,2.6666666666666665,5.111111111111111,36.0,1130.0,1130.0,0.0,2192,1096,1096,1096.0,1096.0,0.0,-3.0,0.0,1096.0,1096.0,0.0,1634046395.339734,0.0,17.479089975357052
4807,0,1,0,0,3,2,1096,2211110130,1130,64,1116,17,59861,29483,4,0,0,43,15,2211110130,17,59861,11123,12450,1130,1150,1130.0,1131.8181818181818,2.8460498941515744,6.100000000000124,33.05785123966942,1130.0,1130.0,0.0,3288,1096,1096,1096.0,1096.0,0.0,-3.0,0.0,1096.0,1096.0,0.0,1634046395.340385,0.0006508827209472,17.479740858078
4808,0,1,0,0,3,2,1096,2211110130,1130,64,1116,17,59861,29483,4,0,0,43,15,2211110130,17,59861,11123,13580,1130,1150,1130.0,1131.6666666666667,3.015113445777593,7.090909090908916,30.555555555555568,1130.0,1130.0,0.0,4384,1096,1096,1096.0,1096.0,0.0,-3.0,0.0,1096.0,1096.0,0.0,1634046395.340385,0.0,17.479740858078
4809,0,1,0,0,3,2,1096,2211110130,1130,64,1116,17,59861,29483,4,0,0,43,15,2211110130,17,59861,11123,14710,1130,1150,1130.0,1131.5384615384614,3.1754264805429995,8.083333333333577,28.40236686390534,1130.0,1130.0,0.0,5480,1096,1096,1096.0,1096.0,0.0,-3.0,0.0,1096.0,1096.0,0.0,1634046395.340385,0.0,17.479740858078
4810,0,1,0,0,3,2,1096,2211110130,1130,64,1116,17,59861,29483,4,0,0,43,15,2211110130,17,59861,11123,15840,1130,1150,1130.0,1131.428571428571,3.3282011773514317,9.07692307692333,26.530612244897952,1130.0,1130.0,0.0,6576,1096,1096,1096.0,1096.0,0.0,-3.0,0.0,1096.0,1096.0,0.0,1634046395.341002,0.0006170272827148,17.480357885360714
4811,0,1,0,0,3,2,1096,2211110130,1130,64,1116,17,59861,29483,4,0,0,43,15,2211110130,17,59861,11123,16970,1130,1150,1130.0,1131.3333333333333,3.474396144861561,10.071428571428772,24.888888888888903,1130.0,1130.0,0.0,7672,1096,1096,1096.0,1096.0,0.0,-3.0,0.0,1096.0,1096.0,0.0,1634046395.341002,0.0,17.480357885360714
4812,0,1,0,0,3,2,1096,2211110130,1130,64,1116,17,59861,29483,4,0,0,43,15,2211110130,17,59861,11123,18100,1130,1150,1130.0,1131.25,3.614784456460256,11.066666666666666,23.4375,1130.0,1130.0,0.0,8768,1096,1096,1096.0,1096.0,0.0,-3.0,0.0,1096.0,1096.0,0.0,1634046395.341002,0.0,17.480357885360714
4813,0,1,0,0,3,2,1096,2211110130,1130,64,1116,17,59861,29483,4,0,0,43,15,2211110130,17,59861,11123,19230,1130,1150,1130.0,1131.1764705882354,3.749999999999957,12.06249999999979,22.14532871972318,1130.0,1130.0,0.0,9864,1096,1096,1096.0,1096.0,0.0,-3.0,0.0,1096.0,1096.0,0.0,1634046395.341697,0.000694990158081,17.481052875518795
4814,0,1,0,0,3,2,1096,2211110130,1130,64,1116,17,59861,29483,4,0,0,43,15,2211110130,17,59861,11123,20360,1130,1150,1130.0,1131.111111111111,3.880570000581343,13.058823529411846,20.98765432098766,1130.0,1130.0,0.0,10960,1096,1096,1096.0,1096.0,0.0,-3.0,0.0,1096.0,1096.0,0.0,1634046395.341697,0.0,17.481052875518795
4815,0,1,0,0,3,2,1096,2211110130,1130,64,1116,17,59861,29483,4,0,0,43,15,2211110130,17,59861,11123,21490,1130,1150,1130.0,1131.0526315789473,4.006938426723828,14.055555555555864,19.944598337950133,1130.0,1130.0,0.0,12056,1096,1096,1096.0,1096.0,0.0,-3.0,0.0,1096.0,1096.0,0.0,1634046395.341697,0.0,17.481052875518795
4816,0,1,0,0,3,2,1096,2211110130,1130,64,1116,17,59861,29483,4,0,0,43,15,2211110130,17,59861,11123,22620,1130,1150,1130.0,1131.0,4.129483209670112,15.05263157894737,19.0,1130.0,1130.0,0.0,13152,1096,1096,1096.0,1096.0,0.0,-3.0,0.0,1096.0,1096.0,0.0,1634046395.341697,0.0,17.481052875518795
4817,0,1,0,0,3,2,1096,2211110130,1130,64,1116,17,59861,29483,4,0,0,43,15,2211110130,17,59861,11123,1130,1130,1130,1130.0,1130.0,0.0,-3.0,0.0,1130.0,1130.0,0.0,14248,1096,1096,1096.0,1096.0,0.0,-3.0,0.0,1096.0,1096.0,0.0,1634046395.342199,0.0005021095275878,17.481554985046383
4818,0,1,0,0,3,2,1096,2211110130,1130,64,1116,17,59861,29483,4,0,0,43,15,2211110130,17,59861,11123,2260,1130,1130,1130.0,1130.0,0.0,-3.0,0.0,1130.0,1130.0,0.0,15344,1096,1096,1096.0,1096.0,0.0,-3.0,0.0,1096.0,1096.0,0.0,1634046395.342199,0.0,17.481554985046383
4819,0,1,0,0,3,2,1096,2211110130,1130,64,1116,17,59861,29483,4,0,0,43,15,2211110130,17,59861,11123,3390,1130,1130,1130.0,1130.0,0.0,-3.0,0.0,1130.0,1130.0,0.0,16440,1096,1096,1096.0,1096.0,0.0,-3.0,0.0,1096.0,1096.0,0.0,1634046395.342199,0.0,17.481554985046383
4820,0,1,0,0,3,2,1096,2211110130,1130,64,1116,17,59861,29483,4,0,0,43,15,2211110130,17,59861,11123,4520,1130,1130,1130.0,1130.0,0.0,-3.0,0.0,1130.0,1130.0,0.0,17536,1096,1096,1096.0,1096.0,0.0,-3.0,0.0,1096.0,1096.0,0.0,1634046395.342199,0.0,17.481554985046383
4821,0,1,0,0,3,2,1096,2211110130,1130,64,1116,17,59861,29483,4,0,0,43,15,2211110130,17,59861,11123,5650,1130,1130,1130.0,1130.0,0.0,-3.0,0.0,1130.0,1130.0,0.0,18632,1096,1096,1096.0,1096.0,0.0,-3.0,0.0,1096.0,1096.0,0.0,1634046395.342739,0.000540018081665,17.482095003128048
4822,0,1,0,0,3,2,1096,2211110130,1130,64,1116,17,59861,29483,4,0,0,43,15,2211110130,17,59861,11123,6780,1130,1130,1130.0,1130.0,0.0,-3.0,0.0,1130.0,1130.0,0.0,19728,1096,1096,1096.0,1096.0,0.0,-3.0,0.0,1096.0,1096.0,0.0,1634046395.342739,0.0,17.482095003128048
4823,0,1,0,0,3,2,1096,2211110130,1130,64,1116,17,59861,29483,4,0,0,43,15,2211110130,17,59861,11123,7910,1130,1130,1130.0,1130.0,0.0,-3.0,0.0,1130.0,1130.0,0.0,20824,1096,1096,1096.0,1096.0,0.0,-3.0,0.0,1096.0,1096.0,0.0,1634046395.342739,0.0,17.482095003128048
4824,0,1,0,0,3,2,1096,2211110130,1130,64,1116,17,59861,29483,4,0,0,43,15,2211110130,17,59861,11123,9040,1130,1130,1130.0,1130.0,0.0,-3.0,0.0,1130.0,1130.0,0.0,21920,1096,1096,1096.0,1096.0,0.0,-3.0,0.0,1096.0,1096.0,0.0,1634046395.342739,0.0,17.482095003128048
4825,0,1,0,0,3,2,1096,2211110130,1130,64,1116,17,59861,29483,4,0,0,43,15,2211110130,17,59861,11123,10170,1130,1130,1130.0,1130.0,0.0,-3.0,0.0,1130.0,1130.0,0.0,1096,1096,1096,1096.0,1096.0,0.0,-3.0,0.0,1096.0,1096.0,0.0,1634046395.343244,0.0005049705505371,17.482599973678585
4826,0,1,0,0,3,2,1096,2211110130,1130,64,1116,17,59861,29483,4,0,0,43,15,2211110130,17,59861,11123,11300,1130,1130,1130.0,1130.0,0.0,-3.0,0.0,1130.0,1130.0,0.0,2192,1096,1096,1096.0,1096.0,0.0,-3.0,0.0,1096.0,1096.0,0.0,1634046395.343244,0.0,17.482599973678585
4827,0,1,0,0,3,2,1096,2211110130,1130,64,1116,17,59861,29483,4,0,0,43,15,2211110130,17,59861,11123,12430,1130,1130,1130.0,1130.0,0.0,-3.0,0.0,1130.0,1130.0,0.0,3288,1096,1096,1096.0,1096.0,0.0,-3.0,0.0,1096.0,1096.0,0.0,1634046395.343244,0.0,17.482599973678585
4828,0,1,0,0,3,2,1096,2211110130,1130,64,1116,17,59861,29483,4,0,0,43,15,2211110130,17,59861,11123,13560,1130,1130,1130.0,1130.0,0.0,-3.0,0.0,1130.0,1130.0,0.0,4384,1096,1096,1096.0,1096.0,0.0,-3.0,0.0,1096.0,1096.0,0.0,1634046395.343244,0.0,17.482599973678585
4829,0,1,0,0,3,2,1116,2211110130,1150,64,1136,17,59861,29483,4,0,0,43,15,2211110130,17,59861,11123,14710,1130,1150,1130.0,1131.5384615384614,3.1754264805430004,8.08333333333358,28.40236686390533,1130.0,1130.0,0.0,5500,1096,1116,1096.0,1100.0,1.5,0.25,64.0,1096.0,1096.0,0.0,1634046395.343777,0.0005328655242919,17.483132839202877
4830,0,1,0,0,3,2,1096,2211110130,1130,64,1116,17,59861,29483,4,0,0,43,15,2211110130,17,59861,11123,15840,1130,1150,1130.0,1131.428571428571,3.328201177351432,9.07692307692333,26.53061224489796,1130.0,1130.0,0.0,6596,1096,1116,1096.0,1099.3333333333333,1.788854381999862,1.200000000000072,55.55555555555557,1096.0,1096.0,0.0,1634046395.344551,0.0007741451263427,17.48390698432922
4831,0,1,0,0,3,2,1096,2211110130,1130,64,1116,17,59861,29483,4,0,0,43,15,2211110130,17,59861,11123,16970,1130,1150,1130.0,1131.3333333333333,3.474396144861562,10.071428571428775,24.888888888888896,1130.0,1130.0,0.0,7692,1096,1116,1096.0,1098.857142857143,2.041241452319301,2.166666666666627,48.9795918367347,1096.0,1096.0,0.0,1634046395.346324,0.0017728805541992,17.48567986488342
4832,0,1,0,0,3,2,1096,2211110130,1130,64,1116,17,59861,29483,4,0,0,43,15,2211110130,17,59861,11123,18100,1130,1150,1130.0,1131.25,3.614784456460256,11.066666666666666,23.4375,1130.0,1130.0,0.0,8788,1096,1116,1096.0,1098.5,2.2677868380553634,3.1428571428571432,43.75,1096.0,1096.0,0.0,1634046395.346899,0.0005750656127929,17.486254930496212
4833,0,1,0,0,3,2,1096,2211110130,1130,64,1116,17,59861,29483,4,0,0,43,15,2211110130,17,59861,11123,19230,1130,1150,1130.0,1131.1764705882354,3.749999999999957,12.06249999999979,22.14532871972318,1130.0,1130.0,0.0,9884,1096,1116,1096.0,1098.2222222222222,2.4748737341529403,4.125000000000078,39.50617283950618,1096.0,1096.0,0.0,1634046395.346899,0.0,17.486254930496212
4834,0,1,0,0,3,2,1096,2211110130,1130,64,1116,17,59861,29483,4,0,0,43,15,2211110130,17,59861,11123,20360,1130,1150,1130.0,1131.111111111111,3.880570000581343,13.058823529411846,20.98765432098766,1130.0,1130.0,0.0,10980,1096,1116,1096.0,1098.0,2.6666666666666665,5.111111111111111,36.0,1096.0,1096.0,0.0,1634046395.346899,0.0,17.486254930496212
4835,0,1,0,0,3,2,1096,2211110130,1130,64,1116,17,59861,29483,4,0,0,43,15,2211110130,17,59861,11123,21490,1130,1150,1130.0,1131.0526315789473,4.006938426723828,14.055555555555864,19.944598337950133,1130.0,1130.0,0.0,12076,1096,1116,1096.0,1097.8181818181818,2.8460498941515744,6.100000000000124,33.05785123966942,1096.0,1096.0,0.0,1634046395.347424,0.0005249977111816,17.486779928207394
4836,0,1,0,0,3,2,1096,2211110130,1130,64,1116,17,59861,29483,4,0,0,43,15,2211110130,17,59861,11123,22620,1130,1150,1130.0,1131.0,4.129483209670112,15.05263157894737,19.0,1130.0,1130.0,0.0,13172,1096,1116,1096.0,1097.6666666666667,3.015113445777593,7.090909090908916,30.555555555555568,1096.0,1096.0,0.0,1634046395.347424,0.0,17.486779928207394
4837,0,1,0,0,3,2,1096,2211110130,1130,64,1116,17,59861,29483,4,0,0,43,15,2211110130,17,59861,11123,1130,1130,1130,1130.0,1130.0,0.0,-3.0,0.0,1130.0,1130.0,0.0,14268,1096,1116,1096.0,1097.5384615384614,3.1754264805429995,8.083333333333577,28.40236686390534,1096.0,1096.0,0.0,1634046395.347424,0.0,17.486779928207394
4838,0,1,0,0,3,2,1096,2211110130,1130,64,1116,17,59861,29483,4,0,0,43,15,2211110130,17,59861,11123,2260,1130,1130,1130.0,1130.0,0.0,-3.0,0.0,1130.0,1130.0,0.0,15364,1096,1116,1096.0,1097.428571428571,3.3282011773514317,9.07692307692333,26.530612244897952,1096.0,1096.0,0.0,1634046395.347424,0.0,17.486779928207394
4839,0,1,0,0,3,2,1096,2211110130,1130,64,1116,17,59861,29483,4,0,0,43,15,2211110130,17,59861,11123,3390,1130,1130,1130.0,1130.0,0.0,-3.0,0.0,1130.0,1130.0,0.0,16460,1096,1116,1096.0,1097.3333333333333,3.474396144861561,10.071428571428772,24.888888888888903,1096.0,1096.0,0.0,1634046395.347942,0.0005180835723876,17.48729801177978
4840,0,1,0,0,3,2,1096,2211110130,1130,64,1116,17,59861,29483,4,0,0,43,15,2211110130,17,59861,11123,4520,1130,1130,1130.0,1130.0,0.0,-3.0,0.0,1130.0,1130.0,0.0,17556,1096,1116,1096.0,1097.25,3.614784456460256,11.066666666666666,23.4375,1096.0,1096.0,0.0,1634046395.347942,0.0,17.48729801177978
4841,0,1,0,0,3,2,1096,2211110130,1130,64,1116,17,59861,29483,4,0,0,43,15,2211110130,17,59861,11123,5650,1130,1130,1130.0,1130.0,0.0,-3.0,0.0,1130.0,1130.0,0.0,18652,1096,1116,1096.0,1097.1764705882354,3.749999999999957,12.06249999999979,22.14532871972318,1096.0,1096.0,0.0,1634046395.347942,0.0,17.48729801177978
4842,0,1,0,0,3,2,1096,2211110130,1130,64,1116,17,59861,29483,4,0,0,43,15,2211110130,17,59861,11123,6780,1130,1130,1130.0,1130.0,0.0,-3.0,0.0,1130.0,1130.0,0.0,19748,1096,1116,1096.0,1097.111111111111,3.880570000581343,13.058823529411846,20.98765432098766,1096.0,1096.0,0.0,1634046395.347942,0.0,17.48729801177978
4843,0,1,0,0,3,2,1096,2211110130,1130,64,1116,17,59861,29483,4,0,0,43,15,2211110130,17,59861,11123,7910,1130,1130,1130.0,1130.0,0.0,-3.0,0.0,1130.0,1130.0,0.0,20844,1096,1116,1096.0,1097.0526315789473,4.006938426723828,14.055555555555864,19.944598337950133,1096.0,1096.0,0.0,1634046395.348574,0.0006318092346191,17.4879298210144
4844,0,1,0,0,3,2,1096,2211110130,1130,64,1116,17,59861,29483,4,0,0,43,15,2211110130,17,59861,11123,9040,1130,1130,1130.0,1130.0,0.0,-3.0,0.0,1130.0,1130.0,0.0,21940,1096,1116,1096.0,1097.0,4.129483209670112,15.05263157894737,19.0,1096.0,1096.0,0.0,1634046395.348574,0.0,17.4879298210144
4845,0,1,0,0,3,2,1096,2211110130,1130,64,1116,17,59861,29483,4,0,0,43,15,2211110130,17,59861,11123,10170,1130,1130,1130.0,1130.0,0.0,-3.0,0.0,1130.0,1130.0,0.0,1096,1096,1096,1096.0,1096.0,0.0,-3.0,0.0,1096.0,1096.0,0.0,1634046395.348574,0.0,17.4879298210144
4846,0,1,0,0,3,2,1096,2211110130,1130,64,1116,17,59861,29483,4,0,0,43,15,2211110130,17,59861,11123,11300,1130,1130,1130.0,1130.0,0.0,-3.0,0.0,1130.0,1130.0,0.0,2192,1096,1096,1096.0,1096.0,0.0,-3.0,0.0,1096.0,1096.0,0.0,1634046395.348574,0.0,17.4879298210144
4847,0,1,0,0,3,2,1096,2211110130,1130,64,1116,17,59861,29483,4,0,0,43,15,2211110130,17,59861,11123,12430,1130,1130,1130.0,1130.0,0.0,-3.0,0.0,1130.0,1130.0,0.0,3288,1096,1096,1096.0,1096.0,0.0,-3.0,0.0,1096.0,1096.0,0.0,1634046395.3491,0.0005261898040771,17.488456010818478
4848,0,1,0,0,3,2,1096,2211110130,1130,64,1116,17,59861,29483,4,0,0,43,15,2211110130,17,59861,11123,13560,1130,1130,1130.0,1130.0,0.0,-3.0,0.0,1130.0,1130.0,0.0,4384,1096,1096,1096.0,1096.0,0.0,-3.0,0.0,1096.0,1096.0,0.0,1634046395.3491,0.0,17.488456010818478
4849,0,1,0,0,3,2,1096,2211110130,1130,64,1116,17,59861,29483,4,0,0,43,15,2211110130,17,59861,11123,14690,1130,1130,1130.0,1130.0,0.0,-3.0,0.0,1130.0,1130.0,0.0,5480,1096,1096,1096.0,1096.0,0.0,-3.0,0.0,1096.0,1096.0,0.0,1634046395.3491,0.0,17.488456010818478
4850,0,1,0,0,3,2,1096,2211110130,1130,64,1116,17,59861,29483,4,0,0,43,15,2211110130,17,59861,11123,15820,1130,1130,1130.0,1130.0,0.0,-3.0,0.0,1130.0,1130.0,0.0,6576,1096,1096,1096.0,1096.0,0.0,-3.0,0.0,1096.0,1096.0,0.0,1634046395.349816,0.0007159709930419,17.48917198181152
4851,0,1,0,0,3,2,1096,2211110130,1130,64,1116,17,59861,29483,4,0,0,43,15,2211110130,17,59861,11123,16950,1130,1130,1130.0,1130.0,0.0,-3.0,0.0,1130.0,1130.0,0.0,7672,1096,1096,1096.0,1096.0,0.0,-3.0,0.0,1096.0,1096.0,0.0,1634046395.349816,0.0,17.48917198181152
4852,0,1,0,0,3,2,1096,2211110130,1130,64,1116,17,59861,29483,4,0,0,43,15,2211110130,17,59861,11123,18080,1130,1130,1130.0,1130.0,0.0,-3.0,0.0,1130.0,1130.0,0.0,8768,1096,1096,1096.0,1096.0,0.0,-3.0,0.0,1096.0,1096.0,0.0,1634046395.349816,0.0,17.48917198181152
4853,0,1,0,0,3,2,1096,2211110130,1130,64,1116,17,59861,29483,4,0,0,43,15,2211110130,17,59861,11123,19210,1130,1130,1130.0,1130.0,0.0,-3.0,0.0,1130.0,1130.0,0.0,9864,1096,1096,1096.0,1096.0,0.0,-3.0,0.0,1096.0,1096.0,0.0,1634046395.350305,0.0004889965057373,17.489660978317257
4854,0,1,0,0,3,2,1096,2211110130,1130,64,1116,17,59861,29483,4,0,0,43,15,2211110130,17,59861,11123,20340,1130,1130,1130.0,1130.0,0.0,-3.0,0.0,1130.0,1130.0,0.0,10960,1096,1096,1096.0,1096.0,0.0,-3.0,0.0,1096.0,1096.0,0.0,1634046395.352334,0.0020289421081542,17.49168992042541
4855,0,1,0,0,2,3,60,3232270721,94,47,80,17,29483,59861,4,0,0,43,15,2211110130,17,59861,11123,20434,94,1130,1130.0,1075.4736842105262,-4.006938426723768,14.05555555555555,53516.14404432133,1130.0,1130.0,0.0,11020,60,1096,1096.0,1001.818181818182,-2.846049894151541,6.100000000000001,88702.14876033057,1096.0,1096.0,0.0,1634046395.357436,0.0051019191741943,17.496791839599606
4856,0,1,0,0,3,2,1116,2211110130,1150,64,1136,17,59861,29483,4,0,0,43,15,2211110130,17,59861,11123,21584,94,1150,1130.0,1079.2,-4.126902377109574,15.039394113983295,51104.16,1130.0,1130.0,0.0,12136,60,1116,1096.0,1011.3333333333334,-3.0130945037310863,7.08370744949432,82306.22222222223,1096.0,1096.0,0.0,1634046395.367968,0.0105321407318115,17.507323980331417
4857,0,1,0,0,3,2,1096,2211110130,1130,64,1116,17,59861,29483,4,0,0,43,15,2211110130,17,59861,11123,1130,1130,1130,1130.0,1130.0,0.0,-3.0,0.0,1130.0,1130.0,0.0,13232,60,1116,1096.0,1017.8461538461538,-3.1733286004817054,8.075371862370881,76483.97633136094,1096.0,1096.0,0.0,1634046395.367968,0.0,17.507323980331417
4858,0,1,0,0,3,2,1096,2211110130,1130,64,1116,17,59861,29483,4,0,0,43,15,2211110130,17,59861,11123,2260,1130,1130,1130.0,1130.0,0.0,-3.0,0.0,1130.0,1130.0,0.0,14328,60,1116,1096.0,1023.4285714285714,-3.3260274145041477,9.068203973225348,71425.95918367348,1096.0,1096.0,0.0,1634046395.367968,0.0,17.507323980331417
4859,0,1,0,0,3,2,1096,2211110130,1130,64,1116,17,59861,29483,4,0,0,43,15,2211110130,17,59861,11123,3390,1130,1130,1130.0,1130.0,0.0,-3.0,0.0,1130.0,1130.0,0.0,15424,60,1116,1096.0,1028.2666666666669,-3.472149200414126,10.061953585421174,66991.92888888888,1096.0,1096.0,0.0,1634046395.367968,0.0,17.507323980331417
4860,0,1,0,0,3,2,1096,2211110130,1130,64,1116,17,59861,29483,4,0,0,43,15,2211110130,17,59861,11123,4520,1130,1130,1130.0,1130.0,0.0,-3.0,0.0,1130.0,1130.0,0.0,16520,60,1116,1096.0,1032.5,-3.612466745270548,11.056437214953894,63073.75,1096.0,1096.0,0.0,1634046395.368479,0.0005109310150146,17.507834911346432
4861,0,1,0,0,3,2,1096,2211110130,1130,64,1116,17,59861,29483,4,0,0,43,15,2211110130,17,59861,11123,5650,1130,1130,1130.0,1130.0,0.0,-3.0,0.0,1130.0,1130.0,0.0,17616,60,1116,1096.0,1036.235294117647,-3.7476137006394223,12.051517244761015,59586.76816608997,1096.0,1096.0,0.0,1634046395.368479,0.0,17.507834911346432
4862,0,1,0,0,3,2,1096,2211110130,1130,64,1116,17,59861,29483,4,0,0,43,15,2211110130,17,59861,11123,6780,1130,1130,1130.0,1130.0,0.0,-3.0,0.0,1130.0,1130.0,0.0,18712,60,1116,1096.0,1039.5555555555557,-3.878117093396444,13.047088435632762,56463.80246913579,1096.0,1096.0,0.0,1634046395.368479,0.0,17.507834911346432
4863,0,1,0,0,3,2,1096,2211110130,1130,64,1116,17,59861,29483,4,0,0,43,15,2211110130,17,59861,11123,7910,1130,1130,1130.0,1130.0,0.0,-3.0,0.0,1130.0,1130.0,0.0,19808,60,1116,1096.0,1042.5263157894738,-4.004420723481373,14.043068933092911,53650.88088642659,1096.0,1096.0,0.0,1634046395.368479,0.0,17.507834911346432
4864,0,1,0,0,3,2,1096,2211110130,1130,64,1116,17,59861,29483,4,0,0,43,15,2211110130,17,59861,11123,9040,1130,1130,1130.0,1130.0,0.0,-3.0,0.0,1130.0,1130.0,0.0,20904,60,1116,1096.0,1045.2,-4.126902377109574,15.039394113983292,51104.16,1096.0,1096.0,0.0,1634046395.368992,0.0005130767822265,17.50834798812866
4865,0,1,0,0,3,2,1096,2211110130,1130,64,1116,17,59861,29483,4,0,0,43,15,2211110130,17,59861,11123,10170,1130,1130,1130.0,1130.0,0.0,-3.0,0.0,1130.0,1130.0,0.0,1096,1096,1096,1096.0,1096.0,0.0,-3.0,0.0,1096.0,1096.0,0.0,1634046395.368992,0.0,17.50834798812866
4866,0,1,0,0,3,2,1096,2211110130,1130,64,1116,17,59861,29483,4,0,0,43,15,2211110130,17,59861,11123,11300,1130,1130,1130.0,1130.0,0.0,-3.0,0.0,1130.0,1130.0,0.0,2192,1096,1096,1096.0,1096.0,0.0,-3.0,0.0,1096.0,1096.0,0.0,1634046395.368992,0.0,17.50834798812866
4867,0,1,0,0,3,2,1096,2211110130,1130,64,1116,17,59861,29483,4,0,0,43,15,2211110130,17,59861,11123,12430,1130,1130,1130.0,1130.0,0.0,-3.0,0.0,1130.0,1130.0,0.0,3288,1096,1096,1096.0,1096.0,0.0,-3.0,0.0,1096.0,1096.0,0.0,1634046395.369499,0.0005068778991699,17.50885486602783
4868,0,1,0,0,3,2,1096,2211110130,1130,64,1116,17,59861,29483,4,0,0,43,15,2211110130,17,59861,11123,13560,1130,1130,1130.0,1130.0,0.0,-3.0,0.0,1130.0,1130.0,0.0,4384,1096,1096,1096.0,1096.0,0.0,-3.0,0.0,1096.0,1096.0,0.0,1634046395.369499,0.0,17.50885486602783
4869,0,1,0,0,3,2,1096,2211110130,1130,64,1116,17,59861,29483,4,0,0,43,15,2211110130,17,59861,11123,14690,1130,1130,1130.0,1130.0,0.0,-3.0,0.0,1130.0,1130.0,0.0,5480,1096,1096,1096.0,1096.0,0.0,-3.0,0.0,1096.0,1096.0,0.0,1634046395.369499,0.0,17.50885486602783
4870,0,1,0,0,3,2,1096,2211110130,1130,64,1116,17,59861,29483,4,0,0,43,15,2211110130,17,59861,11123,15820,1130,1130,1130.0,1130.0,0.0,-3.0,0.0,1130.0,1130.0,0.0,6576,1096,1096,1096.0,1096.0,0.0,-3.0,0.0,1096.0,1096.0,0.0,1634046395.369499,0.0,17.50885486602783
4871,0,1,0,0,3,2,1096,2211110130,1130,64,1116,17,59861,29483,4,0,0,43,15,2211110130,17,59861,11123,16950,1130,1130,1130.0,1130.0,0.0,-3.0,0.0,1130.0,1130.0,0.0,7672,1096,1096,1096.0,1096.0,0.0,-3.0,0.0,1096.0,1096.0,0.0,1634046395.370023,0.0005240440368652,17.509378910064694
4872,0,1,0,0,3,2,1096,2211110130,1130,64,1116,17,59861,29483,4,0,0,43,15,2211110130,17,59861,11123,18080,1130,1130,1130.0,1130.0,0.0,-3.0,0.0,1130.0,1130.0,0.0,8768,1096,1096,1096.0,1096.0,0.0,-3.0,0.0,1096.0,1096.0,0.0,1634046395.370023,0.0,17.509378910064694
4873,0,1,0,0,3,2,1096,2211110130,1130,64,1116,17,59861,29483,4,0,0,43,15,2211110130,17,59861,11123,19210,1130,1130,1130.0,1130.0,0.0,-3.0,0.0,1130.0,1130.0,0.0,9864,1096,1096,1096.0,1096.0,0.0,-3.0,0.0,1096.0,1096.0,0.0,1634046395.370023,0.0,17.509378910064694
4874,0,1,0,0,3,2,1096,2211110130,1130,64,1116,17,59861,29483,4,0,0,43,15,2211110130,17,59861,11123,20340,1130,1130,1130.0,1130.0,0.0,-3.0,0.0,1130.0,1130.0,0.0,10960,1096,1096,1096.0,1096.0,0.0,-3.0,0.0,1096.0,1096.0,0.0,1634046395.370023,0.0,17.509378910064694
4875,0,1,0,0,3,2,1096,2211110130,1130,64,1116,17,59861,29483,4,0,0,43,15,2211110130,17,59861,11123,21470,1130,1130,1130.0,1130.0,0.0,-3.0,0.0,1130.0,1130.0,0.0,12056,1096,1096,1096.0,1096.0,0.0,-3.0,0.0,1096.0,1096.0,0.0,1634046395.370643,0.000619888305664,17.509998798370358
4876,0,1,0,0,3,2,1096,2211110130,1130,64,1116,17,59861,29483,4,0,0,43,15,2211110130,17,59861,11123,22600,1130,1130,1130.0,1130.0,0.0,-3.0,0.0,1130.0,1130.0,0.0,13152,1096,1096,1096.0,1096.0,0.0,-3.0,0.0,1096.0,1096.0,0.0,1634046395.370643,0.0,17.509998798370358
4877,0,1,0,0,3,2,1096,2211110130,1130,64,1116,17,59861,29483,4,0,0,43,15,2211110130,17,59861,11123,1130,1130,1130,1130.0,1130.0,0.0,-3.0,0.0,1130.0,1130.0,0.0,14248,1096,1096,1096.0,1096.0,0.0,-3.0,0.0,1096.0,1096.0,0.0,1634046395.370643,0.0,17.509998798370358
4878,0,1,0,0,3,2,1096,2211110130,1130,64,1116,17,59861,29483,4,0,0,43,15,2211110130,17,59861,11123,2260,1130,1130,1130.0,1130.0,0.0,-3.0,0.0,1130.0,1130.0,0.0,15344,1096,1096,1096.0,1096.0,0.0,-3.0,0.0,1096.0,1096.0,0.0,1634046395.370643,0.0,17.509998798370358
4879,0,1,0,0,3,2,1096,2211110130,1130,64,1116,17,59861,29483,4,0,0,43,15,2211110130,17,59861,11123,3390,1130,1130,1130.0,1130.0,0.0,-3.0,0.0,1130.0,1130.0,0.0,16440,1096,1096,1096.0,1096.0,0.0,-3.0,0.0,1096.0,1096.0,0.0,1634046395.371159,0.0005161762237548,17.510514974594113
4880,0,1,0,0,3,2,1096,2211110130,1130,64,1116,17,59861,29483,4,0,0,43,15,2211110130,17,59861,11123,4520,1130,1130,1130.0,1130.0,0.0,-3.0,0.0,1130.0,1130.0,0.0,17536,1096,1096,1096.0,1096.0,0.0,-3.0,0.0,1096.0,1096.0,0.0,1634046395.371159,0.0,17.510514974594113
4881,0,1,0,0,3,2,1096,2211110130,1130,64,1116,17,59861,29483,4,0,0,43,15,2211110130,17,59861,11123,5650,1130,1130,1130.0,1130.0,0.0,-3.0,0.0,1130.0,1130.0,0.0,18632,1096,1096,1096.0,1096.0,0.0,-3.0,0.0,1096.0,1096.0,0.0,1634046395.371159,0.0,17.510514974594113
4882,0,1,0,0,3,2,1116,2211110130,1150,64,1136,17,59861,29483,4,0,0,43,15,2211110130,17,59861,11123,6800,1130,1150,1130.0,1133.3333333333333,1.788854381999862,1.200000000000072,55.55555555555557,1130.0,1130.0,0.0,19748,1096,1116,1096.0,1097.111111111111,3.880570000581344,13.05882352941185,20.98765432098765,1096.0,1096.0,0.0,1634046395.372011,0.0008518695831298,17.511366844177243
4883,0,1,0,0,3,2,1096,2211110130,1130,64,1116,17,59861,29483,4,0,0,43,15,2211110130,17,59861,11123,7930,1130,1150,1130.0,1132.857142857143,2.041241452319301,2.166666666666627,48.9795918367347,1130.0,1130.0,0.0,20844,1096,1116,1096.0,1097.0526315789473,4.006938426723826,14.05555555555586,19.944598337950136,1096.0,1096.0,0.0,1634046395.374617,0.0026061534881591,17.5139729976654
4884,0,1,0,0,3,2,1096,2211110130,1130,64,1116,17,59861,29483,4,0,0,43,15,2211110130,17,59861,11123,9060,1130,1150,1130.0,1132.5,2.2677868380553634,3.1428571428571432,43.75,1130.0,1130.0,0.0,21940,1096,1116,1096.0,1097.0,4.129483209670112,15.05263157894737,19.0,1096.0,1096.0,0.0,1634046395.374617,0.0,17.5139729976654
4885,0,1,0,0,3,2,1096,2211110130,1130,64,1116,17,59861,29483,4,0,0,43,15,2211110130,17,59861,11123,10190,1130,1150,1130.0,1132.2222222222222,2.4748737341529403,4.125000000000078,39.50617283950618,1130.0,1130.0,0.0,1096,1096,1096,1096.0,1096.0,0.0,-3.0,0.0,1096.0,1096.0,0.0,1634046395.375173,0.0005559921264648,17.514528989791867
4886,0,1,0,0,3,2,1096,2211110130,1130,64,1116,17,59861,29483,4,0,0,43,15,2211110130,17,59861,11123,11320,1130,1150,1130.0,1132.0,2.6666666666666665,5.111111111111111,36.0,1130.0,1130.0,0.0,2192,1096,1096,1096.0,1096.0,0.0,-3.0,0.0,1096.0,1096.0,0.0,1634046395.375173,0.0,17.514528989791867
4887,0,1,0,0,3,2,1096,2211110130,1130,64,1116,17,59861,29483,4,0,0,43,15,2211110130,17,59861,11123,12450,1130,1150,1130.0,1131.8181818181818,2.8460498941515744,6.100000000000124,33.05785123966942,1130.0,1130.0,0.0,3288,1096,1096,1096.0,1096.0,0.0,-3.0,0.0,1096.0,1096.0,0.0,1634046395.375173,0.0,17.514528989791867
4888,0,1,0,0,3,2,1096,2211110130,1130,64,1116,17,59861,29483,4,0,0,43,15,2211110130,17,59861,11123,13580,1130,1150,1130.0,1131.6666666666667,3.015113445777593,7.090909090908916,30.555555555555568,1130.0,1130.0,0.0,4384,1096,1096,1096.0,1096.0,0.0,-3.0,0.0,1096.0,1096.0,0.0,1634046395.375681,0.0005078315734863,17.515036821365353
4889,0,1,0,0,3,2,1096,2211110130,1130,64,1116,17,59861,29483,4,0,0,43,15,2211110130,17,59861,11123,14710,1130,1150,1130.0,1131.5384615384614,3.1754264805429995,8.083333333333577,28.40236686390534,1130.0,1130.0,0.0,5480,1096,1096,1096.0,1096.0,0.0,-3.0,0.0,1096.0,1096.0,0.0,1634046395.375681,0.0,17.515036821365353
4890,0,1,0,0,3,2,1096,2211110130,1130,64,1116,17,59861,29483,4,0,0,43,15,2211110130,17,59861,11123,15840,1130,1150,1130.0,1131.428571428571,3.3282011773514317,9.07692307692333,26.530612244897952,1130.0,1130.0,0.0,6576,1096,1096,1096.0,1096.0,0.0,-3.0,0.0,1096.0,1096.0,0.0,1634046395.375681,0.0,17.515036821365353
4891,0,1,0,0,3,2,1096,2211110130,1130,64,1116,17,59861,29483,4,0,0,43,15,2211110130,17,59861,11123,16970,1130,1150,1130.0,1131.3333333333333,3.474396144861561,10.071428571428772,24.888888888888903,1130.0,1130.0,0.0,7672,1096,1096,1096.0,1096.0,0.0,-3.0,0.0,1096.0,1096.0,0.0,1634046395.375681,0.0,17.515036821365353
4892,0,1,0,0,3,2,1096,2211110130,1130,64,1116,17,59861,29483,4,0,0,43,15,2211110130,17,59861,11123,18100,1130,1150,1130.0,1131.25,3.614784456460256,11.066666666666666,23.4375,1130.0,1130.0,0.0,8768,1096,1096,1096.0,1096.0,0.0,-3.0,0.0,1096.0,1096.0,0.0,1634046395.380259,0.0045781135559082,17.51961493492126
4893,0,1,0,0,3,2,1096,2211110130,1130,64,1116,17,59861,29483,4,0,0,43,15,2211110130,17,59861,11123,19230,1130,1150,1130.0,1131.1764705882354,3.749999999999957,12.06249999999979,22.14532871972318,1130.0,1130.0,0.0,9864,1096,1096,1096.0,1096.0,0.0,-3.0,0.0,1096.0,1096.0,0.0,1634046395.380259,0.0,17.51961493492126
4894,0,1,0,0,3,2,1096,2211110130,1130,64,1116,17,59861,29483,4,0,0,43,15,2211110130,17,59861,11123,20360,1130,1150,1130.0,1131.111111111111,3.880570000581343,13.058823529411846,20.98765432098766,1130.0,1130.0,0.0,10960,1096,1096,1096.0,1096.0,0.0,-3.0,0.0,1096.0,1096.0,0.0,1634046395.380259,0.0,17.51961493492126
4895,0,1,0,0,3,2,1096,2211110130,1130,64,1116,17,59861,29483,4,0,0,43,15,2211110130,17,59861,11123,21490,1130,1150,1130.0,1131.0526315789473,4.006938426723828,14.055555555555864,19.944598337950133,1130.0,1130.0,0.0,12056,1096,1096,1096.0,1096.0,0.0,-3.0,0.0,1096.0,1096.0,0.0,1634046395.383162,0.0029029846191406,17.5225179195404
4896,0,1,0,0,3,2,1096,2211110130,1130,64,1116,17,59861,29483,4,0,0,43,15,2211110130,17,59861,11123,22620,1130,1150,1130.0,1131.0,4.129483209670112,15.05263157894737,19.0,1130.0,1130.0,0.0,13152,1096,1096,1096.0,1096.0,0.0,-3.0,0.0,1096.0,1096.0,0.0,1634046395.383863,0.0007009506225585,17.52321887016296
4897,0,1,0,0,3,2,301,2211110130,335,64,321,17,59861,29483,4,0,0,43,15,2211110130,17,59861,11123,335,335,335,335.0,335.0,0.0,-3.0,0.0,335.0,335.0,0.0,13453,301,1096,1096.0,1034.8461538461538,-3.1754264805429413,8.08333333333333,44877.51479289941,1096.0,1096.0,0.0,1634046395.383863,0.0,17.52321887016296
4898,0,1,0,0,3,2,408,2211110130,442,64,428,17,59861,29483,4,0,0,43,15,2211110130,17,59861,11123,777,335,442,388.5,388.5,0.0,-2.0,2862.25,415.25,361.75,53.5,13861,301,1096,1096.0,990.0714285714286,-2.0670124022974834,2.320741086312685,67734.0663265306,1096.0,1096.0,0.0,1634046395.383863,0.0,17.52321887016296
4899,0,1,0,0,3,2,60,2211110130,94,64,80,17,59861,29483,4,0,0,43,15,2211110130,17,59861,11123,871,94,442,335.0,290.3333333333333,-0.4314504724661276,-1.5000000000000004,21181.55555555556,388.5,214.5,174.0,13921,60,1096,1096.0,928.0666666666668,-1.6391479370756248,0.918222228526392,117042.72888888889,1096.0,1096.0,0.0,1634046395.383863,0.0,17.52321887016296
4900,0,1,0,0,3,2,1096,2211110130,1130,64,1116,17,59861,29483,4,0,0,43,15,2211110130,17,59861,11123,2001,94,1130,388.5,500.25,0.7808918877487334,-0.8876949796023292,148081.1875,614.0,274.75,339.25,15017,60,1096,1096.0,938.5625,-1.7417872503745897,1.2735290967927329,111379.99609375,1096.0,1096.0,0.0,1634046395.400334,0.0164709091186523,17.539689779281613
4901,0,1,0,0,3,2,1096,2211110130,1130,64,1116,17,59861,29483,4,0,0,43,15,2211110130,17,59861,11123,3131,94,1130,442.0,626.2,0.1909015709373942,-1.68612985719168,181918.56,1130.0,335.0,795.0,16113,60,1096,1096.0,947.8235294117648,-1.8393519827607596,1.631481777560177,106200.4982698962,1096.0,1096.0,0.0,1634046395.401448,0.0011141300201416,17.540803909301754
4902,0,1,0,0,3,2,843,2211110130,877,64,863,17,59861,29483,4,0,0,43,15,2211110130,17,59861,11123,4008,94,1130,659.5,668.0,-0.0810911585691507,-1.5964805602698513,160335.0,1066.75,361.75,705.0,16956,60,1096,1096.0,942.0,-1.8234601468234355,1.7129350288598832,100877.0,1096.0,1096.0,0.0,1634046395.401448,0.0,17.540803909301754
4903,0,1,0,0,3,2,408,2211110130,442,64,428,17,59861,29483,4,0,0,43,15,2211110130,17,59861,11123,4450,94,1130,442.0,635.7142857142857,0.1439297550377468,-1.4784975678645116,143684.20408163263,1003.5,388.5,615.0,17364,60,1096,1096.0,913.8947368421052,-1.4867771022996628,0.5770475165344133,109785.98891966758,1096.0,969.5,126.5,1634046395.401448,0.0,17.540803909301754
4904,0,1,0,0,3,2,1096,2211110130,1130,64,1116,17,59861,29483,4,0,0,43,15,2211110130,17,59861,11123,5580,94,1130,659.5,697.5,-0.1098469144992136,-1.5776036768106316,152446.0,1130.0,415.25,714.75,18460,60,1096,1096.0,923.0,-1.566691785424378,0.8296753203302636,105871.9,1096.0,1032.75,63.25,1634046395.403246,0.0017979145050048,17.54260182380676
4905,0,1,0,0,3,2,1096,2211110130,1130,64,1116,17,59861,29483,4,0,0,43,15,2211110130,17,59861,11123,6710,94,1130,877.0,745.5555555555555,-0.3166445215558684,-1.531880895121234,153982.24691358025,1130.0,442.0,688.0,1096,1096,1096,1096.0,1096.0,0.0,-3.0,0.0,1096.0,1096.0,0.0,1634046395.403246,0.0,17.54260182380676
4906,0,1,0,0,3,2,1096,2211110130,1130,64,1116,17,59861,29483,4,0,0,43,15,2211110130,17,59861,11123,7840,94,1130,1003.5,784.0,-0.4918057249432043,-1.4116995488894375,151885.8,1130.0,442.0,688.0,2192,1096,1096,1096.0,1096.0,0.0,-3.0,0.0,1096.0,1096.0,0.0,1634046395.403246,0.0,17.54260182380676
4907,0,1,0,0,3,2,1096,2211110130,1130,64,1116,17,59861,29483,4,0,0,43,15,2211110130,17,59861,11123,8970,94,1130,1130.0,815.4545454545455,-0.6446527148014105,-1.2485011065865876,147971.88429752068,1130.0,442.0,688.0,3288,1096,1096,1096.0,1096.0,0.0,-3.0,0.0,1096.0,1096.0,0.0,1634046395.403985,0.0007390975952148,17.543340921401974
4908,0,1,0,0,3,2,644,2211110130,678,64,664,17,59861,29483,4,0,0,43,15,2211110130,17,59861,11123,9648,94,1130,1003.5,804.0,-0.5741345141278809,-1.2045054421738532,137084.16666666666,1130.0,442.0,688.0,3932,644,1096,1096.0,983.0,-1.1547005383792517,-0.6666666666666665,38307.0,1096.0,983.0,113.0,1634046395.403985,0.0,17.543340921401974
4909,0,1,0,0,3,2,1116,2211110130,1150,64,1136,17,59861,29483,4,0,0,43,15,2211110130,17,59861,11123,10798,94,1150,1130.0,830.6153846153846,-0.695503882069387,-1.061610110831427,135039.77514792903,1130.0,442.0,688.0,5048,644,1116,1096.0,1009.6,-1.4931849915612596,0.2412490512561627,33475.84,1096.0,1096.0,0.0,1634046395.407271,0.0032858848571777,17.54662680625915
4910,0,1,0,0,3,2,1096,2211110130,1130,64,1116,17,59861,29483,4,0,0,43,15,2211110130,17,59861,11123,11928,94,1150,1130.0,852.0,-0.8102707855220108,-0.8935929955881727,131339.0,1130.0,501.0,629.0,6144,644,1116,1096.0,1024.0,-1.7813096890955604,1.1869839665314623,28933.33333333333,1096.0,1096.0,0.0,1634046395.407271,0.0,17.54662680625915
4911,0,1,0,0,3,2,1096,2211110130,1130,64,1116,17,59861,29483,4,0,0,43,15,2211110130,17,59861,11123,13058,94,1150,1130.0,870.5333333333333,-0.916087354488685,-0.7116784450015663,127391.84888888888,1130.0,560.0,570.0,7240,644,1116,1096.0,1034.2857142857142,-2.033064364906976,2.149479918866205,25434.77551020408,1096.0,1096.0,0.0,1634046395.407271,0.0,17.54662680625915
4912,0,1,0,0,3,2,1096,2211110130,1130,64,1116,17,59861,29483,4,0,0,43,15,2211110130,17,59861,11123,14188,94,1150,1130.0,886.75,-1.014530584530771,-0.519539408954619,123374.5625,1130.0,619.0,511.0,8336,644,1116,1096.0,1042.0,-2.2590389119561105,3.12156445774642,22672.0,1096.0,1096.0,0.0,1634046395.408007,0.0007359981536865,17.54736280441284
4913,0,1,0,0,3,2,1096,2211110130,1130,64,1116,17,59861,29483,4,0,0,43,15,2211110130,17,59861,11123,15318,94,1150,1130.0,901.0588235294116,-1.1067916744988784,-0.3196617932500434,119393.11418685122,1130.0,678.0,452.0,9432,644,1116,1096.0,1048.0,-2.4655988121191745,4.099646286053483,20440.88888888889,1096.0,1096.0,0.0,1634046395.408007,0.0,17.54736280441284
4914,0,1,0,0,3,2,1096,2211110130,1130,64,1116,17,59861,29483,4,0,0,43,15,2211110130,17,59861,11123,16448,94,1150,1130.0,913.7777777777778,-1.1937907305091584,-0.1137872981568115,115510.28395061727,1130.0,727.75,402.25,10528,644,1116,1096.0,1052.8,-2.6568983791326723,5.081728374478651,18604.16,1096.0,1096.0,0.0,1634046395.409107,0.0011000633239746,17.548462867736813
4915,0,1,0,0,3,2,1096,2211110130,1130,64,1116,17,59861,29483,4,0,0,43,15,2211110130,17,59861,11123,17578,94,1150,1130.0,925.157894736842,-1.2762525872510333,0.0968278895155889,111761.92243767314,1130.0,777.5,352.5,11624,644,1116,1096.0,1056.7272727272727,-2.8358153294210973,6.066611713001967,17067.107438016534,1096.0,1096.0,0.0,1634046395.409107,0.0,17.548462867736813
4916,0,1,0,0,3,2,456,2211110130,490,64,476,17,59861,29483,4,0,0,43,15,2211110130,17,59861,11123,18068,94,1150,1130.0,903.4,-1.0718574098066798,-0.3938735579446613,115168.54,1130.0,631.0,499.0,12080,456,1116,1096.0,1006.6666666666666,-1.9199996101479295,1.90770118604033,43211.55555555556,1096.0,1096.0,0.0,1634046395.409107,0.0,17.548462867736813
4917,0,1,0,0,3,2,1096,2211110130,1130,64,1116,17,59861,29483,4,0,0,43,15,2211110130,17,59861,11123,1130,1130,1130,1130.0,1130.0,0.0,-3.0,0.0,1130.0,1130.0,0.0,13176,456,1116,1096.0,1013.5384615384615,-2.052354378427198,2.445241381552636,40454.24852071005,1096.0,1096.0,0.0,1634046395.409726,0.0006189346313476,17.54908180236816
4918,0,1,0,0,3,2,1096,2211110130,1130,64,1116,17,59861,29483,4,0,0,43,15,2211110130,17,59861,11123,2260,1130,1130,1130.0,1130.0,0.0,-3.0,0.0,1130.0,1130.0,0.0,14272,456,1116,1096.0,1019.4285714285714,-2.17729149227578,2.985696677108693,38015.673469387744,1096.0,1096.0,0.0,1634046395.409726,0.0,17.54908180236816
4919,0,1,0,0,3,2,1096,2211110130,1130,64,1116,17,59861,29483,4,0,0,43,15,2211110130,17,59861,11123,3390,1130,1130,1130.0,1130.0,0.0,-3.0,0.0,1130.0,1130.0,0.0,15368,456,1116,1096.0,1024.5333333333333,-2.295889077084708,3.528400030848762,35846.11555555555,1096.0,1096.0,0.0,1634046395.409726,0.0,17.54908180236816
4920,0,1,0,0,3,2,1096,2211110130,1130,64,1116,17,59861,29483,4,0,0,43,15,2211110130,17,59861,11123,4520,1130,1130,1130.0,1130.0,0.0,-3.0,0.0,1130.0,1130.0,0.0,16464,456,1116,1096.0,1029.0,-2.408992593788841,4.072873490541214,33905.0,1096.0,1096.0,0.0,1634046395.410229,0.0005030632019042,17.549584865570065
4921,0,1,0,0,3,2,1096,2211110130,1130,64,1116,17,59861,29483,4,0,0,43,15,2211110130,17,59861,11123,5650,1130,1130,1130.0,1130.0,0.0,-3.0,0.0,1130.0,1130.0,0.0,17560,456,1116,1096.0,1032.9411764705883,-2.5172785953714283,4.618765625126078,32159.114186851213,1096.0,1096.0,0.0,1634046395.410229,0.0,17.549584865570065
4922,0,1,0,0,3,2,864,2211110130,898,64,884,17,59861,29483,4,0,0,43,15,2211110130,17,59861,11123,6548,898,1130,1130.0,1091.3333333333333,-1.7888543819998295,1.1999999999999948,7475.555555555556,1130.0,1130.0,0.0,18424,456,1116,1096.0,1023.5555555555557,-2.2990661344689367,3.871110828076154,31870.024691358027,1096.0,1096.0,0.0,1634046395.410229,0.0,17.549584865570065
4923,0,1,0,0,2,3,60,3232270721,94,47,80,17,29483,59861,4,0,0,43,15,2211110130,17,59861,11123,6642,94,1130,1130.0,948.8571428571428,-1.852065038870228,1.6884747559003204,128204.40816326533,1130.0,1014.0,116.0,18484,60,1116,1096.0,972.842105263158,-2.255437263625147,4.028095279424507,76486.02770083104,1096.0,1096.0,0.0,1634046395.412577,0.0023479461669921,17.551932811737057
4924,0,1,0,0,3,2,52,2211110130,86,64,72,17,59861,29483,4,0,0,43,15,2211110130,17,59861,11123,6728,86,1130,1130.0,841.0,-1.065732211145808,-0.7618115217483057,193611.0,1130.0,697.0,433.0,18536,52,1116,1096.0,926.8,-1.809194989347424,1.7762832231849348,112939.36000000002,1096.0,1038.0,58.0,1634046395.427262,0.0146851539611816,17.56661796569824
4925,0,1,0,0,3,2,408,2211110130,442,64,428,17,59861,29483,4,0,0,43,15,2211110130,17,59861,11123,7170,86,1130,1130.0,796.6666666666666,-0.7701985660319849,-1.1841939158778432,187822.22222222225,1130.0,442.0,688.0,408,408,408,408.0,408.0,0.0,-3.0,0.0,408.0,408.0,0.0,1634046395.431369,0.0041069984436035,17.570724964141842
4926,0,1,0,0,2,3,60,3232270721,94,47,80,17,29483,59861,4,0,0,43,15,2211110130,17,59861,11123,7264,86,1130,1014.0,726.4,-0.4640391344904794,-1.62161939869237,213476.64,1130.0,181.0,949.0,468,60,408,234.0,234.0,0.0,-2.0,30276.0,321.0,147.0,174.0,1634046395.449776,0.018406867980957,17.5891318321228
4927,0,1,0,0,2,3,52,3232270721,86,47,72,17,29483,59861,4,0,0,43,15,2211110130,17,59861,11123,7350,86,1130,898.0,668.1818181818181,-0.2340348536432537,-1.810476225402968,227963.23966942148,1130.0,94.0,1036.0,520,52,408,60.0,173.33333333333334,0.7058747686471649,-1.5000000000000009,27544.88888888889,234.0,56.0,178.0,1634046395.449803,2.7179718017578125e-05,17.589159011840817
4928,0,1,0,0,3,2,1096,2211110130,1130,64,1116,17,59861,29483,4,0,0,43,15,2211110130,17,59861,11123,8480,86,1130,1014.0,706.6666666666666,-0.3854275816063891,-1.7230356267544082,225258.22222222225,1130.0,94.0,1036.0,1616,52,1096,234.0,404.0,0.8068770070569964,-1.010312693087089,180280.0,580.0,58.0,522.0,1634046395.460685,0.0108819007873535,17.60004091262817
4929,0,1,0,0,3,2,1096,2211110130,1130,64,1116,17,59861,29483,4,0,0,43,15,2211110130,17,59861,11123,9610,86,1130,1130.0,739.2307692307693,-0.5189697729510829,-1.6057874235442784,220655.71597633132,1130.0,94.0,1036.0,2712,52,1096,408.0,542.4,0.2056277821717038,-1.769079447190631,220842.24,1096.0,60.0,1036.0,1634046395.461232,0.0005469322204589,17.60058784484863
4930,0,1,0,0,3,2,1096,2211110130,1130,64,1116,17,59861,29483,4,0,0,43,15,2211110130,17,59861,11123,10740,86,1130,1130.0,767.1428571428571,-0.6390124996158593,-1.4685255481216986,215022.69387755104,1130.0,181.0,949.0,3808,52,1096,752.0,634.6666666666666,-0.1617496194897335,-1.8222586973094632,226600.88888888888,1096.0,147.0,949.0,1634046395.4659,0.0046679973602294,17.60525584220886
4931,0,1,0,0,3,2,1096,2211110130,1130,64,1116,17,59861,29483,4,0,0,43,15,2211110130,17,59861,11123,11870,86,1130,1130.0,791.3333333333334,-0.7484839173426279,-1.3171850529949705,208880.3555555555,1130.0,268.0,862.0,4904,52,1096,1096.0,700.5714285714286,-0.4330013432510904,-1.6739823289169846,220289.95918367343,1096.0,234.0,862.0,1634046395.4659,0.0,17.60525584220886
4932,0,1,0,0,3,2,521,2211110130,555,64,541,17,59861,29483,4,0,0,43,15,2211110130,17,59861,11123,12425,86,1130,1130.0,776.5625,-0.6639897441634962,-1.3531015063304948,199097.99609375,1130.0,355.0,775.0,5425,52,1096,808.5,678.125,-0.3066759172496132,-1.6127086456580588,196280.609375,1096.0,321.0,775.0,1634046395.4659,0.0,17.60525584220886
4933,0,1,0,0,2,3,60,3232270721,94,47,80,17,29483,59861,4,0,0,43,15,2211110130,17,59861,11123,12519,86,1130,1130.0,736.4117647058823,-0.492553671984692,-1.5837989989264452,213179.6539792388,1130.0,94.0,1036.0,5485,52,1096,521.0,609.4444444444445,-0.0603435738478355,-1.7546664637053278,212207.80246913584,1096.0,60.0,1036.0,1634046395.466306,0.0004060268402099,17.60566186904907
4934,0,1,0,0,3,2,56,2211110130,90,64,76,17,59861,29483,4,0,0,43,15,2211110130,17,59861,11123,12609,86,1130,1014.0,700.5,-0.3478381742826757,-1.7263755792135602,223260.47222222225,1130.0,94.0,1036.0,5541,52,1096,464.5,554.1,0.1389372038853076,-1.7654225011281155,218554.09,1096.0,60.0,1036.0,1634046395.479681,0.0133750438690185,17.619036912918087
4935,0,1,0,0,3,2,408,2211110130,442,64,428,17,59861,29483,4,0,0,43,15,2211110130,17,59861,11123,13051,86,1130,898.0,686.8947368421053,-0.2701349745428404,-1.728789181520417,214841.7783933518,1130.0,94.0,1036.0,5949,52,1096,408.0,540.8181818181819,0.2296634728124329,-1.6427602067177478,200449.6033057851,1096.0,60.0,1036.0,1634046395.479681,0.0,17.619036912918087
4936,0,1,0,0,2,3,56,3232270721,90,47,76,17,29483,59861,4,0,0,43,15,2211110130,17,59861,11123,13141,86,1130,726.5,657.05,-0.1575679312638206,-1.793237773305708,221023.1475,1130.0,94.0,1036.0,6005,52,1096,408.0,500.4166666666667,0.3743417948749677,-1.5720007994972531,201700.57638888888,1096.0,59.0,1037.0,1634046395.483801,0.004119873046875,17.623156785964962
4937,0,1,0,0,2,3,60,3232270721,94,47,80,17,29483,59861,4,0,0,43,15,2211110130,17,59861,11123,94,94,94,94.0,94.0,0.0,-3.0,0.0,94.0,94.0,0.0,6065,52,1096,408.0,466.5384615384616,0.5043019593161017,-1.4680333170000308,199957.94082840235,1096.0,60.0,1036.0,1634046395.483865,6.413459777832031e-05,17.62322092056274
4938,0,1,0,0,3,2,60,2211110130,94,64,80,17,59861,29483,4,0,0,43,15,2211110130,17,59861,11123,188,94,94,94.0,94.0,0.0,-3.0,0.0,94.0,94.0,0.0,6125,52,1096,234.0,437.5,0.6218877210258885,-1.3413989727548636,196637.25,952.25,60.0,892.25,1634046395.492718,0.0088529586791992,17.63207387924194
4939,0,1,0,0,3,2,1096,2211110130,1130,64,1116,17,59861,29483,4,0,0,43,15,2211110130,17,59861,11123,1318,94,1130,94.0,439.3333333333333,0.7071067811865478,-1.5,238510.22222222225,612.0,94.0,518.0,7221,52,1096,408.0,481.4,0.4331833003581011,-1.587201750464305,210509.04000000004,1096.0,60.0,1036.0,1634046395.492718,0.0,17.63207387924194
4940,0,1,0,0,3,2,1096,2211110130,1130,64,1116,17,59861,29483,4,0,0,43,15,2211110130,17,59861,11123,2448,94,1130,612.0,612.0,0.0,-2.0,268324.0,1130.0,94.0,1036.0,8317,52,1096,408.0,519.8125,0.2760347807931824,-1.7274158335790617,219485.02734375,1096.0,60.0,1036.0,1634046395.493189,0.0004711151123046,17.632544994354244
4941,0,1,0,0,3,2,1096,2211110130,1130,64,1116,17,59861,29483,4,0,0,43,15,2211110130,17,59861,11123,3578,94,1130,1130.0,715.6,-0.4082482904638631,-1.8333333333333333,257591.04000000004,1130.0,94.0,1036.0,9413,52,1096,408.0,553.7058823529412,0.141096580734045,-1.8026833776321192,224954.3252595156,1096.0,60.0,1036.0,1634046395.501148,0.0079588890075683,17.640503883361813
4942,0,1,0,0,3,2,1096,2211110130,1130,64,1116,17,59861,29483,4,0,0,43,15,2211110130,17,59861,11123,4708,94,1130,1130.0,784.6666666666666,-0.707106781186547,-1.5000000000000009,238510.22222222228,1130.0,353.0,777.0,10509,52,1096,464.5,583.8333333333334,0.022553228068998,-1.8352082204736733,227887.13888888888,1096.0,60.0,1036.0,1634046395.501148,0.0,17.640503883361813
4943,0,1,0,0,3,2,703,2211110130,737,64,723,17,59861,29483,4,0,0,43,15,2211110130,17,59861,11123,5445,94,1130,1130.0,777.8571428571429,-0.7172192922662124,-1.2992720057425693,204715.5510204081,1130.0,415.5,714.5,11212,52,1096,521.0,590.1052631578947,-0.0164901221409731,-1.77849746680089,216601.14681440443,1096.0,60.0,1036.0,1634046395.501148,0.0,17.640503883361813
4944,0,1,0,0,3,2,1116,2211110130,1150,64,1136,17,59861,29483,4,0,0,43,15,2211110130,17,59861,11123,6595,94,1150,1130.0,824.375,-0.9213954454824697,-0.9620518223270192,194273.484375,1130.0,576.25,553.75,12328,52,1116,612.0,616.4,-0.1131942451500035,-1.7776076442958393,218907.94,1096.0,60.0,1036.0,1634046395.501924,0.0007760524749755,17.64127993583679
4945,0,1,0,0,3,2,408,2211110130,442,64,428,17,59861,29483,4,0,0,43,15,2211110130,17,59861,11123,7037,94,1150,1130.0,781.8888888888889,-0.6475208973092069,-1.2920286975366333,187128.09876543208,1130.0,442.0,688.0,408,408,408,408.0,408.0,0.0,-3.0,0.0,408.0,408.0,0.0,1634046395.509406,0.0074820518493652,17.648761987686154
4946,0,1,0,0,3,2,1096,2211110130,1130,64,1116,17,59861,29483,4,0,0,43,15,2211110130,17,59861,11123,8167,94,1150,1130.0,816.7,-0.8128547032728881,-1.0537155630594792,179321.61000000002,1130.0,515.75,614.25,1504,408,1096,752.0,752.0,0.0,-2.0,118336.0,924.0,580.0,344.0,1634046395.517364,0.0079579353332519,17.656719923019406
4947,0,1,0,0,3,2,1096,2211110130,1130,64,1116,17,59861,29483,4,0,0,43,15,2211110130,17,59861,11123,9297,94,1150,1130.0,845.1818181818181,-0.9600199785588266,-0.7914149395513572,171131.78512396698,1130.0,589.5,540.5,2600,408,1096,1096.0,866.6666666666666,-0.7071067811865471,-1.5000000000000009,105187.55555555556,1096.0,752.0,344.0,1634046395.519782,0.002418041229248,17.659137964248654
4948,0,1,0,0,3,2,1096,2211110130,1130,64,1116,17,59861,29483,4,0,0,43,15,2211110130,17,59861,11123,10427,94,1150,1130.0,868.9166666666666,-1.0933909811344136,-0.5133276018302007,163067.5763888889,1130.0,663.25,466.75,3696,408,1096,1096.0,924.0,-1.1547005383792517,-0.6666666666666665,88752.0,1096.0,924.0,172.0,1634046395.519782,0.0,17.659137964248654
4949,0,1,0,0,3,2,1096,2211110130,1130,64,1116,17,59861,29483,4,0,0,43,15,2211110130,17,59861,11123,11557,94,1150,1130.0,889.0,-1.2159069100546591,-0.2243021978358395,155364.0,1130.0,737.0,393.0,4792,408,1096,1096.0,958.4,-1.5,0.2499999999999982,75735.04000000001,1096.0,1096.0,0.0,1634046395.520423,0.000640869140625,17.65977883338928
4950,0,1,0,0,3,2,855,2211110130,889,64,875,17,59861,29483,4,0,0,43,15,2211110130,17,59861,11123,12446,94,1150,1130.0,889.0,-1.2618062326821384,-0.0107869822847499,144266.57142857142,1130.0,775.0,355.0,5647,408,1096,1096.0,941.1666666666666,-1.394331686207887,0.3215467568967098,64597.47222222222,1096.0,915.25,180.75,1634046395.520423,0.0,17.65977883338928
4951,0,1,0,0,3,2,408,2211110130,442,64,428,17,59861,29483,4,0,0,43,15,2211110130,17,59861,11123,12888,94,1150,1130.0,859.2,-1.0160218440054092,-0.5448523331464914,147081.36,1130.0,589.5,540.5,6055,408,1096,1096.0,865.0,-0.7469088305832384,-1.267412946726691,90177.42857142857,1096.0,631.5,464.5,1634046395.532784,0.0123610496520996,17.67213988304138
4952,0,1,0,0,2,3,60,3232270721,94,47,80,17,29483,59861,4,0,0,43,15,2211110130,17,59861,11123,12982,94,1150,1130.0,811.375,-0.7965295266768475,-1.045187548682732,172197.234375,1130.0,442.0,688.0,6115,60,1096,975.5,764.375,-0.6325969734567929,-1.1788220380751762,149782.984375,1096.0,408.0,688.0,1634046395.535167,0.0023829936981201,17.6745228767395
4953,0,1,0,0,3,2,1096,2211110130,1130,64,1116,17,59861,29483,4,0,0,43,15,2211110130,17,59861,11123,14112,94,1150,1130.0,830.1176470588235,-0.8898074650600187,-0.8880190388415583,167688.57439446368,1130.0,442.0,688.0,7211,60,1096,1096.0,801.2222222222222,-0.8145661695339922,-0.9240708025979116,144002.17283950618,1096.0,408.0,688.0,1634046395.553973,0.018805980682373,17.69332885742187
4954,0,1,0,0,3,2,1096,2211110130,1130,64,1116,17,59861,29483,4,0,0,43,15,2211110130,17,59861,11123,15242,94,1150,1130.0,846.7777777777778,-0.9772418578547152,-0.7233715311778441,163091.06172839509,1130.0,515.75,614.25,8307,60,1096,1096.0,830.7,-0.9751633834650328,-0.636293595134493,137422.41,1096.0,519.75,576.25,1634046395.553973,0.0,17.69332885742187
4955,0,1,0,0,3,2,1096,2211110130,1130,64,1116,17,59861,29483,4,0,0,43,15,2211110130,17,59861,11123,16372,94,1150,1130.0,861.6842105263158,-1.0596877561864328,-0.5528682118431059,158506.95290858726,1130.0,589.5,540.5,9403,60,1096,1096.0,854.8181818181819,-1.119763342753806,-0.3277429856003993,130746.33057851238,1096.0,631.5,464.5,1634046395.554681,0.0007081031799316,17.694036960601803
4956,0,1,0,0,3,2,1096,2211110130,1130,64,1116,17,59861,29483,4,0,0,43,15,2211110130,17,59861,11123,17502,94,1150,1130.0,875.1,-1.1378227469335327,-0.3776955124475063,154001.28999999998,1130.0,663.25,466.75,10499,60,1096,1096.0,874.9166666666666,-1.2519329895535622,-0.0052939642604172,124294.24305555556,1096.0,743.25,352.75,1634046395.554681,0.0,17.694036960601803
4957,0,1,0,0,3,2,755,2211110130,789,64,775,17,59861,29483,4,0,0,43,15,2211110130,17,59861,11123,789,789,789,789.0,789.0,0.0,-3.0,0.0,789.0,789.0,0.0,11254,60,1096,1096.0,865.6923076923077,-1.2078609795110231,0.0530662363344394,115754.21301775143,1096.0,755.0,341.0,1634046395.554681,0.0,17.694036960601803
4958,0,1,0,0,2,3,60,3232270721,94,47,80,17,29483,59861,4,0,0,43,15,2211110130,17,59861,11123,883,94,789,441.5,441.5,0.0,-2.0,120756.25,615.25,267.75,347.5,11314,60,1096,1096.0,808.1428571428571,-0.9475752714432776,-0.6904047887988085,150541.26530612246,1096.0,494.75,601.25,1634046395.571722,0.0170409679412841,17.711077928543087
4959,0,1,0,0,3,2,408,2211110130,442,64,428,17,59861,29483,4,0,0,43,15,2211110130,17,59861,11123,1325,94,789,442.0,441.6666666666667,-0.0017622206070166,-1.5000000000000004,80504.22222222223,615.5,268.0,347.5,11722,60,1096,1096.0,781.4666666666667,-0.7515936328016624,-1.0019335030647554,150467.8488888889,1096.0,408.0,688.0,1634046395.580718,0.0089960098266601,17.720073938369747
4960,0,1,0,0,3,2,1096,2211110130,1130,64,1116,17,59861,29483,4,0,0,43,15,2211110130,17,59861,11123,2455,94,1130,615.5,613.75,-0.0108489275558443,-1.3627249721648744,149216.1875,874.25,355.0,519.25,12818,60,1096,1096.0,801.125,-0.8502111671146606,-0.8466353862626144,146860.359375,1096.0,408.0,688.0,1634046395.580718,0.0,17.720073938369747
4961,0,1,0,0,2,3,60,3232270721,94,47,80,17,29483,59861,4,0,0,43,15,2211110130,17,59861,11123,2549,94,1130,442.0,509.8,0.3545764836294978,-1.3823317017419352,162595.36000000002,789.0,94.0,695.0,12878,60,1096,1096.0,757.5294117647059,-0.6764639340715346,-1.1937496401040182,168630.7197231834,1096.0,408.0,688.0,1634046395.589484,0.0087659358978271,17.728839874267575
4962,0,1,0,0,3,2,1096,2211110130,1130,64,1116,17,59861,29483,4,0,0,43,15,2211110130,17,59861,11123,3679,94,1130,615.5,613.1666666666666,-0.0067692511767401,-1.6466354030563524,188919.47222222225,1044.75,181.0,863.75,13974,60,1096,1096.0,776.3333333333334,-0.7652472345874549,-1.0686502750858364,165273.33333333334,1096.0,408.0,688.0,1634046395.594673,0.0051889419555664,17.73402881622314
4963,0,1,0,0,3,2,1096,2211110130,1130,64,1116,17,59861,29483,4,0,0,43,15,2211110130,17,59861,11123,4809,94,1130,789.0,687.0,-0.2826269256902379,-1.6177260613639202,194639.14285714287,1130.0,268.0,862.0,15070,60,1096,1096.0,793.1578947368421,-0.8484995914467515,-0.9352923174940247,161669.92243767309,1096.0,408.0,688.0,1634046395.594673,0.0,17.73402881622314
4964,0,1,0,0,3,2,1096,2211110130,1130,64,1116,17,59861,29483,4,0,0,43,15,2211110130,17,59861,11123,5939,94,1130,959.5,742.375,-0.5048325058984514,-1.464047300447668,191773.984375,1130.0,355.0,775.0,16166,60,1096,1096.0,808.3,-0.9270087640297126,-0.7954355952232341,157942.81,1096.0,408.0,688.0,1634046395.594673,0.0,17.73402881622314
4965,0,1,0,0,3,2,708,2211110130,742,64,728,17,59861,29483,4,0,0,43,15,2211110130,17,59861,11123,6681,94,1130,789.0,742.3333333333334,-0.5351529120078823,-1.2722695826862964,170465.77777777778,1130.0,442.0,688.0,708,708,708,708.0,708.0,0.0,-3.0,0.0,708.0,708.0,0.0,1634046395.595192,0.0005190372467041,17.734547853469845
4966,0,1,0,0,2,3,60,3232270721,94,47,80,17,29483,59861,4,0,0,43,15,2211110130,17,59861,11123,6775,94,1130,765.5,677.5,-0.28312016409518,-1.5818371039582315,191249.45,1130.0,181.0,949.0,768,60,708,384.0,384.0,0.0,-2.0,104976.0,546.0,222.0,324.0,1634046395.607361,0.0121691226959228,17.746716976165768
4967,0,1,0,0,3,2,60,2211110130,94,64,80,17,59861,29483,4,0,0,43,15,2211110130,17,59861,11123,6869,94,1130,742.0,624.4545454545455,-0.0803210158507188,-1.7077812055552424,202001.33884297524,1130.0,94.0,1036.0,828,60,708,60.0,276.0,0.7071067811865476,-1.5,93312.0,384.0,60.0,324.0,1634046395.622122,0.0147609710693359,17.761477947235104
4968,0,1,0,0,3,2,52,2211110130,86,64,72,17,59861,29483,4,0,0,43,15,2211110130,17,59861,11123,6955,86,1130,592.0,579.5833333333334,0.0879671961233724,-1.7361185001925383,207315.57638888888,1130.0,94.0,1036.0,880,52,708,60.0,220.0,1.1542338728947583,-0.6670219667051209,79392.0,222.0,58.0,164.0,1634046395.62744,0.0053179264068603,17.766795873641964
4969,0,1,0,0,3,2,1096,2211110130,1130,64,1116,17,59861,29483,4,0,0,43,15,2211110130,17,59861,11123,8085,86,1130,742.0,621.9230769230769,-0.0674367505308609,-1.7635822384867366,212880.0710059172,1130.0,94.0,1036.0,1976,52,1096,60.0,395.2,0.6442996514514882,-1.32939024840706,186293.76,708.0,60.0,648.0,1634046395.628305,0.0008649826049804,17.767660856246945
4970,0,1,0,0,3,2,1096,2211110130,1130,64,1116,17,59861,29483,4,0,0,43,15,2211110130,17,59861,11123,9215,86,1130,765.5,658.2142857142857,-0.2030715658418222,-1.7423436596142197,214796.0255102041,1130.0,94.0,1036.0,3072,52,1096,384.0,512.0,0.195424143857331,-1.7904725411885405,223456.0,999.0,60.0,939.0,1634046395.628305,0.0,17.767660856246945
4971,0,1,0,0,3,2,1096,2211110130,1130,64,1116,17,59861,29483,4,0,0,43,15,2211110130,17,59861,11123,10345,86,1130,789.0,689.6666666666666,-0.3237311762071702,-1.6888695994793372,214325.82222222225,1130.0,94.0,1036.0,4168,52,1096,708.0,595.4285714285714,-0.1138030485868654,-1.8448324929952555,233295.6734693877,1096.0,60.0,1036.0,1634046395.628305,0.0,17.767660856246945
4972,0,1,0,0,3,2,1096,2211110130,1130,64,1116,17,59861,29483,4,0,0,43,15,2211110130,17,59861,11123,11475,86,1130,959.5,717.1875,-0.4327214575960046,-1.613039553060455,212291.40234375,1130.0,94.0,1036.0,5264,52,1096,902.0,658.0,-0.3522944096684168,-1.7459463914151163,231540.0,1096.0,60.0,1036.0,1634046395.629046,0.0007410049438476,17.768401861190792
4973,0,1,0,0,3,2,1096,2211110130,1130,64,1116,17,59861,29483,4,0,0,43,15,2211110130,17,59861,11123,12605,86,1130,1130.0,741.4705882352941,-0.5323860485011866,-1.5211014001532346,209238.36678200687,1130.0,94.0,1036.0,6360,52,1096,1096.0,706.6666666666666,-0.5488458292246491,-1.574053946838723,224760.88888888888,1096.0,60.0,1036.0,1634046395.629046,0.0,17.768401861190792
4974,0,1,0,0,3,2,1096,2211110130,1130,64,1116,17,59861,29483,4,0,0,43,15,2211110130,17,59861,11123,13735,86,1130,1130.0,763.0555555555555,-0.6244349198137412,-1.4171865666687555,205534.49691358025,1130.0,181.0,949.0,7456,52,1096,1096.0,745.6,-0.7177090997284291,-1.361848479498838,215927.04,1096.0,222.0,874.0,1634046395.630048,0.0010020732879638,17.769403934478756
4975,0,1,0,0,3,2,127,2211110130,161,64,147,17,59861,29483,4,0,0,43,15,2211110130,17,59861,11123,13896,86,1130,1130.0,731.3684210526316,-0.4721831673444328,-1.6063670825689074,212790.2326869806,1130.0,127.5,1002.5,7583,52,1096,1096.0,689.3636363636364,-0.4443892162604118,-1.6999783945783349,227922.59504132232,1096.0,93.5,1002.5,1634046395.630048,0.0,17.769403934478756
4976,0,1,0,0,3,2,1116,2211110130,1150,64,1136,17,59861,29483,4,0,0,43,15,2211110130,17,59861,11123,15046,86,1150,1130.0,752.3,-0.5549750999242126,-1.523310279354814,210475.21,1130.0,144.25,985.75,8699,52,1116,1096.0,724.9166666666666,-0.5862458211731412,-1.555107958324876,222833.2430555556,1096.0,110.25,985.75,1634046395.63459,0.0045418739318847,17.77394580841064
4977,0,1,0,0,3,2,408,2211110130,442,64,428,17,59861,29483,4,0,0,43,15,2211110130,17,59861,11123,442,442,442,442.0,442.0,0.0,-3.0,0.0,442.0,442.0,0.0,9107,52,1116,1096.0,700.5384615384615,-0.4460320973619515,-1.6317571289783923,212823.78698224857,1096.0,127.0,969.0,1634046395.635899,0.0013091564178466,17.775254964828488
4978,0,1,0,0,2,3,32,3232270721,66,47,52,17,29483,59861,4,0,0,43,15,2211110130,17,59861,11123,508,66,442,254.0,254.0,0.0,-2.0,35344.0,348.0,160.0,188.0,9139,32,1116,902.0,652.7857142857143,-0.2708080374040899,-1.7783923704241211,227266.3112244898,1096.0,76.75,1019.25,1634046395.642477,0.0065779685974121,17.7818329334259
4979,0,1,0,0,2,3,60,3232270721,94,47,80,17,29483,59861,4,0,0,43,15,2211110130,17,59861,11123,602,66,442,94.0,200.66666666666663,0.6929193609610957,-1.5,29251.55555555556,268.0,80.0,188.0,9199,32,1116,708.0,613.2666666666667,-0.119008817717026,-1.8529438856796492,233979.7955555556,1096.0,60.0,1036.0,1634046395.65905,0.0165729522705078,17.798405885696408
4980,0,1,0,0,2,3,52,3232270721,86,47,72,17,29483,59861,4,0,0,43,15,2211110130,17,59861,11123,688,66,442,90.0,172.0,1.1398104613407725,-0.6776403684457026,24404.0,181.0,81.0,100.0,9251,32,1116,558.0,578.1875,0.0120026324400811,-1.8769847177536712,237814.27734375,1096.0,60.0,1036.0,1634046395.659105,5.507469177246094e-05,17.79846096038818
4981,0,1,0,0,3,2,1096,2211110130,1130,64,1116,17,59861,29483,4,0,0,43,15,2211110130,17,59861,11123,1818,66,1130,94.0,363.6,1.1297177431386938,-0.3689386518863884,166365.44,442.0,86.0,356.0,10347,32,1116,708.0,608.6470588235294,-0.1060072176132376,-1.8732679621119757,238669.7577854672,1096.0,60.0,1036.0,1634046395.660918,0.0018129348754882,17.80027389526367
4982,0,1,0,0,3,2,1096,2211110130,1130,64,1116,17,59861,29483,4,0,0,43,15,2211110130,17,59861,11123,2948,66,1130,268.0,491.3333333333333,0.5074242752952849,-1.565475720507126,220216.8888888889,958.0,88.0,870.0,11443,32,1116,902.0,635.7222222222222,-0.2119038288485574,-1.8447765274192824,237872.42283950615,1096.0,60.0,1036.0,1634046395.660918,0.0,17.80027389526367
4983,0,1,0,0,3,2,1096,2211110130,1130,64,1116,17,59861,29483,4,0,0,43,15,2211110130,17,59861,11123,4078,66,1130,442.0,582.5714285714286,0.1377624305804749,-1.849710489079872,238703.67346938775,1130.0,90.0,1040.0,12539,32,1116,1096.0,659.9473684210526,-0.3082148560543831,-1.798351766830988,235916.2603878117,1096.0,60.0,1036.0,1634046395.660918,0.0,17.80027389526367
4984,0,1,0,0,3,2,1096,2211110130,1130,64,1116,17,59861,29483,4,0,0,43,15,2211110130,17,59861,11123,5208,66,1130,786.0,651.0,-0.1293228242809908,-1.8702140636006632,241643.0,1130.0,92.0,1038.0,13635,32,1116,1096.0,681.75,-0.3967545563862233,-1.7385304770599272,233152.1875,1096.0,60.0,1036.0,1634046395.661551,0.0006330013275146,17.800906896591183
4985,0,1,0,0,3,2,1096,2211110130,1130,64,1116,17,59861,29483,4,0,0,43,15,2211110130,17,59861,11123,6338,66,1130,1130.0,704.2222222222222,-0.3414375511968484,-1.7788169839515542,237454.61728395065,1130.0,94.0,1036.0,1096,1096,1096,1096.0,1096.0,0.0,-3.0,0.0,1096.0,1096.0,0.0,1634046395.661551,0.0,17.800906896591183
4986,0,1,0,0,3,2,209,2211110130,243,64,229,17,59861,29483,4,0,0,43,15,2211110130,17,59861,11123,6581,66,1130,786.0,658.1,-0.1161489039795774,-1.872925814288954,232854.49000000005,1130.0,131.25,998.75,1305,209,1096,652.5,652.5,0.0,-2.0,196692.25,874.25,430.75,443.5,1634046395.661551,0.0,17.800906896591183
4987,0,1,0,0,3,2,408,2211110130,442,64,428,17,59861,29483,4,0,0,43,15,2211110130,17,59861,11123,7023,66,1130,442.0,638.4545454545455,-0.0007083412862438,-1.8108177558067893,215545.3388429752,1130.0,168.5,961.5,1713,209,1096,408.0,571.0,0.5644786844752079,-1.4999999999999998,144412.66666666666,752.0,308.5,443.5,1634046395.662158,0.0006070137023925,17.801513910293576
4988,0,1,0,0,3,2,56,2211110130,90,64,76,17,59861,29483,4,0,0,43,15,2211110130,17,59861,11123,7113,66,1130,442.0,592.75,0.1595262652180969,-1.798750971802859,220561.1875,1130.0,93.0,1037.0,1769,56,1096,308.5,442.25,0.8318503012378745,-0.9192332056381152,158039.1875,580.0,170.75,409.25,1634046395.679997,0.0178389549255371,17.819352865219113
4989,0,1,0,0,3,2,1096,2211110130,1130,64,1116,17,59861,29483,4,0,0,43,15,2211110130,17,59861,11123,8243,66,1130,442.0,634.0769230769231,-0.0063312953218545,-1.8417584367385655,224089.9171597633,1130.0,94.0,1036.0,2865,56,1096,408.0,573.0,0.2214360417155953,-1.738543996181059,194813.6,1096.0,209.0,887.0,1634046395.679997,0.0,17.819352865219113
4990,0,1,0,0,3,2,1096,2211110130,1130,64,1116,17,59861,29483,4,0,0,43,15,2211110130,17,59861,11123,9373,66,1130,786.0,669.5,-0.1486635397596238,-1.8307328506790768,224395.82142857145,1130.0,131.25,998.75,3961,56,1096,752.0,660.1666666666666,-0.1487741601798206,-1.808334490320061,200334.80555555556,1096.0,258.75,837.25,1634046395.683662,0.0036649703979492,17.823017835617062
4991,0,1,0,0,3,2,1096,2211110130,1130,64,1116,17,59861,29483,4,0,0,43,15,2211110130,17,59861,11123,10503,66,1130,1130.0,700.2,-0.2739000270352695,-1.7849603766906934,222630.96,1130.0,168.5,961.5,5057,56,1096,1096.0,722.4285714285714,-0.4212611460982363,-1.668141376297776,194974.81632653065,1096.0,308.5,787.5,1634046395.683662,0.0,17.823017835617062
4992,0,1,0,0,3,2,683,2211110130,717,64,703,17,59861,29483,4,0,0,43,15,2211110130,17,59861,11123,11220,66,1130,923.5,701.25,-0.2897407113904648,-1.7015311052595183,208733.0625,1130.0,205.75,924.25,5740,56,1096,889.5,717.5,-0.4140021748796567,-1.5014988751410576,170773.0,1096.0,358.25,737.75,1634046395.683662,0.0,17.823017835617062
4993,0,1,0,0,2,3,56,3232270721,90,47,76,17,29483,59861,4,0,0,43,15,2211110130,17,59861,11123,11310,66,1130,717.0,665.2941176470588,-0.1578406680883344,-1.781024575512409,217139.85467128028,1130.0,94.0,1036.0,5796,56,1096,683.0,644.0,-0.1710926440377738,-1.7000518340548585,195016.22222222225,1096.0,209.0,887.0,1634046395.692654,0.0089919567108154,17.832009792327877
4994,0,1,0,0,2,3,60,3232270721,94,47,80,17,29483,59861,4,0,0,43,15,2211110130,17,59861,11123,11404,66,1130,579.5,633.5555555555555,-0.0406075726629679,-1.818893580829111,222201.24691358028,1130.0,94.0,1036.0,5856,56,1096,545.5,585.6,0.0336214014931924,-1.7622793472051848,206209.64,1096.0,97.25,998.75,1634046395.692709,5.507469177246094e-05,17.83206486701965
4995,0,1,0,0,3,2,408,2211110130,442,64,428,17,59861,29483,4,0,0,43,15,2211110130,17,59861,11123,11846,66,1130,442.0,623.4736842105264,0.0206845971935825,-1.7741592169814768,212336.0387811634,1130.0,94.0,1036.0,6264,56,1096,408.0,569.4545454545455,0.1395448225137488,-1.6606520849606814,190070.0661157025,1096.0,134.5,961.5,1634046395.696965,0.0042560100555419,17.83632087707519
4996,0,1,0,0,3,2,1096,2211110130,1130,64,1116,17,59861,29483,4,0,0,43,15,2211110130,17,59861,11123,12976,66,1130,579.5,648.8,-0.0793274521284203,-1.781177141069202,213906.26,1130.0,94.0,1036.0,7360,56,1096,545.5,613.3333333333334,-0.0352201034355933,-1.715921985386106,195409.72222222225,1096.0,171.75,924.25,1634046395.705109,0.0081439018249511,17.844464778900143
4997,0,1,0,0,3,2,1096,2211110130,1130,64,1116,17,59861,29483,4,0,0,43,15,2211110130,17,59861,11123,1130,1130,1130,1130.0,1130.0,0.0,-3.0,0.0,1130.0,1130.0,0.0,8456,56,1096,683.0,650.4615384615385,-0.184743306048451,-1.7053717011578082,196920.24852071,1096.0,209.0,887.0,1634046395.705109,0.0,17.844464778900143
4998,0,1,0,0,3,2,1096,2211110130,1130,64,1116,17,59861,29483,4,0,0,43,15,2211110130,17,59861,11123,2260,1130,1130,1130.0,1130.0,0.0,-3.0,0.0,1130.0,1130.0,0.0,9552,56,1096,889.5,682.2857142857143,-0.3159496143914696,-1.6537206299211085,196020.6326530612,1096.0,258.75,837.25,1634046395.705109,0.0,17.844464778900143
4999,0,1,0,0,3,2,1096,2211110130,1130,64,1116,17,59861,29483,4,0,0,43,15,2211110130,17,59861,11123,3390,1130,1130,1130.0,1130.0,0.0,-3.0,0.0,1130.0,1130.0,0.0,10648,56,1096,1096.0,709.8666666666667,-0.4333081906843828,-1.5747276958085263,193602.5155555555,1096.0,308.5,787.5,1634046395.705736,0.0006270408630371,17.84509181976318
5000,0,1,0,0,3,2,1096,2211110130,1130,64,1116,17,59861,29483,4,0,0,43,15,2211110130,17,59861,11123,4520,1130,1130,1130.0,1130.0,0.0,-3.0,0.0,1130.0,1130.0,0.0,11744,56,1096,1096.0,734.0,-0.5398452894443339,-1.4766416924573222,190238.625,1096.0,358.25,737.75,1634046395.705736,0.0,17.84509181976318
5001,0,1,0,0,3,2,670,2211110130,704,64,690,17,59861,29483,4,0,0,43,15,2211110130,17,59861,11123,5224,704,1130,1130.0,1044.8,-1.4999999999999996,0.2499999999999991,29036.16,1130.0,1130.0,0.0,12414,56,1096,1096.0,730.2352941176471,-0.5289324792213039,-1.4047794191806393,179274.88581314878,1096.0,408.0,688.0,1634046395.705736,0.0,17.84509181976318
5002,0,1,0,0,2,3,52,3232270721,86,48,72,17,10001,59861,4,0,0,43,15,2211110130,17,59861,11123,5310,86,1130,1130.0,885.0,-1.2873754275824931,0.0566612781892996,151877.0,1130.0,810.5,319.5,12466,52,1096,889.5,692.5555555555555,-0.3917299656074227,-1.5703182527451864,193451.13580246916,1096.0,258.75,837.25,1634046395.722745,0.0170090198516845,17.862100839614865
5003,0,1,0,0,2,3,60,3232270721,94,47,80,17,29483,59861,4,0,0,43,15,2211110130,17,59861,11123,5404,86,1130,1130.0,772.0,-0.6855490067704685,-1.3347246734594929,206794.2857142857,1130.0,399.0,731.0,12526,52,1096,683.0,659.2631578947369,-0.2681271777424187,-1.680581472219132,203220.404432133,1096.0,134.5,961.5,1634046395.728616,0.0058710575103759,17.86797189712524
5004,0,1,0,0,3,2,60,2211110130,94,64,80,17,59861,29483,4,0,0,43,15,2211110130,17,59861,11123,5498,86,1130,917.0,687.25,-0.323522280961515,-1.7558881412834615,231222.9375,1130.0,94.0,1036.0,12586,52,1096,676.5,629.3,-0.1576229489916454,-1.7483028542359662,210117.41,1096.0,60.0,1036.0,1634046395.729579,0.0009629726409912,17.868934869766232
5005,0,1,0,0,2,3,60,3232270721,94,47,80,17,29483,59861,4,0,0,43,15,2211110130,17,59861,11123,5592,86,1130,704.0,621.3333333333334,-0.062561381260518,-1.880131378822068,240291.5555555556,1130.0,94.0,1036.0,60,60,60,60.0,60.0,0.0,-3.0,0.0,60.0,60.0,0.0,1634046395.743249,0.0136699676513671,17.8826048374176
5006,0,1,0,0,3,2,408,2211110130,442,64,428,17,59861,29483,4,0,0,43,15,2211110130,17,59861,11123,6034,86,1130,573.0,603.4,0.0447137761631391,-1.78815378939051,219156.84,1130.0,94.0,1036.0,468,60,408,234.0,234.0,0.0,-2.0,30276.0,321.0,147.0,174.0,1634046395.7553,0.0120511054992675,17.894655942916867
5007,0,1,0,0,3,2,1096,2211110130,1130,64,1116,17,59861,29483,4,0,0,43,15,2211110130,17,59861,11123,7164,86,1130,704.0,651.2727272727273,-0.139139377962727,-1.791643211738064,222151.47107438016,1130.0,94.0,1036.0,1564,60,1096,408.0,521.3333333333334,0.3766675336035382,-1.5000000000000004,185304.8888888889,752.0,234.0,518.0,1634046395.758437,0.0031368732452392,17.897792816162106
5008,0,1,0,0,3,2,1096,2211110130,1130,64,1116,17,59861,29483,4,0,0,43,15,2211110130,17,59861,11123,8294,86,1130,917.0,691.1666666666666,-0.2956112597933485,-1.7356636885881531,221145.6388888889,1130.0,94.0,1036.0,2660,60,1096,752.0,665.0,-0.2173703793443629,-1.715628269693377,200899.0,1096.0,321.0,775.0,1634046395.758437,0.0,17.897792816162106
5009,0,1,0,0,3,2,1096,2211110130,1130,64,1116,17,59861,29483,4,0,0,43,15,2211110130,17,59861,11123,9424,86,1130,1130.0,724.9230769230769,-0.4325855153759998,-1.643011741262924,217808.37869822484,1130.0,94.0,1036.0,3756,60,1096,1096.0,751.2,-0.5960310217014525,-1.4309581812273606,190440.96,1096.0,408.0,688.0,1634046395.758437,0.0,17.897792816162106
5010,0,1,0,0,3,2,749,2211110130,783,64,769,17,59861,29483,4,0,0,43,15,2211110130,17,59861,11123,10207,86,1130,956.5,729.0714285714286,-0.4756760333448656,-1.524804435083721,202474.3520408164,1130.0,181.0,949.0,4505,60,1096,922.5,750.8333333333334,-0.6501539223826696,-1.1195644814422945,158701.47222222222,1096.0,493.25,602.75,1634046395.759109,0.0006721019744873,17.898464918136593
5011,0,1,0,0,2,3,60,3232270721,94,47,80,17,29483,59861,4,0,0,43,15,2211110130,17,59861,11123,10301,86,1130,783.0,686.7333333333333,-0.3054958028615701,-1.6937800282249027,214071.26222222217,1130.0,94.0,1036.0,4565,60,1096,749.0,652.1428571428571,-0.2774614591981664,-1.6175698319458875,194468.693877551,1096.0,234.0,862.0,1634046395.762202,0.0030930042266845,17.901557922363278
5012,0,1,0,0,3,2,408,2211110130,442,64,428,17,59861,29483,4,0,0,43,15,2211110130,17,59861,11123,10743,86,1130,743.5,671.4375,-0.2157589113656857,-1.6848897979001478,204201.24609375,1130.0,94.0,1036.0,4973,60,1096,578.5,621.625,-0.0866528075253373,-1.5771192971652694,176679.484375,1096.0,321.0,775.0,1634046395.780509,0.0183069705963134,17.91986489295959
5013,0,1,0,0,3,2,1116,2211110130,1150,64,1136,17,59861,29483,4,0,0,43,15,2211110130,17,59861,11123,11893,86,1150,783.0,699.5882352941177,-0.3193724891025207,-1.6405625197892466,204868.830449827,1130.0,94.0,1036.0,6089,60,1116,749.0,676.5555555555555,-0.28938562219679,-1.5460127492390408,181187.35802469132,1096.0,408.0,688.0,1634046395.789257,0.0087480545043945,17.928612947463986
5014,0,1,0,0,3,2,1096,2211110130,1130,64,1116,17,59861,29483,4,0,0,43,15,2211110130,17,59861,11123,13023,86,1150,956.5,723.5,-0.4162614653023121,-1.5774016879807,203207.36111111112,1130.0,181.0,949.0,7185,60,1116,922.5,718.5,-0.4664065214624949,-1.4351594252877675,178902.65,1096.0,408.0,688.0,1634046395.790258,0.0010008811950683,17.929613828659054
5015,0,1,0,0,3,2,1096,2211110130,1130,64,1116,17,59861,29483,4,0,0,43,15,2211110130,17,59861,11123,14153,86,1150,1130.0,744.8947368421053,-0.5056675205412029,-1.5005419709661778,200751.4626038781,1130.0,268.0,862.0,8281,60,1116,1096.0,752.8181818181819,-0.6204061032959036,-1.2792394238688212,174416.1487603306,1096.0,408.0,688.0,1634046395.790258,0.0,17.929613828659054
5016,0,1,0,0,3,2,1096,2211110130,1130,64,1116,17,59861,29483,4,0,0,43,15,2211110130,17,59861,11123,15283,86,1150,1130.0,764.15,-0.5888387257598741,-1.413216881624835,197758.42750000005,1130.0,355.0,775.0,9377,60,1116,1096.0,781.4166666666666,-0.7574875507033642,-1.0951790027776582,168878.0763888889,1096.0,408.0,688.0,1634046395.790258,0.0,17.929613828659054
5017,0,1,0,0,3,2,1096,2211110130,1130,64,1116,17,59861,29483,4,0,0,43,15,2211110130,17,59861,11123,1130,1130,1130,1130.0,1130.0,0.0,-3.0,0.0,1130.0,1130.0,0.0,10473,60,1116,1096.0,805.6153846153846,-0.8816187160079801,-0.8923894817313003,162914.39053254438,1096.0,408.0,688.0,1634046395.791008,0.0007500648498535,17.930363893508908
5018,0,1,0,0,3,2,1096,2211110130,1130,64,1116,17,59861,29483,4,0,0,43,15,2211110130,17,59861,11123,2260,1130,1130,1130.0,1130.0,0.0,-3.0,0.0,1130.0,1130.0,0.0,11569,60,1116,1096.0,826.3571428571429,-0.9955103932759144,-0.6765131279330765,156870.51530612246,1096.0,493.25,602.75,1634046395.791008,0.0,17.930363893508908
5019,0,1,0,0,3,2,524,2211110130,558,64,544,17,59861,29483,4,0,0,43,15,2211110130,17,59861,11123,2818,558,1130,1130.0,939.3333333333334,-0.7071067811865479,-1.4999999999999996,72707.55555555556,1130.0,844.0,286.0,12093,60,1116,1096.0,806.2,-0.8490614760416105,-0.860757036235575,152100.8266666667,1096.0,466.0,630.0,1634046395.791008,0.0,17.930363893508908
5020,0,1,0,0,3,2,1096,2211110130,1130,64,1116,17,59861,29483,4,0,0,43,15,2211110130,17,59861,11123,3948,558,1130,1130.0,987.0,-1.1547005383792517,-0.6666666666666665,61347.0,1130.0,987.0,143.0,13189,60,1116,1096.0,824.3125,-0.9481278993939252,-0.6820831307320718,147515.46484375,1096.0,495.0,601.0,1634046395.813166,0.0221579074859619,17.95252180099487
5021,0,1,0,0,3,2,1096,2211110130,1130,64,1116,17,59861,29483,4,0,0,43,15,2211110130,17,59861,11123,5078,558,1130,1130.0,1015.6,-1.5000000000000009,0.2500000000000004,52349.44,1130.0,1130.0,0.0,14285,60,1116,1096.0,840.2941176470588,-1.0407566588976458,-0.4950854822080126,142924.67820069203,1096.0,524.0,572.0,1634046395.813166,0.0,17.95252180099487
5022,0,1,0,0,3,2,1096,2211110130,1130,64,1116,17,59861,29483,4,0,0,43,15,2211110130,17,59861,11123,6208,558,1130,1130.0,1034.6666666666667,-1.7888543819998326,1.200000000000002,45442.22222222223,1130.0,1130.0,0.0,15381,60,1116,1096.0,854.5,-1.127930780481642,-0.3016639245112453,138415.13888888888,1096.0,580.25,515.75,1634046395.813734,0.000568151473999,17.95308995246887
5023,0,1,0,0,3,2,635,2211110130,669,64,655,17,59861,29483,4,0,0,43,15,2211110130,17,59861,11123,6877,558,1130,1130.0,982.4285714285714,-1.0009909884178971,-0.9242623835759276,55323.38775510205,1130.0,899.5,230.5,16016,60,1116,1096.0,842.9473684210526,-1.044238957761091,-0.3845168620771031,133532.4709141274,1096.0,579.5,516.5,1634046395.813734,0.0,17.95308995246887
5024,0,1,0,0,2,3,60,3232270721,94,47,80,17,29483,59861,4,0,0,43,15,2211110130,17,59861,11123,6971,94,1130,1130.0,871.375,-1.0674389185137398,-0.2535329549273748,134738.234375,1130.0,641.25,488.75,16076,60,1116,1096.0,803.8,-0.8770570824088749,-0.8133222902141242,155973.65999999997,1096.0,495.0,601.0,1634046395.816616,0.0028820037841796,17.955971956253048
5025,0,1,0,0,3,2,408,2211110130,442,64,428,17,59861,29483,4,0,0,43,15,2211110130,17,59861,11123,7413,94,1130,1130.0,823.6666666666666,-0.6998191001993932,-0.9323300079536408,137976.0,1130.0,558.0,572.0,408,408,408,408.0,408.0,0.0,-3.0,0.0,408.0,408.0,0.0,1634046395.819336,0.0027198791503906,17.95869183540344
5026,0,1,0,0,3,2,1104,2211110130,1138,64,1124,17,59861,29483,4,0,0,43,15,2211110130,17,59861,11123,8551,94,1138,1130.0,855.1,-0.8601458501925038,-0.692383646431245,133070.89,1130.0,585.75,544.25,1512,408,1104,756.0,756.0,0.0,-2.0,121104.0,930.0,582.0,348.0,1634046395.832998,0.0136620998382568,17.972353935241696
5027,0,1,0,0,3,2,1096,2211110130,1130,64,1116,17,59861,29483,4,0,0,43,15,2211110130,17,59861,11123,9681,94,1138,1130.0,880.0909090909091,-1.0054407425538123,-0.4203470688278394,127218.9917355372,1130.0,613.5,516.5,2608,408,1104,1096.0,869.3333333333334,-0.7067878735664249,-1.4999999999999996,106424.88888888888,1100.0,752.0,348.0,1634046395.832998,0.0,17.972353935241696
5028,0,1,0,0,3,2,1096,2211110130,1130,64,1116,17,59861,29483,4,0,0,43,15,2211110130,17,59861,11123,10811,94,1138,1130.0,900.9166666666666,-1.137632864838963,-0.1300799117340796,121388.24305555558,1130.0,641.25,488.75,3704,408,1104,1096.0,926.0,-1.1542864182960662,-0.6669821638556779,89452.0,1098.0,924.0,174.0,1634046395.832998,0.0,17.972353935241696
5029,0,1,0,0,3,2,1096,2211110130,1130,64,1116,17,59861,29483,4,0,0,43,15,2211110130,17,59861,11123,11941,94,1138,1130.0,918.5384615384615,-1.259414377693569,0.1727675947398861,115777.01775147927,1130.0,669.0,461.0,4800,408,1104,1096.0,960.0,-1.4995256645097723,0.2493736857223374,76185.6,1096.0,1096.0,0.0,1634046395.83363,0.0006320476531982,17.972985982894894
5030,0,1,0,0,3,2,1096,2211110130,1130,64,1116,17,59861,29483,4,0,0,43,15,2211110130,17,59861,11123,13071,94,1138,1130.0,933.6428571428572,-1.3727105760406924,0.4846597118002513,110473.08673469385,1130.0,784.25,345.75,5896,408,1104,1096.0,982.6666666666666,-1.788332045970499,1.1990743232501728,66056.88888888889,1096.0,1096.0,0.0,1634046395.83363,0.0,17.972985982894894
5031,0,1,0,0,3,2,280,2211110130,314,64,300,17,59861,29483,4,0,0,43,15,2211110130,17,59861,11123,13385,94,1138,1130.0,892.3333333333334,-1.0405875296613372,-0.4929392599783004,126998.88888888892,1130.0,613.5,516.5,6176,280,1104,1096.0,882.2857142857143,-0.9814624204407684,-0.9891004000486844,117078.20408163266,1096.0,752.0,344.0,1634046395.83363,0.0,17.972985982894894
5032,0,1,0,0,3,2,60,2211110130,94,64,80,17,59861,29483,4,0,0,43,15,2211110130,17,59861,11123,13479,94,1138,1130.0,842.4375,-0.8473992658964081,-0.9359601773984833,156405.37109375,1130.0,529.0,601.0,6236,60,1104,1096.0,779.5,-0.6535931556438804,-1.391042714617357,176397.75,1096.0,376.0,720.0,1634046395.848497,0.014866828918457,17.98785281181335
5033,0,1,0,0,2,3,60,3232270721,94,47,80,17,29483,59861,4,0,0,43,15,2211110130,17,59861,11123,13573,94,1138,1130.0,798.4117647058823,-0.6695016438305086,-1.2673147384319168,178217.3010380623,1130.0,442.0,688.0,6296,60,1104,1096.0,699.5555555555555,-0.3591202870533853,-1.719132280351518,207926.91358024688,1096.0,280.0,816.0,1634046395.848927,0.0004301071166992,17.98828291893005
5034,0,1,0,0,3,2,408,2211110130,442,64,428,17,59861,29483,4,0,0,43,15,2211110130,17,59861,11123,14015,94,1138,1130.0,778.6111111111111,-0.542179261419286,-1.3893188146586897,174981.4598765432,1130.0,442.0,688.0,6704,60,1104,752.0,670.4,-0.1868230337048506,-1.7429383492794472,194784.64,1096.0,312.0,784.0,1634046395.854409,0.0054819583892822,17.993764877319332
5035,0,1,0,0,2,3,60,3232270721,94,47,80,17,29483,59861,4,0,0,43,15,2211110130,17,59861,11123,14109,94,1138,1130.0,742.578947368421,-0.4132387316361802,-1.5490131133184837,189141.6121883657,1130.0,378.0,752.0,6764,60,1104,408.0,614.9090909090909,-0.0052797270543803,-1.7961593536674154,207869.35537190083,1096.0,170.0,926.0,1634046395.864046,0.0096371173858642,18.003401994705197
5036,0,1,0,0,2,3,52,3232270721,86,47,72,17,29483,59861,4,0,0,43,15,2211110130,17,59861,11123,14195,86,1138,899.5,709.75,-0.2981148970737232,-1.657070967579476,200161.5875,1130.0,259.0,871.0,6816,52,1104,408.0,568.0,0.1507459494106197,-1.7852019264115355,214752.0,1096.0,60.0,1036.0,1634046395.8641,5.3882598876953125e-05,18.003455877304074
5037,0,1,0,0,3,2,1096,2211110130,1130,64,1116,17,59861,29483,4,0,0,43,15,2211110130,17,59861,11123,1130,1130,1130,1130.0,1130.0,0.0,-3.0,0.0,1130.0,1130.0,0.0,7912,52,1104,408.0,608.6153846153846,-0.014359549606049,-1.826781994716252,218027.92899408285,1096.0,60.0,1036.0,1634046395.873929,0.009829044342041,18.013284921646115
5038,0,1,0,0,3,2,1096,2211110130,1130,64,1116,17,59861,29483,4,0,0,43,15,2211110130,17,59861,11123,2260,1130,1130,1130.0,1130.0,0.0,-3.0,0.0,1130.0,1130.0,0.0,9008,52,1104,752.0,643.4285714285714,-0.1561795369603617,-1.814551178379827,218209.95918367352,1096.0,115.0,981.0,1634046395.873929,0.0,18.013284921646115
5039,0,1,0,0,3,2,1096,2211110130,1130,64,1116,17,59861,29483,4,0,0,43,15,2211110130,17,59861,11123,3390,1130,1130,1130.0,1130.0,0.0,-3.0,0.0,1130.0,1130.0,0.0,10104,52,1104,1096.0,673.6,-0.2810531725751711,-1.7676925964970254,216407.04,1096.0,170.0,926.0,1634046395.874772,0.0008430480957031,18.014127969741818
5040,0,1,0,0,3,2,555,2211110130,589,64,575,17,59861,29483,4,0,0,43,15,2211110130,17,59861,11123,3979,589,1130,1130.0,994.75,-1.1547005383792517,-0.6666666666666665,54877.6875,1130.0,994.75,135.25,10659,52,1104,825.5,666.1875,-0.2403700509196314,-1.7132648797383572,203705.77734375,1096.0,225.0,871.0,1634046395.874772,0.0,18.014127969741818
5041,0,1,0,0,2,3,60,3232270721,94,47,80,17,29483,59861,4,0,0,43,15,2211110130,17,59861,11123,4073,94,1130,1130.0,814.6,-0.8053004315727984,-0.9991208157235628,173718.24,1130.0,589.0,541.0,10719,52,1104,555.0,630.5294117647059,-0.1143951038998092,-1.7773945864037557,212067.07266435985,1096.0,60.0,1036.0,1634046395.881467,0.0066950321197509,18.02082300186157
5042,0,1,0,0,3,2,56,2211110130,90,64,76,17,59861,29483,4,0,0,43,15,2211110130,17,59861,11123,4163,90,1130,859.5,693.8333333333334,-0.3088405723876576,-1.69483463712126,217688.13888888888,1130.0,217.75,912.25,10775,52,1104,481.5,598.6111111111111,-0.0021424865882895,-1.804206224019824,217604.79320987652,1096.0,60.0,1036.0,1634046395.889309,0.0078418254852294,18.028664827346798
5043,0,1,0,0,2,3,56,3232270721,90,47,76,17,29483,59861,4,0,0,43,15,2211110130,17,59861,11123,4253,90,1130,589.0,607.5714285714286,0.0192760809904254,-1.8336343399151809,231236.5306122449,1130.0,92.0,1038.0,10831,52,1104,408.0,570.0526315789474,0.0995302790259961,-1.8044379781166853,220832.4709141274,1096.0,60.0,1036.0,1634046395.898336,0.0090270042419433,18.03769183158874
5044,0,1,0,0,2,3,60,3232270721,94,47,80,17,29483,59861,4,0,0,43,15,2211110130,17,59861,11123,4347,90,1130,341.5,543.375,0.2674725473115528,-1.7806535915394064,231180.234375,1130.0,93.0,1037.0,10891,52,1104,408.0,544.55,0.1928330198596117,-1.7848973525080825,222148.1475,1096.0,60.0,1036.0,1634046395.898391,5.507469177246094e-05,18.037746906280514
5045,0,1,0,0,3,2,408,2211110130,442,64,428,17,59861,29483,4,0,0,43,15,2211110130,17,59861,11123,4789,90,1130,442.0,532.1111111111111,0.3547503919714049,-1.6099258400493228,206508.54320987652,1130.0,94.0,1036.0,408,408,408,408.0,408.0,0.0,-3.0,0.0,408.0,408.0,0.0,1634046395.899079,0.0006880760192871,18.0384349822998
5046,0,1,0,0,2,3,60,3232270721,94,47,80,17,29483,59861,4,0,0,43,15,2211110130,17,59861,11123,4883,90,1130,268.0,488.3,0.5279545974567107,-1.469217857894795,203132.41,994.75,94.0,900.75,468,60,408,234.0,234.0,0.0,-2.0,30276.0,321.0,147.0,174.0,1634046395.919084,0.0200049877166748,18.058439970016476
5047,0,1,0,0,2,3,60,3232270721,94,47,80,17,29483,59861,4,0,0,43,15,2211110130,17,59861,11123,4977,90,1130,94.0,452.45454545454544,0.6795836074650065,-1.2915932899784195,197514.7933884297,859.5,94.0,765.5,528,60,408,60.0,176.0,0.7071067811865476,-1.5,26912.0,234.0,60.0,174.0,1634046395.934261,0.0151770114898681,18.073616981506344
5048,0,1,0,0,3,2,1096,2211110130,1130,64,1116,17,59861,29483,4,0,0,43,15,2211110130,17,59861,11123,6107,90,1130,268.0,508.9166666666667,0.4360839938925812,-1.616613042291803,216122.90972222225,1130.0,94.0,1036.0,1624,60,1096,234.0,406.0,0.8117587838515856,-1.0051628355158138,178884.0,580.0,60.0,520.0,1634046395.940148,0.0058870315551757,18.07950401306152
5049,0,1,0,0,3,2,1096,2211110130,1130,64,1116,17,59861,29483,4,0,0,43,15,2211110130,17,59861,11123,7237,90,1130,442.0,556.6923076923077,0.2428487277301643,-1.776876148751672,226888.2130177515,1130.0,94.0,1036.0,2720,60,1096,408.0,544.0,0.2086335827709203,-1.769752916353344,219283.2,1096.0,60.0,1036.0,1634046395.940148,0.0,18.07950401306152
5050,0,1,0,0,3,2,1116,2211110130,1150,64,1136,17,59861,29483,4,0,0,43,15,2211110130,17,59861,11123,8387,90,1150,515.5,599.0714285714286,0.0835463732693602,-1.8462777168587812,234029.7806122449,1130.0,94.0,1036.0,3836,60,1116,752.0,639.3333333333334,-0.1567107168568122,-1.8259569090851344,228178.22222222225,1096.0,147.0,949.0,1634046395.940148,0.0,18.07950401306152
5051,0,1,0,0,3,2,1096,2211110130,1130,64,1116,17,59861,29483,4,0,0,43,15,2211110130,17,59861,11123,9517,90,1150,589.0,634.4666666666667,-0.0549195642002832,-1.861543516715628,235967.3155555556,1130.0,94.0,1036.0,4932,60,1116,1096.0,704.5714285714286,-0.4288399427381583,-1.6791837280446398,221117.38775510204,1096.0,234.0,862.0,1634046395.940148,0.0,18.07950401306152
5052,0,1,0,0,3,2,1096,2211110130,1130,64,1116,17,59861,29483,4,0,0,43,15,2211110130,17,59861,11123,10647,90,1150,859.5,665.4375,-0.1767825412901499,-1.840868764275977,235607.24609375,1130.0,94.0,1036.0,6028,60,1116,1096.0,753.5,-0.648320505038266,-1.4468825566688723,210235.75,1096.0,321.0,775.0,1634046395.940148,0.0,18.07950401306152
5053,0,1,0,0,3,2,1096,2211110130,1130,64,1116,17,59861,29483,4,0,0,43,15,2211110130,17,59861,11123,11777,90,1150,1130.0,692.7647058823529,-0.2859910164236651,-1.7954883795638574,233696.4152249135,1130.0,94.0,1036.0,7124,60,1116,1096.0,791.5555555555555,-0.8347230886035371,-1.1705872284258114,198462.02469135803,1096.0,408.0,688.0,1634046395.940148,0.0,18.07950401306152
5054,0,1,0,0,3,2,588,2211110130,622,64,608,17,59861,29483,4,0,0,43,15,2211110130,17,59861,11123,12399,90,1150,876.0,688.8333333333334,-0.2688570061686023,-1.7370509758036798,220976.0277777778,1130.0,94.0,1036.0,7712,60,1116,1096.0,771.2,-0.7207390196738183,-1.1955130321061185,182344.96,1096.0,453.0,643.0,1634046395.940148,0.0,18.07950401306152
5055,0,1,0,0,3,2,408,2211110130,442,64,428,17,59861,29483,4,0,0,43,15,2211110130,17,59861,11123,12841,90,1150,622.0,675.8421052631579,-0.1938144034775974,-1.7270430892546866,212383.60664819943,1130.0,94.0,1036.0,8120,60,1116,1096.0,738.1818181818181,-0.5095445633427598,-1.3989676881376334,176670.14876033054,1096.0,408.0,688.0,1634046395.957705,0.0175569057464599,18.09706091880798
5056,0,1,0,0,3,2,296,1054003247,330,64,316,17,59861,10001,4,0,0,43,15,2211110130,17,59861,11123,13171,90,1150,605.5,658.55,-0.0986738598550665,-1.7394491198140891,207445.7475,1130.0,94.0,1036.0,8416,60,1116,842.0,701.3333333333334,-0.2995693760262958,-1.5852060396190804,176883.5555555556,1096.0,380.0,716.0,1634046395.957705,0.0,18.09706091880798
5057,0,1,0,0,3,2,296,2342665647,330,64,316,17,59861,10001,4,0,0,43,15,2211110130,17,59861,11123,330,330,330,330.0,330.0,0.0,-3.0,0.0,330.0,330.0,0.0,8712,60,1116,588.0,670.1538461538462,-0.1270970389676416,-1.668330412218769,174943.05325443784,1096.0,296.0,800.0,1634046395.957705,0.0,18.09706091880798
5058,0,1,0,0,3,2,296,3338606794,330,64,316,17,59861,10001,4,0,0,43,15,2211110130,17,59861,11123,660,330,330,330.0,330.0,0.0,-3.0,0.0,330.0,330.0,0.0,9008,60,1116,498.0,643.4285714285714,0.019825192741143,-1.6891716811709736,171732.2448979592,1096.0,296.0,800.0,1634046395.957705,0.0,18.09706091880798
5059,0,1,0,0,2,3,60,3232270721,94,47,80,17,29483,59861,4,0,0,43,15,2211110130,17,59861,11123,754,94,330,330.0,251.33333333333331,-0.7071067811865478,-1.4999999999999996,12376.888888888889,330.0,212.0,118.0,9068,60,1116,408.0,604.5333333333333,0.1204432388145524,-1.6757820705844726,181463.18222222215,1096.0,296.0,800.0,1634046395.964805,0.0070998668670654,18.104160785675045
5060,0,1,0,0,3,2,60,2211110130,94,64,80,17,59861,29483,4,0,0,43,15,2211110130,17,59861,11123,848,94,330,212.0,212.0,0.0,-2.0,13924.0,330.0,94.0,236.0,9128,60,1116,408.0,570.5,0.2194895692126208,-1.6489319601465642,187495.75,1096.0,237.0,859.0,1634046395.97359,0.0087850093841552,18.1129457950592
5061,0,1,0,0,3,2,1096,2211110130,1130,64,1116,17,59861,29483,4,0,0,43,15,2211110130,17,59861,11123,1978,94,1130,330.0,395.6,1.221613800123192,-0.1140755193277058,145975.03999999998,330.0,94.0,236.0,10224,60,1116,408.0,601.4117647058823,0.0892681682037026,-1.717403676975078,191755.18339100343,1096.0,296.0,800.0,1634046395.97359,0.0,18.1129457950592
5062,0,1,0,0,3,2,1096,2211110130,1130,64,1116,17,59861,29483,4,0,0,43,15,2211110130,17,59861,11123,3108,94,1130,330.0,518.0,0.5598221641944757,-1.5,196554.66666666663,930.0,153.0,777.0,11320,60,1116,498.0,628.8888888888889,-0.0258352181405371,-1.7443006881634178,193936.98765432092,1096.0,296.0,800.0,1634046395.974164,0.0005741119384765,18.113519906997677
5063,0,1,0,0,3,2,1096,2211110130,1130,64,1116,17,59861,29483,4,0,0,43,15,2211110130,17,59861,11123,4238,94,1130,330.0,605.4285714285714,0.1781133478293341,-1.8323462531512575,214337.95918367343,1130.0,212.0,918.0,12416,60,1116,588.0,653.4736842105264,-0.1292272498018298,-1.74227057654762,194609.19667590028,1096.0,296.0,800.0,1634046395.974745,0.0005810260772705,18.114100933074948
5064,0,1,0,0,3,2,673,2211110130,707,64,693,17,59861,29483,4,0,0,43,15,2211110130,17,59861,11123,4945,94,1130,518.5,618.125,0.1025895636278978,-1.6982006985916829,188674.109375,1130.0,271.0,859.0,13089,60,1116,630.5,654.45,-0.139371774527802,-1.6750985683551751,184896.8475,1096.0,296.0,800.0,1634046395.974745,0.0,18.114100933074948
5065,0,1,0,0,3,2,408,2211110130,442,64,428,17,59861,29483,4,0,0,43,15,2211110130,17,59861,11123,5387,94,1130,442.0,598.5555555555555,0.2394676669546583,-1.5519858105519506,170774.02469135803,1130.0,330.0,800.0,408,408,408,408.0,408.0,0.0,-3.0,0.0,408.0,408.0,0.0,1634046395.98107,0.0063250064849853,18.120425939559933
5066,0,1,0,0,3,2,1096,2211110130,1130,64,1116,17,59861,29483,4,0,0,43,15,2211110130,17,59861,11123,6517,94,1130,574.5,651.7,0.0199512216526294,-1.6715872351712902,179115.61000000002,1130.0,330.0,800.0,1504,408,1096,752.0,752.0,0.0,-2.0,118336.0,924.0,580.0,344.0,1634046395.98107,0.0,18.120425939559933
5067,0,1,0,0,3,2,1096,2211110130,1130,64,1116,17,59861,29483,4,0,0,43,15,2211110130,17,59861,11123,7647,94,1130,707.0,695.1818181818181,-0.1609117811858251,-1.6797940528059516,181739.0578512397,1130.0,330.0,800.0,2600,408,1096,1096.0,866.6666666666666,-0.7071067811865471,-1.5000000000000009,105187.55555555556,1096.0,752.0,344.0,1634046395.98107,0.0,18.120425939559933
5068,0,1,0,0,3,2,1096,2211110130,1130,64,1116,17,59861,29483,4,0,0,43,15,2211110130,17,59861,11123,8777,94,1130,918.5,731.4166666666666,-0.3155247353975328,-1.625598638544204,181036.7430555556,1130.0,330.0,800.0,3696,408,1096,1096.0,924.0,-1.1547005383792517,-0.6666666666666665,88752.0,1096.0,924.0,172.0,1634046395.981693,0.0006229877471923,18.121048927307125
5069,0,1,0,0,3,2,1096,2211110130,1130,64,1116,17,59861,29483,4,0,0,43,15,2211110130,17,59861,11123,9907,94,1130,1130.0,762.0769230769231,-0.4512667073110464,-1.5330217158798,178391.45562130178,1130.0,330.0,800.0,4792,408,1096,1096.0,958.4,-1.5,0.2499999999999982,75735.04000000001,1096.0,1096.0,0.0,1634046395.981693,0.0,18.121048927307125
5070,0,1,0,0,3,2,386,2211110130,420,64,406,17,59861,29483,4,0,0,43,15,2211110130,17,59861,11123,10327,94,1130,918.5,737.6428571428571,-0.300581560387113,-1.617119548307426,173410.51530612243,1130.0,352.5,777.5,5178,386,1096,1096.0,863.0,-0.7082880926142643,-1.4966590568894356,108618.33333333331,1096.0,580.0,516.0,1634046395.982233,0.000540018081665,18.12158894538879
5071,0,1,0,0,2,3,60,3232270721,94,47,80,17,29483,59861,4,0,0,43,15,2211110130,17,59861,11123,10421,94,1130,707.0,694.7333333333333,-0.1698382842849459,-1.6987550421575437,187626.99555555556,1130.0,330.0,800.0,5238,60,1096,1096.0,748.2857142857143,-0.4901236496537544,-1.486998826946809,172057.63265306124,1096.0,397.0,699.0,1634046395.999448,0.0172150135040283,18.13880395889282
5072,0,1,0,0,2,3,60,3232270721,94,47,80,17,29483,59861,4,0,0,43,15,2211110130,17,59861,11123,10515,94,1130,574.5,657.1875,-0.0485018119128066,-1.7436640618510864,197045.65234375,1130.0,271.0,859.0,5298,60,1096,752.0,662.25,-0.2031849794864037,-1.7341886847580632,202365.4375,1096.0,304.5,791.5,1634046396.020639,0.0211908817291259,18.159994840621945
5073,0,1,0,0,3,2,408,2211110130,442,64,428,17,59861,29483,4,0,0,43,15,2211110130,17,59861,11123,10957,94,1130,442.0,644.5294117647059,0.031436656996013,-1.6991715938374925,188018.36678200687,1130.0,330.0,800.0,5706,60,1096,408.0,634.0,-0.0305919226277096,-1.6922640305043184,186264.88888888888,1096.0,386.0,710.0,1634046396.028513,0.0078740119934082,18.167868852615353
5074,0,1,0,0,3,2,1096,2211110130,1130,64,1116,17,59861,29483,4,0,0,43,15,2211110130,17,59861,11123,12087,94,1130,574.5,671.5,-0.0798618140905155,-1.7138467900426582,189938.91666666663,1130.0,330.0,800.0,6802,60,1096,752.0,680.2,-0.2271721088195912,-1.6714330768215993,186848.36,1096.0,391.5,704.5,1634046396.028513,0.0,18.167868852615353
5075,0,1,0,0,3,2,1096,2211110130,1130,64,1116,17,59861,29483,4,0,0,43,15,2211110130,17,59861,11123,13217,94,1130,707.0,695.6315789473684,-0.1803891308794029,-1.7020518210889042,190424.12742382276,1130.0,330.0,800.0,7898,60,1096,1096.0,718.0,-0.3933162790740535,-1.584466201812206,184150.54545454544,1096.0,397.0,699.0,1634046396.028513,0.0,18.167868852615353
5076,0,1,0,0,3,2,1096,2211110130,1130,64,1116,17,59861,29483,4,0,0,43,15,2211110130,17,59861,11123,14347,94,1130,918.5,717.35,-0.2722495392440099,-1.6709339740967295,189865.02750000003,1130.0,330.0,800.0,8994,60,1096,1096.0,749.5,-0.5382038524243973,-1.4581731709082022,179719.41666666666,1096.0,402.5,693.5,1634046396.029294,0.0007810592651367,18.16864991188049
5077,0,1,0,0,3,2,1096,2211110130,1130,64,1116,17,59861,29483,4,0,0,43,15,2211110130,17,59861,11123,1130,1130,1130,1130.0,1130.0,0.0,-3.0,0.0,1130.0,1130.0,0.0,10090,60,1096,1096.0,776.1538461538462,-0.6674074595318622,-1.3066061859262956,174419.97633136093,1096.0,408.0,688.0,1634046396.029294,0.0,18.16864991188049
5078,0,1,0,0,3,2,1096,2211110130,1130,64,1116,17,59861,29483,4,0,0,43,15,2211110130,17,59861,11123,2260,1130,1130,1130.0,1130.0,0.0,-3.0,0.0,1130.0,1130.0,0.0,11186,60,1096,1096.0,799.0,-0.784551848772755,-1.13783794937031,168746.7142857143,1096.0,408.0,688.0,1634046396.029294,0.0,18.16864991188049
5079,0,1,0,0,3,2,735,2211110130,769,64,755,17,59861,29483,4,0,0,43,15,2211110130,17,59861,11123,3029,769,1130,1130.0,1009.6666666666666,-0.707106781186547,-1.5000000000000004,28960.22222222222,1130.0,949.5,180.5,11921,60,1096,1096.0,794.7333333333333,-0.7781715753694831,-1.0453531357039303,157751.79555555558,1096.0,408.0,688.0,1634046396.029294,0.0,18.16864991188049
5080,0,1,0,0,2,3,60,3232270721,94,47,80,17,29483,59861,4,0,0,43,15,2211110130,17,59861,11123,3123,94,1130,949.5,780.75,-0.7884156997165999,-1.030743224165975,178928.6875,1130.0,600.25,529.75,11981,60,1096,1096.0,748.8125,-0.6004246719842538,-1.3507990201158524,179523.15234375,1096.0,402.5,693.5,1634046396.036682,0.0073878765106201,18.17603778839111
5081,0,1,0,0,3,2,52,2211110130,86,64,72,17,59861,29483,4,0,0,43,15,2211110130,17,59861,11123,3209,86,1130,769.0,641.8,-0.1958581846916702,-1.7671757668314427,220371.36,1130.0,94.0,1036.0,12033,52,1096,1096.0,707.8235294117648,-0.4469290113883517,-1.5513010183031406,195844.4982698962,1096.0,386.0,710.0,1634046396.047164,0.0104820728302001,18.18651986122131
5082,0,1,0,0,2,3,296,3232270721,330,52,316,17,10001,59861,4,0,0,43,15,2211110130,17,59861,11123,3539,86,1130,549.5,589.8333333333334,0.1021133714079821,-1.7103618691366254,197145.47222222225,1039.75,153.0,886.75,12329,52,1096,915.5,684.9444444444445,-0.3180184677852436,-1.6434604626974354,193862.94135802463,1096.0,318.5,777.5,1634046396.078762,0.0315980911254882,18.218117952346798
5083,0,1,0,0,2,3,52,3232270721,86,47,72,17,29483,59861,4,0,0,43,15,2211110130,17,59861,11123,3625,86,1130,330.0,517.8571428571429,0.3683595699270839,-1.6155720325311178,200065.26530612243,949.5,90.0,859.5,12381,52,1096,735.0,651.6315789473684,-0.2032203738831288,-1.7242722084641653,203635.07479224377,1096.0,178.0,918.0,1634046396.078818,5.602836608886719e-05,18.218173980712887
5084,0,1,0,0,2,3,296,3232270721,330,51,316,17,10001,59861,4,0,0,43,15,2211110130,17,59861,11123,3955,86,1130,330.0,494.375,0.536885310962428,-1.3797445421440244,178916.984375,859.25,92.0,767.25,12677,52,1096,571.5,633.85,-0.1048902226342047,-1.7429171563948085,199460.8275,1096.0,237.0,859.0,1634046396.079129,0.0003108978271484,18.218484878540036
5085,0,1,0,0,3,2,1096,2211110130,1130,64,1116,17,59861,29483,4,0,0,43,15,2211110130,17,59861,11123,5085,86,1130,330.0,565.0,0.2495989184431457,-1.6859890120213663,198940.44444444444,1130.0,94.0,1036.0,1096,1096,1096,1096.0,1096.0,0.0,-3.0,0.0,1096.0,1096.0,0.0,1634046396.082123,0.0029940605163574,18.221478939056393
5086,0,1,0,0,3,2,1096,2211110130,1130,64,1116,17,59861,29483,4,0,0,43,15,2211110130,17,59861,11123,6215,86,1130,549.5,621.5,0.0271416165385319,-1.7856660663386956,207776.65,1130.0,153.0,977.0,2192,1096,1096,1096.0,1096.0,0.0,-3.0,0.0,1096.0,1096.0,0.0,1634046396.082123,0.0,18.221478939056393
5087,0,1,0,0,3,2,1096,2211110130,1130,64,1116,17,59861,29483,4,0,0,43,15,2211110130,17,59861,11123,7345,86,1130,769.0,667.7272727272727,-0.1552486282461043,-1.7829473427430569,210257.47107438016,1130.0,212.0,918.0,3288,1096,1096,1096.0,1096.0,0.0,-3.0,0.0,1096.0,1096.0,0.0,1634046396.082642,0.0005190372467041,18.221997976303097
5088,0,1,0,0,3,2,1116,2211110130,1150,64,1136,17,59861,29483,4,0,0,43,15,2211110130,17,59861,11123,8495,86,1150,949.5,707.9166666666666,-0.3087358828210834,-1.723155871609549,210503.07638888888,1130.0,271.0,859.0,4404,1096,1116,1096.0,1101.0,1.1547005383792517,-0.6666666666666665,75.0,1101.0,1096.0,5.0,1634046396.096486,0.0138440132141113,18.23584198951721
5089,0,1,0,0,3,2,1038,2211110130,1072,64,1058,17,59861,29483,4,0,0,43,15,2211110130,17,59861,11123,9567,86,1150,1072.0,735.9230769230769,-0.4453452731053877,-1.6216306513994736,203722.8402366864,1130.0,330.0,800.0,5442,1038,1116,1096.0,1088.4,-1.1535027166243446,-0.0842547795651169,695.04,1096.0,1096.0,0.0,1634046396.096486,0.0,18.23584198951721
5090,0,1,0,0,3,2,408,2211110130,442,64,428,17,59861,29483,4,0,0,43,15,2211110130,17,59861,11123,10009,86,1150,920.5,714.9285714285714,-0.3202321916373269,-1.662055486683358,194901.20918367343,1130.0,330.0,800.0,5850,408,1116,1096.0,975.0,-1.754094262525144,1.1343406008921455,64877.0,1096.0,1052.5,43.5,1634046396.096486,0.0,18.23584198951721
5091,0,1,0,0,3,2,60,2211110130,94,64,80,17,59861,29483,4,0,0,43,15,2211110130,17,59861,11123,10103,86,1150,769.0,673.5333333333333,-0.1716479502548274,-1.7599537395992018,205897.7155555556,1130.0,212.0,918.0,5910,60,1116,1096.0,844.2857142857143,-1.1139006232043307,-0.5233194469687592,158126.20408163266,1096.0,723.0,373.0,1634046396.097239,0.0007529258728027,18.23659491539001
5092,0,1,0,0,3,2,1096,2211110130,1130,64,1116,17,59861,29483,4,0,0,43,15,2211110130,17,59861,11123,11233,86,1150,920.5,702.0625,-0.2869356227842236,-1.7170837266149124,205237.80859375,1130.0,271.0,859.0,7006,60,1116,1096.0,875.75,-1.3188402057611703,-0.014778638133428,145290.4375,1096.0,880.5,215.5,1634046396.097239,0.0,18.23659491539001
5093,0,1,0,0,3,2,1096,2211110130,1130,64,1116,17,59861,29483,4,0,0,43,15,2211110130,17,59861,11123,12363,86,1150,1072.0,727.2352941176471,-0.391291389818854,-1.6530668384175045,203303.70934256053,1130.0,330.0,800.0,8102,60,1116,1096.0,900.2222222222222,-1.5011451430862208,0.5116495395568026,133938.17283950618,1096.0,1038.0,58.0,1634046396.09773,0.0004909038543701,18.23708581924438
5094,0,1,0,0,3,2,1096,2211110130,1130,64,1116,17,59861,29483,4,0,0,43,15,2211110130,17,59861,11123,13493,86,1150,1101.0,749.6111111111111,-0.4868804359674613,-1.5736517466914826,200520.57098765436,1130.0,330.0,800.0,9198,60,1116,1096.0,919.8,-1.666555085658144,1.0493796774007365,123993.96,1096.0,1052.5,43.5,1634046396.09773,0.0,18.23708581924438
5095,0,1,0,0,3,2,1096,2211110130,1130,64,1116,17,59861,29483,4,0,0,43,15,2211110130,17,59861,11123,14623,86,1150,1130.0,769.6315789473684,-0.5752850898244246,-1.4826814863404905,197181.60110803327,1130.0,330.0,800.0,10294,60,1116,1096.0,935.818181818182,-1.8188011665920671,1.594704850572083,115287.60330578512,1096.0,1067.0,29.0,1634046396.09773,0.0,18.23708581924438
5096,0,1,0,0,3,2,1096,2211110130,1130,64,1116,17,59861,29483,4,0,0,43,15,2211110130,17,59861,11123,15753,86,1150,1130.0,787.65,-0.6576943012953427,-1.38282089680097,193491.1275,1130.0,330.0,800.0,11390,60,1116,1096.0,949.1666666666666,-1.96045341290818,2.145379151040361,107640.30555555556,1096.0,1081.5,14.5,1634046396.09835,0.0006201267242431,18.237705945968624
5097,0,1,0,0,3,2,485,2211110130,519,64,505,17,59861,29483,4,0,0,43,15,2211110130,17,59861,11123,519,519,519,519.0,519.0,0.0,-3.0,0.0,519.0,519.0,0.0,11875,60,1116,1096.0,913.4615384615385,-1.526695499764653,0.7467706244338395,114658.55621301776,1096.0,1038.0,58.0,1634046396.09835,0.0,18.237705945968624
5098,0,1,0,0,2,3,56,3232270721,90,47,76,17,29483,59861,4,0,0,43,15,2211110130,17,59861,11123,609,90,519,304.5,304.5,0.0,-2.0,46010.25,411.75,197.25,214.5,11931,56,1116,1096.0,852.2142857142857,-1.1660559352365325,-0.3702408380220006,155234.59693877553,1096.0,623.25,472.75,1634046396.112029,0.013679027557373,18.251384973525997
5099,0,1,0,0,2,3,60,3232270721,94,47,80,17,29483,59861,4,0,0,43,15,2211110130,17,59861,11123,703,90,519,94.0,234.33333333333331,0.70689737836916,-1.5,40520.22222222222,306.5,92.0,214.5,11991,56,1116,1096.0,799.4,-0.8926716364377536,-1.0065737315292125,183936.50666666668,1096.0,446.5,649.5,1634046396.112084,5.4836273193359375e-05,18.25143980979919
5100,0,1,0,0,3,2,56,2211110130,90,64,76,17,59861,29483,4,0,0,43,15,2211110130,17,59861,11123,793,90,519,92.0,198.25,1.1544317581921817,-0.6668752894000818,34296.1875,200.25,90.0,110.25,12047,56,1116,1096.0,752.9375,-0.6801278726149087,-1.3804964836080704,204821.93359375,1096.0,321.0,775.0,1634046396.125963,0.0138790607452392,18.26531887054443
5101,0,1,0,0,3,2,408,2211110130,442,64,428,17,59861,29483,4,0,0,43,15,2211110130,17,59861,11123,1235,90,519,94.0,247.0,0.4567757407284034,-1.7276288984371464,36943.2,442.0,90.0,352.0,12455,56,1116,1096.0,732.6470588235294,-0.5572991572407844,-1.483855306916754,199360.8166089965,1096.0,408.0,688.0,1634046396.125963,0.0,18.26531887054443
5102,0,1,0,0,3,2,1096,2211110130,1130,64,1116,17,59861,29483,4,0,0,43,15,2211110130,17,59861,11123,2365,90,1130,268.0,394.1666666666667,1.0191281532583776,-0.2542392238154969,139076.13888888888,499.75,91.0,408.75,13551,56,1116,1096.0,752.8333333333334,-0.6494641529995198,-1.3750078955110807,195212.47222222225,1096.0,408.0,688.0,1634046396.127884,0.0019209384918212,18.26723980903625
5103,0,1,0,0,3,2,1096,2211110130,1130,64,1116,17,59861,29483,4,0,0,43,15,2211110130,17,59861,11123,3495,90,1130,442.0,499.2857142857143,0.532673691571081,-1.3411558936706027,185508.20408163263,824.5,92.0,732.5,14647,56,1116,1096.0,770.8947368421053,-0.7352933038529109,-1.2572776450582872,190809.9889196676,1096.0,408.0,688.0,1634046396.127884,0.0,18.26723980903625
5104,0,1,0,0,3,2,1096,2211110130,1130,64,1116,17,59861,29483,4,0,0,43,15,2211110130,17,59861,11123,4625,90,1130,480.5,578.125,0.2080755925413816,-1.68079675979395,205829.109375,1130.0,93.0,1037.0,15743,56,1116,1096.0,787.15,-0.8157761027960443,-1.1326218289902958,186289.9275,1096.0,408.0,688.0,1634046396.127884,0.0,18.26723980903625
5105,0,1,0,0,3,2,1096,2211110130,1130,64,1116,17,59861,29483,4,0,0,43,15,2211110130,17,59861,11123,5755,90,1130,519.0,639.4444444444445,-0.0353269876096,-1.7657563290948382,213039.80246913584,1130.0,94.0,1036.0,1096,1096,1096,1096.0,1096.0,0.0,-3.0,0.0,1096.0,1096.0,0.0,1634046396.128651,0.0007669925689697,18.26800680160522
5106,0,1,0,0,3,2,291,2211110130,325,64,311,17,59861,29483,4,0,0,43,15,2211110130,17,59861,11123,6080,90,1130,480.5,608.0,0.1415639128519376,-1.7131256888129898,200634.6,1130.0,151.75,978.25,1387,291,1096,693.5,693.5,0.0,-2.0,162006.25,894.75,492.25,402.5,1634046396.128651,0.0,18.26800680160522
5107,0,1,0,0,3,2,408,2211110130,442,64,428,17,59861,29483,4,0,0,43,15,2211110130,17,59861,11123,6522,90,1130,442.0,592.9090909090909,0.2458891356913325,-1.5899732246572271,184672.44628099172,1130.0,209.5,920.5,1795,291,1096,408.0,598.3333333333334,0.6499796445767353,-1.5000000000000009,126117.55555555556,752.0,349.5,402.5,1634046396.152684,0.0240330696105957,18.292039871215817
5108,0,1,0,0,3,2,1096,2211110130,1130,64,1116,17,59861,29483,4,0,0,43,15,2211110130,17,59861,11123,7652,90,1130,480.5,637.6666666666666,0.0599907911261763,-1.6937565959665617,191318.72222222225,1130.0,267.25,862.75,2891,291,1096,752.0,722.75,-0.0361785244384856,-1.9519082868154063,141026.6875,1096.0,378.75,717.25,1634046396.156061,0.0033769607543945,18.29541683197021
5109,0,1,0,0,3,2,1096,2211110130,1130,64,1116,17,59861,29483,4,0,0,43,15,2211110130,17,59861,11123,8782,90,1130,519.0,675.5384615384615,-0.0968139439361645,-1.7159002127162877,193813.1715976332,1130.0,325.0,805.0,3987,291,1096,1096.0,797.4,-0.439096555686765,-1.7663367535586174,135111.84,1096.0,408.0,688.0,1634046396.156061,0.0,18.29541683197021
5110,0,1,0,0,3,2,1096,2211110130,1130,64,1116,17,59861,29483,4,0,0,43,15,2211110130,17,59861,11123,9912,90,1130,824.5,708.0,-0.2330267288126131,-1.6885204238744316,193668.14285714287,1130.0,354.25,775.75,5083,291,1096,1096.0,847.1666666666666,-0.7359959080502879,-1.4184756176928548,124976.80555555556,1096.0,580.0,516.0,1634046396.156574,0.0005130767822265,18.295929908752438
5111,0,1,0,0,3,2,1096,2211110130,1130,64,1116,17,59861,29483,4,0,0,43,15,2211110130,17,59861,11123,11042,90,1130,1130.0,736.1333333333333,-0.3539467706190081,-1.6288647116359452,191837.7155555556,1130.0,383.5,746.5,6179,291,1096,1096.0,882.7142857142857,-0.9768407165172144,-1.005224661296814,114704.77551020404,1096.0,752.0,344.0,1634046396.156574,0.0,18.295929908752438
5112,0,1,0,0,3,2,1096,2211110130,1130,64,1116,17,59861,29483,4,0,0,43,15,2211110130,17,59861,11123,12172,90,1130,1130.0,760.75,-0.4630756477567765,-1.5470131285452045,188937.5625,1130.0,412.75,717.25,7275,291,1096,1096.0,909.375,-1.1826919555826425,-0.5591463317600258,105342.234375,1096.0,924.0,172.0,1634046396.156574,0.0,18.295929908752438
5113,0,1,0,0,3,2,411,2211110130,445,64,431,17,59861,29483,4,0,0,43,15,2211110130,17,59861,11123,12617,90,1130,1130.0,742.1764705882352,-0.3493095616081325,-1.6022631154714069,183343.20415224915,1130.0,442.0,688.0,7686,291,1096,1096.0,854.0,-0.7359949834794863,-1.415517561645132,118168.66666666669,1096.0,411.0,685.0,1634046396.157495,0.0009210109710693,18.296850919723507
5114,0,1,0,0,2,3,60,3232270721,94,47,80,17,29483,59861,4,0,0,43,15,2211110130,17,59861,11123,12711,90,1130,824.5,706.1666666666666,-0.2306707126298622,-1.6931787515925143,195201.47222222225,1130.0,354.25,775.75,7746,60,1096,1096.0,774.6,-0.5711066458681285,-1.4396806339180923,163091.03999999998,1096.0,408.75,687.25,1634046396.157601,0.0001060962677001,18.296957015991207
5115,0,1,0,0,3,2,408,2211110130,442,64,428,17,59861,29483,4,0,0,43,15,2211110130,17,59861,11123,13153,90,1130,519.0,692.2631578947369,-0.1461939165100288,-1.688725732020078,188407.24653739613,1130.0,383.5,746.5,8154,60,1096,1096.0,741.2727272727273,-0.35683920578549,-1.6109224769895074,159371.65289256198,1096.0,408.0,688.0,1634046396.17229,0.0146889686584472,18.311645984649655
5116,0,1,0,0,2,3,60,3232270721,94,47,80,17,29483,59861,4,0,0,43,15,2211110130,17,59861,11123,13247,90,1130,482.0,662.35,-0.0512855294887225,-1.7233135060242797,195988.02750000003,1130.0,267.25,862.75,8214,60,1096,753.5,684.5,-0.207593591335592,-1.6915377022268814,181545.25,1096.0,378.75,717.25,1634046396.176126,0.003835916519165,18.31548190116882
5117,0,1,0,0,3,2,1096,2211110130,1130,64,1116,17,59861,29483,4,0,0,43,15,2211110130,17,59861,11123,1130,1130,1130,1130.0,1130.0,0.0,-3.0,0.0,1130.0,1130.0,0.0,9310,60,1096,1096.0,716.1538461538462,-0.3488107127267674,-1.6268511394439156,179603.8224852071,1096.0,408.0,688.0,1634046396.177757,0.0016310214996337,18.317112922668453
5118,0,1,0,0,3,2,1096,2211110130,1130,64,1116,17,59861,29483,4,0,0,43,15,2211110130,17,59861,11123,2260,1130,1130,1130.0,1130.0,0.0,-3.0,0.0,1130.0,1130.0,0.0,10406,60,1096,1096.0,743.2857142857143,-0.4741521217737687,-1.5320764006908152,176344.77551020408,1096.0,408.0,688.0,1634046396.187754,0.0099968910217285,18.327109813690182
5119,0,1,0,0,3,2,1096,2211110130,1130,64,1116,17,59861,29483,4,0,0,43,15,2211110130,17,59861,11123,3390,1130,1130,1130.0,1130.0,0.0,-3.0,0.0,1130.0,1130.0,0.0,11502,60,1096,1096.0,766.8,-0.5873201156917205,-1.4167920754775685,172329.36000000002,1096.0,408.0,688.0,1634046396.187754,0.0,18.327109813690182
5120,0,1,0,0,3,2,1116,2211110130,1150,64,1136,17,59861,29483,4,0,0,43,15,2211110130,17,59861,11123,4540,1130,1150,1130.0,1135.0,1.1547005383792517,-0.6666666666666665,75.0,1135.0,1130.0,5.0,12618,60,1116,1096.0,788.625,-0.6896092051127607,-1.2889826016141372,168703.734375,1096.0,408.0,688.0,1634046396.188495,0.0007410049438476,18.32785081863403
5121,0,1,0,0,3,2,984,2211110130,1018,64,1004,17,59861,29483,4,0,0,43,15,2211110130,17,59861,11123,5558,1018,1150,1130.0,1111.6,-1.3953282700338778,0.1310896651873139,2250.24,1130.0,1130.0,0.0,13602,60,1116,1096.0,800.1176470588235,-0.7760552883488722,-1.142161125535946,160893.28027681657,1096.0,408.0,688.0,1634046396.188495,0.0,18.32785081863403
5122,0,1,0,0,2,3,296,3232270721,330,48,316,17,10001,59861,4,0,0,43,15,2211110130,17,59861,11123,5888,330,1150,1130.0,981.3333333333334,-1.707313455895412,1.038873923309234,86722.22222222223,1130.0,1046.0,84.0,13898,60,1116,1096.0,772.1111111111111,-0.6028255170867461,-1.4007302082727344,165288.98765432098,1096.0,408.0,688.0,1634046396.197696,0.0092010498046875,18.337051868438717
5123,0,1,0,0,2,3,60,3232270721,94,47,80,17,29483,59861,4,0,0,43,15,2211110130,17,59861,11123,5982,94,1150,1130.0,854.5714285714286,-0.9951529532405916,-0.8638255837440756,170744.81632653062,1130.0,674.0,456.0,13958,60,1116,1096.0,734.6315789473684,-0.4754951177898364,-1.5530248980410994,181874.4432132964,1096.0,352.0,744.0,1634046396.208048,0.0103521347045898,18.347404003143307
5124,0,1,0,0,3,2,32,2211110130,66,64,52,17,59861,29483,4,0,0,43,15,2211110130,17,59861,11123,6048,66,1150,1074.0,756.0,-0.5670036492665851,-1.5742228686464004,217416.0,1130.0,271.0,859.0,13990,32,1116,1040.0,699.5,-0.3641712766930524,-1.6559801713697562,196231.05,1096.0,294.75,801.25,1634046396.208932,0.0008838176727294,18.348287820816036
5125,0,1,0,0,3,2,60,2211110130,94,64,80,17,59861,29483,4,0,0,43,15,2211110130,17,59861,11123,6142,66,1150,1018.0,682.4444444444445,-0.2671548373457152,-1.8472895900773845,236542.0246913581,1130.0,94.0,1036.0,60,60,60,60.0,60.0,0.0,-3.0,0.0,60.0,60.0,0.0,1634046396.208932,0.0,18.348287820816036
5126,0,1,0,0,3,2,1096,2211110130,1130,64,1116,17,59861,29483,4,0,0,43,15,2211110130,17,59861,11123,7272,66,1150,1074.0,727.2,-0.4487078376551403,-1.721098047075463,230915.36,1130.0,153.0,977.0,1156,60,1096,578.0,578.0,0.0,-2.0,268324.0,837.0,319.0,518.0,1634046396.209371,0.000439167022705,18.34872698783874
5127,0,1,0,0,3,2,1096,2211110130,1130,64,1116,17,59861,29483,4,0,0,43,15,2211110130,17,59861,11123,8402,66,1150,1130.0,763.8181818181819,-0.6054980771211699,-1.557475165591824,223331.96694214875,1130.0,212.0,918.0,2252,60,1096,1096.0,750.6666666666666,-0.7071067811865472,-1.5,238510.22222222225,1096.0,578.0,518.0,1634046396.209371,0.0,18.34872698783874
5128,0,1,0,0,3,2,1096,2211110130,1130,64,1116,17,59861,29483,4,0,0,43,15,2211110130,17,59861,11123,9532,66,1150,1130.0,794.3333333333334,-0.7444422300153775,-1.3703314540304188,214963.88888888888,1130.0,271.0,859.0,3348,60,1096,1096.0,837.0,-1.1547005383792517,-0.6666666666666665,201243.0,1096.0,837.0,259.0,1634046396.209371,0.0,18.34872698783874
5129,0,1,0,0,3,2,1096,2211110130,1130,64,1116,17,59861,29483,4,0,0,43,15,2211110130,17,59861,11123,10662,66,1150,1130.0,820.1538461538462,-0.8698900955710119,-1.1674475425067543,206428.5917159763,1130.0,330.0,800.0,4444,60,1096,1096.0,888.8,-1.5000000000000004,0.2500000000000004,171727.35999999996,1096.0,1096.0,0.0,1634046396.215859,0.0064878463745117,18.355214834213253
5130,0,1,0,0,3,2,1096,2211110130,1130,64,1116,17,59861,29483,4,0,0,43,15,2211110130,17,59861,11123,11792,66,1150,1130.0,842.2857142857143,-0.984752986530351,-0.9535143493880796,198051.34693877544,1130.0,502.0,628.0,5540,60,1096,1096.0,923.3333333333334,-1.7888543819998324,1.2000000000000002,149068.88888888888,1096.0,1096.0,0.0,1634046396.215859,0.0,18.355214834213253
5131,0,1,0,0,3,2,307,2211110130,341,64,327,17,59861,29483,4,0,0,43,15,2211110130,17,59861,11123,12133,66,1150,1130.0,808.8666666666667,-0.7716515556741618,-1.2951058765063217,200483.58222222223,1130.0,335.5,794.5,5847,60,1096,1096.0,835.2857142857143,-1.0304356557134742,-0.8259634094138981,174287.63265306124,1096.0,701.5,394.5,1634046396.215859,0.0,18.355214834213253
5132,0,1,0,0,2,3,52,3232270721,86,48,72,17,10001,59861,4,0,0,43,15,2211110130,17,59861,11123,12219,66,1150,1130.0,763.6875,-0.5757269968925895,-1.5766977943923342,218570.71484375,1130.0,271.0,859.0,5899,52,1096,1096.0,737.375,-0.585264049463093,-1.5791294266788134,219607.234375,1096.0,245.25,850.75,1634046396.223351,0.0074920654296875,18.36270689964294
5133,0,1,0,0,3,2,408,2211110130,442,64,428,17,59861,29483,4,0,0,43,15,2211110130,17,59861,11123,12661,66,1150,1130.0,744.7647058823529,-0.4661054750819751,-1.6413803538200142,211442.76816609,1130.0,330.0,800.0,6307,52,1096,1096.0,700.7777777777778,-0.3729693050842725,-1.692087786710688,205921.2839506173,1096.0,307.0,789.0,1634046396.225157,0.0018060207366943,18.364512920379635
5134,0,1,0,0,2,3,60,3232270721,94,47,80,17,29483,59861,4,0,0,43,15,2211110130,17,59861,11123,12755,66,1150,1074.0,708.6111111111111,-0.3251852588742482,-1.7679981470918933,221916.34876543208,1130.0,153.0,977.0,6367,52,1096,752.0,636.7,-0.1401098024037301,-1.835924354319446,222282.81,1096.0,121.75,974.25,1634046396.228541,0.0033838748931884,18.367896795272824
5135,0,1,0,0,3,2,1096,2211110130,1130,64,1116,17,59861,29483,4,0,0,43,15,2211110130,17,59861,11123,13885,66,1150,1130.0,730.7894736842105,-0.4179011908326867,-1.702234821857519,219090.37673130195,1130.0,212.0,918.0,7463,52,1096,1096.0,678.4545454545455,-0.3122149579022193,-1.7672986804120725,219509.70247933888,1096.0,183.5,912.5,1634046396.235164,0.0066230297088623,18.374519824981686
5136,0,1,0,0,3,2,1096,2211110130,1130,64,1116,17,59861,29483,4,0,0,43,15,2211110130,17,59861,11123,15015,66,1150,1130.0,750.75,-0.5036453696620353,-1.6253421420516956,215705.8875,1130.0,271.0,859.0,8559,52,1096,1096.0,713.25,-0.4609523846134089,-1.6573591797650338,214535.1875,1096.0,245.25,850.75,1634046396.235755,0.0005910396575927,18.37511086463928
5137,0,1,0,0,3,2,1096,2211110130,1130,64,1116,17,59861,29483,4,0,0,43,15,2211110130,17,59861,11123,1130,1130,1130,1130.0,1130.0,0.0,-3.0,0.0,1130.0,1130.0,0.0,9655,52,1096,1096.0,742.6923076923077,-0.5927204922193355,-1.5211045104931749,208434.67455621305,1096.0,307.0,789.0,1634046396.235755,0.0,18.37511086463928
5138,0,1,0,0,3,2,1096,2211110130,1130,64,1116,17,59861,29483,4,0,0,43,15,2211110130,17,59861,11123,2260,1130,1130,1130.0,1130.0,0.0,-3.0,0.0,1130.0,1130.0,0.0,10751,52,1096,1096.0,767.9285714285714,-0.7115942089078148,-1.3670582495927384,201825.7806122449,1096.0,332.25,763.75,1634046396.235755,0.0,18.37511086463928
5139,0,1,0,0,3,2,1096,2211110130,1130,64,1116,17,59861,29483,4,0,0,43,15,2211110130,17,59861,11123,3390,1130,1130,1130.0,1130.0,0.0,-3.0,0.0,1130.0,1130.0,0.0,11847,52,1096,1096.0,789.8,-0.8203250175848609,-1.2004221529626071,195067.76,1096.0,357.5,738.5,1634046396.236379,0.0006239414215087,18.375734806060787
5140,0,1,0,0,3,2,163,2211110130,197,64,183,17,59861,29483,4,0,0,43,15,2211110130,17,59861,11123,3587,197,1130,1130.0,896.75,-1.1547005383792517,-0.6666666666666665,163216.6875,1130.0,896.75,233.25,12010,52,1096,1096.0,750.625,-0.6142813997199593,-1.5150361728365545,205896.234375,1096.0,271.0,825.0,1634046396.23725,0.0008711814880371,18.376605987548825
5141,0,1,0,0,2,3,60,3232270721,94,47,80,17,29483,59861,4,0,0,43,15,2211110130,17,59861,11123,3681,94,1130,1130.0,736.2,-0.4221143850011348,-1.8031766139604808,233678.56,1130.0,197.0,933.0,12070,52,1096,1096.0,710.0,-0.4499303279841644,-1.7027928938330903,220190.9411764706,1096.0,163.0,933.0,1634046396.259236,0.0219860076904296,18.398591995239254
5142,0,1,0,0,3,2,52,2211110130,86,64,72,17,59861,29483,4,0,0,43,15,2211110130,17,59861,11123,3767,86,1130,663.5,627.8333333333334,-0.0147314654012908,-1.981290757239343,253448.8055555556,1130.0,119.75,1010.25,12122,52,1096,1096.0,673.4444444444445,-0.3103762890527711,-1.817264696727576,230675.35802469132,1096.0,85.75,1010.25,1634046396.259295,5.888938903808594e-05,18.398650884628292
5143,0,1,0,0,3,2,408,2211110130,442,64,428,17,59861,29483,4,0,0,43,15,2211110130,17,59861,11123,4209,86,1130,442.0,601.2857142857143,0.1451594705112957,-1.839333268224008,221470.48979591837,1130.0,145.5,984.5,12530,52,1096,1096.0,659.4736842105264,-0.2317809098168653,-1.818213412367318,222047.82825484764,1096.0,111.5,984.5,1634046396.271718,0.012423038482666,18.41107392311096
5144,0,1,0,0,2,3,60,3232270721,94,47,80,17,29483,59861,4,0,0,43,15,2211110130,17,59861,11123,4303,86,1130,319.5,537.875,0.3767868482918659,-1.7267509163591743,221933.109375,1130.0,94.0,1036.0,12590,52,1096,752.0,629.5,-0.1219758648866421,-1.86538281610029,228015.45,1096.0,60.0,1036.0,1634046396.278359,0.0066409111022949,18.417714834213253
5145,0,1,0,0,2,3,52,3232270721,86,47,72,17,29483,59861,4,0,0,43,15,2211110130,17,59861,11123,4389,86,1130,197.0,487.6666666666667,0.5685086121606627,-1.5478371631748478,217440.88888888885,1130.0,94.0,1036.0,52,52,52,52.0,52.0,0.0,-3.0,0.0,52.0,52.0,0.0,1634046396.278415,5.602836608886719e-05,18.417770862579342
5146,0,1,0,0,2,3,60,3232270721,94,47,80,17,29483,59861,4,0,0,43,15,2211110130,17,59861,11123,4483,86,1130,145.5,448.3,0.7354763148313544,-1.3308619209314871,209644.41000000003,958.0,94.0,864.0,112,52,60,56.0,56.0,0.0,-2.0,16.0,58.0,54.0,4.0,1634046396.295839,0.0174241065979003,18.435194969177243
5147,0,1,0,0,3,2,56,2211110130,90,64,76,17,59861,29483,4,0,0,43,15,2211110130,17,59861,11123,4573,86,1130,94.0,415.7272727272728,0.8830704517194238,-1.0906338629847454,201195.65289256192,786.0,92.0,694.0,168,52,60,56.0,56.0,0.0,-1.5,10.666666666666666,58.0,54.0,4.0,1634046396.299793,0.0039539337158203,18.439148902893063
5148,0,1,0,0,3,2,1096,2211110130,1130,64,1116,17,59861,29483,4,0,0,43,15,2211110130,17,59861,11123,5703,86,1130,145.5,475.25,0.5996367350449495,-1.543256095799562,223401.85416666663,1130.0,93.0,1037.0,1264,52,1096,58.0,316.0,1.1545638948396435,-0.6667718528378468,202808.0,319.0,55.0,264.0,1634046396.300472,0.0006790161132812,18.439827919006344
5149,0,1,0,0,3,2,1096,2211110130,1130,64,1116,17,59861,29483,4,0,0,43,15,2211110130,17,59861,11123,6833,86,1130,197.0,525.6153846153846,0.383504642250803,-1.7725573540702102,236657.15976331363,1130.0,94.0,1036.0,2360,52,1096,60.0,472.0,0.4081728034638198,-1.8332922431617744,259590.4,1096.0,56.0,1040.0,1634046396.300472,0.0,18.439827919006344
5150,0,1,0,0,3,2,1096,2211110130,1130,64,1116,17,59861,29483,4,0,0,43,15,2211110130,17,59861,11123,7963,86,1130,319.5,568.7857142857143,0.2081841836101562,-1.8861933159134023,243980.88265306127,1130.0,94.0,1036.0,3456,52,1096,578.0,576.0,-5.91698470373136e-05,-1.999921106870613,270405.3333333333,1096.0,57.0,1039.0,1634046396.300472,0.0,18.439827919006344
5151,0,1,0,0,3,2,1096,2211110130,1130,64,1116,17,59861,29483,4,0,0,43,15,2211110130,17,59861,11123,9093,86,1130,442.0,606.2,0.0600767416612345,-1.9322178807189736,247313.0933333333,1130.0,94.0,1036.0,4552,52,1096,1096.0,650.2857142857143,-0.2887274449006667,-1.91656599552298,264886.2040816327,1096.0,58.0,1038.0,1634046396.301121,0.0006489753723144,18.44047689437866
5152,0,1,0,0,3,2,1096,2211110130,1130,64,1116,17,59861,29483,4,0,0,43,15,2211110130,17,59861,11123,10223,86,1130,786.0,638.9375,-0.0686581075170846,-1.935308114762014,247932.18359375,1130.0,94.0,1036.0,5648,52,1096,1096.0,706.0,-0.5164466680195813,-1.7332155191453105,253504.0,1096.0,59.0,1037.0,1634046396.301121,0.0,18.44047689437866
5153,0,1,0,0,3,2,1096,2211110130,1130,64,1116,17,59861,29483,4,0,0,43,15,2211110130,17,59861,11123,11353,86,1130,1130.0,667.8235294117648,-0.1829259845537736,-1.909436185020688,246698.38062283737,1130.0,94.0,1036.0,6744,52,1096,1096.0,749.3333333333334,-0.7071538508017564,-1.4998668671877058,240359.11111111112,1096.0,60.0,1036.0,1634046396.301695,0.0005741119384765,18.441051006317135
5154,0,1,0,0,3,2,1096,2211110130,1130,64,1116,17,59861,29483,4,0,0,43,15,2211110130,17,59861,11123,12483,86,1130,1130.0,693.5,-0.2859887427318643,-1.8631055370773943,244200.69444444444,1130.0,94.0,1036.0,7840,52,1096,1096.0,784.0,-0.8729176752658951,-1.2379476480570042,227139.2,1096.0,319.0,777.0,1634046396.301695,0.0,18.441051006317135
5155,0,1,0,0,3,2,1096,2211110130,1130,64,1116,17,59861,29483,4,0,0,43,15,2211110130,17,59861,11123,13613,86,1130,1130.0,716.4736842105264,-0.3801197873961846,-1.8017877699027411,240848.2493074792,1130.0,94.0,1036.0,8936,52,1096,1096.0,812.3636363636364,-1.020666396428036,-0.9581717451994304,214535.14049586776,1096.0,578.0,518.0,1634046396.301695,0.0,18.441051006317135
5156,0,1,0,0,3,2,1096,2211110130,1130,64,1116,17,59861,29483,4,0,0,43,15,2211110130,17,59861,11123,14743,86,1130,1130.0,737.15,-0.4669641972373334,-1.72916318248503,236928.52749999997,1130.0,94.0,1036.0,10032,52,1096,1096.0,836.0,-1.1547460877230666,-0.6664913473911058,202802.66666666663,1096.0,837.0,259.0,1634046396.302499,0.0008039474487304,18.441854953765866
5157,0,1,0,0,3,2,1096,2211110130,1130,64,1116,17,59861,29483,4,0,0,43,15,2211110130,17,59861,11123,1130,1130,1130,1130.0,1130.0,0.0,-3.0,0.0,1130.0,1130.0,0.0,11128,52,1096,1096.0,856.0,-1.2780649434353282,-0.3664777819854588,192002.46153846156,1096.0,1096.0,0.0,1634046396.302499,0.0,18.441854953765866
5158,0,1,0,0,2,3,56,3232270721,90,47,76,17,29483,59861,4,0,0,43,15,2211110130,17,59861,11123,1220,90,1130,610.0,610.0,0.0,-2.0,270400.0,870.0,350.0,520.0,11184,52,1096,1096.0,798.8571428571429,-0.9487176802309888,-1.0998840255236346,220736.97959183683,1096.0,319.0,777.0,1634046396.310699,0.00819993019104,18.450054883956906
5159,0,1,0,0,3,2,1116,2211110130,1150,64,1136,17,59861,29483,4,0,0,43,15,2211110130,17,59861,11123,2370,90,1150,1130.0,790.0,-0.7062412698095566,-1.4999999999999998,245066.66666666663,1140.0,610.0,530.0,12300,52,1116,1096.0,820.0,-1.0549323858777422,-0.8864639653657891,212279.46666666667,1096.0,578.0,518.0,1634046396.318705,0.0080060958862304,18.458060979843136
5160,0,1,0,0,3,2,1096,2211110130,1130,64,1116,17,59861,29483,4,0,0,43,15,2211110130,17,59861,11123,3500,90,1150,1130.0,875.0,-1.153571970496881,-0.6675206068407102,205475.0,1135.0,870.0,265.0,13396,52,1116,1096.0,837.25,-1.1543402930693258,-0.6668261804958928,203475.4375,1096.0,837.0,259.0,1634046396.318705,0.0,18.458060979843136
5161,0,1,0,0,3,2,1096,2211110130,1130,64,1116,17,59861,29483,4,0,0,43,15,2211110130,17,59861,11123,4630,90,1150,1130.0,926.0,-1.4987046404422155,0.2483005649632672,174784.0,1130.0,1130.0,0.0,14492,52,1116,1096.0,852.4705882352941,-1.2477118527247235,-0.4425230985149251,195212.95501730105,1096.0,1096.0,0.0,1634046396.318705,0.0,18.458060979843136
5162,0,1,0,0,3,2,1096,2211110130,1130,64,1116,17,59861,29483,4,0,0,43,15,2211110130,17,59861,11123,5760,90,1150,1130.0,960.0,-1.787426149836985,1.197484510885272,151433.33333333334,1130.0,1130.0,0.0,15588,52,1116,1096.0,866.0,-1.3359389624387403,-0.2145544497912506,187479.5555555556,1096.0,1096.0,0.0,1634046396.318705,0.0,18.458060979843136
5163,0,1,0,0,3,2,1096,2211110130,1130,64,1116,17,59861,29483,4,0,0,43,15,2211110130,17,59861,11123,6890,90,1150,1130.0,984.2857142857144,-2.039697719242704,2.163355916529337,133338.77551020408,1130.0,1130.0,0.0,16684,52,1116,1096.0,878.1052631578947,-1.419722750189877,0.016346634204436,180249.8836565097,1096.0,1096.0,0.0,1634046396.318705,0.0,18.458060979843136
5164,0,1,0,0,3,2,1096,2211110130,1130,64,1116,17,59861,29483,4,0,0,43,15,2211110130,17,59861,11123,8020,90,1150,1130.0,1002.5,-2.2661385606840074,3.138764992298781,118993.75,1130.0,1130.0,0.0,17780,52,1116,1096.0,889.0,-1.499624780309163,0.2496303080253197,173492.6,1096.0,1096.0,0.0,1634046396.318705,0.0,18.458060979843136
5165,0,1,0,0,3,2,1096,2211110130,1130,64,1116,17,59861,29483,4,0,0,43,15,2211110130,17,59861,11123,9150,90,1150,1130.0,1016.6666666666666,-2.473128725511375,4.12013590412701,107377.77777777778,1130.0,1130.0,0.0,1096,1096,1096,1096.0,1096.0,0.0,-3.0,0.0,1096.0,1096.0,0.0,1634046396.318705,0.0,18.458060979843136
5166,0,1,0,0,3,2,1096,2211110130,1130,64,1116,17,59861,29483,4,0,0,43,15,2211110130,17,59861,11123,10280,90,1150,1130.0,1028.0,-2.6648309372135217,5.105481738452966,97796.0,1130.0,1130.0,0.0,2192,1096,1096,1096.0,1096.0,0.0,-3.0,0.0,1096.0,1096.0,0.0,1634046396.318705,0.0,18.458060979843136
5167,0,1,0,0,3,2,1096,2211110130,1130,64,1116,17,59861,29483,4,0,0,43,15,2211110130,17,59861,11123,11410,90,1150,1130.0,1037.2727272727273,-2.844128301358044,6.093610205041498,89765.28925619835,1130.0,1130.0,0.0,3288,1096,1096,1096.0,1096.0,0.0,-3.0,0.0,1096.0,1096.0,0.0,1634046396.318705,0.0,18.458060979843136
5168,0,1,0,0,3,2,1096,2211110130,1130,64,1116,17,59861,29483,4,0,0,43,15,2211110130,17,59861,11123,12540,90,1150,1130.0,1045.0,-3.013110049885141,7.083762507254406,82941.66666666667,1130.0,1130.0,0.0,4384,1096,1096,1096.0,1096.0,0.0,-3.0,0.0,1096.0,1096.0,0.0,1634046396.318705,0.0,18.458060979843136
5169,0,1,0,0,3,2,1096,2211110130,1130,64,1116,17,59861,29483,4,0,0,43,15,2211110130,17,59861,11123,13670,90,1150,1130.0,1051.5384615384614,-3.173344758357037,8.075432746793666,77074.55621301773,1130.0,1130.0,0.0,5480,1096,1096,1096.0,1096.0,0.0,-3.0,0.0,1096.0,1096.0,0.0,1634046396.318705,0.0,18.458060979843136
5170,0,1,0,0,3,2,1096,2211110130,1130,64,1116,17,59861,29483,4,0,0,43,15,2211110130,17,59861,11123,14800,90,1150,1130.0,1057.142857142857,-3.3260441602383617,9.068270667909747,71977.55102040818,1130.0,1130.0,0.0,6576,1096,1096,1096.0,1096.0,0.0,-3.0,0.0,1096.0,1096.0,0.0,1634046396.318705,0.0,18.458060979843136
5171,0,1,0,0,3,2,1096,2211110130,1130,64,1116,17,59861,29483,4,0,0,43,15,2211110130,17,59861,11123,15930,90,1150,1130.0,1062.0,-3.472166512930102,10.062026077284688,67509.33333333333,1130.0,1130.0,0.0,7672,1096,1096,1096.0,1096.0,0.0,-3.0,0.0,1096.0,1096.0,0.0,1634046396.318705,0.0,18.458060979843136
5172,0,1,0,0,3,2,1096,2211110130,1130,64,1116,17,59861,29483,4,0,0,43,15,2211110130,17,59861,11123,17060,90,1150,1130.0,1066.25,-3.6124846057409896,11.056515493399347,63560.9375,1130.0,1130.0,0.0,8768,1096,1096,1096.0,1096.0,0.0,-3.0,0.0,1096.0,1096.0,0.0,1634046396.31922,0.0005149841308593,18.458575963973995
5173,0,1,0,0,3,2,1096,2211110130,1130,64,1116,17,59861,29483,4,0,0,43,15,2211110130,17,59861,11123,18190,90,1150,1130.0,1070.0,-3.747632092091544,12.051601301087842,60047.05882352941,1130.0,1130.0,0.0,9864,1096,1096,1096.0,1096.0,0.0,-3.0,0.0,1096.0,1096.0,0.0,1634046396.31922,0.0,18.458575963973995
5174,0,1,0,0,3,2,1096,2211110130,1130,64,1116,17,59861,29483,4,0,0,43,15,2211110130,17,59861,11123,19320,90,1150,1130.0,1073.3333333333333,-3.878136000411589,13.047178262611862,56900.0,1130.0,1130.0,0.0,10960,1096,1096,1096.0,1096.0,0.0,-3.0,0.0,1096.0,1096.0,0.0,1634046396.31922,0.0,18.458575963973995
5175,0,1,0,0,3,2,1096,2211110130,1130,64,1116,17,59861,29483,4,0,0,43,15,2211110130,17,59861,11123,20450,90,1150,1130.0,1076.3157894736842,-4.004440131961322,14.043164524653864,54065.37396121885,1130.0,1130.0,0.0,12056,1096,1096,1096.0,1096.0,0.0,-3.0,0.0,1096.0,1096.0,0.0,1634046396.31922,0.0,18.458575963973995
5176,0,1,0,0,3,2,1096,2211110130,1130,64,1116,17,59861,29483,4,0,0,43,15,2211110130,17,59861,11123,21580,90,1150,1130.0,1079.0,-4.126922274091049,15.039495464980073,51499.0,1130.0,1130.0,0.0,13152,1096,1096,1096.0,1096.0,0.0,-3.0,0.0,1096.0,1096.0,0.0,1634046396.31922,0.0,18.458575963973995
5177,0,1,0,0,3,2,1096,2211110130,1130,64,1116,17,59861,29483,4,0,0,43,15,2211110130,17,59861,11123,1130,1130,1130,1130.0,1130.0,0.0,-3.0,0.0,1130.0,1130.0,0.0,14248,1096,1096,1096.0,1096.0,0.0,-3.0,0.0,1096.0,1096.0,0.0,1634046396.31922,0.0,18.458575963973995
5178,0,1,0,0,3,2,1096,2211110130,1130,64,1116,17,59861,29483,4,0,0,43,15,2211110130,17,59861,11123,2260,1130,1130,1130.0,1130.0,0.0,-3.0,0.0,1130.0,1130.0,0.0,15344,1096,1096,1096.0,1096.0,0.0,-3.0,0.0,1096.0,1096.0,0.0,1634046396.31922,0.0,18.458575963973995
5179,0,1,0,0,3,2,1096,2211110130,1130,64,1116,17,59861,29483,4,0,0,43,15,2211110130,17,59861,11123,3390,1130,1130,1130.0,1130.0,0.0,-3.0,0.0,1130.0,1130.0,0.0,16440,1096,1096,1096.0,1096.0,0.0,-3.0,0.0,1096.0,1096.0,0.0,1634046396.31922,0.0,18.458575963973995
5180,0,1,0,0,3,2,1096,2211110130,1130,64,1116,17,59861,29483,4,0,0,43,15,2211110130,17,59861,11123,4520,1130,1130,1130.0,1130.0,0.0,-3.0,0.0,1130.0,1130.0,0.0,17536,1096,1096,1096.0,1096.0,0.0,-3.0,0.0,1096.0,1096.0,0.0,1634046396.31922,0.0,18.458575963973995
5181,0,1,0,0,3,2,1096,2211110130,1130,64,1116,17,59861,29483,4,0,0,43,15,2211110130,17,59861,11123,5650,1130,1130,1130.0,1130.0,0.0,-3.0,0.0,1130.0,1130.0,0.0,18632,1096,1096,1096.0,1096.0,0.0,-3.0,0.0,1096.0,1096.0,0.0,1634046396.31922,0.0,18.458575963973995
5182,0,1,0,0,3,2,1096,2211110130,1130,64,1116,17,59861,29483,4,0,0,43,15,2211110130,17,59861,11123,6780,1130,1130,1130.0,1130.0,0.0,-3.0,0.0,1130.0,1130.0,0.0,19728,1096,1096,1096.0,1096.0,0.0,-3.0,0.0,1096.0,1096.0,0.0,1634046396.31922,0.0,18.458575963973995
5183,0,1,0,0,3,2,1096,2211110130,1130,64,1116,17,59861,29483,4,0,0,43,15,2211110130,17,59861,11123,7910,1130,1130,1130.0,1130.0,0.0,-3.0,0.0,1130.0,1130.0,0.0,20824,1096,1096,1096.0,1096.0,0.0,-3.0,0.0,1096.0,1096.0,0.0,1634046396.319911,0.0006909370422363,18.459266901016232
5184,0,1,0,0,3,2,1096,2211110130,1130,64,1116,17,59861,29483,4,0,0,43,15,2211110130,17,59861,11123,9040,1130,1130,1130.0,1130.0,0.0,-3.0,0.0,1130.0,1130.0,0.0,21920,1096,1096,1096.0,1096.0,0.0,-3.0,0.0,1096.0,1096.0,0.0,1634046396.319911,0.0,18.459266901016232
5185,0,1,0,0,3,2,1116,2211110130,1150,64,1136,17,59861,29483,4,0,0,43,15,2211110130,17,59861,11123,10190,1130,1150,1130.0,1132.2222222222222,2.4748737341529408,4.125000000000081,39.50617283950617,1130.0,1130.0,0.0,1116,1116,1116,1116.0,1116.0,0.0,-3.0,0.0,1116.0,1116.0,0.0,1634046396.319911,0.0,18.459266901016232
5186,0,1,0,0,3,2,1096,2211110130,1130,64,1116,17,59861,29483,4,0,0,43,15,2211110130,17,59861,11123,11320,1130,1150,1130.0,1132.0,2.6666666666666665,5.111111111111111,36.0,1130.0,1130.0,0.0,2212,1096,1116,1106.0,1106.0,0.0,-2.0,100.0,1111.0,1101.0,10.0,1634046396.32056,0.0006489753723144,18.459915876388546
5187,0,1,0,0,3,2,1096,2211110130,1130,64,1116,17,59861,29483,4,0,0,43,15,2211110130,17,59861,11123,12450,1130,1150,1130.0,1131.8181818181818,2.8460498941515744,6.100000000000124,33.05785123966942,1130.0,1130.0,0.0,3308,1096,1116,1096.0,1102.6666666666667,0.7071067811865236,-1.5000000000000222,88.88888888888887,1106.0,1096.0,10.0,1634046396.32056,0.0,18.459915876388546
5188,0,1,0,0,3,2,1096,2211110130,1130,64,1116,17,59861,29483,4,0,0,43,15,2211110130,17,59861,11123,13580,1130,1150,1130.0,1131.6666666666667,3.0151134457775943,7.090909090908921,30.55555555555556,1130.0,1130.0,0.0,4404,1096,1116,1096.0,1101.0,1.1547005383792517,-0.6666666666666665,75.0,1101.0,1096.0,5.0,1634046396.32056,0.0,18.459915876388546
5189,0,1,0,0,3,2,1096,2211110130,1130,64,1116,17,59861,29483,4,0,0,43,15,2211110130,17,59861,11123,14710,1130,1150,1130.0,1131.5384615384614,3.175426480543,8.08333333333358,28.402366863905332,1130.0,1130.0,0.0,5500,1096,1116,1096.0,1100.0,1.5,0.25,64.0,1096.0,1096.0,0.0,1634046396.321211,0.0006511211395263,18.460566997528073
5190,0,1,0,0,3,2,1096,2211110130,1130,64,1116,17,59861,29483,4,0,0,43,15,2211110130,17,59861,11123,15840,1130,1150,1130.0,1131.428571428571,3.328201177351432,9.07692307692333,26.530612244897952,1130.0,1130.0,0.0,6596,1096,1116,1096.0,1099.3333333333333,1.7888543819998608,1.2000000000000697,55.55555555555558,1096.0,1096.0,0.0,1634046396.321211,0.0,18.460566997528073
5191,0,1,0,0,3,2,1096,2211110130,1130,64,1116,17,59861,29483,4,0,0,43,15,2211110130,17,59861,11123,16970,1130,1150,1130.0,1131.3333333333333,3.474396144861562,10.071428571428774,24.8888888888889,1130.0,1130.0,0.0,7692,1096,1116,1096.0,1098.857142857143,2.041241452319301,2.166666666666627,48.9795918367347,1096.0,1096.0,0.0,1634046396.321211,0.0,18.460566997528073
5192,0,1,0,0,3,2,1096,2211110130,1130,64,1116,17,59861,29483,4,0,0,43,15,2211110130,17,59861,11123,18100,1130,1150,1130.0,1131.25,3.614784456460256,11.066666666666666,23.4375,1130.0,1130.0,0.0,8788,1096,1116,1096.0,1098.5,2.2677868380553634,3.1428571428571432,43.75,1096.0,1096.0,0.0,1634046396.321848,0.0006368160247802,18.461203813552853
5193,0,1,0,0,3,2,1096,2211110130,1130,64,1116,17,59861,29483,4,0,0,43,15,2211110130,17,59861,11123,19230,1130,1150,1130.0,1131.1764705882354,3.749999999999957,12.06249999999979,22.14532871972318,1130.0,1130.0,0.0,9884,1096,1116,1096.0,1098.2222222222222,2.4748737341529403,4.125000000000078,39.50617283950618,1096.0,1096.0,0.0,1634046396.321848,0.0,18.461203813552853
5194,0,1,0,0,3,2,1096,2211110130,1130,64,1116,17,59861,29483,4,0,0,43,15,2211110130,17,59861,11123,20360,1130,1150,1130.0,1131.111111111111,3.880570000581343,13.058823529411846,20.98765432098766,1130.0,1130.0,0.0,10980,1096,1116,1096.0,1098.0,2.6666666666666665,5.111111111111111,36.0,1096.0,1096.0,0.0,1634046396.321848,0.0,18.461203813552853
5195,0,1,0,0,3,2,1096,2211110130,1130,64,1116,17,59861,29483,4,0,0,43,15,2211110130,17,59861,11123,21490,1130,1150,1130.0,1131.0526315789473,4.006938426723828,14.055555555555864,19.944598337950133,1130.0,1130.0,0.0,12076,1096,1116,1096.0,1097.8181818181818,2.8460498941515744,6.100000000000124,33.05785123966942,1096.0,1096.0,0.0,1634046396.322491,0.0006430149078369,18.46184682846069
5196,0,1,0,0,3,2,1096,2211110130,1130,64,1116,17,59861,29483,4,0,0,43,15,2211110130,17,59861,11123,22620,1130,1150,1130.0,1131.0,4.129483209670112,15.05263157894737,19.0,1130.0,1130.0,0.0,13172,1096,1116,1096.0,1097.6666666666667,3.015113445777593,7.090909090908916,30.555555555555568,1096.0,1096.0,0.0,1634046396.322491,0.0,18.46184682846069
5197,0,1,0,0,3,2,1096,2211110130,1130,64,1116,17,59861,29483,4,0,0,43,15,2211110130,17,59861,11123,1130,1130,1130,1130.0,1130.0,0.0,-3.0,0.0,1130.0,1130.0,0.0,14268,1096,1116,1096.0,1097.5384615384614,3.1754264805429995,8.083333333333577,28.40236686390534,1096.0,1096.0,0.0,1634046396.322491,0.0,18.46184682846069
5198,0,1,0,0,3,2,1096,2211110130,1130,64,1116,17,59861,29483,4,0,0,43,15,2211110130,17,59861,11123,2260,1130,1130,1130.0,1130.0,0.0,-3.0,0.0,1130.0,1130.0,0.0,15364,1096,1116,1096.0,1097.428571428571,3.3282011773514317,9.07692307692333,26.530612244897952,1096.0,1096.0,0.0,1634046396.323144,0.0006530284881591,18.46249985694885
5199,0,1,0,0,3,2,1096,2211110130,1130,64,1116,17,59861,29483,4,0,0,43,15,2211110130,17,59861,11123,3390,1130,1130,1130.0,1130.0,0.0,-3.0,0.0,1130.0,1130.0,0.0,16460,1096,1116,1096.0,1097.3333333333333,3.474396144861561,10.071428571428772,24.888888888888903,1096.0,1096.0,0.0,1634046396.323144,0.0,18.46249985694885
5200,0,1,0,0,3,2,1096,2211110130,1130,64,1116,17,59861,29483,4,0,0,43,15,2211110130,17,59861,11123,4520,1130,1130,1130.0,1130.0,0.0,-3.0,0.0,1130.0,1130.0,0.0,17556,1096,1116,1096.0,1097.25,3.614784456460256,11.066666666666666,23.4375,1096.0,1096.0,0.0,1634046396.323144,0.0,18.46249985694885
5201,0,1,0,0,3,2,1096,2211110130,1130,64,1116,17,59861,29483,4,0,0,43,15,2211110130,17,59861,11123,5650,1130,1130,1130.0,1130.0,0.0,-3.0,0.0,1130.0,1130.0,0.0,18652,1096,1116,1096.0,1097.1764705882354,3.749999999999957,12.06249999999979,22.14532871972318,1096.0,1096.0,0.0,1634046396.323843,0.0006990432739257,18.463198900222775
5202,0,1,0,0,3,2,1096,2211110130,1130,64,1116,17,59861,29483,4,0,0,43,15,2211110130,17,59861,11123,6780,1130,1130,1130.0,1130.0,0.0,-3.0,0.0,1130.0,1130.0,0.0,19748,1096,1116,1096.0,1097.111111111111,3.880570000581343,13.058823529411846,20.98765432098766,1096.0,1096.0,0.0,1634046396.323843,0.0,18.463198900222775
5203,0,1,0,0,3,2,1096,2211110130,1130,64,1116,17,59861,29483,4,0,0,43,15,2211110130,17,59861,11123,7910,1130,1130,1130.0,1130.0,0.0,-3.0,0.0,1130.0,1130.0,0.0,20844,1096,1116,1096.0,1097.0526315789473,4.006938426723828,14.055555555555864,19.944598337950133,1096.0,1096.0,0.0,1634046396.323843,0.0,18.463198900222775
5204,0,1,0,0,3,2,1096,2211110130,1130,64,1116,17,59861,29483,4,0,0,43,15,2211110130,17,59861,11123,9040,1130,1130,1130.0,1130.0,0.0,-3.0,0.0,1130.0,1130.0,0.0,21940,1096,1116,1096.0,1097.0,4.129483209670112,15.05263157894737,19.0,1096.0,1096.0,0.0,1634046396.323843,0.0,18.463198900222775
5205,0,1,0,0,3,2,1096,2211110130,1130,64,1116,17,59861,29483,4,0,0,43,15,2211110130,17,59861,11123,10170,1130,1130,1130.0,1130.0,0.0,-3.0,0.0,1130.0,1130.0,0.0,1096,1096,1096,1096.0,1096.0,0.0,-3.0,0.0,1096.0,1096.0,0.0,1634046396.324352,0.0005090236663818,18.463707923889157
5206,0,1,0,0,3,2,1096,2211110130,1130,64,1116,17,59861,29483,4,0,0,43,15,2211110130,17,59861,11123,11300,1130,1130,1130.0,1130.0,0.0,-3.0,0.0,1130.0,1130.0,0.0,2192,1096,1096,1096.0,1096.0,0.0,-3.0,0.0,1096.0,1096.0,0.0,1634046396.324352,0.0,18.463707923889157
5207,0,1,0,0,3,2,1096,2211110130,1130,64,1116,17,59861,29483,4,0,0,43,15,2211110130,17,59861,11123,12430,1130,1130,1130.0,1130.0,0.0,-3.0,0.0,1130.0,1130.0,0.0,3288,1096,1096,1096.0,1096.0,0.0,-3.0,0.0,1096.0,1096.0,0.0,1634046396.324352,0.0,18.463707923889157
5208,0,1,0,0,3,2,1096,2211110130,1130,64,1116,17,59861,29483,4,0,0,43,15,2211110130,17,59861,11123,13560,1130,1130,1130.0,1130.0,0.0,-3.0,0.0,1130.0,1130.0,0.0,4384,1096,1096,1096.0,1096.0,0.0,-3.0,0.0,1096.0,1096.0,0.0,1634046396.324352,0.0,18.463707923889157
5209,0,1,0,0,3,2,1096,2211110130,1130,64,1116,17,59861,29483,4,0,0,43,15,2211110130,17,59861,11123,14690,1130,1130,1130.0,1130.0,0.0,-3.0,0.0,1130.0,1130.0,0.0,5480,1096,1096,1096.0,1096.0,0.0,-3.0,0.0,1096.0,1096.0,0.0,1634046396.325829,0.0014770030975341,18.46518492698669
5210,0,1,0,0,3,2,1096,2211110130,1130,64,1116,17,59861,29483,4,0,0,43,15,2211110130,17,59861,11123,15820,1130,1130,1130.0,1130.0,0.0,-3.0,0.0,1130.0,1130.0,0.0,6576,1096,1096,1096.0,1096.0,0.0,-3.0,0.0,1096.0,1096.0,0.0,1634046396.325829,0.0,18.46518492698669
5211,0,1,0,0,3,2,1116,2211110130,1150,64,1136,17,59861,29483,4,0,0,43,15,2211110130,17,59861,11123,16970,1130,1150,1130.0,1131.3333333333333,3.474396144861561,10.07142857142878,24.888888888888893,1130.0,1130.0,0.0,7692,1096,1116,1096.0,1098.857142857143,2.041241452319302,2.1666666666666297,48.97959183673469,1096.0,1096.0,0.0,1634046396.328143,0.0023138523101806,18.46749877929687
5212,0,1,0,0,3,2,1096,2211110130,1130,64,1116,17,59861,29483,4,0,0,43,15,2211110130,17,59861,11123,18100,1130,1150,1130.0,1131.25,3.614784456460256,11.066666666666666,23.4375,1130.0,1130.0,0.0,8788,1096,1116,1096.0,1098.5,2.2677868380553634,3.1428571428571432,43.75,1096.0,1096.0,0.0,1634046396.329677,0.0015342235565185,18.46903300285339
5213,0,1,0,0,3,2,1096,2211110130,1130,64,1116,17,59861,29483,4,0,0,43,15,2211110130,17,59861,11123,19230,1130,1150,1130.0,1131.1764705882354,3.749999999999957,12.06249999999979,22.14532871972318,1130.0,1130.0,0.0,9884,1096,1116,1096.0,1098.2222222222222,2.4748737341529403,4.125000000000078,39.50617283950618,1096.0,1096.0,0.0,1634046396.329677,0.0,18.46903300285339
5214,0,1,0,0,3,2,1096,2211110130,1130,64,1116,17,59861,29483,4,0,0,43,15,2211110130,17,59861,11123,20360,1130,1150,1130.0,1131.111111111111,3.880570000581343,13.058823529411846,20.98765432098766,1130.0,1130.0,0.0,10980,1096,1116,1096.0,1098.0,2.6666666666666665,5.111111111111111,36.0,1096.0,1096.0,0.0,1634046396.329677,0.0,18.46903300285339
5215,0,1,0,0,3,2,1096,2211110130,1130,64,1116,17,59861,29483,4,0,0,43,15,2211110130,17,59861,11123,21490,1130,1150,1130.0,1131.0526315789473,4.006938426723828,14.055555555555864,19.944598337950133,1130.0,1130.0,0.0,12076,1096,1116,1096.0,1097.8181818181818,2.8460498941515744,6.100000000000124,33.05785123966942,1096.0,1096.0,0.0,1634046396.330355,0.0006778240203857,18.469710826873776
5216,0,1,0,0,3,2,1096,2211110130,1130,64,1116,17,59861,29483,4,0,0,43,15,2211110130,17,59861,11123,22620,1130,1150,1130.0,1131.0,4.129483209670112,15.05263157894737,19.0,1130.0,1130.0,0.0,13172,1096,1116,1096.0,1097.6666666666667,3.015113445777593,7.090909090908916,30.555555555555568,1096.0,1096.0,0.0,1634046396.330355,0.0,18.469710826873776
5217,0,1,0,0,3,2,1096,2211110130,1130,64,1116,17,59861,29483,4,0,0,43,15,2211110130,17,59861,11123,1130,1130,1130,1130.0,1130.0,0.0,-3.0,0.0,1130.0,1130.0,0.0,14268,1096,1116,1096.0,1097.5384615384614,3.1754264805429995,8.083333333333577,28.40236686390534,1096.0,1096.0,0.0,1634046396.330355,0.0,18.469710826873776
5218,0,1,0,0,2,3,60,3232270721,94,47,80,17,29483,59861,4,0,0,43,15,2211110130,17,59861,11123,1224,94,1130,612.0,612.0,0.0,-2.0,268324.0,871.0,353.0,518.0,14328,60,1116,1096.0,1023.4285714285714,-3.326027414504148,9.068203973225348,71425.95918367348,1096.0,1096.0,0.0,1634046396.330486,0.0001311302185058,18.46984195709228
5219,0,1,0,0,3,2,1096,2211110130,1130,64,1116,17,59861,29483,4,0,0,43,15,2211110130,17,59861,11123,2354,94,1130,1130.0,784.6666666666666,-0.7071067811865472,-1.5,238510.22222222225,1130.0,612.0,518.0,15424,60,1116,1096.0,1028.2666666666669,-3.4721492004141266,10.061953585421174,66991.92888888888,1096.0,1096.0,0.0,1634046396.330982,0.0004959106445312,18.470337867736813
5220,0,1,0,0,3,2,1096,2211110130,1130,64,1116,17,59861,29483,4,0,0,43,15,2211110130,17,59861,11123,3484,94,1130,1130.0,871.0,-1.1547005383792517,-0.6666666666666665,201243.0,1130.0,871.0,259.0,16520,60,1116,1096.0,1032.5,-3.612466745270548,11.056437214953894,63073.75,1096.0,1096.0,0.0,1634046396.330982,0.0,18.470337867736813
5221,0,1,0,0,3,2,1096,2211110130,1130,64,1116,17,59861,29483,4,0,0,43,15,2211110130,17,59861,11123,4614,94,1130,1130.0,922.8,-1.5000000000000004,0.2500000000000004,171727.35999999996,1130.0,1130.0,0.0,17616,60,1116,1096.0,1036.235294117647,-3.7476137006394223,12.051517244761014,59586.76816608997,1096.0,1096.0,0.0,1634046396.330982,0.0,18.470337867736813
5222,0,1,0,0,3,2,1096,2211110130,1130,64,1116,17,59861,29483,4,0,0,43,15,2211110130,17,59861,11123,5744,94,1130,1130.0,957.3333333333334,-1.7888543819998324,1.2000000000000002,149068.88888888888,1130.0,1130.0,0.0,18712,60,1116,1096.0,1039.5555555555557,-3.878117093396444,13.047088435632762,56463.80246913579,1096.0,1096.0,0.0,1634046396.331483,0.0005009174346923,18.470838785171505
5223,0,1,0,0,3,2,1096,2211110130,1130,64,1116,17,59861,29483,4,0,0,43,15,2211110130,17,59861,11123,6874,94,1130,1130.0,982.0,-2.0412414523193148,2.166666666666667,131424.0,1130.0,1130.0,0.0,19808,60,1116,1096.0,1042.5263157894738,-4.004420723481373,14.043068933092917,53650.88088642659,1096.0,1096.0,0.0,1634046396.331483,0.0,18.470838785171505
5224,0,1,0,0,3,2,1096,2211110130,1130,64,1116,17,59861,29483,4,0,0,43,15,2211110130,17,59861,11123,8004,94,1130,1130.0,1000.5,-2.2677868380553634,3.1428571428571432,117391.75,1130.0,1130.0,0.0,20904,60,1116,1096.0,1045.2,-4.126902377109574,15.039394113983292,51104.16,1096.0,1096.0,0.0,1634046396.331483,0.0,18.470838785171505
5225,0,1,0,0,3,2,1096,2211110130,1130,64,1116,17,59861,29483,4,0,0,43,15,2211110130,17,59861,11123,9134,94,1130,1130.0,1014.8888888888888,-2.474873734152917,4.124999999999999,106004.54320987656,1130.0,1130.0,0.0,1096,1096,1096,1096.0,1096.0,0.0,-3.0,0.0,1096.0,1096.0,0.0,1634046396.331987,0.0005040168762207,18.471342802047726
5226,0,1,0,0,3,2,1096,2211110130,1130,64,1116,17,59861,29483,4,0,0,43,15,2211110130,17,59861,11123,10264,94,1130,1130.0,1026.4,-2.666666666666668,5.111111111111114,96596.63999999998,1130.0,1130.0,0.0,2192,1096,1096,1096.0,1096.0,0.0,-3.0,0.0,1096.0,1096.0,0.0,1634046396.331987,0.0,18.471342802047726
5227,0,1,0,0,3,2,1096,2211110130,1130,64,1116,17,59861,29483,4,0,0,43,15,2211110130,17,59861,11123,11394,94,1130,1130.0,1035.8181818181818,-2.846049894151541,6.100000000000001,88702.14876033057,1130.0,1130.0,0.0,3288,1096,1096,1096.0,1096.0,0.0,-3.0,0.0,1096.0,1096.0,0.0,1634046396.331987,0.0,18.471342802047726
5228,0,1,0,0,3,2,1096,2211110130,1130,64,1116,17,59861,29483,4,0,0,43,15,2211110130,17,59861,11123,12524,94,1130,1130.0,1043.6666666666667,-3.015113445777637,7.090909090909101,81987.88888888886,1130.0,1130.0,0.0,4384,1096,1096,1096.0,1096.0,0.0,-3.0,0.0,1096.0,1096.0,0.0,1634046396.333167,0.0011801719665527,18.47252297401428
5229,0,1,0,0,3,2,1096,2211110130,1130,64,1116,17,59861,29483,4,0,0,43,15,2211110130,17,59861,11123,13654,94,1130,1130.0,1050.3076923076924,-3.175426480542943,8.083333333333341,76210.36686390532,1130.0,1130.0,0.0,5480,1096,1096,1096.0,1096.0,0.0,-3.0,0.0,1096.0,1096.0,0.0,1634046396.333167,0.0,18.47252297401428
5230,0,1,0,0,3,2,1096,2211110130,1130,64,1116,17,59861,29483,4,0,0,43,15,2211110130,17,59861,11123,14784,94,1130,1130.0,1056.0,-3.328201177351375,9.076923076923077,71188.0,1130.0,1130.0,0.0,6576,1096,1096,1096.0,1096.0,0.0,-3.0,0.0,1096.0,1096.0,0.0,1634046396.333167,0.0,18.47252297401428
5231,0,1,0,0,3,2,1096,2211110130,1130,64,1116,17,59861,29483,4,0,0,43,15,2211110130,17,59861,11123,15914,94,1130,1130.0,1060.9333333333334,-3.47439614486152,10.071428571428577,66782.8622222222,1130.0,1130.0,0.0,7672,1096,1096,1096.0,1096.0,0.0,-3.0,0.0,1096.0,1096.0,0.0,1634046396.333167,0.0,18.47252297401428
5232,0,1,0,0,3,2,1096,2211110130,1130,64,1116,17,59861,29483,4,0,0,43,15,2211110130,17,59861,11123,17044,94,1130,1130.0,1065.25,-3.614784456460256,11.066666666666666,62888.4375,1130.0,1130.0,0.0,8768,1096,1096,1096.0,1096.0,0.0,-3.0,0.0,1096.0,1096.0,0.0,1634046396.333695,0.0005278587341308,18.47305083274841
5233,0,1,0,0,3,2,1096,2211110130,1130,64,1116,17,59861,29483,4,0,0,43,15,2211110130,17,59861,11123,18174,94,1130,1130.0,1069.0588235294117,-3.749999999999999,12.062499999999991,59421.231833910046,1130.0,1130.0,0.0,9864,1096,1096,1096.0,1096.0,0.0,-3.0,0.0,1096.0,1096.0,0.0,1634046396.333695,0.0,18.47305083274841
5234,0,1,0,0,3,2,1096,2211110130,1130,64,1116,17,59861,29483,4,0,0,43,15,2211110130,17,59861,11123,19304,94,1130,1130.0,1072.4444444444443,-3.8805700005813257,13.058823529411756,56314.91358024691,1130.0,1130.0,0.0,10960,1096,1096,1096.0,1096.0,0.0,-3.0,0.0,1096.0,1096.0,0.0,1634046396.333695,0.0,18.47305083274841
5235,0,1,0,0,3,2,1096,2211110130,1130,64,1116,17,59861,29483,4,0,0,43,15,2211110130,17,59861,11123,20434,94,1130,1130.0,1075.4736842105262,-4.006938426723766,14.055555555555546,53516.144044321336,1130.0,1130.0,0.0,12056,1096,1096,1096.0,1096.0,0.0,-3.0,0.0,1096.0,1096.0,0.0,1634046396.333695,0.0,18.47305083274841
5236,0,1,0,0,3,2,1096,2211110130,1130,64,1116,17,59861,29483,4,0,0,43,15,2211110130,17,59861,11123,21564,94,1130,1130.0,1078.2,-4.129483209670113,15.052631578947372,50981.56,1130.0,1130.0,0.0,13152,1096,1096,1096.0,1096.0,0.0,-3.0,0.0,1096.0,1096.0,0.0,1634046396.334557,0.0008621215820312,18.47391295433044
5237,0,1,0,0,3,2,1096,2211110130,1130,64,1116,17,59861,29483,4,0,0,43,15,2211110130,17,59861,11123,1130,1130,1130,1130.0,1130.0,0.0,-3.0,0.0,1130.0,1130.0,0.0,14248,1096,1096,1096.0,1096.0,0.0,-3.0,0.0,1096.0,1096.0,0.0,1634046396.334557,0.0,18.47391295433044
5238,0,1,0,0,3,2,1116,2211110130,1150,64,1136,17,59861,29483,4,0,0,43,15,2211110130,17,59861,11123,2280,1130,1150,1140.0,1140.0,0.0,-2.0,100.0,1145.0,1135.0,10.0,15364,1096,1116,1096.0,1097.428571428571,3.328201177351432,9.07692307692333,26.53061224489796,1096.0,1096.0,0.0,1634046396.336929,0.0023720264434814,18.476284980773922
5239,0,1,0,0,3,2,1096,2211110130,1130,64,1116,17,59861,29483,4,0,0,43,15,2211110130,17,59861,11123,3410,1130,1150,1130.0,1136.6666666666667,0.7071067811865236,-1.5000000000000222,88.88888888888887,1140.0,1130.0,10.0,16460,1096,1116,1096.0,1097.3333333333333,3.4743961448615623,10.07142857142878,24.888888888888893,1096.0,1096.0,0.0,1634046396.336929,0.0,18.476284980773922
5240,0,1,0,0,3,2,1096,2211110130,1130,64,1116,17,59861,29483,4,0,0,43,15,2211110130,17,59861,11123,4540,1130,1150,1130.0,1135.0,1.1547005383792517,-0.6666666666666665,75.0,1135.0,1130.0,5.0,17556,1096,1116,1096.0,1097.25,3.614784456460256,11.066666666666666,23.4375,1096.0,1096.0,0.0,1634046396.336929,0.0,18.476284980773922
5241,0,1,0,0,3,2,1096,2211110130,1130,64,1116,17,59861,29483,4,0,0,43,15,2211110130,17,59861,11123,5670,1130,1150,1130.0,1134.0,1.5,0.25,64.0,1130.0,1130.0,0.0,18652,1096,1116,1096.0,1097.1764705882354,3.749999999999957,12.06249999999979,22.14532871972318,1096.0,1096.0,0.0,1634046396.336929,0.0,18.476284980773922
5242,0,1,0,0,3,2,1096,2211110130,1130,64,1116,17,59861,29483,4,0,0,43,15,2211110130,17,59861,11123,6800,1130,1150,1130.0,1133.3333333333333,1.7888543819998608,1.2000000000000697,55.55555555555558,1130.0,1130.0,0.0,19748,1096,1116,1096.0,1097.111111111111,3.880570000581343,13.058823529411846,20.98765432098766,1096.0,1096.0,0.0,1634046396.336929,0.0,18.476284980773922
5243,0,1,0,0,3,2,1096,2211110130,1130,64,1116,17,59861,29483,4,0,0,43,15,2211110130,17,59861,11123,7930,1130,1150,1130.0,1132.857142857143,2.041241452319301,2.166666666666627,48.9795918367347,1130.0,1130.0,0.0,20844,1096,1116,1096.0,1097.0526315789473,4.006938426723828,14.055555555555864,19.944598337950133,1096.0,1096.0,0.0,1634046396.336929,0.0,18.476284980773922
5244,0,1,0,0,3,2,1096,2211110130,1130,64,1116,17,59861,29483,4,0,0,43,15,2211110130,17,59861,11123,9060,1130,1150,1130.0,1132.5,2.2677868380553634,3.1428571428571432,43.75,1130.0,1130.0,0.0,21940,1096,1116,1096.0,1097.0,4.129483209670112,15.05263157894737,19.0,1096.0,1096.0,0.0,1634046396.337591,0.0006618499755859,18.476946830749508
5245,0,1,0,0,3,2,1096,2211110130,1130,64,1116,17,59861,29483,4,0,0,43,15,2211110130,17,59861,11123,10190,1130,1150,1130.0,1132.2222222222222,2.4748737341529403,4.125000000000078,39.50617283950618,1130.0,1130.0,0.0,1096,1096,1096,1096.0,1096.0,0.0,-3.0,0.0,1096.0,1096.0,0.0,1634046396.337591,0.0,18.476946830749508
5246,0,1,0,0,3,2,1096,2211110130,1130,64,1116,17,59861,29483,4,0,0,43,15,2211110130,17,59861,11123,11320,1130,1150,1130.0,1132.0,2.6666666666666665,5.111111111111111,36.0,1130.0,1130.0,0.0,2192,1096,1096,1096.0,1096.0,0.0,-3.0,0.0,1096.0,1096.0,0.0,1634046396.337591,0.0,18.476946830749508
5247,0,1,0,0,3,2,1096,2211110130,1130,64,1116,17,59861,29483,4,0,0,43,15,2211110130,17,59861,11123,12450,1130,1150,1130.0,1131.8181818181818,2.8460498941515744,6.100000000000124,33.05785123966942,1130.0,1130.0,0.0,3288,1096,1096,1096.0,1096.0,0.0,-3.0,0.0,1096.0,1096.0,0.0,1634046396.338228,0.0006370544433593,18.477583885192868
5248,0,1,0,0,3,2,1096,2211110130,1130,64,1116,17,59861,29483,4,0,0,43,15,2211110130,17,59861,11123,13580,1130,1150,1130.0,1131.6666666666667,3.015113445777593,7.090909090908916,30.555555555555568,1130.0,1130.0,0.0,4384,1096,1096,1096.0,1096.0,0.0,-3.0,0.0,1096.0,1096.0,0.0,1634046396.338228,0.0,18.477583885192868
5249,0,1,0,0,3,2,1096,2211110130,1130,64,1116,17,59861,29483,4,0,0,43,15,2211110130,17,59861,11123,14710,1130,1150,1130.0,1131.5384615384614,3.1754264805429995,8.083333333333577,28.40236686390534,1130.0,1130.0,0.0,5480,1096,1096,1096.0,1096.0,0.0,-3.0,0.0,1096.0,1096.0,0.0,1634046396.338228,0.0,18.477583885192868
5250,0,1,0,0,3,2,1096,2211110130,1130,64,1116,17,59861,29483,4,0,0,43,15,2211110130,17,59861,11123,15840,1130,1150,1130.0,1131.428571428571,3.3282011773514317,9.07692307692333,26.530612244897952,1130.0,1130.0,0.0,6576,1096,1096,1096.0,1096.0,0.0,-3.0,0.0,1096.0,1096.0,0.0,1634046396.338889,0.0006608963012695,18.478244781494137
5251,0,1,0,0,3,2,1096,2211110130,1130,64,1116,17,59861,29483,4,0,0,43,15,2211110130,17,59861,11123,16970,1130,1150,1130.0,1131.3333333333333,3.474396144861561,10.071428571428772,24.888888888888903,1130.0,1130.0,0.0,7672,1096,1096,1096.0,1096.0,0.0,-3.0,0.0,1096.0,1096.0,0.0,1634046396.338889,0.0,18.478244781494137
5252,0,1,0,0,3,2,1096,2211110130,1130,64,1116,17,59861,29483,4,0,0,43,15,2211110130,17,59861,11123,18100,1130,1150,1130.0,1131.25,3.614784456460256,11.066666666666666,23.4375,1130.0,1130.0,0.0,8768,1096,1096,1096.0,1096.0,0.0,-3.0,0.0,1096.0,1096.0,0.0,1634046396.338889,0.0,18.478244781494137
5253,0,1,0,0,3,2,1096,2211110130,1130,64,1116,17,59861,29483,4,0,0,43,15,2211110130,17,59861,11123,19230,1130,1150,1130.0,1131.1764705882354,3.749999999999957,12.06249999999979,22.14532871972318,1130.0,1130.0,0.0,9864,1096,1096,1096.0,1096.0,0.0,-3.0,0.0,1096.0,1096.0,0.0,1634046396.339537,0.000648021697998,18.478892803192135
5254,0,1,0,0,3,2,1096,2211110130,1130,64,1116,17,59861,29483,4,0,0,43,15,2211110130,17,59861,11123,20360,1130,1150,1130.0,1131.111111111111,3.880570000581343,13.058823529411846,20.98765432098766,1130.0,1130.0,0.0,10960,1096,1096,1096.0,1096.0,0.0,-3.0,0.0,1096.0,1096.0,0.0,1634046396.339537,0.0,18.478892803192135
5255,0,1,0,0,3,2,1096,2211110130,1130,64,1116,17,59861,29483,4,0,0,43,15,2211110130,17,59861,11123,21490,1130,1150,1130.0,1131.0526315789473,4.006938426723828,14.055555555555864,19.944598337950133,1130.0,1130.0,0.0,12056,1096,1096,1096.0,1096.0,0.0,-3.0,0.0,1096.0,1096.0,0.0,1634046396.339537,0.0,18.478892803192135
5256,0,1,0,0,3,2,1096,2211110130,1130,64,1116,17,59861,29483,4,0,0,43,15,2211110130,17,59861,11123,22620,1130,1150,1130.0,1131.0,4.129483209670112,15.05263157894737,19.0,1130.0,1130.0,0.0,13152,1096,1096,1096.0,1096.0,0.0,-3.0,0.0,1096.0,1096.0,0.0,1634046396.340205,0.0006680488586425,18.479560852050778
5257,0,1,0,0,3,2,1096,2211110130,1130,64,1116,17,59861,29483,4,0,0,43,15,2211110130,17,59861,11123,1130,1130,1130,1130.0,1130.0,0.0,-3.0,0.0,1130.0,1130.0,0.0,14248,1096,1096,1096.0,1096.0,0.0,-3.0,0.0,1096.0,1096.0,0.0,1634046396.340205,0.0,18.479560852050778
5258,0,1,0,0,3,2,1096,2211110130,1130,64,1116,17,59861,29483,4,0,0,43,15,2211110130,17,59861,11123,2260,1130,1130,1130.0,1130.0,0.0,-3.0,0.0,1130.0,1130.0,0.0,15344,1096,1096,1096.0,1096.0,0.0,-3.0,0.0,1096.0,1096.0,0.0,1634046396.340205,0.0,18.479560852050778
5259,0,1,0,0,3,2,1096,2211110130,1130,64,1116,17,59861,29483,4,0,0,43,15,2211110130,17,59861,11123,3390,1130,1130,1130.0,1130.0,0.0,-3.0,0.0,1130.0,1130.0,0.0,16440,1096,1096,1096.0,1096.0,0.0,-3.0,0.0,1096.0,1096.0,0.0,1634046396.340205,0.0,18.479560852050778
5260,0,1,0,0,3,2,1096,2211110130,1130,64,1116,17,59861,29483,4,0,0,43,15,2211110130,17,59861,11123,4520,1130,1130,1130.0,1130.0,0.0,-3.0,0.0,1130.0,1130.0,0.0,17536,1096,1096,1096.0,1096.0,0.0,-3.0,0.0,1096.0,1096.0,0.0,1634046396.340828,0.0006229877471923,18.48018383979797
5261,0,1,0,0,3,2,1096,2211110130,1130,64,1116,17,59861,29483,4,0,0,43,15,2211110130,17,59861,11123,5650,1130,1130,1130.0,1130.0,0.0,-3.0,0.0,1130.0,1130.0,0.0,18632,1096,1096,1096.0,1096.0,0.0,-3.0,0.0,1096.0,1096.0,0.0,1634046396.340828,0.0,18.48018383979797
5262,0,1,0,0,3,2,1096,2211110130,1130,64,1116,17,59861,29483,4,0,0,43,15,2211110130,17,59861,11123,6780,1130,1130,1130.0,1130.0,0.0,-3.0,0.0,1130.0,1130.0,0.0,19728,1096,1096,1096.0,1096.0,0.0,-3.0,0.0,1096.0,1096.0,0.0,1634046396.340828,0.0,18.48018383979797
5263,0,1,0,0,3,2,1096,2211110130,1130,64,1116,17,59861,29483,4,0,0,43,15,2211110130,17,59861,11123,7910,1130,1130,1130.0,1130.0,0.0,-3.0,0.0,1130.0,1130.0,0.0,20824,1096,1096,1096.0,1096.0,0.0,-3.0,0.0,1096.0,1096.0,0.0,1634046396.340828,0.0,18.48018383979797
5264,0,1,0,0,3,2,1116,2211110130,1150,64,1136,17,59861,29483,4,0,0,43,15,2211110130,17,59861,11123,9060,1130,1150,1130.0,1132.5,2.2677868380553634,3.1428571428571432,43.75,1130.0,1130.0,0.0,21940,1096,1116,1096.0,1097.0,4.129483209670112,15.05263157894737,19.0,1096.0,1096.0,0.0,1634046396.341351,0.0005230903625488,18.48070693016052
5265,0,1,0,0,3,2,1096,2211110130,1130,64,1116,17,59861,29483,4,0,0,43,15,2211110130,17,59861,11123,10190,1130,1150,1130.0,1132.2222222222222,2.4748737341529403,4.125000000000078,39.50617283950618,1130.0,1130.0,0.0,1096,1096,1096,1096.0,1096.0,0.0,-3.0,0.0,1096.0,1096.0,0.0,1634046396.341351,0.0,18.48070693016052
5266,0,1,0,0,3,2,1096,2211110130,1130,64,1116,17,59861,29483,4,0,0,43,15,2211110130,17,59861,11123,11320,1130,1150,1130.0,1132.0,2.6666666666666665,5.111111111111111,36.0,1130.0,1130.0,0.0,2192,1096,1096,1096.0,1096.0,0.0,-3.0,0.0,1096.0,1096.0,0.0,1634046396.341351,0.0,18.48070693016052
5267,0,1,0,0,3,2,1096,2211110130,1130,64,1116,17,59861,29483,4,0,0,43,15,2211110130,17,59861,11123,12450,1130,1150,1130.0,1131.8181818181818,2.8460498941515744,6.100000000000124,33.05785123966942,1130.0,1130.0,0.0,3288,1096,1096,1096.0,1096.0,0.0,-3.0,0.0,1096.0,1096.0,0.0,1634046396.341351,0.0,18.48070693016052
5268,0,1,0,0,3,2,1096,2211110130,1130,64,1116,17,59861,29483,4,0,0,43,15,2211110130,17,59861,11123,13580,1130,1150,1130.0,1131.6666666666667,3.015113445777593,7.090909090908916,30.555555555555568,1130.0,1130.0,0.0,4384,1096,1096,1096.0,1096.0,0.0,-3.0,0.0,1096.0,1096.0,0.0,1634046396.341854,0.0005030632019042,18.481209993362423
5269,0,1,0,0,3,2,1096,2211110130,1130,64,1116,17,59861,29483,4,0,0,43,15,2211110130,17,59861,11123,14710,1130,1150,1130.0,1131.5384615384614,3.1754264805429995,8.083333333333577,28.40236686390534,1130.0,1130.0,0.0,5480,1096,1096,1096.0,1096.0,0.0,-3.0,0.0,1096.0,1096.0,0.0,1634046396.341854,0.0,18.481209993362423
5270,0,1,0,0,3,2,1096,2211110130,1130,64,1116,17,59861,29483,4,0,0,43,15,2211110130,17,59861,11123,15840,1130,1150,1130.0,1131.428571428571,3.3282011773514317,9.07692307692333,26.530612244897952,1130.0,1130.0,0.0,6576,1096,1096,1096.0,1096.0,0.0,-3.0,0.0,1096.0,1096.0,0.0,1634046396.341854,0.0,18.481209993362423
5271,0,1,0,0,3,2,1096,2211110130,1130,64,1116,17,59861,29483,4,0,0,43,15,2211110130,17,59861,11123,16970,1130,1150,1130.0,1131.3333333333333,3.474396144861561,10.071428571428772,24.888888888888903,1130.0,1130.0,0.0,7672,1096,1096,1096.0,1096.0,0.0,-3.0,0.0,1096.0,1096.0,0.0,1634046396.341854,0.0,18.481209993362423
5272,0,1,0,0,3,2,1096,2211110130,1130,64,1116,17,59861,29483,4,0,0,43,15,2211110130,17,59861,11123,18100,1130,1150,1130.0,1131.25,3.614784456460256,11.066666666666666,23.4375,1130.0,1130.0,0.0,8768,1096,1096,1096.0,1096.0,0.0,-3.0,0.0,1096.0,1096.0,0.0,1634046396.342388,0.0005338191986083,18.48174381256103
5273,0,1,0,0,3,2,1096,2211110130,1130,64,1116,17,59861,29483,4,0,0,43,15,2211110130,17,59861,11123,19230,1130,1150,1130.0,1131.1764705882354,3.749999999999957,12.06249999999979,22.14532871972318,1130.0,1130.0,0.0,9864,1096,1096,1096.0,1096.0,0.0,-3.0,0.0,1096.0,1096.0,0.0,1634046396.34639,0.0040020942687988,18.48574590682983
5274,0,1,0,0,3,2,843,2211110130,877,64,863,17,59861,29483,4,0,0,43,15,2211110130,17,59861,11123,20107,877,1150,1130.0,1117.0555555555557,-3.838629402243933,12.867020075344016,3410.7191358024693,1130.0,1130.0,0.0,10707,843,1096,1096.0,1070.7,-2.666666666666669,5.11111111111112,5760.81,1096.0,1096.0,0.0,1634046396.34639,0.0,18.48574590682983
5275,0,1,0,0,3,2,60,2211110130,94,64,80,17,59861,29483,4,0,0,43,15,2211110130,17,59861,11123,20201,94,1150,1130.0,1063.2105263157894,-3.677172243155229,12.149104204716478,55418.37673130194,1130.0,1130.0,0.0,10767,60,1096,1096.0,978.818181818182,-2.5860792690703573,5.082950038922531,89659.78512396694,1096.0,1096.0,0.0,1634046396.34639,0.0,18.48574590682983
5276,0,1,0,0,3,2,408,2211110130,442,64,428,17,59861,29483,4,0,0,43,15,2211110130,17,59861,11123,20643,94,1150,1130.0,1032.15,-2.692624992305188,5.914084323056741,70977.82749999998,1130.0,1130.0,0.0,11175,60,1096,1096.0,931.25,-1.8195162454127087,1.7812710092473871,107078.1875,1096.0,1032.75,63.25,1634046396.34639,0.0,18.48574590682983
5277,0,1,0,0,3,2,1096,2211110130,1130,64,1116,17,59861,29483,4,0,0,43,15,2211110130,17,59861,11123,1130,1130,1130,1130.0,1130.0,0.0,-3.0,0.0,1130.0,1130.0,0.0,12271,60,1096,1096.0,943.9230769230768,-1.9488203109001565,2.290696406703033,100768.68639053254,1096.0,1096.0,0.0,1634046396.348456,0.002065896987915,18.487811803817745
5278,0,1,0,0,3,2,1096,2211110130,1130,64,1116,17,59861,29483,4,0,0,43,15,2211110130,17,59861,11123,2260,1130,1130,1130.0,1130.0,0.0,-3.0,0.0,1130.0,1130.0,0.0,13367,60,1096,1096.0,954.7857142857144,-2.0708041610644323,2.803901213408097,95104.88265306124,1096.0,1096.0,0.0,1634046396.348456,0.0,18.487811803817745
5279,0,1,0,0,3,2,880,2211110130,914,64,900,17,59861,29483,4,0,0,43,15,2211110130,17,59861,11123,3174,914,1130,1130.0,1058.0,-0.7071067811865476,-1.5,10368.0,1130.0,1022.0,108.0,14247,60,1096,1096.0,949.8,-2.0818808724835627,3.029497600969129,89112.56,1096.0,988.0,108.0,1634046396.349154,0.0006980895996093,18.488509893417355
5280,0,1,0,0,3,2,1096,2211110130,1130,64,1116,17,59861,29483,4,0,0,43,15,2211110130,17,59861,11123,4304,914,1130,1130.0,1076.0,-1.1547005383792517,-0.6666666666666665,8748.0,1130.0,1076.0,54.0,15343,60,1096,1096.0,958.9375,-2.188956252921154,3.5156973691441555,84795.43359375,1096.0,1042.0,54.0,1634046396.349154,0.0,18.488509893417355
5281,0,1,0,0,3,2,1096,2211110130,1130,64,1116,17,59861,29483,4,0,0,43,15,2211110130,17,59861,11123,5434,914,1130,1130.0,1086.8,-1.4999999999999982,0.249999999999996,7464.960000000001,1130.0,1130.0,0.0,16439,60,1096,1096.0,967.0,-2.291425386806994,4.0042029631931735,80847.5294117647,1096.0,1096.0,0.0,1634046396.349154,0.0,18.488509893417355
5282,0,1,0,0,3,2,1096,2211110130,1130,64,1116,17,59861,29483,4,0,0,43,15,2211110130,17,59861,11123,6564,914,1130,1130.0,1094.0,-1.7888543819998317,1.2000000000000002,6480.0,1130.0,1130.0,0.0,17535,60,1096,1096.0,974.1666666666666,-2.389810176152381,4.494577522100436,77229.13888888888,1096.0,1096.0,0.0,1634046396.349854,0.0006999969482421,18.489209890365597
5283,0,1,0,0,3,2,1096,2211110130,1130,64,1116,17,59861,29483,4,0,0,43,15,2211110130,17,59861,11123,7694,914,1130,1130.0,1099.142857142857,-2.041241452319314,2.1666666666666634,5712.979591836735,1130.0,1130.0,0.0,18631,60,1096,1096.0,980.578947368421,-2.4845438767851364,4.986487769006039,73904.55955678668,1096.0,1096.0,0.0,1634046396.360822,0.0109679698944091,18.500177860260006
5284,0,1,0,0,3,2,1068,2211110130,1102,64,1088,17,59861,29483,4,0,0,43,15,2211110130,17,59861,11123,8796,914,1130,1130.0,1099.5,-2.196738936108169,2.9468823458673805,4999.75,1130.0,1123.0,7.0,19699,60,1096,1096.0,984.95,-2.5770295416488023,5.489134784032999,70572.3475,1096.0,1089.0,7.0,1634046396.360822,0.0,18.500177860260006
5285,0,1,0,0,3,2,408,2211110130,442,64,428,17,59861,29483,4,0,0,43,15,2211110130,17,59861,11123,9238,442,1130,1130.0,1026.4444444444443,-2.10556055691411,2.87763639275992,47141.13580246913,1130.0,1102.0,28.0,408,408,408,408.0,408.0,0.0,-3.0,0.0,408.0,408.0,0.0,1634046396.372914,0.012092113494873,18.51226997375488
5286,0,1,0,0,3,2,408,2211110130,442,64,428,17,59861,29483,4,0,0,43,15,2211110130,17,59861,11123,9680,442,1130,1130.0,968.0,-1.3303648901969714,-0.0569249275433803,73168.8,1130.0,961.0,169.0,816,408,408,408.0,408.0,0.0,-3.0,0.0,408.0,408.0,0.0,1634046396.393169,0.0202548503875732,18.532524824142453
5287,0,1,0,0,2,3,60,3232270721,94,47,80,17,29483,59861,4,0,0,43,15,2211110130,17,59861,11123,9774,94,1130,1130.0,888.5454545454545,-1.1401815645752844,-0.2928320378474027,129647.3388429752,1130.0,678.0,452.0,876,60,408,408.0,292.0,-0.7071067811865476,-1.5,26912.0,408.0,234.0,174.0,1634046396.398456,0.0052871704101562,18.53781199455261
5288,0,1,0,0,3,2,1096,2211110130,1130,64,1116,17,59861,29483,4,0,0,43,15,2211110130,17,59861,11123,10904,94,1130,1130.0,908.6666666666666,-1.271946886130991,0.0342472724368465,123296.88888888888,1130.0,796.0,334.0,1972,60,1096,408.0,493.0,0.6435102738066802,-0.9056321412542724,141387.0,580.0,321.0,259.0,1634046396.404818,0.006361961364746,18.544173955917355
5289,0,1,0,0,3,2,1096,2211110130,1130,64,1116,17,59861,29483,4,0,0,43,15,2211110130,17,59861,11123,12034,94,1130,1130.0,925.6923076923076,-1.3939287477443336,0.3707934360343601,117290.9822485207,1130.0,914.0,216.0,3068,60,1096,408.0,613.6,0.1057210014106882,-1.597052922229543,171287.04,1096.0,408.0,688.0,1634046396.404818,0.0,18.544173955917355
5290,0,1,0,0,3,2,1096,2211110130,1130,64,1116,17,59861,29483,4,0,0,43,15,2211110130,17,59861,11123,13164,94,1130,1130.0,940.2857142857144,-1.5078600474470785,0.714252495057683,111681.63265306124,1130.0,961.0,169.0,4164,60,1096,752.0,694.0,-0.242866183063877,-1.622455753545627,175060.0,1096.0,408.0,688.0,1634046396.404818,0.0,18.544173955917355
5291,0,1,0,0,3,2,1096,2211110130,1130,64,1116,17,59861,29483,4,0,0,43,15,2211110130,17,59861,11123,14294,94,1130,1130.0,952.9333333333332,-1.6150383210385428,1.062911588166112,106475.6622222222,1130.0,1008.0,122.0,5260,60,1096,1096.0,751.4285714285714,-0.5060063065187191,-1.4510482215784717,169839.67346938772,1096.0,408.0,688.0,1634046396.40541,0.0005919933319091,18.544765949249264
5292,0,1,0,0,3,2,1116,2211110130,1150,64,1136,17,59861,29483,4,0,0,43,15,2211110130,17,59861,11123,15444,94,1150,1130.0,965.25,-1.7135872881544956,1.407083323885591,102096.4375,1130.0,1055.0,75.0,6376,60,1116,1096.0,797.0,-0.7182711747656393,-1.2006099451326375,163147.0,1096.0,408.0,688.0,1634046396.409775,0.0043649673461914,18.549130916595455
5293,0,1,0,0,3,2,1096,2211110130,1130,64,1116,17,59861,29483,4,0,0,43,15,2211110130,17,59861,11123,16574,94,1150,1130.0,974.9411764705884,-1.8101544533579323,1.7628286606855292,97593.4671280277,1130.0,1102.0,28.0,7472,60,1116,1096.0,830.2222222222222,-0.9026941017810932,-0.9011230032961092,153849.28395061727,1096.0,408.0,688.0,1634046396.409775,0.0,18.549130916595455
5294,0,1,0,0,3,2,646,2211110130,680,64,666,17,59861,29483,4,0,0,43,15,2211110130,17,59861,11123,17254,94,1150,1130.0,958.5555555555557,-1.6215542554766458,1.2648859470017904,96735.91358024692,1130.0,961.0,169.0,8118,60,1116,1096.0,811.8,-0.7855994198200139,-0.9300235079788544,141518.75999999998,1096.0,467.5,628.5,1634046396.410338,0.0005629062652587,18.549693822860714
5295,0,1,0,0,3,2,1096,2211110130,1130,64,1116,17,59861,29483,4,0,0,43,15,2211110130,17,59861,11123,18384,94,1150,1130.0,967.578947368421,-1.706213682875244,1.563036298967659,93110.13850415513,1130.0,1008.0,122.0,9214,60,1116,1096.0,837.6363636363636,-0.9328649907046254,-0.6772799400801794,135328.59504132232,1096.0,527.0,569.0,1634046396.414764,0.0044260025024414,18.554119825363156
5296,0,1,0,0,3,2,1096,2211110130,1130,64,1116,17,59861,29483,4,0,0,43,15,2211110130,17,59861,11123,19514,94,1150,1130.0,975.7,-1.7873772993771806,1.8637126211299744,89707.70999999999,1130.0,1055.0,75.0,10310,60,1116,1096.0,859.1666666666666,-1.0661970211483862,-0.4060397074321522,129150.30555555556,1096.0,586.5,509.5,1634046396.415456,0.0006921291351318,18.554811954498287
5297,0,1,0,0,3,2,1096,2211110130,1130,64,1116,17,59861,29483,4,0,0,43,15,2211110130,17,59861,11123,1130,1130,1130,1130.0,1130.0,0.0,-3.0,0.0,1130.0,1130.0,0.0,11406,60,1116,1096.0,877.3846153846154,-1.18857729270689,-0.1220902576475513,123198.3905325444,1096.0,646.0,450.0,1634046396.415456,0.0,18.554811954498287
5298,0,1,0,0,3,2,1096,2211110130,1130,64,1116,17,59861,29483,4,0,0,43,15,2211110130,17,59861,11123,2260,1130,1130,1130.0,1130.0,0.0,-3.0,0.0,1130.0,1130.0,0.0,12502,60,1116,1096.0,893.0,-1.3021037363870955,0.1709663826627641,117568.42857142857,1096.0,758.5,337.5,1634046396.415456,0.0,18.554811954498287
5299,0,1,0,0,2,3,60,3232270721,94,47,80,17,29483,59861,4,0,0,43,15,2211110130,17,59861,11123,2354,94,1130,1130.0,784.6666666666666,-0.7071067811865472,-1.5000000000000004,238510.22222222225,1130.0,612.0,518.0,12562,60,1116,1096.0,837.4666666666667,-1.0349347823177744,-0.5867383281945169,152905.84888888896,1096.0,527.0,569.0,1634046396.416206,0.0007498264312744,18.555561780929562
5300,0,1,0,0,3,2,1096,2211110130,1130,64,1116,17,59861,29483,4,0,0,43,15,2211110130,17,59861,11123,3484,94,1130,1130.0,871.0,-1.1547005383792517,-0.6666666666666665,201243.0,1130.0,871.0,259.0,13658,60,1116,1096.0,853.625,-1.1338047838940832,-0.3677522145933665,147265.609375,1096.0,586.5,509.5,1634046396.420958,0.0047521591186523,18.560313940048214
5301,0,1,0,0,3,2,1096,2211110130,1130,64,1116,17,59861,29483,4,0,0,43,15,2211110130,17,59861,11123,4614,94,1130,1130.0,922.8,-1.4999999999999998,0.25,171727.36,1130.0,1130.0,0.0,14754,60,1116,1096.0,867.8823529411765,-1.2266788558529014,-0.1427818139176935,141855.2802768166,1096.0,646.0,450.0,1634046396.420958,0.0,18.560313940048214
5302,0,1,0,0,3,2,124,2211110130,158,64,144,17,59861,29483,4,0,0,43,15,2211110130,17,59861,11123,4772,94,1130,1130.0,795.3333333333334,-0.7119437609126498,-1.4863241589331082,224344.88888888888,1130.0,401.0,729.0,14878,60,1116,1096.0,826.5555555555555,-0.9798258718660572,-0.7803740045575895,163008.8024691358,1096.0,467.5,628.5,1634046396.421725,0.0007669925689697,18.561080932617184
5303,0,1,0,0,3,2,408,2211110130,442,64,428,17,59861,29483,4,0,0,43,15,2211110130,17,59861,11123,5214,94,1130,1130.0,744.8571428571429,-0.4185321092841721,-1.6921632339281116,207582.69387755104,1130.0,300.0,830.0,15286,60,1116,1096.0,804.5263157894736,-0.821711140249655,-1.0376415864493078,163164.56509695292,1096.0,408.0,688.0,1634046396.421725,0.0,18.561080932617184
5304,0,1,0,0,2,3,60,3232270721,94,47,80,17,29483,59861,4,0,0,43,15,2211110130,17,59861,11123,5308,94,1130,786.0,663.5,-0.1187083429627086,-1.875487897252373,227967.75,1130.0,142.0,988.0,15346,60,1116,1096.0,767.3,-0.6705774001466001,-1.3038525058353914,181336.51,1096.0,408.0,688.0,1634046396.434076,0.0123510360717773,18.57343196868896
5305,0,1,0,0,3,2,1096,2211110130,1130,64,1116,17,59861,29483,4,0,0,43,15,2211110130,17,59861,11123,6438,94,1130,1130.0,715.3333333333334,-0.3317028021692955,-1.7879726493510129,224131.5555555556,1130.0,158.0,972.0,1096,1096,1096,1096.0,1096.0,0.0,-3.0,0.0,1096.0,1096.0,0.0,1634046396.446752,0.0126760005950927,18.586107969284054
5306,0,1,0,0,3,2,1096,2211110130,1130,64,1116,17,59861,29483,4,0,0,43,15,2211110130,17,59861,11123,7568,94,1130,1130.0,756.8,-0.5101429912308986,-1.641698715205376,217193.76,1130.0,229.0,901.0,2192,1096,1096,1096.0,1096.0,0.0,-3.0,0.0,1096.0,1096.0,0.0,1634046396.447471,0.0007188320159912,18.586826801300045
5307,0,1,0,0,3,2,1096,2211110130,1130,64,1116,17,59861,29483,4,0,0,43,15,2211110130,17,59861,11123,8698,94,1130,1130.0,790.7272727272727,-0.6650451422675702,-1.461200758212379,208959.47107438016,1130.0,300.0,830.0,3288,1096,1096,1096.0,1096.0,0.0,-3.0,0.0,1096.0,1096.0,0.0,1634046396.447471,0.0,18.586826801300045
5308,0,1,0,0,3,2,1096,2211110130,1130,64,1116,17,59861,29483,4,0,0,43,15,2211110130,17,59861,11123,9828,94,1130,1130.0,819.0,-0.8028508812585713,-1.2590245983524386,200339.0,1130.0,371.0,759.0,4384,1096,1096,1096.0,1096.0,0.0,-3.0,0.0,1096.0,1096.0,0.0,1634046396.447471,0.0,18.586826801300045
5309,0,1,0,0,3,2,1096,2211110130,1130,64,1116,17,59861,29483,4,0,0,43,15,2211110130,17,59861,11123,10958,94,1130,1130.0,842.9230769230769,-0.9276477290110016,-1.042252255766245,191796.0710059172,1130.0,442.0,688.0,5480,1096,1096,1096.0,1096.0,0.0,-3.0,0.0,1096.0,1096.0,0.0,1634046396.448218,0.0007472038269042,18.58757400512695
5310,0,1,0,0,3,2,552,2211110130,586,64,572,17,59861,29483,4,0,0,43,15,2211110130,17,59861,11123,11544,94,1130,1130.0,824.5714285714286,-0.8148066168197696,-1.1333646771950978,182474.5306122449,1130.0,478.0,652.0,6032,552,1096,1096.0,1005.3333333333334,-1.7888543819998322,1.2000000000000002,41102.22222222223,1096.0,1096.0,0.0,1634046396.448218,0.0,18.58757400512695
5311,0,1,0,0,2,3,60,3232270721,94,47,80,17,29483,59861,4,0,0,43,15,2211110130,17,59861,11123,11638,94,1130,1130.0,775.8666666666667,-0.6036203426620769,-1.4717176735249256,203519.71555555557,1130.0,300.0,830.0,6092,60,1096,1096.0,870.2857142857143,-1.3157825238901582,0.1015372924678494,144657.63265306124,1096.0,824.0,272.0,1634046396.452778,0.0045599937438964,18.592133998870846
5312,0,1,0,0,3,2,60,2211110130,94,64,80,17,59861,29483,4,0,0,43,15,2211110130,17,59861,11123,11732,94,1130,1130.0,733.25,-0.4303617207431682,-1.674712217092733,218042.4375,1130.0,142.0,988.0,6152,60,1096,1096.0,769.0,-0.7754827530200703,-1.2063005328617835,198387.0,1096.0,429.0,667.0,1634046396.460978,0.00819993019104,18.600333929061886
5313,0,1,0,0,3,2,416,2211110130,450,64,436,17,59861,29483,4,0,0,43,15,2211110130,17,59861,11123,12182,94,1130,1130.0,716.5882352941177,-0.3342952527963724,-1.6989052247774947,209658.2422145329,1130.0,158.0,972.0,6568,60,1096,1096.0,729.7777777777778,-0.5313642730221363,-1.4292382925965232,188651.06172839503,1096.0,416.0,680.0,1634046396.460978,0.0,18.600333929061886
5314,0,1,0,0,2,3,60,3232270721,94,47,80,17,29483,59861,4,0,0,43,15,2211110130,17,59861,11123,12276,94,1130,858.0,682.0,-0.2059987481843127,-1.785873882832412,218348.44444444444,1130.0,110.0,1020.0,6628,60,1096,824.0,662.8,-0.2771634227711345,-1.6957432093136606,210160.16,1096.0,149.0,947.0,1634046396.468959,0.0079810619354248,18.60831499099731
5315,0,1,0,0,2,3,60,3232270721,94,47,80,17,29483,59861,4,0,0,43,15,2211110130,17,59861,11123,12370,94,1130,586.0,651.0526315789474,-0.0921572545263128,-1.8324953138767444,224095.7340720222,1130.0,94.0,1036.0,6688,60,1096,552.0,608.0,-0.073851637913288,-1.7991373205590202,221085.0909090909,1096.0,60.0,1036.0,1634046396.486158,0.0171988010406494,18.62551379203796
5316,0,1,0,0,2,3,52,3232270721,86,47,72,17,29483,59861,4,0,0,43,15,2211110130,17,59861,11123,12456,86,1130,518.0,622.8,0.0095855203619995,-1.8498071736634976,228056.96,1130.0,94.0,1036.0,6740,52,1096,484.0,561.6666666666666,0.0946815345855903,-1.8137201301558048,226275.88888888888,1096.0,60.0,1036.0,1634046396.486213,5.507469177246094e-05,18.625568866729733
5317,0,1,0,0,3,2,1096,2211110130,1130,64,1116,17,59861,29483,4,0,0,43,15,2211110130,17,59861,11123,1130,1130,1130,1130.0,1130.0,0.0,-3.0,0.0,1130.0,1130.0,0.0,7836,52,1096,552.0,602.7692307692307,-0.0654770278579904,-1.834582767310371,229143.10059171604,1096.0,60.0,1036.0,1634046396.49216,0.0059471130371093,18.631515979766842
5318,0,1,0,0,3,2,1096,2211110130,1130,64,1116,17,59861,29483,4,0,0,43,15,2211110130,17,59861,11123,2260,1130,1130,1130.0,1130.0,0.0,-3.0,0.0,1130.0,1130.0,0.0,8932,52,1096,824.0,638.0,-0.2039421262578494,-1.8074535568075885,228911.42857142855,1096.0,60.0,1036.0,1634046396.492686,0.000525951385498,18.63204193115234
5319,0,1,0,0,3,2,1096,2211110130,1130,64,1116,17,59861,29483,4,0,0,43,15,2211110130,17,59861,11123,3390,1130,1130,1130.0,1130.0,0.0,-3.0,0.0,1130.0,1130.0,0.0,10028,52,1096,1096.0,668.5333333333333,-0.3264452361058149,-1.749039893998752,226702.64888888889,1096.0,60.0,1036.0,1634046396.492686,0.0,18.63204193115234
5320,0,1,0,0,3,2,851,2211110130,885,64,871,17,59861,29483,4,0,0,43,15,2211110130,17,59861,11123,4275,885,1130,1130.0,1068.75,-1.1547005383792517,-0.6666666666666665,11254.6875,1130.0,1068.75,61.25,10879,52,1096,973.5,679.9375,-0.4026275795222972,-1.6522799287691732,214484.55859375,1096.0,60.0,1036.0,1634046396.492686,0.0,18.63204193115234
5321,0,1,0,0,2,3,60,3232270721,94,47,80,17,29483,59861,4,0,0,43,15,2211110130,17,59861,11123,4369,94,1130,1130.0,873.8,-1.3115421855235392,-0.0481550780163679,161025.76,1130.0,885.0,245.0,10939,52,1096,851.0,643.4705882352941,-0.2580020142065553,-1.7690800770108153,223145.19031141867,1096.0,60.0,1036.0,1634046396.50358,0.0108940601348876,18.642935991287228
5322,0,1,0,0,3,2,56,2211110130,90,64,76,17,59861,29483,4,0,0,43,15,2211110130,17,59861,11123,4459,90,1130,1007.5,743.1666666666666,-0.6088621081486568,-1.5224526986767173,219513.47222222225,1130.0,291.75,838.25,10995,52,1096,701.5,610.8333333333334,-0.1324996125058551,-1.8325292546875795,228856.47222222225,1096.0,60.0,1036.0,1634046396.505564,0.0019838809967041,18.644919872283932
5323,0,1,0,0,3,2,408,2211110130,442,64,428,17,59861,29483,4,0,0,43,15,2211110130,17,59861,11123,4901,90,1130,885.0,700.1428571428571,-0.3572658753635712,-1.6269614576896725,199260.69387755104,1130.0,268.0,862.0,11403,52,1096,552.0,600.1578947368421,-0.070041121785593,-1.7983203273381907,218862.76454293623,1096.0,60.0,1036.0,1634046396.505564,0.0,18.644919872283932
5324,0,1,0,0,3,2,1096,2211110130,1130,64,1116,17,59861,29483,4,0,0,43,15,2211110130,17,59861,11123,6031,90,1130,1007.5,753.875,-0.5755636099919056,-1.4359383750677288,194563.109375,1130.0,355.0,775.0,12499,52,1096,701.5,624.95,-0.1658370217928192,-1.7850683981211286,219597.9475,1096.0,60.0,1036.0,1634046396.523128,0.017564058303833,18.662483930587765
5325,0,1,0,0,3,2,1096,2211110130,1130,64,1116,17,59861,29483,4,0,0,43,15,2211110130,17,59861,11123,7161,90,1130,1130.0,795.6666666666666,-0.761056171838739,-1.191894940162336,186917.33333333337,1130.0,442.0,688.0,1096,1096,1096,1096.0,1096.0,0.0,-3.0,0.0,1096.0,1096.0,0.0,1634046396.523128,0.0,18.662483930587765
5326,0,1,0,0,2,3,56,3232270721,90,47,76,17,29483,59861,4,0,0,43,15,2211110130,17,59861,11123,7251,90,1130,1007.5,725.1,-0.4580283052417775,-1.6218912675070316,213042.49,1130.0,181.0,949.0,1152,56,1096,576.0,576.0,0.0,-2.0,270400.0,836.0,316.0,520.0,1634046396.523437,0.0003089904785156,18.66279292106628
5327,0,1,0,0,2,3,60,3232270721,94,47,80,17,29483,59861,4,0,0,43,15,2211110130,17,59861,11123,7345,90,1130,885.0,667.7272727272727,-0.2281296555220567,-1.808996651970288,226591.2892561984,1130.0,94.0,1036.0,1212,56,1096,60.0,404.0,0.7070713425338421,-1.4999999999999998,239434.66666666663,578.0,58.0,520.0,1634046396.523495,5.793571472167969e-05,18.662850856781002
5328,0,1,0,0,3,2,1096,2211110130,1130,64,1116,17,59861,29483,4,0,0,43,15,2211110130,17,59861,11123,8475,90,1130,1007.5,706.25,-0.3797821078423277,-1.7234955174342972,224032.6875,1130.0,94.0,1036.0,2308,56,1096,578.0,577.0,-2.2274691495062288e-05,-1.9999703004664693,269363.0,1096.0,59.0,1037.0,1634046396.523636,0.0001411437988281,18.66299200057983
5329,0,1,0,0,3,2,1116,2211110130,1150,64,1136,17,59861,29483,4,0,0,43,15,2211110130,17,59861,11123,9625,90,1150,1130.0,740.3846153846154,-0.5118696517812368,-1.608489443825012,220781.4674556213,1130.0,94.0,1036.0,3424,56,1116,1096.0,684.8,-0.4076410534567115,-1.832944680077773,261973.75999999995,1096.0,60.0,1036.0,1634046396.528044,0.0044078826904296,18.66739988327026
5330,0,1,0,0,3,2,1096,2211110130,1130,64,1116,17,59861,29483,4,0,0,43,15,2211110130,17,59861,11123,10755,90,1150,1130.0,768.2142857142857,-0.6322197777005405,-1.4727524130156415,215079.7397959184,1130.0,181.0,949.0,4520,56,1116,1096.0,753.3333333333334,-0.706462188443984,-1.4999384065495431,241795.5555555556,1096.0,319.0,777.0,1634046396.528044,0.0,18.66739988327026
5331,0,1,0,0,3,2,1096,2211110130,1130,64,1116,17,59861,29483,4,0,0,43,15,2211110130,17,59861,11123,11885,90,1150,1130.0,792.3333333333334,-0.7419095764733813,-1.322706014664183,208885.28888888893,1130.0,268.0,862.0,5616,56,1116,1096.0,802.2857142857143,-0.9480103439682382,-1.1002175573166897,221631.34693877547,1096.0,578.0,518.0,1634046396.528044,0.0,18.66739988327026
5332,0,1,0,0,3,2,1093,2211110130,1127,64,1113,17,59861,29483,4,0,0,43,15,2211110130,17,59861,11123,13012,90,1150,1130.0,813.25,-0.8431292861566043,-1.162063405878262,202392.5625,1130.0,355.0,775.0,6709,56,1116,1096.0,838.625,-1.1539421083504042,-0.6671777433038768,203171.234375,1096.0,834.75,261.25,1634046396.528698,0.0006539821624755,18.668053865432736
5333,0,1,0,0,3,2,96,2211110130,130,64,116,17,59861,29483,4,0,0,43,15,2211110130,17,59861,11123,13142,90,1150,1130.0,773.0588235294117,-0.6446737243788206,-1.4796880112369033,216332.40830449827,1130.0,130.0,1000.0,6805,56,1116,1096.0,756.1111111111111,-0.7080073757184178,-1.4959251182860025,235064.98765432092,1096.0,96.0,1000.0,1634046396.528698,0.0,18.668053865432736
5334,0,1,0,0,3,2,408,2211110130,442,64,428,17,59861,29483,4,0,0,43,15,2211110130,17,59861,11123,13584,90,1150,1128.5,754.6666666666666,-0.536797160942276,-1.5578918798605157,210064.5555555556,1130.0,208.0,922.0,7213,56,1116,1094.5,721.3,-0.5104877262515533,-1.6423969260655122,222464.81,1096.0,174.0,922.0,1634046396.54334,0.0146420001983642,18.6826958656311
5335,0,1,0,0,2,3,60,3232270721,94,47,80,17,29483,59861,4,0,0,43,15,2211110130,17,59861,11123,13678,90,1150,1127.0,719.8947368421053,-0.3958930691193629,-1.707457477355807,220772.0941828255,1130.0,112.0,1018.0,7273,56,1116,1093.0,661.1818181818181,-0.2730075727934563,-1.8448463025417807,238382.694214876,1096.0,78.0,1018.0,1634046396.557694,0.0143539905548095,18.69704985618591
5336,0,1,0,0,3,2,1096,2211110130,1130,64,1116,17,59861,29483,4,0,0,43,15,2211110130,17,59861,11123,14808,90,1150,1128.5,740.4,-0.482002530802514,-1.6344708796828755,217722.34000000003,1130.0,121.0,1009.0,8369,56,1116,1094.5,697.4166666666666,-0.4237601895516313,-1.7429460032667925,232960.0763888889,1096.0,87.0,1009.0,1634046396.562355,0.0046610832214355,18.701710939407345
5337,0,1,0,0,3,2,1096,2211110130,1130,64,1116,17,59861,29483,4,0,0,43,15,2211110130,17,59861,11123,1130,1130,1130,1130.0,1130.0,0.0,-3.0,0.0,1130.0,1130.0,0.0,9465,56,1116,1096.0,728.0769230769231,-0.5568747909331474,-1.614038650524914,226320.68639053253,1096.0,96.0,1000.0,1634046396.562355,0.0,18.701710939407345
5338,0,1,0,0,3,2,1096,2211110130,1130,64,1116,17,59861,29483,4,0,0,43,15,2211110130,17,59861,11123,2260,1130,1130,1130.0,1130.0,0.0,-3.0,0.0,1130.0,1130.0,0.0,10561,56,1116,1096.0,754.3571428571429,-0.6766635426513675,-1.4669402817859023,219133.3724489796,1096.0,174.0,922.0,1634046396.56426,0.0019049644470214,18.703615903854367
5339,0,1,0,0,3,2,1096,2211110130,1130,64,1116,17,59861,29483,4,0,0,43,15,2211110130,17,59861,11123,3390,1130,1130,1130.0,1130.0,0.0,-3.0,0.0,1130.0,1130.0,0.0,11657,56,1116,1096.0,777.1333333333333,-0.786016508259243,-1.307006444892622,211787.04888888897,1096.0,252.0,844.0,1634046396.56426,0.0,18.703615903854367
5340,0,1,0,0,3,2,508,2211110130,542,64,528,17,59861,29483,4,0,0,43,15,2211110130,17,59861,11123,3932,542,1130,1130.0,983.0,-1.1547005383792517,-0.6666666666666665,64827.0,1130.0,983.0,147.0,12165,56,1116,1096.0,760.3125,-0.6876759154307119,-1.372081267684667,202794.46484375,1096.0,330.0,766.0,1634046396.56426,0.0,18.703615903854367
5341,0,1,0,0,3,2,60,2211110130,94,64,80,17,59861,29483,4,0,0,43,15,2211110130,17,59861,11123,4026,94,1130,1130.0,805.2,-0.7308911076103043,-1.1505208873971882,178312.96,1130.0,542.0,588.0,12225,56,1116,1096.0,719.1176470588235,-0.5137352013962971,-1.604731139265112,218017.63321799308,1096.0,96.0,1000.0,1634046396.573418,0.0091578960418701,18.712773799896237
5342,0,1,0,0,3,2,408,2211110130,442,64,428,17,59861,29483,4,0,0,43,15,2211110130,17,59861,11123,4468,94,1130,836.0,744.6666666666666,-0.3418603332638796,-1.4718127311391933,166915.55555555556,1130.0,467.0,663.0,12633,56,1116,1094.5,701.8333333333334,-0.4139791096985721,-1.652040167532102,210984.25000000003,1096.0,174.0,922.0,1634046396.573418,0.0,18.712773799896237
5343,0,1,0,0,3,2,1096,2211110130,1130,64,1116,17,59861,29483,4,0,0,43,15,2211110130,17,59861,11123,5598,94,1130,1130.0,799.7142857142857,-0.5961954783379222,-1.261559749700408,161251.91836734698,1130.0,492.0,638.0,13729,56,1116,1096.0,722.578947368421,-0.504353575305297,-1.5724695681793783,207626.6648199446,1096.0,252.0,844.0,1634046396.593001,0.019582986831665,18.7323567867279
5344,0,1,0,0,3,2,1096,2211110130,1130,64,1116,17,59861,29483,4,0,0,43,15,2211110130,17,59861,11123,6728,94,1130,1130.0,841.0,-0.8068478303908826,-0.9737686846618804,153027.0,1130.0,517.0,613.0,14825,56,1116,1096.0,741.25,-0.5882859909459888,-1.4829556255268272,203868.8875,1096.0,330.0,766.0,1634046396.593001,0.0,18.7323567867279
5345,0,1,0,0,2,3,60,3232270721,94,47,80,17,29483,59861,4,0,0,43,15,2211110130,17,59861,11123,6822,94,1130,1130.0,758.0,-0.4916424752927955,-1.4894094924827144,191136.0,1130.0,442.0,688.0,60,60,60,60.0,60.0,0.0,-3.0,0.0,60.0,60.0,0.0,1634046396.593135,0.0001342296600341,18.732491016387936
5346,0,1,0,0,3,2,1096,2211110130,1130,64,1116,17,59861,29483,4,0,0,43,15,2211110130,17,59861,11123,7952,94,1130,1130.0,795.2,-0.6621628496131292,-1.2999391729194285,184476.96,1130.0,467.0,663.0,1156,60,1096,578.0,578.0,0.0,-2.0,268324.0,837.0,319.0,518.0,1634046396.594596,0.0014607906341552,18.73395180702209
5347,0,1,0,0,3,2,1096,2211110130,1130,64,1116,17,59861,29483,4,0,0,43,15,2211110130,17,59861,11123,9082,94,1130,1130.0,825.6363636363636,-0.8122765692098144,-1.0804797367808794,176970.04958677685,1130.0,492.0,638.0,2252,60,1096,1096.0,750.6666666666666,-0.7071067811865472,-1.5,238510.22222222225,1096.0,578.0,518.0,1634046396.594596,0.0,18.73395180702209
5348,0,1,0,0,3,2,503,2211110130,537,64,523,17,59861,29483,4,0,0,43,15,2211110130,17,59861,11123,9619,94,1130,1130.0,801.5833333333334,-0.653816538087528,-1.2145469447573234,168586.5763888889,1130.0,513.25,616.75,2755,60,1096,799.5,688.75,-0.3607905981049927,-1.534403800232137,190383.6875,1096.0,392.25,703.75,1634046396.594596,0.0,18.73395180702209
5349,0,1,0,0,3,2,1096,2211110130,1130,64,1116,17,59861,29483,4,0,0,43,15,2211110130,17,59861,11123,10749,94,1130,1130.0,826.8461538461538,-0.7797054386114253,-1.0378674823604743,163276.89940828405,1130.0,537.0,593.0,3851,60,1096,1096.0,770.2,-0.7233485000235111,-1.1660040728938978,178843.36000000004,1096.0,503.0,593.0,1634046396.625705,0.0311090946197509,18.765060901641842
5350,0,1,0,0,2,3,60,3232270721,94,47,80,17,29483,59861,4,0,0,43,15,2211110130,17,59861,11123,10843,94,1130,1130.0,774.5,-0.571896358426902,-1.3915451388794675,187235.82142857145,1130.0,465.75,664.25,3911,60,1096,799.5,651.8333333333334,-0.2519358337091514,-1.7408830796359076,219089.47222222225,1096.0,170.75,925.25,1634046396.626095,0.0003900527954101,18.765450954437252
5351,0,1,0,0,3,2,1096,2211110130,1130,64,1116,17,59861,29483,4,0,0,43,15,2211110130,17,59861,11123,11973,94,1130,1130.0,798.2,-0.6823163048826433,-1.2570485480126516,182617.0933333333,1130.0,489.5,640.5,5007,60,1096,1096.0,715.2857142857143,-0.5147575919249806,-1.5535804617453424,211948.20408163263,1096.0,281.5,814.5,1634046396.627636,0.0015408992767333,18.766991853713986
5352,0,1,0,0,3,2,1096,2211110130,1130,64,1116,17,59861,29483,4,0,0,43,15,2211110130,17,59861,11123,13103,94,1130,1130.0,818.9375,-0.7838935842126883,-1.1096698232830176,177654.18359375,1130.0,513.25,616.75,6103,60,1096,1096.0,762.875,-0.7296155959772925,-1.290330272544627,201307.859375,1096.0,392.25,703.75,1634046396.627636,0.0,18.766991853713986
5353,0,1,0,0,3,2,1096,2211110130,1130,64,1116,17,59861,29483,4,0,0,43,15,2211110130,17,59861,11123,14233,94,1130,1130.0,837.2352941176471,-0.8782173777083526,-0.9527048083277384,172560.88581314878,1130.0,537.0,593.0,7199,60,1096,1096.0,799.8888888888889,-0.9136448066640472,-0.9872156839340382,189900.54320987652,1096.0,503.0,593.0,1634046396.627636,0.0,18.766991853713986
5354,0,1,0,0,3,2,507,2211110130,541,64,527,17,59861,29483,4,0,0,43,15,2211110130,17,59861,11123,14774,94,1130,1130.0,820.7777777777778,-0.7670703808159769,-1.067579881520567,167578.61728395062,1130.0,538.0,592.0,7706,60,1096,1096.0,770.6,-0.726359886002123,-1.1598326484891206,178631.03999999998,1096.0,504.0,592.0,1634046396.62829,0.0006539821624755,18.76764583587646
5355,0,1,0,0,2,3,60,3232270721,94,47,80,17,29483,59861,4,0,0,43,15,2211110130,17,59861,11123,14868,94,1130,1130.0,782.5263157894736,-0.6123070593872616,-1.3360471080061431,185095.82825484767,1130.0,489.5,640.5,7766,60,1096,1096.0,706.0,-0.4624071353436066,-1.550104779133099,204123.45454545456,1096.0,281.5,814.5,1634046396.646846,0.0185561180114746,18.786201953887936
5356,0,1,0,0,3,2,408,2211110130,442,64,428,17,59861,29483,4,0,0,43,15,2211110130,17,59861,11123,15310,94,1130,1130.0,765.5,-0.5053673305869969,-1.4232244023962592,181349.05,1130.0,442.0,688.0,8174,60,1096,801.5,681.1666666666666,-0.3143072464115559,-1.599550681970904,193896.8055555556,1096.0,321.0,775.0,1634046396.647062,0.000216007232666,18.786417961120602
5357,0,1,0,0,3,2,1104,2211110130,1138,64,1124,17,59861,29483,4,0,0,43,15,2211110130,17,59861,11123,1138,1138,1138,1138.0,1138.0,0.0,-3.0,0.0,1138.0,1138.0,0.0,9278,60,1104,1096.0,713.6923076923077,-0.4491743189892336,-1.509897867976727,191676.674556213,1096.0,408.0,688.0,1634046396.66519,0.0181279182434082,18.80454587936401
5358,0,1,0,0,3,2,1096,2211110130,1130,64,1116,17,59861,29483,4,0,0,43,15,2211110130,17,59861,11123,2268,1130,1138,1134.0,1134.0,0.0,-2.0,16.0,1136.0,1132.0,4.0,10374,60,1104,1096.0,741.0,-0.5707491018744829,-1.393399775617825,187679.7142857143,1096.0,431.75,664.25,1634046396.66519,0.0,18.80454587936401
5359,0,1,0,0,3,2,1096,2211110130,1130,64,1116,17,59861,29483,4,0,0,43,15,2211110130,17,59861,11123,3398,1130,1138,1130.0,1132.6666666666667,0.7071067811864872,-1.5000000000000566,14.222222222222223,1134.0,1130.0,4.0,11470,60,1104,1096.0,764.6666666666666,-0.6812604798437215,-1.2589985570726707,183009.2888888889,1096.0,455.5,640.5,1634046396.667012,0.0018219947814941,18.806367874145504
5360,0,1,0,0,3,2,1116,2211110130,1150,64,1136,17,59861,29483,4,0,0,43,15,2211110130,17,59861,11123,4548,1130,1150,1134.0,1137.0,0.6892544771146772,-1.1419024281577188,67.0,1141.0,1130.0,11.0,12586,60,1116,1096.0,786.625,-0.7814256121414842,-1.114214980659272,178803.734375,1096.0,479.25,616.75,1634046396.667012,0.0,18.806367874145504
5361,0,1,0,0,3,2,898,2211110130,932,64,918,17,59861,29483,4,0,0,43,15,2211110130,17,59861,11123,5480,932,1150,1130.0,1096.0,-1.4698837507218403,0.2117923197093838,6777.6,1138.0,1130.0,8.0,13484,60,1116,1096.0,793.1764705882352,-0.8472172763012709,-0.9598027476635074,168972.61591695502,1096.0,503.0,593.0,1634046396.667012,0.0,18.806367874145504
5362,0,1,0,0,3,2,408,2211110130,442,64,428,17,59861,29483,4,0,0,43,15,2211110130,17,59861,11123,5922,442,1150,1130.0,987.0,-1.4909004071039216,0.5561361424360216,65053.0,1136.0,981.5,154.5,13892,60,1116,1096.0,771.7777777777778,-0.7009773893666572,-1.1554913534578943,167369.61728395062,1096.0,431.75,664.25,1634046396.670907,0.0038950443267822,18.810262918472286
5363,0,1,0,0,2,3,60,3232270721,94,47,80,17,29483,59861,4,0,0,43,15,2211110130,17,59861,11123,6016,94,1150,1130.0,859.4285714285714,-1.0343345547209268,-0.5869362259418449,153406.53061224488,1134.0,687.0,447.0,13952,60,1116,1096.0,734.3157894736842,-0.5549750833805679,-1.3914109662010394,183821.9002770083,1096.0,408.0,688.0,1634046396.680719,0.0098118782043457,18.820074796676632
5364,0,1,0,0,2,3,60,3232270721,94,47,80,17,29483,59861,4,0,0,43,15,2211110130,17,59861,11123,6110,94,1150,1031.0,763.75,-0.5960359437437674,-1.436837652292379,198311.4375,1132.0,355.0,777.0,14012,60,1116,997.0,700.6,-0.4256116651808376,-1.554874392201811,196229.14,1096.0,321.0,775.0,1634046396.697841,0.0171220302581787,18.83719682693481
5365,0,1,0,0,2,3,52,3232270721,86,47,72,17,29483,59861,4,0,0,43,15,2211110130,17,59861,11123,6196,86,1150,932.0,688.4444444444445,-0.2959307042515869,-1.7539559849420612,221644.24691358025,1130.0,94.0,1036.0,52,52,52,52.0,52.0,0.0,-3.0,0.0,52.0,52.0,0.0,1634046396.697896,5.507469177246094e-05,18.837251901626583
5366,0,1,0,0,3,2,56,2211110130,90,64,76,17,59861,29483,4,0,0,43,15,2211110130,17,59861,11123,6286,86,1150,687.0,628.6,-0.0664339567113304,-1.861017575614242,231712.04,1130.0,94.0,1036.0,108,52,56,54.0,54.0,0.0,-2.0,4.0,55.0,53.0,2.0,1634046396.715635,0.0177390575408935,18.854990959167477
5367,0,1,0,0,3,2,60,2211110130,94,64,80,17,59861,29483,4,0,0,43,15,2211110130,17,59861,11123,6380,86,1150,442.0,580.0,0.1203381541518033,-1.8639844764195752,234266.9090909091,1130.0,94.0,1036.0,168,52,60,56.0,56.0,0.0,-1.5,10.666666666666666,58.0,54.0,4.0,1634046396.715635,0.0,18.854990959167477
5368,0,1,0,0,3,2,1096,2211110130,1130,64,1116,17,59861,29483,4,0,0,43,15,2211110130,17,59861,11123,7510,86,1150,687.0,625.8333333333334,-0.0554184243869803,-1.8872583987201277,237852.3055555556,1130.0,94.0,1036.0,1264,52,1096,58.0,316.0,1.1545638948396435,-0.6667718528378468,202808.0,319.0,55.0,264.0,1634046396.717535,0.0018999576568603,18.856890916824337
5369,0,1,0,0,3,2,1096,2211110130,1130,64,1116,17,59861,29483,4,0,0,43,15,2211110130,17,59861,11123,8640,86,1150,932.0,664.6153846153846,-0.205310674269403,-1.8553590279279344,237604.54437869816,1130.0,94.0,1036.0,2360,52,1096,60.0,472.0,0.4081728034638198,-1.8332922431617744,259590.4,1096.0,56.0,1040.0,1634046396.717535,0.0,18.856890916824337
5370,0,1,0,0,3,2,1096,2211110130,1130,64,1116,17,59861,29483,4,0,0,43,15,2211110130,17,59861,11123,9770,86,1150,1031.0,697.8571428571429,-0.3366679537282361,-1.7886276157246588,234997.97959183677,1130.0,94.0,1036.0,3456,52,1096,578.0,576.0,-5.91698470373136e-05,-1.999921106870613,270405.3333333333,1096.0,57.0,1039.0,1634046396.717535,0.0,18.856890916824337
5371,0,1,0,0,3,2,825,2211110130,859,64,845,17,59861,29483,4,0,0,43,15,2211110130,17,59861,11123,10629,86,1150,932.0,708.6,-0.4105589065948813,-1.6856946324303987,220947.17333333337,1130.0,94.0,1036.0,4281,52,1096,825.0,611.5714285714286,-0.1997300473713665,-1.8701531888276397,239367.95918367343,1096.0,58.0,1038.0,1634046396.717535,0.0,18.856890916824337
5372,0,1,0,0,3,2,408,2211110130,442,64,428,17,59861,29483,4,0,0,43,15,2211110130,17,59861,11123,11071,86,1150,895.5,691.9375,-0.3149499386378717,-1.6992705803058887,211302.55859375,1130.0,94.0,1036.0,4689,52,1096,616.5,586.125,-0.0522297324566101,-1.7878411255335536,213979.609375,1096.0,59.0,1037.0,1634046396.717535,0.0,18.856890916824337
5373,0,1,0,0,3,2,1096,2211110130,1130,64,1116,17,59861,29483,4,0,0,43,15,2211110130,17,59861,11123,12201,86,1150,932.0,717.7058823529412,-0.4177685332073765,-1.6301851313754985,209497.14878892736,1130.0,94.0,1036.0,5785,52,1096,825.0,642.7777777777778,-0.2665860412713829,-1.7396859754675218,215880.3950617284,1096.0,60.0,1036.0,1634046396.722603,0.0050680637359619,18.8619589805603
5374,0,1,0,0,3,2,1096,2211110130,1130,64,1116,17,59861,29483,4,0,0,43,15,2211110130,17,59861,11123,13331,86,1150,1031.0,740.6111111111111,-0.512201730232739,-1.5465146084740211,206777.45987654323,1130.0,181.0,949.0,6881,52,1096,960.5,688.1,-0.4460491509041585,-1.6219324836244426,212779.29,1096.0,147.0,949.0,1634046396.722603,0.0,18.8619589805603
5375,0,1,0,0,3,2,1096,2211110130,1130,64,1116,17,59861,29483,4,0,0,43,15,2211110130,17,59861,11123,14461,86,1150,1130.0,761.1052631578947,-0.5997196017077305,-1.451833458689782,203454.62049861497,1130.0,268.0,862.0,7977,52,1096,1096.0,725.1818181818181,-0.6015476478974282,-1.4638739675045995,207186.33057851237,1096.0,234.0,862.0,1634046396.722603,0.0,18.8619589805603
5376,0,1,0,0,3,2,1096,2211110130,1130,64,1116,17,59861,29483,4,0,0,43,15,2211110130,17,59861,11123,15591,86,1150,1130.0,779.55,-0.6814383826264812,-1.3486414864430143,199745.8475,1130.0,355.0,775.0,9073,52,1096,1096.0,756.0833333333334,-0.7396037303790257,-1.2804534966988277,200424.7430555556,1096.0,321.0,775.0,1634046396.723345,0.000741958618164,18.862700939178463
5377,0,1,0,0,3,2,1096,2211110130,1130,64,1116,17,59861,29483,4,0,0,43,15,2211110130,17,59861,11123,1130,1130,1130,1130.0,1130.0,0.0,-3.0,0.0,1130.0,1130.0,0.0,10169,52,1096,1096.0,782.2307692307693,-0.8643907016808967,-1.0800601876582443,193211.71597633127,1096.0,408.0,688.0,1634046396.723345,0.0,18.862700939178463
5378,0,1,0,0,3,2,817,2211110130,851,64,837,17,59861,29483,4,0,0,43,15,2211110130,17,59861,11123,1981,851,1130,990.5,990.5,0.0,-2.0,19460.25,1060.25,920.75,139.5,10986,52,1096,1096.0,784.7142857142857,-0.9139663290672482,-0.9129916604855706,179491.06122448976,1096.0,510.25,585.75,1634046396.723345,0.0,18.862700939178463
5379,0,1,0,0,2,3,52,3232270721,86,48,72,17,10001,59861,4,0,0,43,15,2211110130,17,59861,11123,2067,86,1130,851.0,689.0,-0.5011423012504873,-1.5,194778.0,990.5,468.5,522.0,11038,52,1096,1096.0,735.8666666666667,-0.6831710365050618,-1.3388618056827208,200930.2488888889,1096.0,234.0,862.0,1634046396.725669,0.0023238658905029,18.865024805068966
5380,0,1,0,0,2,3,56,3232270721,90,47,76,17,29483,59861,4,0,0,43,15,2211110130,17,59861,11123,2157,86,1130,470.5,539.25,0.1336294298342223,-1.823787938323068,213358.6875,920.75,89.0,831.75,11094,52,1096,960.5,693.375,-0.4978025950940178,-1.5905639743610986,215455.234375,1096.0,59.0,1037.0,1634046396.733179,0.0075101852416992,18.872534990310665
5381,0,1,0,0,2,3,60,3232270721,94,47,80,17,29483,59861,4,0,0,43,15,2211110130,17,59861,11123,2251,86,1130,94.0,450.2,0.5233875615681206,-1.5847966247632803,202406.56,851.0,90.0,761.0,11154,52,1096,825.0,656.1176470588235,-0.3429770309502886,-1.7413404361285951,224991.16262975775,1096.0,60.0,1036.0,1634046396.733233,5.3882598876953125e-05,18.872588872909542
5382,0,1,0,0,3,2,408,2211110130,442,64,428,17,59861,29483,4,0,0,43,15,2211110130,17,59861,11123,2693,86,1130,268.0,448.8333333333333,0.5832761941228707,-1.2942467982950905,168681.47222222225,748.75,91.0,657.75,11562,52,1096,821.0,642.3333333333334,-0.2644321545455261,-1.739065922714306,215721.77777777772,1096.0,60.0,1036.0,1634046396.733424,0.0001909732818603,18.872779846191403
5383,0,1,0,0,3,2,1096,2211110130,1130,64,1116,17,59861,29483,4,0,0,43,15,2211110130,17,59861,11123,3823,86,1130,442.0,546.1428571428571,0.2220661347443869,-1.6930597921746144,201398.97959183677,990.5,92.0,898.5,12658,52,1096,825.0,666.2105263157895,-0.3577607988519951,-1.687042414616731,214630.16620498616,1096.0,60.0,1036.0,1634046396.757895,0.0244710445404052,18.897250890731808
5384,0,1,0,0,3,2,1096,2211110130,1130,64,1116,17,59861,29483,4,0,0,43,15,2211110130,17,59861,11123,4953,86,1130,646.5,619.125,-0.047587728487184,-1.7840673595061698,213508.859375,1130.0,93.0,1037.0,13754,52,1096,960.5,687.7,-0.4439982426112711,-1.6221802774489604,212672.81,1096.0,60.0,1036.0,1634046396.757895,0.0,18.897250890731808
5385,0,1,0,0,3,2,1096,2211110130,1130,64,1116,17,59861,29483,4,0,0,43,15,2211110130,17,59861,11123,6083,86,1130,851.0,675.8888888888889,-0.2622783566118668,-1.7384330379537083,215562.7654320988,1130.0,94.0,1036.0,1096,1096,1096,1096.0,1096.0,0.0,-3.0,0.0,1096.0,1096.0,0.0,1634046396.757895,0.0,18.897250890731808
5386,0,1,0,0,3,2,627,2211110130,661,64,647,17,59861,29483,4,0,0,43,15,2211110130,17,59861,11123,6744,86,1130,756.0,674.4,-0.2662864915560224,-1.6022159288091604,194026.44,1130.0,181.0,949.0,1723,627,1096,861.5,861.5,0.0,-2.0,54990.25,978.75,744.25,234.5,1634046396.758534,0.0006389617919921,18.8978898525238
5387,0,1,0,0,3,2,408,2211110130,442,64,428,17,59861,29483,4,0,0,43,15,2211110130,17,59861,11123,7186,86,1130,661.0,653.2727272727273,-0.1346817190844661,-1.5708693899206363,180851.2892561984,1130.0,268.0,862.0,2131,408,1096,627.0,710.3333333333334,0.4110735502318496,-1.5000000000000004,82362.88888888889,861.5,517.5,344.0,1634046396.772496,0.0139620304107666,18.911851882934567
5388,0,1,0,0,3,2,1096,2211110130,1130,64,1116,17,59861,29483,4,0,0,43,15,2211110130,17,59861,11123,8316,86,1130,756.0,693.0,-0.2852454975992194,-1.5400502131860776,183141.16666666663,1130.0,355.0,775.0,3227,408,1096,861.5,806.75,-0.1937714406194504,-1.7459542645548587,89660.6875,1096.0,572.25,523.75,1634046396.781637,0.0091409683227539,18.92099285125732
5389,0,1,0,0,3,2,1096,2211110130,1130,64,1116,17,59861,29483,4,0,0,43,15,2211110130,17,59861,11123,9446,86,1130,851.0,726.6153846153846,-0.4186599238811286,-1.465861501501545,182613.3136094675,1130.0,442.0,688.0,4323,408,1096,1096.0,864.6,-0.575352525732748,-1.474611162718496,85115.04,1096.0,627.0,469.0,1634046396.781637,0.0,18.92099285125732
5390,0,1,0,0,3,2,1096,2211110130,1130,64,1116,17,59861,29483,4,0,0,43,15,2211110130,17,59861,11123,10576,86,1130,990.5,755.4285714285714,-0.538695884560505,-1.3629688997196454,180362.1020408163,1130.0,442.0,688.0,5419,408,1096,1096.0,903.1666666666666,-0.8644966364247446,-1.060499417323059,78366.13888888889,1096.0,744.25,351.75,1634046396.781637,0.0,18.92099285125732
5391,0,1,0,0,3,2,1096,2211110130,1130,64,1116,17,59861,29483,4,0,0,43,15,2211110130,17,59861,11123,11706,86,1130,1130.0,780.4,-0.6480957600833882,-1.2401705613132847,177067.97333333336,1130.0,442.0,688.0,6515,408,1096,1096.0,930.7142857142856,-1.1026175241815062,-0.5869516863978106,71724.20408163266,1096.0,861.5,234.5,1634046396.782373,0.0007359981536865,18.921728849411007
5392,0,1,0,0,3,2,1096,2211110130,1130,64,1116,17,59861,29483,4,0,0,43,15,2211110130,17,59861,11123,12836,86,1130,1130.0,802.25,-0.7488678153148633,-1.103030170459754,173162.5625,1130.0,442.0,688.0,7611,408,1096,1096.0,951.375,-1.308081308023011,-0.08301704511556,65746.734375,1096.0,978.75,117.25,1634046396.782373,0.0,18.921728849411007
5393,0,1,0,0,3,2,484,2211110130,518,64,504,17,59861,29483,4,0,0,43,15,2211110130,17,59861,11123,13354,86,1130,1130.0,785.5294117647059,-0.6382564024618618,-1.191360944525406,167449.77854671283,1130.0,442.0,688.0,8095,408,1096,1096.0,899.4444444444445,-0.8102601719401843,-1.2197217700944047,80015.8024691358,1096.0,627.0,469.0,1634046396.782949,0.0005760192871093,18.922304868698117
5394,0,1,0,0,2,3,60,3232270721,94,47,80,17,29483,59861,4,0,0,43,15,2211110130,17,59861,11123,13448,86,1130,990.5,747.1111111111111,-0.4908468805948934,-1.4197431428795766,183238.43209876545,1130.0,442.0,688.0,8155,60,1096,1096.0,815.5,-0.8218032918229308,-0.7982907603657377,135434.25,1096.0,519.75,576.25,1634046396.783826,0.0008771419525146,18.92318201065063
5395,0,1,0,0,3,2,1116,2211110130,1150,64,1136,17,59861,29483,4,0,0,43,15,2211110130,17,59861,11123,14598,86,1150,1130.0,768.3157894736842,-0.5758993040241345,-1.3355002769791078,181687.79501385044,1130.0,442.0,688.0,9271,60,1116,1096.0,842.8181818181819,-0.9640413545711962,-0.5463634301439066,130584.87603305788,1096.0,555.5,540.5,1634046396.795341,0.0115149021148681,18.9346969127655
5396,0,1,0,0,2,3,60,3232270721,94,47,80,17,29483,59861,4,0,0,43,15,2211110130,17,59861,11123,14692,86,1150,990.5,734.6,-0.4442474030186182,-1.5129512734315005,194201.74,1130.0,355.0,775.0,9331,60,1116,1096.0,777.5833333333334,-0.7183719864122097,-1.1014517323908817,166514.24305555553,1096.0,465.0,631.0,1634046396.79979,0.0044488906860351,18.939145803451535
5397,0,1,0,0,2,3,60,3232270721,94,47,80,17,29483,59861,4,0,0,43,15,2211110130,17,59861,11123,94,94,94,94.0,94.0,0.0,-3.0,0.0,94.0,94.0,0.0,9391,60,1116,1096.0,722.3846153846154,-0.5037029906462358,-1.445669339750168,190268.23668639053,1096.0,408.0,688.0,1634046396.817889,0.0180990695953369,18.95724487304687
5398,0,1,0,0,3,2,408,2211110130,442,64,428,17,59861,29483,4,0,0,43,15,2211110130,17,59861,11123,536,94,442,268.0,268.0,0.0,-2.0,30276.0,355.0,181.0,174.0,9799,60,1116,861.5,699.9285714285714,-0.3656899010888071,-1.5162111369568405,183233.20918367343,1096.0,408.0,688.0,1634046396.823101,0.0052120685577392,18.96245694160461
5399,0,1,0,0,3,2,60,2211110130,94,64,80,17,59861,29483,4,0,0,43,15,2211110130,17,59861,11123,630,94,442,94.0,210.0,0.7071067811865476,-1.5,26912.0,268.0,94.0,174.0,9859,60,1116,627.0,657.2666666666667,-0.2182941130490471,-1.6459453236699355,196498.1955555556,1096.0,234.0,862.0,1634046396.830039,0.0069379806518554,18.969394922256466
5400,0,1,0,0,2,3,60,3232270721,94,47,80,17,29483,59861,4,0,0,43,15,2211110130,17,59861,11123,724,94,442,94.0,181.0,1.1547005383792517,-0.6666666666666665,22707.0,181.0,94.0,87.0,9919,60,1116,555.5,619.9375,-0.0874011178951948,-1.7156233935239456,205119.05859375,1096.0,60.0,1036.0,1634046396.83545,0.0054109096527099,18.974805831909176
5401,0,1,0,0,3,2,1096,2211110130,1130,64,1116,17,59861,29483,4,0,0,43,15,2211110130,17,59861,11123,1854,94,1130,94.0,370.8,1.1454034124634815,-0.3424161373246619,162261.76,442.0,94.0,348.0,11015,60,1116,627.0,647.9411764705883,-0.1994068243659388,-1.6989930777812112,205600.52595155712,1096.0,60.0,1036.0,1634046396.84076,0.00531005859375,18.980115890502926
5402,0,1,0,0,3,2,1096,2211110130,1130,64,1116,17,59861,29483,4,0,0,43,15,2211110130,17,59861,11123,2984,94,1130,268.0,497.3333333333333,0.5163876025149761,-1.5620300128950404,215271.5555555556,958.0,94.0,864.0,12111,60,1116,861.5,672.8333333333334,-0.300818370719698,-1.6591201562441131,204711.8055555556,1096.0,147.0,949.0,1634046396.84076,0.0,18.980115890502926
5403,0,1,0,0,3,2,1096,2211110130,1130,64,1116,17,59861,29483,4,0,0,43,15,2211110130,17,59861,11123,4114,94,1130,442.0,587.7142857142857,0.1446725916925694,-1.852313148279252,233530.77551020405,1130.0,94.0,1036.0,13207,60,1116,1096.0,695.1052631578947,-0.3937018909775449,-1.6022706594973493,202866.1994459834,1096.0,234.0,862.0,1634046396.84076,0.0,18.980115890502926
5404,0,1,0,0,3,2,573,2211110130,607,64,593,17,59861,29483,4,0,0,43,15,2211110130,17,59861,11123,4721,94,1130,524.5,590.125,0.1386275475168568,-1.6920070750071514,204380.109375,1130.0,94.0,1036.0,13780,60,1116,861.5,689.0,-0.3611356446433166,-1.5603717641260273,193431.1,1096.0,321.0,775.0,1634046396.841413,0.0006530284881591,18.980768918991085
5405,0,1,0,0,3,2,1096,2211110130,1130,64,1116,17,59861,29483,4,0,0,43,15,2211110130,17,59861,11123,5851,94,1130,607.0,650.1111111111111,-0.0954962895597666,-1.7433448836741432,210457.8765432099,1130.0,94.0,1036.0,1096,1096,1096,1096.0,1096.0,0.0,-3.0,0.0,1096.0,1096.0,0.0,1634046396.846519,0.005105972290039,18.985874891281124
5406,0,1,0,0,3,2,1096,2211110130,1130,64,1116,17,59861,29483,4,0,0,43,15,2211110130,17,59861,11123,6981,94,1130,868.5,698.1,-0.2866209454445459,-1.6913216997658835,210138.49,1130.0,181.0,949.0,2192,1096,1096,1096.0,1096.0,0.0,-3.0,0.0,1096.0,1096.0,0.0,1634046396.846519,0.0,18.985874891281124
5407,0,1,0,0,3,2,1096,2211110130,1130,64,1116,17,59861,29483,4,0,0,43,15,2211110130,17,59861,11123,8111,94,1130,1130.0,737.3636363636364,-0.4493835083310877,-1.5827282881770937,206451.3223140496,1130.0,268.0,862.0,3288,1096,1096,1096.0,1096.0,0.0,-3.0,0.0,1096.0,1096.0,0.0,1634046396.846519,0.0,18.985874891281124
5408,0,1,0,0,3,2,1096,2211110130,1130,64,1116,17,59861,29483,4,0,0,43,15,2211110130,17,59861,11123,9241,94,1130,1130.0,770.0833333333334,-0.592085357812196,-1.4398659540707663,201023.40972222225,1130.0,355.0,775.0,4384,1096,1096,1096.0,1096.0,0.0,-3.0,0.0,1096.0,1096.0,0.0,1634046396.847128,0.0006089210510253,18.98648381233215
5409,0,1,0,0,3,2,1096,2211110130,1130,64,1116,17,59861,29483,4,0,0,43,15,2211110130,17,59861,11123,10371,94,1130,1130.0,797.7692307692307,-0.7198491278947425,-1.2746899165643455,194758.1775147929,1130.0,442.0,688.0,5480,1096,1096,1096.0,1096.0,0.0,-3.0,0.0,1096.0,1096.0,0.0,1634046396.84806,0.000931978225708,18.987415790557858
5410,0,1,0,0,3,2,570,2211110130,604,64,590,17,59861,29483,4,0,0,43,15,2211110130,17,59861,11123,10975,94,1130,1130.0,783.9285714285714,-0.6414666493958594,-1.2783221400897058,183337.20918367343,1130.0,482.5,647.5,6050,570,1096,1096.0,1008.3333333333334,-1.7888543819998322,1.200000000000001,38427.22222222223,1096.0,1096.0,0.0,1634046396.84806,0.0,18.987415790557858
5411,0,1,0,0,3,2,416,2211110130,450,64,436,17,59861,29483,4,0,0,43,15,2211110130,17,59861,11123,11425,94,1130,1130.0,761.6666666666666,-0.5001708638357514,-1.3924204065516088,178053.02222222224,1130.0,446.0,684.0,6466,416,1096,1096.0,923.7142857142856,-1.021780455804682,-0.8548107811326657,75899.91836734695,1096.0,833.0,263.0,1634046396.86969,0.021630048751831,19.00904583930969
5412,0,1,0,0,3,2,1096,2211110130,1130,64,1116,17,59861,29483,4,0,0,43,15,2211110130,17,59861,11123,12555,94,1130,1130.0,784.6875,-0.604362826347517,-1.2850960378880247,174874.08984375,1130.0,448.0,682.0,7562,416,1096,1096.0,945.25,-1.2274261098289747,-0.3882334368611269,69658.9375,1096.0,964.5,131.5,1634046396.86969,0.0,19.00904583930969
5413,0,1,0,0,3,2,1096,2211110130,1130,64,1116,17,59861,29483,4,0,0,43,15,2211110130,17,59861,11123,13685,94,1130,1130.0,805.0,-0.7004810283842258,-1.1641056704313877,171188.9411764706,1130.0,450.0,680.0,8658,416,1096,1096.0,962.0,-1.4094172318487228,0.0967468990547129,64163.55555555556,1096.0,1096.0,0.0,1634046396.870254,0.0005640983581542,19.009609937667843
5414,0,1,0,0,3,2,1096,2211110130,1130,64,1116,17,59861,29483,4,0,0,43,15,2211110130,17,59861,11123,14815,94,1130,1130.0,823.0555555555555,-0.7899120103211791,-1.032851594231287,167220.49691358028,1130.0,488.5,641.5,9754,416,1096,1096.0,975.4,-1.5739295869379952,0.5932837197351124,59363.240000000005,1096.0,1096.0,0.0,1634046396.870254,0.0,19.009609937667843
5415,0,1,0,0,3,2,589,2211110130,623,64,609,17,59861,29483,4,0,0,43,15,2211110130,17,59861,11123,15438,94,1130,1130.0,812.5263157894736,-0.7241345753730185,-1.0519242891608989,160414.98614958444,1130.0,527.0,603.0,10343,416,1096,1096.0,940.2727272727273,-1.1074971356062733,-0.637014364269286,66305.83471074379,1096.0,842.5,253.5,1634046396.870254,0.0,19.009609937667843
5416,0,1,0,0,2,3,60,3232270721,94,47,80,17,29483,59861,4,0,0,43,15,2211110130,17,59861,11123,15532,94,1130,1130.0,776.6,-0.586345261613043,-1.296840768669855,176917.53999999998,1130.0,448.0,682.0,10403,60,1096,1096.0,866.9166666666666,-1.1401423681304197,-0.0990112350509595,119972.57638888888,1096.0,584.25,511.75,1634046396.890746,0.0204920768737792,19.030102014541622
5417,0,1,0,0,3,2,408,2211110130,442,64,428,17,59861,29483,4,0,0,43,15,2211110130,17,59861,11123,442,442,442,442.0,442.0,0.0,-3.0,0.0,442.0,442.0,0.0,10811,60,1096,1096.0,831.6153846153846,-0.8484879161539896,-0.7421333090556339,125698.08284023668,1096.0,570.0,526.0,1634046396.896498,0.0057518482208251,19.035853862762448
5418,0,1,0,0,2,3,60,3232270721,94,47,80,17,29483,59861,4,0,0,43,15,2211110130,17,59861,11123,536,94,442,268.0,268.0,0.0,-2.0,30276.0,355.0,181.0,174.0,10871,60,1096,1096.0,776.5,-0.6791596345158857,-1.1006774823185568,156209.82142857142,1096.0,454.5,641.5,1634046396.910099,0.0136010646820068,19.049454927444454
5419,0,1,0,0,2,3,52,3232270721,86,47,72,17,29483,59861,4,0,0,43,15,2211110130,17,59861,11123,622,86,442,94.0,207.33333333333331,0.7058747686471649,-1.5000000000000009,27544.88888888889,268.0,90.0,178.0,10923,52,1096,1096.0,728.2,-0.5109248416745669,-1.3772321982011335,178456.2933333333,1096.0,412.0,684.0,1634046396.910154,5.507469177246094e-05,19.049510002136227
5420,0,1,0,0,2,3,56,3232270721,90,47,76,17,29483,59861,4,0,0,43,15,2211110130,17,59861,11123,712,86,442,92.0,178.0,1.153508230493627,-0.6675843477178938,23240.0,181.0,89.0,92.0,10979,52,1096,842.5,686.1875,-0.3586772692892797,-1.561562379057204,193778.52734375,1096.0,321.0,775.0,1634046396.926701,0.0165469646453857,19.066056966781613
5421,0,1,0,0,2,3,60,3232270721,94,47,80,17,29483,59861,4,0,0,43,15,2211110130,17,59861,11123,806,86,442,94.0,161.2,1.49832171523007,0.2477800218673649,19720.96,94.0,90.0,4.0,11039,52,1096,589.0,649.3529411764706,-0.2238285432832071,-1.6752982236074483,204088.34602076127,1096.0,60.0,1036.0,1634046396.926755,5.3882598876953125e-05,19.06611084938049
5422,0,1,0,0,3,2,56,2211110130,90,64,76,17,59861,29483,4,0,0,43,15,2211110130,17,59861,11123,896,86,442,92.0,149.33333333333334,1.7870976622341248,1.1968702640011673,17138.222222222223,94.0,90.0,4.0,11095,52,1096,579.5,616.3888888888889,-0.1047821055349206,-1.738590589061794,211222.7932098765,1096.0,60.0,1036.0,1634046396.935721,0.0089659690856933,19.075076818466183
5423,0,1,0,0,3,2,1096,2211110130,1130,64,1116,17,59861,29483,4,0,0,43,15,2211110130,17,59861,11123,2026,86,1130,94.0,289.42857142857144,1.6544665235376248,1.1332160423429674,132449.95918367346,268.0,90.0,178.0,12191,52,1096,589.0,641.6315789473684,-0.2041558213690868,-1.7200111207342537,211575.2853185596,1096.0,60.0,1036.0,1634046396.935721,0.0,19.075076818466183
5424,0,1,0,0,3,2,1096,2211110130,1130,64,1116,17,59861,29483,4,0,0,43,15,2211110130,17,59861,11123,3156,86,1130,94.0,394.5,0.9654595417047274,-0.8968822080285381,193173.75,614.0,90.0,524.0,13287,52,1096,842.5,664.35,-0.2951199638878043,-1.683411845254982,210802.9275,1096.0,60.0,1036.0,1634046396.936234,0.0005130767822265,19.07558989524841
5425,0,1,0,0,3,2,1096,2211110130,1130,64,1116,17,59861,29483,4,0,0,43,15,2211110130,17,59861,11123,4286,86,1130,94.0,476.22222222222223,0.5741038445375567,-1.556605283358427,225138.17283950615,1130.0,90.0,1040.0,1096,1096,1096,1096.0,1096.0,0.0,-3.0,0.0,1096.0,1096.0,0.0,1634046396.936234,0.0,19.07558989524841
5426,0,1,0,0,3,2,1096,2211110130,1130,64,1116,17,59861,29483,4,0,0,43,15,2211110130,17,59861,11123,5416,86,1130,268.0,541.6,0.3005106908091579,-1.8196188474906567,241092.64,1130.0,91.0,1039.0,2192,1096,1096,1096.0,1096.0,0.0,-3.0,0.0,1096.0,1096.0,0.0,1634046396.936234,0.0,19.07558989524841
5427,0,1,0,0,3,2,1096,2211110130,1130,64,1116,17,59861,29483,4,0,0,43,15,2211110130,17,59861,11123,6546,86,1130,442.0,595.0909090909091,0.0887214668410563,-1.914209201719272,247787.90082644628,1130.0,92.0,1038.0,3288,1096,1096,1096.0,1096.0,0.0,-3.0,0.0,1096.0,1096.0,0.0,1634046396.936795,0.0005609989166259,19.076150894165036
5428,0,1,0,0,3,2,449,2211110130,483,64,469,17,59861,29483,4,0,0,43,15,2211110130,17,59861,11123,7029,86,1130,462.5,585.75,0.1496868975025904,-1.815780121262976,228098.6875,1130.0,93.0,1037.0,3737,449,1096,1096.0,934.25,-1.1547005383792517,-0.6666666666666665,78489.1875,1096.0,934.25,161.75,1634046396.936795,0.0,19.076150894165036
5429,0,1,0,0,3,2,408,2211110130,442,64,428,17,59861,29483,4,0,0,43,15,2211110130,17,59861,11123,7471,86,1130,442.0,574.6923076923077,0.2239018178353242,-1.7160123861277887,212019.90532544375,1130.0,94.0,1036.0,4145,408,1096,1096.0,829.0,-0.4130498484302041,-1.82288288699274,107101.6,1096.0,449.0,647.0,1634046396.936795,0.0,19.076150894165036
5430,0,1,0,0,3,2,60,2211110130,94,64,80,17,59861,29483,4,0,0,43,15,2211110130,17,59861,11123,7565,86,1130,442.0,540.3571428571429,0.3505020364283118,-1.6539362964529445,212201.3724489796,1130.0,94.0,1036.0,4205,60,1096,772.5,700.8333333333334,-0.2798356597683052,-1.563420157465944,171384.80555555553,1096.0,418.25,677.75,1634046396.949239,0.0124440193176269,19.088594913482662
5431,0,1,0,0,3,2,1096,2211110130,1130,64,1116,17,59861,29483,4,0,0,43,15,2211110130,17,59861,11123,8695,86,1130,442.0,579.6666666666666,0.1910924624073533,-1.7672244519576878,219687.9555555556,1130.0,94.0,1036.0,5301,60,1096,1096.0,757.2857142857143,-0.53956084870734,-1.377957421464213,166022.48979591837,1096.0,428.5,667.5,1634046396.949239,0.0,19.088594913482662
5432,0,1,0,0,2,3,60,3232270721,94,47,80,17,29483,59861,4,0,0,43,15,2211110130,17,59861,11123,8789,86,1130,442.0,549.3125,0.304064961442379,-1.7196529967971914,219778.08984375,1130.0,94.0,1036.0,5361,60,1096,772.5,670.125,-0.2461720638847902,-1.6801175162017188,198448.609375,1096.0,321.0,775.0,1634046396.960716,0.011476993560791,19.100071907043453
5433,0,1,0,0,3,2,1116,2211110130,1150,64,1136,17,59861,29483,4,0,0,43,15,2211110130,17,59861,11123,9939,86,1150,442.0,584.6470588235294,0.1679819285070286,-1.802748379649683,226826.4636678201,1130.0,94.0,1036.0,6477,60,1116,1096.0,719.6666666666666,-0.4464818946206297,-1.558858153263331,196033.7777777778,1096.0,408.0,688.0,1634046396.961649,0.0009329319000244,19.101004838943478
5434,0,1,0,0,3,2,1096,2211110130,1130,64,1116,17,59861,29483,4,0,0,43,15,2211110130,17,59861,11123,11069,86,1150,462.5,614.9444444444445,0.0474848854515957,-1.8415747233729465,229829.8302469136,1130.0,94.0,1036.0,7573,60,1116,1096.0,757.3,-0.6193227388158038,-1.3818246747300926,189176.81,1096.0,418.25,677.75,1634046396.961649,0.0,19.101004838943478
5435,0,1,0,0,3,2,1096,2211110130,1130,64,1116,17,59861,29483,4,0,0,43,15,2211110130,17,59861,11123,12199,86,1150,483.0,642.0526315789474,-0.0599552063281073,-1.8494038444621808,230960.89196675905,1130.0,94.0,1036.0,8669,60,1116,1096.0,788.0909090909091,-0.7708442628268184,-1.1733165804702173,181459.71900826445,1096.0,428.5,667.5,1634046396.962174,0.0005249977111816,19.10152983665466
5436,0,1,0,0,3,2,450,2211110130,484,64,470,17,59861,29483,4,0,0,43,15,2211110130,17,59861,11123,12683,86,1150,483.5,634.15,-0.0124409840616313,-1.8037352585383968,220599.42750000005,1130.0,94.0,1036.0,9119,60,1116,1096.0,759.9166666666666,-0.5872959781207422,-1.3509602327463768,175069.7430555556,1096.0,438.75,657.25,1634046396.962174,0.0,19.10152983665466
5437,0,1,0,0,3,2,408,2211110130,442,64,428,17,59861,29483,4,0,0,43,15,2211110130,17,59861,11123,442,442,442,442.0,442.0,0.0,-3.0,0.0,442.0,442.0,0.0,9527,60,1116,1096.0,732.8461538461538,-0.4152169138679677,-1.4872781468587468,170396.5917159763,1096.0,408.0,688.0,1634046396.980333,0.0181591510772705,19.11968898773193
5438,0,1,0,0,3,2,1096,2211110130,1130,64,1116,17,59861,29483,4,0,0,43,15,2211110130,17,59861,11123,1572,442,1130,786.0,786.0,0.0,-2.0,118336.0,958.0,614.0,344.0,10623,60,1116,1096.0,758.7857142857143,-0.5380368585181936,-1.3801454314116146,166972.59693877553,1096.0,418.25,677.75,1634046396.993291,0.0129578113555908,19.13264679908752
5439,0,1,0,0,3,2,1096,2211110130,1130,64,1116,17,59861,29483,4,0,0,43,15,2211110130,17,59861,11123,2702,442,1130,1130.0,900.6666666666666,-0.7071067811865471,-1.5000000000000009,105187.55555555556,1130.0,786.0,344.0,11719,60,1116,1096.0,781.2666666666667,-0.6494251997429485,-1.2533787636125573,162916.59555555557,1096.0,428.5,667.5,1634046396.993291,0.0,19.13264679908752
5440,0,1,0,0,3,2,1096,2211110130,1130,64,1116,17,59861,29483,4,0,0,43,15,2211110130,17,59861,11123,3832,442,1130,1130.0,958.0,-1.1547005383792517,-0.6666666666666665,88752.0,1130.0,958.0,172.0,12815,60,1116,1096.0,800.9375,-0.7516921359790343,-1.1125608639588398,158538.43359375,1096.0,438.75,657.25,1634046396.995069,0.0017781257629394,19.13442492485046
5441,0,1,0,0,3,2,1096,2211110130,1130,64,1116,17,59861,29483,4,0,0,43,15,2211110130,17,59861,11123,4962,442,1130,1130.0,992.4,-1.5,0.2499999999999982,75735.04000000001,1130.0,1130.0,0.0,13911,60,1116,1096.0,818.2941176470588,-0.8465058947715668,-0.9613419138100374,154032.67820069203,1096.0,449.0,647.0,1634046396.995952,0.000882863998413,19.135307788848873
5442,0,1,0,0,3,2,260,2211110130,294,64,280,17,59861,29483,4,0,0,43,15,2211110130,17,59861,11123,5256,294,1130,1130.0,876.0,-0.7511298428089257,-1.375918014550261,130857.33333333331,1130.0,614.0,516.0,14171,60,1116,1096.0,787.2777777777778,-0.6591408115226555,-1.288552655944937,161829.53395061727,1096.0,418.25,677.75,1634046396.995952,0.0,19.135307788848873
5443,0,1,0,0,2,3,60,3232270721,94,47,80,17,29483,59861,4,0,0,43,15,2211110130,17,59861,11123,5350,94,1130,1130.0,764.2857142857143,-0.429103772456181,-1.6397916836734174,187043.91836734692,1130.0,368.0,762.0,14231,60,1116,1096.0,749.0,-0.5278965775730153,-1.4684709106742906,179685.57894736843,1096.0,408.0,688.0,1634046396.996183,0.0002310276031494,19.135538816452023
5444,0,1,0,0,3,2,12,1054003247,46,64,32,17,59861,10001,4,0,0,43,15,2211110130,17,59861,11123,5396,46,1130,786.0,674.5,-0.1616265995099547,-1.7983745837349032,220093.75,1130.0,244.0,886.0,14243,12,1116,1096.0,712.15,-0.418346092016097,-1.5819957260950113,196501.8275,1096.0,371.0,725.0,1634046397.013912,0.0177290439605712,19.153267860412594
5445,0,1,0,0,3,2,12,2342665647,46,64,32,17,59861,10001,4,0,0,43,15,2211110130,17,59861,11123,5442,46,1130,442.0,604.6666666666666,0.0622933969162425,-1.834654409360347,234652.44444444444,1130.0,94.0,1036.0,12,12,12,12.0,12.0,0.0,-3.0,0.0,12.0,12.0,0.0,1634046397.013912,0.0,19.153267860412594
5446,0,1,0,0,3,2,12,3338606794,46,64,32,17,59861,10001,4,0,0,43,15,2211110130,17,59861,11123,5488,46,1130,368.0,548.8,0.2495921136033242,-1.7856067608902757,239276.96,1130.0,58.0,1072.0,24,12,12,12.0,12.0,0.0,-3.0,0.0,12.0,12.0,0.0,1634046397.013912,0.0,19.153267860412594
5447,0,1,0,0,3,2,1096,2211110130,1130,64,1116,17,59861,29483,4,0,0,43,15,2211110130,17,59861,11123,6618,46,1130,442.0,601.6363636363636,0.0440245353791605,-1.8657266864096864,245441.3223140496,1130.0,70.0,1060.0,1120,12,1096,12.0,373.3333333333333,0.7071067811865478,-1.4999999999999996,261123.5555555556,554.0,12.0,542.0,1634046397.014552,0.0006401538848876,19.153908014297482
5448,0,1,0,0,3,2,1096,2211110130,1130,64,1116,17,59861,29483,4,0,0,43,15,2211110130,17,59861,11123,7748,46,1130,786.0,645.6666666666666,-0.126157232629664,-1.8630674665157785,246313.22222222225,1130.0,82.0,1048.0,2216,12,1096,554.0,554.0,0.0,-2.0,293764.0,1096.0,12.0,1084.0,1634046397.014552,0.0,19.153908014297482
5449,0,1,0,0,3,2,1096,2211110130,1130,64,1116,17,59861,29483,4,0,0,43,15,2211110130,17,59861,11123,8878,46,1130,1130.0,682.9230769230769,-0.2722840306702775,-1.8116624336387528,244022.53254437863,1130.0,94.0,1036.0,3312,12,1096,1096.0,662.4,-0.4082482904638628,-1.8333333333333333,282013.44,1096.0,12.0,1084.0,1634046397.014552,0.0,19.153908014297482
5450,0,1,0,0,3,2,1096,2211110130,1130,64,1116,17,59861,29483,4,0,0,43,15,2211110130,17,59861,11123,10008,46,1130,1130.0,714.8571428571429,-0.4010172928360301,-1.7291427620769997,239849.5510204082,1130.0,144.0,986.0,4408,12,1096,1096.0,734.6666666666666,-0.7071067811865475,-1.4999999999999996,261123.55555555556,1096.0,283.0,813.0,1634046397.014552,0.0,19.153908014297482
5451,0,1,0,0,3,2,1096,2211110130,1130,64,1116,17,59861,29483,4,0,0,43,15,2211110130,17,59861,11123,11138,46,1130,1130.0,742.5333333333333,-0.5165894210914141,-1.625553619799091,234583.18222222212,1130.0,194.0,936.0,5504,12,1096,1096.0,786.2857142857143,-0.9486832980505144,-1.099999999999998,239807.34693877544,1096.0,554.0,542.0,1634046397.015082,0.0005297660827636,19.154437780380245
5452,0,1,0,0,3,2,769,2211110130,803,64,789,17,59861,29483,4,0,0,43,15,2211110130,17,59861,11123,11941,46,1130,1130.0,746.3125,-0.5567835258254503,-1.5192090680398709,220135.96484375,1130.0,244.0,886.0,6273,12,1096,1096.0,784.125,-0.9998050520892348,-0.8482435737032907,209864.109375,1096.0,579.75,516.25,1634046397.015082,0.0,19.154437780380245
5453,0,1,0,0,2,3,60,3232270721,94,47,80,17,29483,59861,4,0,0,43,15,2211110130,17,59861,11123,12035,46,1130,1130.0,707.9411764705883,-0.3954662012024799,-1.696167947054828,230744.5259515571,1130.0,94.0,1036.0,6333,12,1096,1096.0,703.6666666666666,-0.5980209334220145,-1.5371091103962606,238334.22222222225,1096.0,60.0,1036.0,1634046397.030811,0.0157291889190673,19.170166969299313
5454,0,1,0,0,3,2,408,2211110130,442,64,428,17,59861,29483,4,0,0,43,15,2211110130,17,59861,11123,12477,46,1130,966.5,693.1666666666666,-0.3125891931722918,-1.7048064488829595,221636.25,1130.0,144.0,986.0,6741,12,1096,932.5,674.1,-0.4335153238353146,-1.6044243191081122,222368.49,1096.0,147.0,949.0,1634046397.0357,0.0048890113830566,19.17505598068237
5455,0,1,0,0,2,3,60,3232270721,94,47,80,17,29483,59861,4,0,0,43,15,2211110130,17,59861,11123,12571,46,1130,803.0,661.6315789473684,-0.1896696791384264,-1.7848951416828032,227871.49584487535,1130.0,94.0,1036.0,6801,12,1096,769.0,618.2727272727273,-0.2052198388840978,-1.7853031320023214,233320.0165289256,1096.0,60.0,1036.0,1634046397.049242,0.0135419368743896,19.18859791755676
5456,0,1,0,0,3,2,1096,2211110130,1130,64,1116,17,59861,29483,4,0,0,43,15,2211110130,17,59861,11123,13701,46,1130,966.5,685.05,-0.281424197603013,-1.7481513647515263,226897.9475,1130.0,94.0,1036.0,7897,12,1096,932.5,658.0833333333334,-0.35779767881709,-1.708662631857573,231310.40972222225,1096.0,60.0,1036.0,1634046397.050031,0.000788927078247,19.189386844635006
5457,0,1,0,0,3,2,1096,2211110130,1130,64,1116,17,59861,29483,4,0,0,43,15,2211110130,17,59861,11123,1130,1130,1130,1130.0,1130.0,0.0,-3.0,0.0,1130.0,1130.0,0.0,8993,12,1096,1096.0,691.7692307692307,-0.4921466011271072,-1.5997818296662605,227134.17751479291,1096.0,60.0,1036.0,1634046397.050031,0.0,19.189386844635006
5458,0,1,0,0,3,2,1096,2211110130,1130,64,1116,17,59861,29483,4,0,0,43,15,2211110130,17,59861,11123,2260,1130,1130,1130.0,1130.0,0.0,-3.0,0.0,1130.0,1130.0,0.0,10089,12,1096,1096.0,720.6428571428571,-0.6127385183709902,-1.4693747409928375,221748.22959183663,1096.0,147.0,949.0,1634046397.050031,0.0,19.189386844635006
5459,0,1,0,0,3,2,1096,2211110130,1130,64,1116,17,59861,29483,4,0,0,43,15,2211110130,17,59861,11123,3390,1130,1130,1130.0,1130.0,0.0,-3.0,0.0,1130.0,1130.0,0.0,11185,12,1096,1096.0,745.6666666666666,-0.7225780857347694,-1.32389172070578,215731.6888888889,1096.0,234.0,862.0,1634046397.050573,0.0005421638488769,19.189929008483883
5460,0,1,0,0,3,2,970,2211110130,1004,64,990,17,59861,29483,4,0,0,43,15,2211110130,17,59861,11123,4394,1004,1130,1130.0,1098.5,-1.1547005383792517,-0.6666666666666665,2976.75,1130.0,1098.5,31.5,12155,12,1096,1096.0,759.6875,-0.8155414340698772,-1.164185308062574,205197.21484375,1096.0,321.0,775.0,1634046397.050573,0.0,19.189929008483883
5461,0,1,0,0,3,2,60,2211110130,94,64,80,17,59861,29483,4,0,0,43,15,2211110130,17,59861,11123,4488,94,1130,1130.0,897.6,-1.4480297550608008,0.173812556210704,163824.64,1130.0,1004.0,126.0,12215,12,1096,1096.0,718.5294117647059,-0.621507520445361,-1.4735786996542757,220230.60207612457,1096.0,60.0,1036.0,1634046397.058575,0.0080018043518066,19.19793081283569
5462,0,1,0,0,3,2,408,2211110130,442,64,428,17,59861,29483,4,0,0,43,15,2211110130,17,59861,11123,4930,94,1130,1067.0,821.6666666666666,-0.8577304007243426,-0.992196719718318,165349.88888888888,1130.0,582.5,547.5,12623,12,1096,1033.0,701.2777777777778,-0.5216190584446952,-1.534625310483378,213055.08950617284,1096.0,147.0,949.0,1634046397.058575,0.0,19.19793081283569
5463,0,1,0,0,3,2,52,2211110130,86,64,72,17,59861,29483,4,0,0,43,15,2211110130,17,59861,11123,5016,86,1130,1004.0,716.5714285714286,-0.4171400085164496,-1.6511690130656624,207998.5306122449,1130.0,268.0,862.0,12675,12,1096,970.0,667.1052631578947,-0.3812969450352636,-1.6847819693410335,222861.35734072025,1096.0,60.0,1036.0,1634046397.067168,0.0085930824279785,19.20652389526367
5464,0,1,0,0,2,3,60,3232270721,94,47,80,17,29483,59861,4,0,0,43,15,2211110130,17,59861,11123,5110,86,1130,723.0,638.75,-0.1122226371311803,-1.8493796012117587,224391.9375,1130.0,94.0,1036.0,12735,12,1096,869.5,636.75,-0.2587361918182069,-1.779442693765283,229225.6875,1096.0,60.0,1036.0,1634046397.069561,0.0023930072784423,19.20891690254211
5465,0,1,0,0,3,2,1096,2211110130,1130,64,1116,17,59861,29483,4,0,0,43,15,2211110130,17,59861,11123,6240,86,1130,1004.0,693.3333333333334,-0.3237239188166235,-1.7680242105753967,223294.22222222225,1130.0,94.0,1036.0,1096,1096,1096,1096.0,1096.0,0.0,-3.0,0.0,1096.0,1096.0,0.0,1634046397.078506,0.0089449882507324,19.217861890792843
5466,0,1,0,0,3,2,1096,2211110130,1130,64,1116,17,59861,29483,4,0,0,43,15,2211110130,17,59861,11123,7370,86,1130,1067.0,737.0,-0.5013439036449235,-1.626668828490964,218125.8,1130.0,181.0,949.0,2192,1096,1096,1096.0,1096.0,0.0,-3.0,0.0,1096.0,1096.0,0.0,1634046397.078506,0.0,19.217861890792843
5467,0,1,0,0,3,2,1096,2211110130,1130,64,1116,17,59861,29483,4,0,0,43,15,2211110130,17,59861,11123,8500,86,1130,1130.0,772.7272727272727,-0.6557065196958396,-1.4502041143760978,211060.56198347107,1130.0,268.0,862.0,3288,1096,1096,1096.0,1096.0,0.0,-3.0,0.0,1096.0,1096.0,0.0,1634046397.078506,0.0,19.217861890792843
5468,0,1,0,0,3,2,1116,2211110130,1150,64,1136,17,59861,29483,4,0,0,43,15,2211110130,17,59861,11123,9650,86,1150,1130.0,804.1666666666666,-0.7914766282760424,-1.2528720741243582,204344.97222222225,1130.0,355.0,775.0,4404,1096,1116,1096.0,1101.0,1.1547005383792517,-0.6666666666666665,75.0,1101.0,1096.0,5.0,1634046397.084115,0.0056090354919433,19.223470926284786
5469,0,1,0,0,3,2,1096,2211110130,1130,64,1116,17,59861,29483,4,0,0,43,15,2211110130,17,59861,11123,10780,86,1150,1130.0,829.2307692307693,-0.916091639744215,-1.0392812389533008,196164.6390532544,1130.0,442.0,688.0,5500,1096,1116,1096.0,1100.0,1.5,0.25,64.0,1096.0,1096.0,0.0,1634046397.084115,0.0,19.223470926284786
5470,0,1,0,0,3,2,837,2211110130,871,64,857,17,59861,29483,4,0,0,43,15,2211110130,17,59861,11123,11651,86,1150,1130.0,832.2142857142857,-0.9706664246072584,-0.8642901844330395,182268.5969387756,1130.0,549.25,580.75,6337,837,1116,1096.0,1056.1666666666667,-1.7659997799032223,1.1616618179760776,9660.138888888889,1096.0,1096.0,0.0,1634046397.084115,0.0,19.223470926284786
5471,0,1,0,0,3,2,408,2211110130,442,64,428,17,59861,29483,4,0,0,43,15,2211110130,17,59861,11123,12093,86,1150,1130.0,806.2,-0.793942784095661,-1.116454046522574,179591.76000000004,1130.0,442.0,688.0,6745,408,1116,1096.0,963.5714285714286,-1.5726928380937406,0.8968588749965019,59723.387755102034,1096.0,966.5,129.5,1634046397.093576,0.0094609260559082,19.232931852340695
5472,0,1,0,0,2,3,60,3232270721,94,47,80,17,29483,59861,4,0,0,43,15,2211110130,17,59861,11123,12187,86,1150,1067.0,761.6875,-0.5976023345165604,-1.4379236578500705,198087.71484375,1130.0,355.0,775.0,6805,60,1116,1096.0,850.625,-1.1808943515950856,-0.2017257807706589,141556.234375,1096.0,729.75,366.25,1634046397.101735,0.0081591606140136,19.24109101295471
5473,0,1,0,0,3,2,1096,2211110130,1130,64,1116,17,59861,29483,4,0,0,43,15,2211110130,17,59861,11123,13317,86,1150,1130.0,783.3529411764706,-0.6938594550431709,-1.3155542218774738,193945.75778546717,1130.0,442.0,688.0,7901,60,1116,1096.0,877.8888888888889,-1.3601315997217536,0.2682788725623455,131774.3209876543,1096.0,837.0,259.0,1634046397.107508,0.0057728290557861,19.246863842010494
5474,0,1,0,0,3,2,1096,2211110130,1130,64,1116,17,59861,29483,4,0,0,43,15,2211110130,17,59861,11123,14447,86,1150,1130.0,802.6111111111111,-0.7833921910303476,-1.1839575003995826,189475.90432098767,1130.0,442.0,688.0,8997,60,1116,1096.0,899.7,-1.5222442273570034,0.7533759160958651,122878.41,1096.0,901.75,194.25,1634046397.107508,0.0,19.246863842010494
5475,0,1,0,0,3,2,1096,2211110130,1130,64,1116,17,59861,29483,4,0,0,43,15,2211110130,17,59861,11123,15577,86,1150,1130.0,819.8421052631579,-0.8672659265711992,-1.0452206107033246,184847.8171745152,1130.0,442.0,688.0,10093,60,1116,1096.0,917.5454545454544,-1.6710579160235326,1.2485040245868009,114892.24793388433,1096.0,966.5,129.5,1634046397.108665,0.0011570453643798,19.248020887374874
5476,0,1,0,0,3,2,1096,2211110130,1130,64,1116,17,59861,29483,4,0,0,43,15,2211110130,17,59861,11123,16707,86,1150,1130.0,835.35,-0.9463090262720624,-0.9008472433086848,180174.8275,1130.0,442.0,688.0,11189,60,1116,1096.0,932.4166666666666,-1.8092056652310484,1.7506350103454862,107750.57638888892,1096.0,1031.25,64.75,1634046397.108665,0.0,19.248020887374874
5477,0,1,0,0,3,2,886,2211110130,920,64,906,17,59861,29483,4,0,0,43,15,2211110130,17,59861,11123,920,920,920,920.0,920.0,0.0,-3.0,0.0,920.0,920.0,0.0,12075,60,1116,1096.0,928.8461538461538,-1.8450497278885616,2.046503737762957,99615.05325443788,1096.0,886.0,210.0,1634046397.108665,0.0,19.248020887374874
5478,0,1,0,0,2,3,60,3232270721,94,47,80,17,29483,59861,4,0,0,43,15,2211110130,17,59861,11123,1014,94,920,507.0,507.0,0.0,-2.0,170569.0,713.5,300.5,413.0,12135,60,1116,1096.0,866.7857142857143,-1.3733869199734814,0.2245690226296202,142569.16836734698,1096.0,849.25,246.75,1634046397.116482,0.0078170299530029,19.255837917327877
5479,0,1,0,0,2,3,52,3232270721,86,47,72,17,29483,59861,4,0,0,43,15,2211110130,17,59861,11123,1100,86,920,94.0,366.6666666666667,0.7068850944543108,-1.5000000000000004,153099.55555555553,507.0,90.0,417.0,12187,52,1116,1096.0,812.4666666666667,-1.0504618768897067,-0.6701686767317874,174372.38222222222,1096.0,622.5,473.5,1634046397.116537,5.507469177246094e-05,19.25589299201965
5480,0,1,0,0,2,3,56,3232270721,90,47,76,17,29483,59861,4,0,0,43,15,2211110130,17,59861,11123,1190,86,920,92.0,297.5,1.1544860092994438,-0.6668318061154803,129176.75,300.5,89.0,211.5,12243,52,1116,1096.0,765.1875,-0.8087218089627398,-1.174247922723511,197003.90234375,1096.0,321.0,775.0,1634046397.135884,0.0193469524383544,19.275239944458004
5481,0,1,0,0,2,3,60,3232270721,94,47,80,17,29483,59861,4,0,0,43,15,2211110130,17,59861,11123,1284,86,920,94.0,256.8,1.499699524479022,0.2496006952444482,109967.36000000002,94.0,90.0,4.0,12303,52,1116,1096.0,723.7058823529412,-0.6168107708020554,-1.4788553130080286,212947.03114186853,1096.0,60.0,1036.0,1634046397.135919,3.504753112792969e-05,19.275274991989132
5482,0,1,0,0,3,2,56,2211110130,90,64,76,17,59861,29483,4,0,0,43,15,2211110130,17,59861,11123,1374,86,920,92.0,229.0,1.7885394535486083,1.1994375870271217,95503.66666666669,94.0,90.0,4.0,12359,52,1116,991.0,686.6111111111111,-0.4582481256042227,-1.6687580733352414,224509.0154320988,1096.0,60.0,1036.0,1634046397.138272,0.0023529529571533,19.277627944946286
5483,0,1,0,0,3,2,408,2211110130,442,64,428,17,59861,29483,4,0,0,43,15,2211110130,17,59861,11123,1816,86,920,94.0,259.42857142857144,1.4942172817252264,0.6561068430949724,87415.67346938774,268.0,90.0,178.0,12767,52,1116,886.0,671.9473684210526,-0.3749725470978875,-1.6910377424994798,216563.2077562327,1096.0,60.0,1036.0,1634046397.138272,0.0,19.277627944946286
5484,0,1,0,0,3,2,1096,2211110130,1130,64,1116,17,59861,29483,4,0,0,43,15,2211110130,17,59861,11123,2946,86,1130,94.0,368.25,0.9892260380734944,-0.7411182001350753,159383.4375,561.5,90.0,471.5,13863,52,1116,991.0,693.15,-0.4610105560727421,-1.6227189038926113,214276.5275,1096.0,60.0,1036.0,1634046397.146897,0.0086250305175781,19.286252975463864
5485,0,1,0,0,3,2,1096,2211110130,1130,64,1116,17,59861,29483,4,0,0,43,15,2211110130,17,59861,11123,4076,86,1130,94.0,452.8888888888889,0.6076028525098602,-1.4453652902701597,198984.09876543208,920.0,90.0,830.0,1096,1096,1096,1096.0,1096.0,0.0,-3.0,0.0,1096.0,1096.0,0.0,1634046397.146897,0.0,19.286252975463864
5486,0,1,0,0,3,2,1096,2211110130,1130,64,1116,17,59861,29483,4,0,0,43,15,2211110130,17,59861,11123,5206,86,1130,268.0,520.6,0.3336638431934429,-1.7438621940859298,220348.84,1077.5,91.0,986.5,2192,1096,1096,1096.0,1096.0,0.0,-3.0,0.0,1096.0,1096.0,0.0,1634046397.146897,0.0,19.286252975463864
5487,0,1,0,0,3,2,518,2211110130,552,64,538,17,59861,29483,4,0,0,43,15,2211110130,17,59861,11123,5758,86,1130,442.0,523.4545454545455,0.3306374671494526,-1.6280470037268204,200398.61157024797,1025.0,92.0,933.0,2710,518,1096,1096.0,903.3333333333334,-0.707106781186548,-1.4999999999999996,74240.88888888889,1096.0,807.0,289.0,1634046397.146897,0.0,19.286252975463864
5488,0,1,0,0,2,3,60,3232270721,94,47,80,17,29483,59861,4,0,0,43,15,2211110130,17,59861,11123,5852,86,1130,268.0,487.6666666666667,0.4760026474463587,-1.5221677605100394,197787.22222222225,972.5,93.0,879.5,2770,60,1096,807.0,692.5,-0.3861892532593042,-1.5028852926837384,189032.75,1096.0,403.5,692.5,1634046397.151459,0.0045619010925292,19.290814876556393
5489,0,1,0,0,2,3,60,3232270721,94,47,80,17,29483,59861,4,0,0,43,15,2211110130,17,59861,11123,5946,86,1130,94.0,457.38461538461536,0.6055055254789151,-1.3883030711097315,193576.85207100588,920.0,94.0,826.0,2830,60,1096,518.0,566.0,0.0771818423719956,-1.7526546569812542,215235.2,1096.0,60.0,1036.0,1634046397.169519,0.0180599689483642,19.308874845504757
5490,0,1,0,0,3,2,1096,2211110130,1130,64,1116,17,59861,29483,4,0,0,43,15,2211110130,17,59861,11123,7076,86,1130,268.0,505.4285714285714,0.4088673430811492,-1.6308289985818434,209756.81632653065,1077.5,94.0,983.5,3926,60,1096,807.0,654.3333333333334,-0.2677506555202864,-1.7276843285341172,218376.5555555556,1096.0,174.5,921.5,1634046397.171232,0.0017130374908447,19.310587882995602
5491,0,1,0,0,3,2,1096,2211110130,1130,64,1116,17,59861,29483,4,0,0,43,15,2211110130,17,59861,11123,8206,86,1130,442.0,547.0666666666667,0.2455282461493722,-1.7638096107438566,220045.26222222223,1130.0,94.0,1036.0,5022,60,1096,1096.0,717.4285714285714,-0.5291998684411936,-1.533375088405832,211065.95918367343,1096.0,289.0,807.0,1634046397.171232,0.0,19.310587882995602
5492,0,1,0,0,3,2,1096,2211110130,1130,64,1116,17,59861,29483,4,0,0,43,15,2211110130,17,59861,11123,9336,86,1130,497.0,583.5,0.1056640020509908,-1.8298873067969872,226203.25,1130.0,94.0,1036.0,6118,60,1096,1096.0,764.75,-0.7433811833613058,-1.2647357414248837,200357.9375,1096.0,403.5,692.5,1634046397.171737,0.0005049705505371,19.31109285354614
5493,0,1,0,0,3,2,1096,2211110130,1130,64,1116,17,59861,29483,4,0,0,43,15,2211110130,17,59861,11123,10466,86,1130,552.0,615.6470588235294,-0.0169226861560938,-1.852320866225024,229432.1107266436,1130.0,94.0,1036.0,7214,60,1096,1096.0,801.5555555555555,-0.9270742808087364,-0.9569490095215452,188933.13580246916,1096.0,518.0,578.0,1634046397.171737,0.0,19.31109285354614
5494,0,1,0,0,3,2,296,2211110130,330,64,316,17,59861,29483,4,0,0,43,15,2211110130,17,59861,11123,10796,86,1130,497.0,599.7777777777778,0.0719407419686144,-1.8209917497445585,220967.06172839503,1130.0,94.0,1036.0,7510,60,1096,1096.0,751.0,-0.613493169989227,-1.4253923330657738,193042.6,1096.0,351.5,744.5,1634046397.171737,0.0,19.31109285354614
5495,0,1,0,0,3,2,60,2211110130,94,64,80,17,59861,29483,4,0,0,43,15,2211110130,17,59861,11123,10890,86,1130,442.0,573.1578947368421,0.1722130393002286,-1.804752282044679,222092.34349030472,1130.0,94.0,1036.0,7570,60,1096,1096.0,688.1818181818181,-0.3666607879811364,-1.7061392446190145,214954.51239669425,1096.0,178.0,918.0,1634046397.172986,0.001249074935913,19.312341928482052
5496,0,1,0,0,3,2,408,2211110130,442,64,428,17,59861,29483,4,0,0,43,15,2211110130,17,59861,11123,11332,86,1130,442.0,566.6,0.2172591632939891,-1.7400386060575503,211804.84000000003,1130.0,94.0,1036.0,7978,60,1096,807.0,664.8333333333334,-0.2305694650251116,-1.7221089175237445,203038.30555555556,1096.0,237.0,859.0,1634046397.172986,0.0,19.312341928482052
5497,0,1,0,0,2,3,60,3232270721,94,47,80,17,29483,59861,4,0,0,43,15,2211110130,17,59861,11123,94,94,94,94.0,94.0,0.0,-3.0,0.0,94.0,94.0,0.0,8038,60,1096,518.0,618.3076923076923,-0.0670150238705343,-1.794034912279855,213395.59763313612,1096.0,60.0,1036.0,1634046397.189052,0.0160660743713378,19.32840800285339
5498,0,1,0,0,2,3,60,3232270721,94,47,80,17,29483,59861,4,0,0,43,15,2211110130,17,59861,11123,188,94,94,94.0,94.0,0.0,-3.0,0.0,94.0,94.0,0.0,8098,60,1096,463.0,578.4285714285714,0.0750101588873779,-1.8082282077733045,218827.5306122449,1096.0,60.0,1036.0,1634046397.203905,0.0148530006408691,19.34326100349426
5499,0,1,0,0,2,3,60,3232270721,94,47,80,17,29483,59861,4,0,0,43,15,2211110130,17,59861,11123,282,94,94,94.0,94.0,0.0,-3.0,0.0,94.0,94.0,0.0,8158,60,1096,408.0,543.8666666666667,0.2005385263559824,-1.7839216228145498,220962.38222222228,1096.0,60.0,1036.0,1634046397.221501,0.0175960063934326,19.36085700988769
5500,0,1,0,0,2,3,52,3232270721,86,48,72,17,10001,59861,4,0,0,43,15,2211110130,17,59861,11123,368,86,94,94.0,92.0,-1.1547005383792517,-0.6666666666666665,12.0,94.0,92.0,2.0,8210,52,1096,352.0,513.125,0.3124239630795712,-1.7329880456090017,221327.984375,1096.0,60.0,1036.0,1634046397.226396,0.0048949718475341,19.365751981735226
5501,0,1,0,0,3,2,1096,2211110130,1130,64,1116,17,59861,29483,4,0,0,43,15,2211110130,17,59861,11123,1498,86,1130,94.0,299.6,1.49979065169744,0.249722666084375,172400.63999999998,94.0,94.0,0.0,9306,52,1096,408.0,547.4117647058823,0.1742879735375791,-1.8171556042391648,227118.0069204152,1096.0,60.0,1036.0,1634046397.232003,0.0056068897247314,19.371358871459957
5502,0,1,0,0,3,2,1096,2211110130,1130,64,1116,17,59861,29483,4,0,0,43,15,2211110130,17,59861,11123,2628,86,1130,94.0,438.0,0.7070001954623323,-1.4999992252777363,239440.0,871.0,94.0,777.0,10402,52,1096,463.0,577.8888888888889,0.0534269179713108,-1.8563522681250275,230290.87654320983,1096.0,60.0,1036.0,1634046397.232003,0.0,19.371358871459957
5503,0,1,0,0,3,2,1096,2211110130,1130,64,1116,17,59861,29483,4,0,0,43,15,2211110130,17,59861,11123,3758,86,1130,94.0,536.8571428571429,0.2885961650265221,-1.9166053294834795,263870.693877551,1130.0,94.0,1036.0,11498,52,1096,518.0,605.1578947368421,-0.0542914157307624,-1.8645800898543303,231555.08033241,1096.0,60.0,1036.0,1634046397.23394,0.001936912536621,19.37329578399658
5504,0,1,0,0,3,2,1096,2211110130,1130,64,1116,17,59861,29483,4,0,0,43,15,2211110130,17,59861,11123,4888,86,1130,612.0,611.0,-6.699425612061041e-05,-1.999910215718966,269367.0,1130.0,94.0,1036.0,12594,52,1096,807.0,629.7,-0.1516919418513506,-1.850580007745992,231421.31,1096.0,60.0,1036.0,1634046397.23394,0.0,19.37329578399658
5505,0,1,0,0,3,2,1096,2211110130,1130,64,1116,17,59861,29483,4,0,0,43,15,2211110130,17,59861,11123,6018,86,1130,1130.0,668.6666666666666,-0.2236674684218594,-1.949891051186868,266040.8888888889,1130.0,94.0,1036.0,1096,1096,1096,1096.0,1096.0,0.0,-3.0,0.0,1096.0,1096.0,0.0,1634046397.23394,0.0,19.37329578399658
5506,0,1,0,0,3,2,555,2211110130,589,64,575,17,59861,29483,4,0,0,43,15,2211110130,17,59861,11123,6607,86,1130,859.5,660.7,-0.1865659076669789,-1.8524117290938136,240008.01,1130.0,94.0,1036.0,1651,555,1096,825.5,825.5,0.0,-2.0,73170.25,960.75,690.25,270.5,1634046397.234464,0.0005240440368652,19.373819828033444
5507,0,1,0,0,3,2,1116,2211110130,1150,64,1136,17,59861,29483,4,0,0,43,15,2211110130,17,59861,11123,7757,86,1150,1130.0,705.1818181818181,-0.354356779935302,-1.7675383104214857,237975.4214876033,1130.0,94.0,1036.0,2767,555,1116,1096.0,922.3333333333334,-0.7039669382041044,-1.5,67533.55555555556,1106.0,825.5,280.5,1634046397.234464,0.0,19.373819828033444
5508,0,1,0,0,3,2,408,2211110130,442,64,428,17,59861,29483,4,0,0,43,15,2211110130,17,59861,11123,8199,86,1150,859.5,683.25,-0.2321345915461994,-1.766414617174258,223435.1875,1130.0,94.0,1036.0,3175,408,1116,825.5,793.75,-0.0782383383875929,-1.8925437213224303,100251.1875,1101.0,518.25,582.75,1634046397.234464,0.0,19.373819828033444
5509,0,1,0,0,3,2,1104,2211110130,1138,64,1124,17,59861,29483,4,0,0,43,15,2211110130,17,59861,11123,9337,86,1150,1130.0,718.2307692307693,-0.3719474950855602,-1.690496239948266,220931.71597633132,1130.0,94.0,1036.0,4279,408,1116,1096.0,855.8,-0.4752868823456376,-1.684757490250339,95601.76,1104.0,555.0,549.0,1634046397.27555,0.0410859584808349,19.41490578651428
5510,0,1,0,0,3,2,1096,2211110130,1130,64,1116,17,59861,29483,4,0,0,43,15,2211110130,17,59861,11123,10467,86,1150,1130.0,747.6428571428571,-0.4966860819420804,-1.5870681549086656,216396.8010204081,1130.0,181.0,949.0,5375,408,1116,1096.0,895.8333333333334,-0.7700332345195781,-1.3184247829057756,87681.4722222222,1102.0,690.25,411.75,1634046397.276046,0.0004961490631103,19.41540193557739
5511,0,1,0,0,3,2,1096,2211110130,1130,64,1116,17,59861,29483,4,0,0,43,15,2211110130,17,59861,11123,11597,86,1150,1130.0,773.1333333333333,-0.6094343699520458,-1.4650627120881794,211067.04888888897,1130.0,268.0,862.0,6471,408,1116,1096.0,924.4285714285714,-1.0101006609370644,-0.8885157396168046,80061.67346938777,1100.0,825.5,274.5,1634046397.276046,0.0,19.41540193557739
5512,0,1,0,0,3,2,947,2211110130,981,64,967,17,59861,29483,4,0,0,43,15,2211110130,17,59861,11123,12578,86,1150,1130.0,786.125,-0.6983612511711998,-1.324920369391559,200407.109375,1130.0,355.0,775.0,7418,408,1116,1096.0,927.25,-1.1104466296710842,-0.544054048919655,70109.6875,1098.0,849.0,249.0,1634046397.276046,0.0,19.41540193557739
5513,0,1,0,0,3,2,408,2211110130,442,64,428,17,59861,29483,4,0,0,43,15,2211110130,17,59861,11123,13020,86,1150,1130.0,765.8823529411765,-0.5741339294307105,-1.433963607538274,195174.69204152247,1130.0,442.0,688.0,7826,408,1116,1096.0,869.5555555555555,-0.6895120976534925,-1.3823191009829217,88948.91358024691,1096.0,555.0,541.0,1634046397.277458,0.0014119148254394,19.41681385040283
5514,0,1,0,0,2,3,60,3232270721,94,47,80,17,29483,59861,4,0,0,43,15,2211110130,17,59861,11123,13114,86,1150,1055.5,728.5555555555555,-0.4243394343064642,-1.615465590404282,208017.5802469136,1130.0,181.0,949.0,7886,60,1116,1021.5,788.6,-0.6793572491961575,-1.0572899835422152,139038.24,1096.0,444.75,651.25,1634046397.286374,0.0089161396026611,19.42572999000549
5515,0,1,0,0,3,2,60,2211110130,94,64,80,17,59861,29483,4,0,0,43,15,2211110130,17,59861,11123,13208,86,1150,981.0,695.1578947368421,-0.2944443370312645,-1.730586626770363,217146.5540166205,1130.0,94.0,1036.0,7946,60,1116,947.0,722.3636363636364,-0.470478906045799,-1.3960765181715156,170270.95867768597,1096.0,408.0,688.0,1634046397.292554,0.0061798095703125,19.431909799575802
5516,0,1,0,0,2,3,60,3232270721,94,47,80,17,29483,59861,4,0,0,43,15,2211110130,17,59861,11123,13302,86,1150,785.0,665.1,-0.1797814008202745,-1.8004116224379705,223455.29,1130.0,94.0,1036.0,8006,60,1116,751.0,667.1666666666666,-0.2780489085680779,-1.6056193969152388,189595.47222222225,1096.0,321.0,775.0,1634046397.299412,0.0068581104278564,19.43876791000366
5517,0,1,0,0,3,2,1096,2211110130,1130,64,1116,17,59861,29483,4,0,0,43,15,2211110130,17,59861,11123,1130,1130,1130,1130.0,1130.0,0.0,-3.0,0.0,1130.0,1130.0,0.0,9102,60,1116,947.0,700.1538461538462,-0.4140492239145888,-1.5271224859254031,188069.0532544379,1096.0,408.0,688.0,1634046397.304427,0.0050148963928222,19.44378280639648
5518,0,1,0,0,3,2,1096,2211110130,1130,64,1116,17,59861,29483,4,0,0,43,15,2211110130,17,59861,11123,2260,1130,1130,1130.0,1130.0,0.0,-3.0,0.0,1130.0,1130.0,0.0,10198,60,1116,1021.5,728.4285714285714,-0.5358046469236848,-1.4208467425894662,185028.53061224488,1096.0,408.0,688.0,1634046397.304427,0.0,19.44378280639648
5519,0,1,0,0,3,2,1096,2211110130,1130,64,1116,17,59861,29483,4,0,0,43,15,2211110130,17,59861,11123,3390,1130,1130,1130.0,1130.0,0.0,-3.0,0.0,1130.0,1130.0,0.0,11294,60,1116,1096.0,752.9333333333333,-0.646423705482594,-1.2953956884977105,181100.06222222224,1096.0,408.0,688.0,1634046397.304427,0.0,19.44378280639648
5520,0,1,0,0,3,2,1096,2211110130,1130,64,1116,17,59861,29483,4,0,0,43,15,2211110130,17,59861,11123,4520,1130,1130,1130.0,1130.0,0.0,-3.0,0.0,1130.0,1130.0,0.0,12390,60,1116,1096.0,774.375,-0.7481044795255238,-1.15616364686033,176677.484375,1096.0,408.0,688.0,1634046397.305034,0.0006070137023925,19.444389820098873
5521,0,1,0,0,3,2,1096,2211110130,1130,64,1116,17,59861,29483,4,0,0,43,15,2211110130,17,59861,11123,5650,1130,1130,1130.0,1130.0,0.0,-3.0,0.0,1130.0,1130.0,0.0,13486,60,1116,1096.0,793.2941176470588,-0.8424520745698904,-1.0066999921542488,172011.6193771626,1096.0,408.0,688.0,1634046397.309413,0.0043790340423583,19.448768854141232
5522,0,1,0,0,3,2,1096,2211110130,1130,64,1116,17,59861,29483,4,0,0,43,15,2211110130,17,59861,11123,6780,1130,1130,1130.0,1130.0,0.0,-3.0,0.0,1130.0,1130.0,0.0,14582,60,1116,1096.0,810.1111111111111,-0.9306716995940246,-0.8494339628717222,167263.20987654323,1096.0,444.75,651.25,1634046397.309413,0.0,19.448768854141232
5523,0,1,0,0,3,2,1096,2211110130,1130,64,1116,17,59861,29483,4,0,0,43,15,2211110130,17,59861,11123,7910,1130,1130,1130.0,1130.0,0.0,-3.0,0.0,1130.0,1130.0,0.0,15678,60,1116,1096.0,825.1578947368421,-1.0136902338645466,-0.6860834106914617,162535.1855955679,1096.0,481.5,614.5,1634046397.309413,0.0,19.448768854141232
5524,0,1,0,0,3,2,1096,2211110130,1130,64,1116,17,59861,29483,4,0,0,43,15,2211110130,17,59861,11123,9040,1130,1130,1130.0,1130.0,0.0,-3.0,0.0,1130.0,1130.0,0.0,16774,60,1116,1096.0,838.7,-1.092235370297017,-0.5178970489875834,157892.81,1096.0,518.25,577.75,1634046397.310025,0.0006120204925537,19.449380874633786
5525,0,1,0,0,3,2,1096,2211110130,1130,64,1116,17,59861,29483,4,0,0,43,15,2211110130,17,59861,11123,10170,1130,1130,1130.0,1130.0,0.0,-3.0,0.0,1130.0,1130.0,0.0,1096,1096,1096,1096.0,1096.0,0.0,-3.0,0.0,1096.0,1096.0,0.0,1634046397.310025,0.0,19.449380874633786
5526,0,1,0,0,3,2,1096,2211110130,1130,64,1116,17,59861,29483,4,0,0,43,15,2211110130,17,59861,11123,11300,1130,1130,1130.0,1130.0,0.0,-3.0,0.0,1130.0,1130.0,0.0,2192,1096,1096,1096.0,1096.0,0.0,-3.0,0.0,1096.0,1096.0,0.0,1634046397.310025,0.0,19.449380874633786
5527,0,1,0,0,3,2,1096,2211110130,1130,64,1116,17,59861,29483,4,0,0,43,15,2211110130,17,59861,11123,12430,1130,1130,1130.0,1130.0,0.0,-3.0,0.0,1130.0,1130.0,0.0,3288,1096,1096,1096.0,1096.0,0.0,-3.0,0.0,1096.0,1096.0,0.0,1634046397.310689,0.0006639957427978,19.450044870376583
5528,0,1,0,0,3,2,1096,2211110130,1130,64,1116,17,59861,29483,4,0,0,43,15,2211110130,17,59861,11123,13560,1130,1130,1130.0,1130.0,0.0,-3.0,0.0,1130.0,1130.0,0.0,4384,1096,1096,1096.0,1096.0,0.0,-3.0,0.0,1096.0,1096.0,0.0,1634046397.310689,0.0,19.450044870376583
5529,0,1,0,0,3,2,1096,2211110130,1130,64,1116,17,59861,29483,4,0,0,43,15,2211110130,17,59861,11123,14690,1130,1130,1130.0,1130.0,0.0,-3.0,0.0,1130.0,1130.0,0.0,5480,1096,1096,1096.0,1096.0,0.0,-3.0,0.0,1096.0,1096.0,0.0,1634046397.310689,0.0,19.450044870376583
5530,0,1,0,0,3,2,1096,2211110130,1130,64,1116,17,59861,29483,4,0,0,43,15,2211110130,17,59861,11123,15820,1130,1130,1130.0,1130.0,0.0,-3.0,0.0,1130.0,1130.0,0.0,6576,1096,1096,1096.0,1096.0,0.0,-3.0,0.0,1096.0,1096.0,0.0,1634046397.311354,0.0006649494171142,19.450709819793698
5531,0,1,0,0,3,2,1096,2211110130,1130,64,1116,17,59861,29483,4,0,0,43,15,2211110130,17,59861,11123,16950,1130,1130,1130.0,1130.0,0.0,-3.0,0.0,1130.0,1130.0,0.0,7672,1096,1096,1096.0,1096.0,0.0,-3.0,0.0,1096.0,1096.0,0.0,1634046397.311354,0.0,19.450709819793698
5532,0,1,0,0,3,2,1096,2211110130,1130,64,1116,17,59861,29483,4,0,0,43,15,2211110130,17,59861,11123,18080,1130,1130,1130.0,1130.0,0.0,-3.0,0.0,1130.0,1130.0,0.0,8768,1096,1096,1096.0,1096.0,0.0,-3.0,0.0,1096.0,1096.0,0.0,1634046397.311354,0.0,19.450709819793698
5533,0,1,0,0,3,2,1096,2211110130,1130,64,1116,17,59861,29483,4,0,0,43,15,2211110130,17,59861,11123,19210,1130,1130,1130.0,1130.0,0.0,-3.0,0.0,1130.0,1130.0,0.0,9864,1096,1096,1096.0,1096.0,0.0,-3.0,0.0,1096.0,1096.0,0.0,1634046397.312348,0.0009939670562744,19.451703786849972
5534,0,1,0,0,3,2,1096,2211110130,1130,64,1116,17,59861,29483,4,0,0,43,15,2211110130,17,59861,11123,20340,1130,1130,1130.0,1130.0,0.0,-3.0,0.0,1130.0,1130.0,0.0,10960,1096,1096,1096.0,1096.0,0.0,-3.0,0.0,1096.0,1096.0,0.0,1634046397.312348,0.0,19.451703786849972
5535,0,1,0,0,3,2,1096,2211110130,1130,64,1116,17,59861,29483,4,0,0,43,15,2211110130,17,59861,11123,21470,1130,1130,1130.0,1130.0,0.0,-3.0,0.0,1130.0,1130.0,0.0,12056,1096,1096,1096.0,1096.0,0.0,-3.0,0.0,1096.0,1096.0,0.0,1634046397.312348,0.0,19.451703786849972
5536,0,1,0,0,3,2,1116,2211110130,1150,64,1136,17,59861,29483,4,0,0,43,15,2211110130,17,59861,11123,22620,1130,1150,1130.0,1131.0,4.129483209670112,15.05263157894737,19.0,1130.0,1130.0,0.0,13172,1096,1116,1096.0,1097.6666666666667,3.015113445777595,7.090909090908927,30.55555555555556,1096.0,1096.0,0.0,1634046397.313605,0.0012571811676025,19.452960968017575
5537,0,1,0,0,3,2,1096,2211110130,1130,64,1116,17,59861,29483,4,0,0,43,15,2211110130,17,59861,11123,1130,1130,1130,1130.0,1130.0,0.0,-3.0,0.0,1130.0,1130.0,0.0,14268,1096,1116,1096.0,1097.5384615384614,3.1754264805430004,8.083333333333583,28.40236686390533,1096.0,1096.0,0.0,1634046397.313605,0.0,19.452960968017575
5538,0,1,0,0,3,2,1096,2211110130,1130,64,1116,17,59861,29483,4,0,0,43,15,2211110130,17,59861,11123,2260,1130,1130,1130.0,1130.0,0.0,-3.0,0.0,1130.0,1130.0,0.0,15364,1096,1116,1096.0,1097.428571428571,3.3282011773514317,9.076923076923327,26.53061224489796,1096.0,1096.0,0.0,1634046397.313605,0.0,19.452960968017575
5539,0,1,0,0,3,2,1096,2211110130,1130,64,1116,17,59861,29483,4,0,0,43,15,2211110130,17,59861,11123,3390,1130,1130,1130.0,1130.0,0.0,-3.0,0.0,1130.0,1130.0,0.0,16460,1096,1116,1096.0,1097.3333333333333,3.4743961448615623,10.07142857142878,24.888888888888896,1096.0,1096.0,0.0,1634046397.314345,0.0007398128509521,19.453700780868527
5540,0,1,0,0,3,2,1096,2211110130,1130,64,1116,17,59861,29483,4,0,0,43,15,2211110130,17,59861,11123,4520,1130,1130,1130.0,1130.0,0.0,-3.0,0.0,1130.0,1130.0,0.0,17556,1096,1116,1096.0,1097.25,3.614784456460256,11.066666666666666,23.4375,1096.0,1096.0,0.0,1634046397.314345,0.0,19.453700780868527
5541,0,1,0,0,3,2,1096,2211110130,1130,64,1116,17,59861,29483,4,0,0,43,15,2211110130,17,59861,11123,5650,1130,1130,1130.0,1130.0,0.0,-3.0,0.0,1130.0,1130.0,0.0,18652,1096,1116,1096.0,1097.1764705882354,3.749999999999957,12.06249999999979,22.14532871972318,1096.0,1096.0,0.0,1634046397.314846,0.0005011558532714,19.454201936721798
5542,0,1,0,0,3,2,1096,2211110130,1130,64,1116,17,59861,29483,4,0,0,43,15,2211110130,17,59861,11123,6780,1130,1130,1130.0,1130.0,0.0,-3.0,0.0,1130.0,1130.0,0.0,19748,1096,1116,1096.0,1097.111111111111,3.880570000581343,13.058823529411846,20.98765432098766,1096.0,1096.0,0.0,1634046397.314846,0.0,19.454201936721798
5543,0,1,0,0,3,2,1096,2211110130,1130,64,1116,17,59861,29483,4,0,0,43,15,2211110130,17,59861,11123,7910,1130,1130,1130.0,1130.0,0.0,-3.0,0.0,1130.0,1130.0,0.0,20844,1096,1116,1096.0,1097.0526315789473,4.006938426723828,14.055555555555864,19.944598337950133,1096.0,1096.0,0.0,1634046397.31588,0.0010340213775634,19.45523595809936
5544,0,1,0,0,3,2,1096,2211110130,1130,64,1116,17,59861,29483,4,0,0,43,15,2211110130,17,59861,11123,9040,1130,1130,1130.0,1130.0,0.0,-3.0,0.0,1130.0,1130.0,0.0,21940,1096,1116,1096.0,1097.0,4.129483209670112,15.05263157894737,19.0,1096.0,1096.0,0.0,1634046397.31588,0.0,19.45523595809936
5545,0,1,0,0,3,2,1096,2211110130,1130,64,1116,17,59861,29483,4,0,0,43,15,2211110130,17,59861,11123,10170,1130,1130,1130.0,1130.0,0.0,-3.0,0.0,1130.0,1130.0,0.0,1096,1096,1096,1096.0,1096.0,0.0,-3.0,0.0,1096.0,1096.0,0.0,1634046397.31588,0.0,19.45523595809936
5546,0,1,0,0,3,2,1096,2211110130,1130,64,1116,17,59861,29483,4,0,0,43,15,2211110130,17,59861,11123,11300,1130,1130,1130.0,1130.0,0.0,-3.0,0.0,1130.0,1130.0,0.0,2192,1096,1096,1096.0,1096.0,0.0,-3.0,0.0,1096.0,1096.0,0.0,1634046397.316616,0.0007359981536865,19.455971956253048
5547,0,1,0,0,3,2,1096,2211110130,1130,64,1116,17,59861,29483,4,0,0,43,15,2211110130,17,59861,11123,12430,1130,1130,1130.0,1130.0,0.0,-3.0,0.0,1130.0,1130.0,0.0,3288,1096,1096,1096.0,1096.0,0.0,-3.0,0.0,1096.0,1096.0,0.0,1634046397.316616,0.0,19.455971956253048
5548,0,1,0,0,3,2,1096,2211110130,1130,64,1116,17,59861,29483,4,0,0,43,15,2211110130,17,59861,11123,13560,1130,1130,1130.0,1130.0,0.0,-3.0,0.0,1130.0,1130.0,0.0,4384,1096,1096,1096.0,1096.0,0.0,-3.0,0.0,1096.0,1096.0,0.0,1634046397.316616,0.0,19.455971956253048
5549,0,1,0,0,3,2,1096,2211110130,1130,64,1116,17,59861,29483,4,0,0,43,15,2211110130,17,59861,11123,14690,1130,1130,1130.0,1130.0,0.0,-3.0,0.0,1130.0,1130.0,0.0,5480,1096,1096,1096.0,1096.0,0.0,-3.0,0.0,1096.0,1096.0,0.0,1634046397.321113,0.0044970512390136,19.460469007492062
5550,0,1,0,0,3,2,1096,2211110130,1130,64,1116,17,59861,29483,4,0,0,43,15,2211110130,17,59861,11123,15820,1130,1130,1130.0,1130.0,0.0,-3.0,0.0,1130.0,1130.0,0.0,6576,1096,1096,1096.0,1096.0,0.0,-3.0,0.0,1096.0,1096.0,0.0,1634046397.321113,0.0,19.460469007492062
5551,0,1,0,0,3,2,1096,2211110130,1130,64,1116,17,59861,29483,4,0,0,43,15,2211110130,17,59861,11123,16950,1130,1130,1130.0,1130.0,0.0,-3.0,0.0,1130.0,1130.0,0.0,7672,1096,1096,1096.0,1096.0,0.0,-3.0,0.0,1096.0,1096.0,0.0,1634046397.321804,0.0006909370422363,19.461159944534298
5552,0,1,0,0,3,2,1096,2211110130,1130,64,1116,17,59861,29483,4,0,0,43,15,2211110130,17,59861,11123,18080,1130,1130,1130.0,1130.0,0.0,-3.0,0.0,1130.0,1130.0,0.0,8768,1096,1096,1096.0,1096.0,0.0,-3.0,0.0,1096.0,1096.0,0.0,1634046397.321804,0.0,19.461159944534298
5553,0,1,0,0,3,2,1096,2211110130,1130,64,1116,17,59861,29483,4,0,0,43,15,2211110130,17,59861,11123,19210,1130,1130,1130.0,1130.0,0.0,-3.0,0.0,1130.0,1130.0,0.0,9864,1096,1096,1096.0,1096.0,0.0,-3.0,0.0,1096.0,1096.0,0.0,1634046397.322563,0.0007588863372802,19.46191883087158
5554,0,1,0,0,3,2,1096,2211110130,1130,64,1116,17,59861,29483,4,0,0,43,15,2211110130,17,59861,11123,20340,1130,1130,1130.0,1130.0,0.0,-3.0,0.0,1130.0,1130.0,0.0,10960,1096,1096,1096.0,1096.0,0.0,-3.0,0.0,1096.0,1096.0,0.0,1634046397.32308,0.0005171298980712,19.46243596076965
5555,0,1,0,0,3,2,1096,2211110130,1130,64,1116,17,59861,29483,4,0,0,43,15,2211110130,17,59861,11123,21470,1130,1130,1130.0,1130.0,0.0,-3.0,0.0,1130.0,1130.0,0.0,12056,1096,1096,1096.0,1096.0,0.0,-3.0,0.0,1096.0,1096.0,0.0,1634046397.32308,0.0,19.46243596076965
5556,0,1,0,0,3,2,1096,2211110130,1130,64,1116,17,59861,29483,4,0,0,43,15,2211110130,17,59861,11123,22600,1130,1130,1130.0,1130.0,0.0,-3.0,0.0,1130.0,1130.0,0.0,13152,1096,1096,1096.0,1096.0,0.0,-3.0,0.0,1096.0,1096.0,0.0,1634046397.324179,0.0010988712310791,19.46353483200073
5557,0,1,0,0,3,2,1096,2211110130,1130,64,1116,17,59861,29483,4,0,0,43,15,2211110130,17,59861,11123,1130,1130,1130,1130.0,1130.0,0.0,-3.0,0.0,1130.0,1130.0,0.0,14248,1096,1096,1096.0,1096.0,0.0,-3.0,0.0,1096.0,1096.0,0.0,1634046397.324179,0.0,19.46353483200073
5558,0,1,0,0,3,2,1096,2211110130,1130,64,1116,17,59861,29483,4,0,0,43,15,2211110130,17,59861,11123,2260,1130,1130,1130.0,1130.0,0.0,-3.0,0.0,1130.0,1130.0,0.0,15344,1096,1096,1096.0,1096.0,0.0,-3.0,0.0,1096.0,1096.0,0.0,1634046397.324179,0.0,19.46353483200073
5559,0,1,0,0,3,2,1096,2211110130,1130,64,1116,17,59861,29483,4,0,0,43,15,2211110130,17,59861,11123,3390,1130,1130,1130.0,1130.0,0.0,-3.0,0.0,1130.0,1130.0,0.0,16440,1096,1096,1096.0,1096.0,0.0,-3.0,0.0,1096.0,1096.0,0.0,1634046397.326841,0.002662181854248,19.466197013854977
5560,0,1,0,0,3,2,1096,2211110130,1130,64,1116,17,59861,29483,4,0,0,43,15,2211110130,17,59861,11123,4520,1130,1130,1130.0,1130.0,0.0,-3.0,0.0,1130.0,1130.0,0.0,17536,1096,1096,1096.0,1096.0,0.0,-3.0,0.0,1096.0,1096.0,0.0,1634046397.326841,0.0,19.466197013854977
5561,0,1,0,0,3,2,1096,2211110130,1130,64,1116,17,59861,29483,4,0,0,43,15,2211110130,17,59861,11123,5650,1130,1130,1130.0,1130.0,0.0,-3.0,0.0,1130.0,1130.0,0.0,18632,1096,1096,1096.0,1096.0,0.0,-3.0,0.0,1096.0,1096.0,0.0,1634046397.327436,0.0005948543548583,19.466791868209835
5562,0,1,0,0,2,3,56,3232270721,90,47,76,17,29483,59861,4,0,0,43,15,2211110130,17,59861,11123,5740,90,1130,1130.0,956.6666666666666,-1.7888543819998313,1.2000000000000002,150222.22222222222,1130.0,1130.0,0.0,18688,56,1096,1096.0,1038.2222222222222,-3.880570000581327,13.05882352941176,56750.61728395062,1096.0,1096.0,0.0,1634046397.328984,0.0015480518341064,19.46833992004394
5563,0,1,0,0,2,3,52,3232270721,86,47,72,17,29483,59861,4,0,0,43,15,2211110130,17,59861,11123,5826,86,1130,1130.0,832.2857142857143,-0.94870042335446,-1.0999422347773171,221585.63265306124,1130.0,610.0,520.0,18740,52,1096,1096.0,986.3157894736842,-2.5724989019388462,4.617794317335818,102260.74238227148,1096.0,1096.0,0.0,1634046397.32903,4.601478576660156e-05,19.46838593482971
5564,0,1,0,0,3,2,1116,2211110130,1150,64,1136,17,59861,29483,4,0,0,43,15,2211110130,17,59861,11123,6976,86,1150,1130.0,872.0,-1.1540071734944175,-0.6671297405720669,204928.0,1130.0,870.0,260.0,19856,52,1116,1096.0,992.8,-2.6657119407996337,5.108281032473903,97946.56,1096.0,1096.0,0.0,1634046397.333477,0.0044469833374023,19.47283291816711
5565,0,1,0,0,3,2,1096,2211110130,1130,64,1116,17,59861,29483,4,0,0,43,15,2211110130,17,59861,11123,8106,86,1150,1130.0,900.6666666666666,-1.335588344749446,-0.2149771173036541,188732.44444444444,1130.0,1130.0,0.0,1096,1096,1096,1096.0,1096.0,0.0,-3.0,0.0,1096.0,1096.0,0.0,1634046397.333477,0.0,19.47283291816711
5566,0,1,0,0,3,2,1096,2211110130,1130,64,1116,17,59861,29483,4,0,0,43,15,2211110130,17,59861,11123,9236,86,1150,1130.0,923.6,-1.4992582881312368,0.2490926060688267,174592.63999999998,1130.0,1130.0,0.0,2192,1096,1096,1096.0,1096.0,0.0,-3.0,0.0,1096.0,1096.0,0.0,1634046397.335959,0.0024819374084472,19.475314855575558
5567,0,1,0,0,3,2,1096,2211110130,1130,64,1116,17,59861,29483,4,0,0,43,15,2211110130,17,59861,11123,10366,86,1150,1130.0,942.3636363636364,-1.649150793278114,0.7211072985992084,162241.3223140496,1130.0,1130.0,0.0,3288,1096,1096,1096.0,1096.0,0.0,-3.0,0.0,1096.0,1096.0,0.0,1634046397.34225,0.0062911510467529,19.48160600662231
5568,0,1,0,0,3,2,1096,2211110130,1130,64,1116,17,59861,29483,4,0,0,43,15,2211110130,17,59861,11123,11496,86,1150,1130.0,958.0,-1.7880665235913158,1.1986835740412305,151410.66666666666,1130.0,1130.0,0.0,4384,1096,1096,1096.0,1096.0,0.0,-3.0,0.0,1096.0,1096.0,0.0,1634046397.34225,0.0,19.48160600662231
5569,0,1,0,0,3,2,1096,2211110130,1130,64,1116,17,59861,29483,4,0,0,43,15,2211110130,17,59861,11123,12626,86,1150,1130.0,971.2307692307692,-1.9179962306366936,1.6803046871692144,141864.3313609467,1130.0,1130.0,0.0,5480,1096,1096,1096.0,1096.0,0.0,-3.0,0.0,1096.0,1096.0,0.0,1634046397.34225,0.0,19.48160600662231
5570,0,1,0,0,3,2,1096,2211110130,1130,64,1116,17,59861,29483,4,0,0,43,15,2211110130,17,59861,11123,13756,86,1150,1130.0,982.5714285714286,-2.040409335254981,2.164959454094535,133403.1020408163,1130.0,1130.0,0.0,6576,1096,1096,1096.0,1096.0,0.0,-3.0,0.0,1096.0,1096.0,0.0,1634046397.34225,0.0,19.48160600662231
5571,0,1,0,0,3,2,1096,2211110130,1130,64,1116,17,59861,29483,4,0,0,43,15,2211110130,17,59861,11123,14886,86,1150,1130.0,992.4,-2.156423913276973,2.6519478145007778,125861.97333333334,1130.0,1130.0,0.0,7672,1096,1096,1096.0,1096.0,0.0,-3.0,0.0,1096.0,1096.0,0.0,1634046397.342731,0.0004808902740478,19.48208689689636
5572,0,1,0,0,3,2,1096,2211110130,1130,64,1116,17,59861,29483,4,0,0,43,15,2211110130,17,59861,11123,16016,86,1150,1130.0,1001.0,-2.266912238392796,3.140769720196745,119105.0,1130.0,1130.0,0.0,8768,1096,1096,1096.0,1096.0,0.0,-3.0,0.0,1096.0,1096.0,0.0,1634046397.342731,0.0,19.48208689689636
5573,0,1,0,0,3,2,1096,2211110130,1130,64,1116,17,59861,29483,4,0,0,43,15,2211110130,17,59861,11123,17146,86,1150,1130.0,1008.5882352941176,-2.372569203934978,3.631058466427673,113020.12456747403,1130.0,1130.0,0.0,9864,1096,1096,1096.0,1096.0,0.0,-3.0,0.0,1096.0,1096.0,0.0,1634046397.342731,0.0,19.48208689689636
5574,0,1,0,0,3,2,1096,2211110130,1130,64,1116,17,59861,29483,4,0,0,43,15,2211110130,17,59861,11123,18276,86,1150,1130.0,1015.3333333333334,-2.473958307960745,4.122539023093541,107514.66666666669,1130.0,1130.0,0.0,10960,1096,1096,1096.0,1096.0,0.0,-3.0,0.0,1096.0,1096.0,0.0,1634046397.342731,0.0,19.48208689689636
5575,0,1,0,0,3,2,1096,2211110130,1130,64,1116,17,59861,29483,4,0,0,43,15,2211110130,17,59861,11123,19406,86,1150,1130.0,1021.3684210526316,-2.571543518340982,4.615001072176202,102511.60110803322,1130.0,1130.0,0.0,12056,1096,1096,1096.0,1096.0,0.0,-3.0,0.0,1096.0,1096.0,0.0,1634046397.343284,0.0005528926849365,19.482639789581295
5576,0,1,0,0,3,2,1096,2211110130,1130,64,1116,17,59861,29483,4,0,0,43,15,2211110130,17,59861,11123,20536,86,1150,1130.0,1026.8,-2.665711940799634,5.108281032473903,97946.56,1130.0,1130.0,0.0,13152,1096,1096,1096.0,1096.0,0.0,-3.0,0.0,1096.0,1096.0,0.0,1634046397.343284,0.0,19.482639789581295
5577,0,1,0,0,3,2,1096,2211110130,1130,64,1116,17,59861,29483,4,0,0,43,15,2211110130,17,59861,11123,1130,1130,1130,1130.0,1130.0,0.0,-3.0,0.0,1130.0,1130.0,0.0,14248,1096,1096,1096.0,1096.0,0.0,-3.0,0.0,1096.0,1096.0,0.0,1634046397.343284,0.0,19.482639789581295
5578,0,1,0,0,3,2,1096,2211110130,1130,64,1116,17,59861,29483,4,0,0,43,15,2211110130,17,59861,11123,2260,1130,1130,1130.0,1130.0,0.0,-3.0,0.0,1130.0,1130.0,0.0,15344,1096,1096,1096.0,1096.0,0.0,-3.0,0.0,1096.0,1096.0,0.0,1634046397.343284,0.0,19.482639789581295
5579,0,1,0,0,3,2,1096,2211110130,1130,64,1116,17,59861,29483,4,0,0,43,15,2211110130,17,59861,11123,3390,1130,1130,1130.0,1130.0,0.0,-3.0,0.0,1130.0,1130.0,0.0,16440,1096,1096,1096.0,1096.0,0.0,-3.0,0.0,1096.0,1096.0,0.0,1634046397.343825,0.0005412101745605,19.483180999755856
5580,0,1,0,0,3,2,1096,2211110130,1130,64,1116,17,59861,29483,4,0,0,43,15,2211110130,17,59861,11123,4520,1130,1130,1130.0,1130.0,0.0,-3.0,0.0,1130.0,1130.0,0.0,17536,1096,1096,1096.0,1096.0,0.0,-3.0,0.0,1096.0,1096.0,0.0,1634046397.343825,0.0,19.483180999755856
5581,0,1,0,0,3,2,1096,2211110130,1130,64,1116,17,59861,29483,4,0,0,43,15,2211110130,17,59861,11123,5650,1130,1130,1130.0,1130.0,0.0,-3.0,0.0,1130.0,1130.0,0.0,18632,1096,1096,1096.0,1096.0,0.0,-3.0,0.0,1096.0,1096.0,0.0,1634046397.343825,0.0,19.483180999755856
5582,0,1,0,0,3,2,1096,2211110130,1130,64,1116,17,59861,29483,4,0,0,43,15,2211110130,17,59861,11123,6780,1130,1130,1130.0,1130.0,0.0,-3.0,0.0,1130.0,1130.0,0.0,19728,1096,1096,1096.0,1096.0,0.0,-3.0,0.0,1096.0,1096.0,0.0,1634046397.343825,0.0,19.483180999755856
5583,0,1,0,0,3,2,1096,2211110130,1130,64,1116,17,59861,29483,4,0,0,43,15,2211110130,17,59861,11123,7910,1130,1130,1130.0,1130.0,0.0,-3.0,0.0,1130.0,1130.0,0.0,20824,1096,1096,1096.0,1096.0,0.0,-3.0,0.0,1096.0,1096.0,0.0,1634046397.344322,0.0004968643188476,19.483677864074703
5584,0,1,0,0,3,2,1096,2211110130,1130,64,1116,17,59861,29483,4,0,0,43,15,2211110130,17,59861,11123,9040,1130,1130,1130.0,1130.0,0.0,-3.0,0.0,1130.0,1130.0,0.0,21920,1096,1096,1096.0,1096.0,0.0,-3.0,0.0,1096.0,1096.0,0.0,1634046397.344322,0.0,19.483677864074703
5585,0,1,0,0,3,2,1096,2211110130,1130,64,1116,17,59861,29483,4,0,0,43,15,2211110130,17,59861,11123,10170,1130,1130,1130.0,1130.0,0.0,-3.0,0.0,1130.0,1130.0,0.0,1096,1096,1096,1096.0,1096.0,0.0,-3.0,0.0,1096.0,1096.0,0.0,1634046397.34546,0.0011379718780517,19.484815835952755
5586,0,1,0,0,3,2,1096,2211110130,1130,64,1116,17,59861,29483,4,0,0,43,15,2211110130,17,59861,11123,11300,1130,1130,1130.0,1130.0,0.0,-3.0,0.0,1130.0,1130.0,0.0,2192,1096,1096,1096.0,1096.0,0.0,-3.0,0.0,1096.0,1096.0,0.0,1634046397.34546,0.0,19.484815835952755
5587,0,1,0,0,3,2,1096,2211110130,1130,64,1116,17,59861,29483,4,0,0,43,15,2211110130,17,59861,11123,12430,1130,1130,1130.0,1130.0,0.0,-3.0,0.0,1130.0,1130.0,0.0,3288,1096,1096,1096.0,1096.0,0.0,-3.0,0.0,1096.0,1096.0,0.0,1634046397.34546,0.0,19.484815835952755
5588,0,1,0,0,3,2,1096,2211110130,1130,64,1116,17,59861,29483,4,0,0,43,15,2211110130,17,59861,11123,13560,1130,1130,1130.0,1130.0,0.0,-3.0,0.0,1130.0,1130.0,0.0,4384,1096,1096,1096.0,1096.0,0.0,-3.0,0.0,1096.0,1096.0,0.0,1634046397.34546,0.0,19.484815835952755
5589,0,1,0,0,3,2,1096,2211110130,1130,64,1116,17,59861,29483,4,0,0,43,15,2211110130,17,59861,11123,14690,1130,1130,1130.0,1130.0,0.0,-3.0,0.0,1130.0,1130.0,0.0,5480,1096,1096,1096.0,1096.0,0.0,-3.0,0.0,1096.0,1096.0,0.0,1634046397.346949,0.0014891624450683,19.486304998397824
5590,0,1,0,0,2,3,60,3232270721,94,47,80,17,29483,59861,4,0,0,43,15,2211110130,17,59861,11123,14784,94,1130,1130.0,1056.0,-3.328201177351375,9.076923076923077,71188.0,1130.0,1130.0,0.0,5540,60,1096,1096.0,923.3333333333334,-1.788854381999832,1.200000000000001,149068.88888888888,1096.0,1096.0,0.0,1634046397.348096,0.0011467933654785,19.487451791763302
5591,0,1,0,0,3,2,1116,2211110130,1150,64,1136,17,59861,29483,4,0,0,43,15,2211110130,17,59861,11123,15934,94,1150,1130.0,1062.2666666666669,-3.4721492004141266,10.061953585421174,66991.92888888888,1130.0,1130.0,0.0,6656,60,1116,1096.0,950.8571428571428,-2.0396857689846426,2.163330484531224,132318.69387755104,1096.0,1096.0,0.0,1634046397.361667,0.01357102394104,19.501022815704342
5592,0,1,0,0,3,2,1096,2211110130,1130,64,1116,17,59861,29483,4,0,0,43,15,2211110130,17,59861,11123,17064,94,1150,1130.0,1066.5,-3.612466745270548,11.056437214953894,63073.75,1130.0,1130.0,0.0,7752,60,1116,1096.0,969.0,-2.2661257914347903,3.1387335290790803,118083.0,1096.0,1096.0,0.0,1634046397.361667,0.0,19.501022815704342
5593,0,1,0,0,3,2,1096,2211110130,1130,64,1116,17,59861,29483,4,0,0,43,15,2211110130,17,59861,11123,18194,94,1150,1130.0,1070.235294117647,-3.7476137006394223,12.051517244761014,59586.76816608997,1130.0,1130.0,0.0,8848,60,1116,1096.0,983.1111111111112,-2.473115199169559,4.120098479969199,106555.65432098764,1096.0,1096.0,0.0,1634046397.361667,0.0,19.501022815704342
5594,0,1,0,0,3,2,1096,2211110130,1130,64,1116,17,59861,29483,4,0,0,43,15,2211110130,17,59861,11123,19324,94,1150,1130.0,1073.5555555555557,-3.878117093396444,13.047088435632762,56463.80246913579,1130.0,1130.0,0.0,9944,60,1116,1096.0,994.4,-2.66481670133602,5.105438403123673,97047.04,1096.0,1096.0,0.0,1634046397.362193,0.0005261898040771,19.50154900550842
5595,0,1,0,0,3,2,1096,2211110130,1130,64,1116,17,59861,29483,4,0,0,43,15,2211110130,17,59861,11123,20454,94,1150,1130.0,1076.5263157894738,-4.004420723481373,14.043068933092917,53650.88088642659,1130.0,1130.0,0.0,11040,60,1116,1096.0,1003.6363636363636,-2.8441133943241,6.093560994871311,89077.68595041323,1096.0,1096.0,0.0,1634046397.362193,0.0,19.50154900550842
5596,0,1,0,0,3,2,1096,2211110130,1130,64,1116,17,59861,29483,4,0,0,43,15,2211110130,17,59861,11123,21584,94,1150,1130.0,1079.2,-4.126902377109574,15.039394113983292,51104.16,1130.0,1130.0,0.0,12136,60,1116,1096.0,1011.3333333333334,-3.013094503731087,7.083707449494312,82306.22222222225,1096.0,1096.0,0.0,1634046397.362193,0.0,19.50154900550842
5597,0,1,0,0,3,2,1096,2211110130,1130,64,1116,17,59861,29483,4,0,0,43,15,2211110130,17,59861,11123,1130,1130,1130,1130.0,1130.0,0.0,-3.0,0.0,1130.0,1130.0,0.0,13232,60,1116,1096.0,1017.8461538461538,-3.173328600481708,8.07537186237088,76483.97633136093,1096.0,1096.0,0.0,1634046397.362929,0.0007359981536865,19.502285003662106
5598,0,1,0,0,3,2,1096,2211110130,1130,64,1116,17,59861,29483,4,0,0,43,15,2211110130,17,59861,11123,2260,1130,1130,1130.0,1130.0,0.0,-3.0,0.0,1130.0,1130.0,0.0,14328,60,1116,1096.0,1023.4285714285714,-3.3260274145041477,9.068203973225346,71425.95918367348,1096.0,1096.0,0.0,1634046397.362929,0.0,19.502285003662106
5599,0,1,0,0,3,2,1096,2211110130,1130,64,1116,17,59861,29483,4,0,0,43,15,2211110130,17,59861,11123,3390,1130,1130,1130.0,1130.0,0.0,-3.0,0.0,1130.0,1130.0,0.0,15424,60,1116,1096.0,1028.2666666666669,-3.472149200414124,10.061953585421172,66991.9288888889,1096.0,1096.0,0.0,1634046397.362929,0.0,19.502285003662106
5600,0,1,0,0,3,2,1096,2211110130,1130,64,1116,17,59861,29483,4,0,0,43,15,2211110130,17,59861,11123,4520,1130,1130,1130.0,1130.0,0.0,-3.0,0.0,1130.0,1130.0,0.0,16520,60,1116,1096.0,1032.5,-3.612466745270548,11.056437214953894,63073.75,1096.0,1096.0,0.0,1634046397.363477,0.0005478858947753,19.50283288955688
5601,0,1,0,0,3,2,1096,2211110130,1130,64,1116,17,59861,29483,4,0,0,43,15,2211110130,17,59861,11123,5650,1130,1130,1130.0,1130.0,0.0,-3.0,0.0,1130.0,1130.0,0.0,17616,60,1116,1096.0,1036.235294117647,-3.7476137006394223,12.051517244761014,59586.76816608997,1096.0,1096.0,0.0,1634046397.363477,0.0,19.50283288955688
5602,0,1,0,0,3,2,1096,2211110130,1130,64,1116,17,59861,29483,4,0,0,43,15,2211110130,17,59861,11123,6780,1130,1130,1130.0,1130.0,0.0,-3.0,0.0,1130.0,1130.0,0.0,18712,60,1116,1096.0,1039.5555555555557,-3.878117093396444,13.047088435632762,56463.80246913579,1096.0,1096.0,0.0,1634046397.363477,0.0,19.50283288955688
5603,0,1,0,0,3,2,1096,2211110130,1130,64,1116,17,59861,29483,4,0,0,43,15,2211110130,17,59861,11123,7910,1130,1130,1130.0,1130.0,0.0,-3.0,0.0,1130.0,1130.0,0.0,19808,60,1116,1096.0,1042.5263157894738,-4.004420723481373,14.043068933092917,53650.88088642659,1096.0,1096.0,0.0,1634046397.36399,0.0005130767822265,19.503345966339108
5604,0,1,0,0,3,2,1096,2211110130,1130,64,1116,17,59861,29483,4,0,0,43,15,2211110130,17,59861,11123,9040,1130,1130,1130.0,1130.0,0.0,-3.0,0.0,1130.0,1130.0,0.0,20904,60,1116,1096.0,1045.2,-4.126902377109574,15.039394113983292,51104.16,1096.0,1096.0,0.0,1634046397.36399,0.0,19.503345966339108
5605,0,1,0,0,3,2,1096,2211110130,1130,64,1116,17,59861,29483,4,0,0,43,15,2211110130,17,59861,11123,10170,1130,1130,1130.0,1130.0,0.0,-3.0,0.0,1130.0,1130.0,0.0,1096,1096,1096,1096.0,1096.0,0.0,-3.0,0.0,1096.0,1096.0,0.0,1634046397.36399,0.0,19.503345966339108
5606,0,1,0,0,3,2,1096,2211110130,1130,64,1116,17,59861,29483,4,0,0,43,15,2211110130,17,59861,11123,11300,1130,1130,1130.0,1130.0,0.0,-3.0,0.0,1130.0,1130.0,0.0,2192,1096,1096,1096.0,1096.0,0.0,-3.0,0.0,1096.0,1096.0,0.0,1634046397.36399,0.0,19.503345966339108
5607,0,1,0,0,3,2,1096,2211110130,1130,64,1116,17,59861,29483,4,0,0,43,15,2211110130,17,59861,11123,12430,1130,1130,1130.0,1130.0,0.0,-3.0,0.0,1130.0,1130.0,0.0,3288,1096,1096,1096.0,1096.0,0.0,-3.0,0.0,1096.0,1096.0,0.0,1634046397.364493,0.0005028247833251,19.503848791122433
5608,0,1,0,0,3,2,1096,2211110130,1130,64,1116,17,59861,29483,4,0,0,43,15,2211110130,17,59861,11123,13560,1130,1130,1130.0,1130.0,0.0,-3.0,0.0,1130.0,1130.0,0.0,4384,1096,1096,1096.0,1096.0,0.0,-3.0,0.0,1096.0,1096.0,0.0,1634046397.364493,0.0,19.503848791122433
5609,0,1,0,0,3,2,1096,2211110130,1130,64,1116,17,59861,29483,4,0,0,43,15,2211110130,17,59861,11123,14690,1130,1130,1130.0,1130.0,0.0,-3.0,0.0,1130.0,1130.0,0.0,5480,1096,1096,1096.0,1096.0,0.0,-3.0,0.0,1096.0,1096.0,0.0,1634046397.364493,0.0,19.503848791122433
5610,0,1,0,0,3,2,1096,2211110130,1130,64,1116,17,59861,29483,4,0,0,43,15,2211110130,17,59861,11123,15820,1130,1130,1130.0,1130.0,0.0,-3.0,0.0,1130.0,1130.0,0.0,6576,1096,1096,1096.0,1096.0,0.0,-3.0,0.0,1096.0,1096.0,0.0,1634046397.364493,0.0,19.503848791122433
5611,0,1,0,0,3,2,1096,2211110130,1130,64,1116,17,59861,29483,4,0,0,43,15,2211110130,17,59861,11123,16950,1130,1130,1130.0,1130.0,0.0,-3.0,0.0,1130.0,1130.0,0.0,7672,1096,1096,1096.0,1096.0,0.0,-3.0,0.0,1096.0,1096.0,0.0,1634046397.365063,0.0005700588226318,19.504418849945065
5612,0,1,0,0,3,2,1096,2211110130,1130,64,1116,17,59861,29483,4,0,0,43,15,2211110130,17,59861,11123,18080,1130,1130,1130.0,1130.0,0.0,-3.0,0.0,1130.0,1130.0,0.0,8768,1096,1096,1096.0,1096.0,0.0,-3.0,0.0,1096.0,1096.0,0.0,1634046397.365063,0.0,19.504418849945065
5613,0,1,0,0,3,2,1096,2211110130,1130,64,1116,17,59861,29483,4,0,0,43,15,2211110130,17,59861,11123,19210,1130,1130,1130.0,1130.0,0.0,-3.0,0.0,1130.0,1130.0,0.0,9864,1096,1096,1096.0,1096.0,0.0,-3.0,0.0,1096.0,1096.0,0.0,1634046397.365063,0.0,19.504418849945065
5614,0,1,0,0,3,2,1096,2211110130,1130,64,1116,17,59861,29483,4,0,0,43,15,2211110130,17,59861,11123,20340,1130,1130,1130.0,1130.0,0.0,-3.0,0.0,1130.0,1130.0,0.0,10960,1096,1096,1096.0,1096.0,0.0,-3.0,0.0,1096.0,1096.0,0.0,1634046397.36555,0.0004870891571044,19.50490593910217
5615,0,1,0,0,3,2,1096,2211110130,1130,64,1116,17,59861,29483,4,0,0,43,15,2211110130,17,59861,11123,21470,1130,1130,1130.0,1130.0,0.0,-3.0,0.0,1130.0,1130.0,0.0,12056,1096,1096,1096.0,1096.0,0.0,-3.0,0.0,1096.0,1096.0,0.0,1634046397.36555,0.0,19.50490593910217
5616,0,1,0,0,3,2,1096,2211110130,1130,64,1116,17,59861,29483,4,0,0,43,15,2211110130,17,59861,11123,22600,1130,1130,1130.0,1130.0,0.0,-3.0,0.0,1130.0,1130.0,0.0,13152,1096,1096,1096.0,1096.0,0.0,-3.0,0.0,1096.0,1096.0,0.0,1634046397.36555,0.0,19.50490593910217
5617,0,1,0,0,3,2,1116,2211110130,1150,64,1136,17,59861,29483,4,0,0,43,15,2211110130,17,59861,11123,1150,1150,1150,1150.0,1150.0,0.0,-3.0,0.0,1150.0,1150.0,0.0,14268,1096,1116,1096.0,1097.5384615384614,3.1754264805430004,8.08333333333358,28.40236686390533,1096.0,1096.0,0.0,1634046397.36555,0.0,19.50490593910217
5618,0,1,0,0,3,2,1096,2211110130,1130,64,1116,17,59861,29483,4,0,0,43,15,2211110130,17,59861,11123,2280,1130,1150,1140.0,1140.0,0.0,-2.0,100.0,1145.0,1135.0,10.0,15364,1096,1116,1096.0,1097.428571428571,3.328201177351432,9.07692307692333,26.53061224489796,1096.0,1096.0,0.0,1634046397.366081,0.0005309581756591,19.50543689727783
5619,0,1,0,0,3,2,1096,2211110130,1130,64,1116,17,59861,29483,4,0,0,43,15,2211110130,17,59861,11123,3410,1130,1150,1130.0,1136.6666666666667,0.7071067811865236,-1.5000000000000222,88.88888888888887,1140.0,1130.0,10.0,16460,1096,1116,1096.0,1097.3333333333333,3.474396144861562,10.071428571428775,24.888888888888896,1096.0,1096.0,0.0,1634046397.366081,0.0,19.50543689727783
5620,0,1,0,0,3,2,1096,2211110130,1130,64,1116,17,59861,29483,4,0,0,43,15,2211110130,17,59861,11123,4540,1130,1150,1130.0,1135.0,1.1547005383792517,-0.6666666666666665,75.0,1135.0,1130.0,5.0,17556,1096,1116,1096.0,1097.25,3.614784456460256,11.066666666666666,23.4375,1096.0,1096.0,0.0,1634046397.366081,0.0,19.50543689727783
5621,0,1,0,0,3,2,1096,2211110130,1130,64,1116,17,59861,29483,4,0,0,43,15,2211110130,17,59861,11123,5670,1130,1150,1130.0,1134.0,1.5,0.25,64.0,1130.0,1130.0,0.0,18652,1096,1116,1096.0,1097.1764705882354,3.749999999999957,12.06249999999979,22.14532871972318,1096.0,1096.0,0.0,1634046397.366081,0.0,19.50543689727783
5622,0,1,0,0,3,2,1096,2211110130,1130,64,1116,17,59861,29483,4,0,0,43,15,2211110130,17,59861,11123,6800,1130,1150,1130.0,1133.3333333333333,1.7888543819998608,1.2000000000000697,55.55555555555558,1130.0,1130.0,0.0,19748,1096,1116,1096.0,1097.111111111111,3.880570000581343,13.058823529411846,20.98765432098766,1096.0,1096.0,0.0,1634046397.366565,0.0004839897155761,19.505920886993405
5623,0,1,0,0,3,2,1096,2211110130,1130,64,1116,17,59861,29483,4,0,0,43,15,2211110130,17,59861,11123,7930,1130,1150,1130.0,1132.857142857143,2.041241452319301,2.166666666666627,48.9795918367347,1130.0,1130.0,0.0,20844,1096,1116,1096.0,1097.0526315789473,4.006938426723828,14.055555555555864,19.944598337950133,1096.0,1096.0,0.0,1634046397.366565,0.0,19.505920886993405
5624,0,1,0,0,3,2,1096,2211110130,1130,64,1116,17,59861,29483,4,0,0,43,15,2211110130,17,59861,11123,9060,1130,1150,1130.0,1132.5,2.2677868380553634,3.1428571428571432,43.75,1130.0,1130.0,0.0,21940,1096,1116,1096.0,1097.0,4.129483209670112,15.05263157894737,19.0,1096.0,1096.0,0.0,1634046397.366565,0.0,19.505920886993405
5625,0,1,0,0,3,2,1096,2211110130,1130,64,1116,17,59861,29483,4,0,0,43,15,2211110130,17,59861,11123,10190,1130,1150,1130.0,1132.2222222222222,2.4748737341529403,4.125000000000078,39.50617283950618,1130.0,1130.0,0.0,1096,1096,1096,1096.0,1096.0,0.0,-3.0,0.0,1096.0,1096.0,0.0,1634046397.366565,0.0,19.505920886993405
5626,0,1,0,0,3,2,1096,2211110130,1130,64,1116,17,59861,29483,4,0,0,43,15,2211110130,17,59861,11123,11320,1130,1150,1130.0,1132.0,2.6666666666666665,5.111111111111111,36.0,1130.0,1130.0,0.0,2192,1096,1096,1096.0,1096.0,0.0,-3.0,0.0,1096.0,1096.0,0.0,1634046397.367213,0.000648021697998,19.506568908691403
5627,0,1,0,0,3,2,1096,2211110130,1130,64,1116,17,59861,29483,4,0,0,43,15,2211110130,17,59861,11123,12450,1130,1150,1130.0,1131.8181818181818,2.8460498941515744,6.100000000000124,33.05785123966942,1130.0,1130.0,0.0,3288,1096,1096,1096.0,1096.0,0.0,-3.0,0.0,1096.0,1096.0,0.0,1634046397.367213,0.0,19.506568908691403
5628,0,1,0,0,3,2,1096,2211110130,1130,64,1116,17,59861,29483,4,0,0,43,15,2211110130,17,59861,11123,13580,1130,1150,1130.0,1131.6666666666667,3.015113445777593,7.090909090908916,30.555555555555568,1130.0,1130.0,0.0,4384,1096,1096,1096.0,1096.0,0.0,-3.0,0.0,1096.0,1096.0,0.0,1634046397.367213,0.0,19.506568908691403
5629,0,1,0,0,3,2,1096,2211110130,1130,64,1116,17,59861,29483,4,0,0,43,15,2211110130,17,59861,11123,14710,1130,1150,1130.0,1131.5384615384614,3.1754264805429995,8.083333333333577,28.40236686390534,1130.0,1130.0,0.0,5480,1096,1096,1096.0,1096.0,0.0,-3.0,0.0,1096.0,1096.0,0.0,1634046397.367213,0.0,19.506568908691403
5630,0,1,0,0,3,2,1096,2211110130,1130,64,1116,17,59861,29483,4,0,0,43,15,2211110130,17,59861,11123,15840,1130,1150,1130.0,1131.428571428571,3.3282011773514317,9.07692307692333,26.530612244897952,1130.0,1130.0,0.0,6576,1096,1096,1096.0,1096.0,0.0,-3.0,0.0,1096.0,1096.0,0.0,1634046397.367213,0.0,19.506568908691403
5631,0,1,0,0,3,2,1096,2211110130,1130,64,1116,17,59861,29483,4,0,0,43,15,2211110130,17,59861,11123,16970,1130,1150,1130.0,1131.3333333333333,3.474396144861561,10.071428571428772,24.888888888888903,1130.0,1130.0,0.0,7672,1096,1096,1096.0,1096.0,0.0,-3.0,0.0,1096.0,1096.0,0.0,1634046397.367726,0.0005130767822265,19.50708198547363
5632,0,1,0,0,3,2,1096,2211110130,1130,64,1116,17,59861,29483,4,0,0,43,15,2211110130,17,59861,11123,18100,1130,1150,1130.0,1131.25,3.614784456460256,11.066666666666666,23.4375,1130.0,1130.0,0.0,8768,1096,1096,1096.0,1096.0,0.0,-3.0,0.0,1096.0,1096.0,0.0,1634046397.367726,0.0,19.50708198547363
5633,0,1,0,0,3,2,1096,2211110130,1130,64,1116,17,59861,29483,4,0,0,43,15,2211110130,17,59861,11123,19230,1130,1150,1130.0,1131.1764705882354,3.749999999999957,12.06249999999979,22.14532871972318,1130.0,1130.0,0.0,9864,1096,1096,1096.0,1096.0,0.0,-3.0,0.0,1096.0,1096.0,0.0,1634046397.367726,0.0,19.50708198547363
5634,0,1,0,0,3,2,1096,2211110130,1130,64,1116,17,59861,29483,4,0,0,43,15,2211110130,17,59861,11123,20360,1130,1150,1130.0,1131.111111111111,3.880570000581343,13.058823529411846,20.98765432098766,1130.0,1130.0,0.0,10960,1096,1096,1096.0,1096.0,0.0,-3.0,0.0,1096.0,1096.0,0.0,1634046397.368234,0.0005078315734863,19.507589817047116
5635,0,1,0,0,3,2,1096,2211110130,1130,64,1116,17,59861,29483,4,0,0,43,15,2211110130,17,59861,11123,21490,1130,1150,1130.0,1131.0526315789473,4.006938426723828,14.055555555555864,19.944598337950133,1130.0,1130.0,0.0,12056,1096,1096,1096.0,1096.0,0.0,-3.0,0.0,1096.0,1096.0,0.0,1634046397.368234,0.0,19.507589817047116
5636,0,1,0,0,3,2,1096,2211110130,1130,64,1116,17,59861,29483,4,0,0,43,15,2211110130,17,59861,11123,22620,1130,1150,1130.0,1131.0,4.129483209670112,15.05263157894737,19.0,1130.0,1130.0,0.0,13152,1096,1096,1096.0,1096.0,0.0,-3.0,0.0,1096.0,1096.0,0.0,1634046397.368234,0.0,19.507589817047116
5637,0,1,0,0,3,2,1096,2211110130,1130,64,1116,17,59861,29483,4,0,0,43,15,2211110130,17,59861,11123,1130,1130,1130,1130.0,1130.0,0.0,-3.0,0.0,1130.0,1130.0,0.0,14248,1096,1096,1096.0,1096.0,0.0,-3.0,0.0,1096.0,1096.0,0.0,1634046397.368234,0.0,19.507589817047116
5638,0,1,0,0,3,2,1096,2211110130,1130,64,1116,17,59861,29483,4,0,0,43,15,2211110130,17,59861,11123,2260,1130,1130,1130.0,1130.0,0.0,-3.0,0.0,1130.0,1130.0,0.0,15344,1096,1096,1096.0,1096.0,0.0,-3.0,0.0,1096.0,1096.0,0.0,1634046397.368757,0.0005230903625488,19.508112907409664
5639,0,1,0,0,3,2,1096,2211110130,1130,64,1116,17,59861,29483,4,0,0,43,15,2211110130,17,59861,11123,3390,1130,1130,1130.0,1130.0,0.0,-3.0,0.0,1130.0,1130.0,0.0,16440,1096,1096,1096.0,1096.0,0.0,-3.0,0.0,1096.0,1096.0,0.0,1634046397.368757,0.0,19.508112907409664
5640,0,1,0,0,3,2,1096,2211110130,1130,64,1116,17,59861,29483,4,0,0,43,15,2211110130,17,59861,11123,4520,1130,1130,1130.0,1130.0,0.0,-3.0,0.0,1130.0,1130.0,0.0,17536,1096,1096,1096.0,1096.0,0.0,-3.0,0.0,1096.0,1096.0,0.0,1634046397.368757,0.0,19.508112907409664
5641,0,1,0,0,3,2,1096,2211110130,1130,64,1116,17,59861,29483,4,0,0,43,15,2211110130,17,59861,11123,5650,1130,1130,1130.0,1130.0,0.0,-3.0,0.0,1130.0,1130.0,0.0,18632,1096,1096,1096.0,1096.0,0.0,-3.0,0.0,1096.0,1096.0,0.0,1634046397.369317,0.0005600452423095,19.508672952651974
5642,0,1,0,0,3,2,1096,2211110130,1130,64,1116,17,59861,29483,4,0,0,43,15,2211110130,17,59861,11123,6780,1130,1130,1130.0,1130.0,0.0,-3.0,0.0,1130.0,1130.0,0.0,19728,1096,1096,1096.0,1096.0,0.0,-3.0,0.0,1096.0,1096.0,0.0,1634046397.369317,0.0,19.508672952651974
5643,0,1,0,0,3,2,1116,2211110130,1150,64,1136,17,59861,29483,4,0,0,43,15,2211110130,17,59861,11123,7930,1130,1150,1130.0,1132.857142857143,2.041241452319302,2.1666666666666297,48.97959183673469,1130.0,1130.0,0.0,20844,1096,1116,1096.0,1097.0526315789473,4.006938426723826,14.05555555555586,19.944598337950136,1096.0,1096.0,0.0,1634046397.369317,0.0,19.508672952651974
5644,0,1,0,0,3,2,1096,2211110130,1130,64,1116,17,59861,29483,4,0,0,43,15,2211110130,17,59861,11123,9060,1130,1150,1130.0,1132.5,2.2677868380553634,3.1428571428571432,43.75,1130.0,1130.0,0.0,21940,1096,1116,1096.0,1097.0,4.129483209670112,15.05263157894737,19.0,1096.0,1096.0,0.0,1634046397.369317,0.0,19.508672952651974
5645,0,1,0,0,3,2,530,2211110130,564,64,550,17,59861,29483,4,0,0,43,15,2211110130,17,59861,11123,9624,564,1150,1130.0,1069.3333333333333,-2.4689658878116805,4.108736734550846,31959.11111111111,1130.0,1130.0,0.0,530,530,530,530.0,530.0,0.0,-3.0,0.0,530.0,530.0,0.0,1634046397.369317,0.0,19.508672952651974
5646,0,1,0,0,3,2,408,2211110130,442,64,428,17,59861,29483,4,0,0,43,15,2211110130,17,59861,11123,10066,442,1150,1130.0,1006.6,-1.5410687394725917,0.4480164825181498,64182.44,1130.0,1130.0,0.0,938,408,530,469.0,469.0,0.0,-2.0,3721.0,499.5,438.5,61.0,1634046397.369317,0.0,19.508672952651974
5647,0,1,0,0,3,2,1096,2211110130,1130,64,1116,17,59861,29483,4,0,0,43,15,2211110130,17,59861,11123,11196,442,1150,1130.0,1017.818181818182,-1.6915759151020235,0.9385181529586012,59606.14876033059,1130.0,1130.0,0.0,2034,408,1096,530.0,678.0,0.6202657636321679,-1.5000000000000002,89842.66666666667,813.0,469.0,344.0,1634046397.369317,0.0,19.508672952651974
5648,0,1,0,0,3,2,1096,2211110130,1130,64,1116,17,59861,29483,4,0,0,43,15,2211110130,17,59861,11123,12326,442,1150,1130.0,1027.1666666666667,-1.8311974963470852,1.434510103124821,55600.30555555554,1130.0,1130.0,0.0,3130,408,1096,813.0,782.5,-0.0552152705221245,-1.926721562786837,100142.75,1096.0,499.5,596.5,1634046397.369915,0.0005979537963867,19.50927090644836
5649,0,1,0,0,3,2,1096,2211110130,1130,64,1116,17,59861,29483,4,0,0,43,15,2211110130,17,59861,11123,13456,442,1150,1130.0,1035.076923076923,-1.961890589702912,1.9345000366350344,52074.224852071,1130.0,1130.0,0.0,4226,408,1096,1096.0,845.2,-0.4553916808094955,-1.731085298338221,95839.36,1096.0,530.0,566.0,1634046397.371224,0.0013089179992675,19.51057982444763
5650,0,1,0,0,3,2,263,2211110130,297,64,283,17,59861,29483,4,0,0,43,15,2211110130,17,59861,11123,13753,297,1150,1130.0,982.3571428571428,-1.5009355145773893,0.4229599534286663,84486.51530612246,1130.0,1130.0,0.0,4489,263,1096,813.0,748.1666666666666,-0.1389106370428206,-1.8108515496088768,126943.47222222223,1096.0,438.5,657.5,1634046397.371224,0.0,19.51057982444763
5651,0,1,0,0,3,2,56,2211110130,90,64,76,17,59861,29483,4,0,0,43,15,2211110130,17,59861,11123,13843,90,1150,1130.0,922.8666666666668,-1.2746559366704946,-0.0654327071553746,128401.71555555557,1130.0,847.0,283.0,4545,56,1096,530.0,649.2857142857143,-0.0308158615262566,-1.6287562981089638,167473.34693877547,1096.0,335.5,760.5,1634046397.373146,0.0019221305847167,19.512501955032345
5652,0,1,0,0,3,2,408,2211110130,442,64,428,17,59861,29483,4,0,0,43,15,2211110130,17,59861,11123,14285,90,1150,1130.0,892.8125,-1.0166943318016053,-0.6592808054665555,133925.40234375,1130.0,533.5,596.5,4953,56,1096,469.0,619.125,0.1715768436133458,-1.5253446301223352,152906.859375,1096.0,371.75,724.25,1634046397.373146,0.0,19.512501955032345
5653,0,1,0,0,3,2,1096,2211110130,1130,64,1116,17,59861,29483,4,0,0,43,15,2211110130,17,59861,11123,15415,90,1150,1130.0,906.7647058823528,-1.109921796391475,-0.4570127414547889,129162.06228373705,1130.0,564.0,566.0,6049,56,1096,530.0,672.1111111111111,-0.0659320451780885,-1.620666072569408,158377.43209876542,1096.0,408.0,688.0,1634046397.373146,0.0,19.512501955032345
5654,0,1,0,0,3,2,1096,2211110130,1130,64,1116,17,59861,29483,4,0,0,43,15,2211110130,17,59861,11123,16545,90,1150,1130.0,919.1666666666666,-1.1977329905874574,-0.2494426462559875,124601.13888888888,1130.0,705.5,424.5,7145,56,1096,813.0,714.5,-0.259100769609024,-1.593421799133189,158711.05,1096.0,408.0,688.0,1634046397.373705,0.000558853149414,19.51306080818176
5655,0,1,0,0,3,2,1096,2211110130,1130,64,1116,17,59861,29483,4,0,0,43,15,2211110130,17,59861,11123,17675,90,1150,1130.0,930.2631578947368,-1.2808924794886032,-0.037674187077028,120259.56232686978,1130.0,847.0,283.0,8241,56,1096,1096.0,749.1818181818181,-0.4231536334425187,-1.500660959545061,156311.05785123963,1096.0,408.0,688.0,1634046397.373705,0.0,19.51306080818176
5656,0,1,0,0,3,2,1096,2211110130,1130,64,1116,17,59861,29483,4,0,0,43,15,2211110130,17,59861,11123,18805,90,1150,1130.0,940.25,-1.3600084595542736,0.1774753859448417,116141.5875,1130.0,988.5,141.5,9337,56,1096,1096.0,778.0833333333334,-0.5666901476974125,-1.3688136521559362,152473.40972222225,1096.0,408.0,688.0,1634046397.373705,0.0,19.51306080818176
5657,0,1,0,0,3,2,556,2211110130,590,64,576,17,59861,29483,4,0,0,43,15,2211110130,17,59861,11123,590,590,590,590.0,590.0,0.0,-3.0,0.0,590.0,590.0,0.0,9893,56,1096,1096.0,761.0,-0.4488290865427525,-1.401549103912484,144246.76923076922,1096.0,408.0,688.0,1634046397.373705,0.0,19.51306080818176
5658,0,1,0,0,3,2,1096,2211110130,1130,64,1116,17,59861,29483,4,0,0,43,15,2211110130,17,59861,11123,1720,590,1130,860.0,860.0,0.0,-2.0,72900.0,995.0,725.0,270.0,10989,56,1096,1096.0,784.9285714285714,-0.5701366851410975,-1.289256359426002,141386.92346938775,1096.0,438.5,657.5,1634046397.374392,0.0006871223449707,19.51374793052673
5659,0,1,0,0,3,2,1096,2211110130,1130,64,1116,17,59861,29483,4,0,0,43,15,2211110130,17,59861,11123,2850,590,1130,1130.0,950.0,-0.7071067811865475,-1.5,64800.0,1130.0,860.0,270.0,12085,56,1096,1096.0,805.6666666666666,-0.6804526944387104,-1.1575023880684003,137982.0888888889,1096.0,469.0,627.0,1634046397.374392,0.0,19.51374793052673
5660,0,1,0,0,3,2,1096,2211110130,1130,64,1116,17,59861,29483,4,0,0,43,15,2211110130,17,59861,11123,3980,590,1130,1130.0,995.0,-1.1547005383792517,-0.6666666666666665,54675.0,1130.0,995.0,135.0,13181,56,1096,1096.0,823.8125,-0.7819479000012556,-1.0117888349431634,134297.27734375,1096.0,499.5,596.5,1634046397.374392,0.0,19.51374793052673
5661,0,1,0,0,3,2,1096,2211110130,1130,64,1116,17,59861,29483,4,0,0,43,15,2211110130,17,59861,11123,5110,590,1130,1130.0,1022.0,-1.5,0.25,46656.0,1130.0,1130.0,0.0,14277,56,1096,1096.0,839.8235294117648,-0.8762034713497023,-0.8557235306043833,130499.08650519034,1096.0,530.0,566.0,1634046397.374915,0.0005228519439697,19.5142707824707
5662,0,1,0,0,3,2,988,2211110130,1022,64,1008,17,59861,29483,4,0,0,43,15,2211110130,17,59861,11123,6132,590,1130,1130.0,1022.0,-1.6431676725154984,0.8999999999999999,38880.0,1130.0,1049.0,81.0,15265,56,1096,1096.0,848.0555555555555,-0.9550232338314972,-0.6838239964104633,124401.16358024694,1096.0,536.5,559.5,1634046397.374915,0.0,19.5142707824707
5663,0,1,0,0,3,2,408,2211110130,442,64,428,17,59861,29483,4,0,0,43,15,2211110130,17,59861,11123,6574,442,1130,1130.0,939.1428571428572,-0.9624993379483642,-0.9084648279235754,74517.55102040817,1130.0,806.0,324.0,15673,56,1096,1096.0,824.8947368421053,-0.7755283293317982,-1.016472689597408,127509.3573407202,1096.0,469.0,627.0,1634046397.374915,0.0,19.5142707824707
5664,0,1,0,0,3,2,60,2211110130,94,64,80,17,59861,29483,4,0,0,43,15,2211110130,17,59861,11123,6668,94,1130,1076.0,833.5,-0.847492632093963,-0.8200992912469207,143325.75,1130.0,553.0,577.0,15733,56,1096,1096.0,786.65,-0.6747480368572978,-1.1734286062040618,148924.4275,1096.0,408.0,688.0,1634046397.413127,0.0382120609283447,19.552482843399044
5665,0,1,0,0,2,3,60,3232270721,94,47,80,17,29483,59861,4,0,0,43,15,2211110130,17,59861,11123,6762,94,1130,1022.0,751.3333333333334,-0.5246329134895604,-1.4103516613847171,181411.5555555556,1130.0,442.0,688.0,60,60,60,60.0,60.0,0.0,-3.0,0.0,60.0,60.0,0.0,1634046397.414307,0.0011801719665527,19.553663015365597
5666,0,1,0,0,2,3,60,3232270721,94,47,80,17,29483,59861,4,0,0,43,15,2211110130,17,59861,11123,6856,94,1130,806.0,685.6,-0.2721433520718887,-1.6789093699821018,202158.24,1130.0,181.0,949.0,120,60,60,60.0,60.0,0.0,-3.0,0.0,60.0,60.0,0.0,1634046397.426841,0.0125339031219482,19.566196918487545
5667,0,1,0,0,3,2,1096,2211110130,1130,64,1116,17,59861,29483,4,0,0,43,15,2211110130,17,59861,11123,7986,94,1130,1022.0,726.0,-0.4337698131748127,-1.5779483565587726,200101.81818181815,1130.0,268.0,862.0,1216,60,1096,60.0,405.3333333333333,0.7071067811865478,-1.5,238510.22222222225,578.0,60.0,518.0,1634046397.436571,0.0097298622131347,19.57592678070068
5668,0,1,0,0,3,2,1096,2211110130,1130,64,1116,17,59861,29483,4,0,0,43,15,2211110130,17,59861,11123,9116,94,1130,1076.0,759.6666666666666,-0.5757611723602869,-1.4415755477092855,195894.5555555556,1130.0,355.0,775.0,2312,60,1096,578.0,578.0,0.0,-2.0,268324.0,1096.0,60.0,1036.0,1634046397.436571,0.0,19.57592678070068
5669,0,1,0,0,3,2,1096,2211110130,1130,64,1116,17,59861,29483,4,0,0,43,15,2211110130,17,59861,11123,10246,94,1130,1130.0,788.1538461538462,-0.7030119198323658,-1.2820690024877934,190563.97633136096,1130.0,442.0,688.0,3408,60,1096,1096.0,681.6,-0.4082482904638631,-1.8333333333333333,257591.04000000004,1096.0,60.0,1036.0,1634046397.436571,0.0,19.57592678070068
5670,0,1,0,0,3,2,1096,2211110130,1130,64,1116,17,59861,29483,4,0,0,43,15,2211110130,17,59861,11123,11376,94,1130,1130.0,812.5714285714286,-0.8187963575438274,-1.1066406088445158,184703.1020408164,1130.0,479.0,651.0,4504,60,1096,1096.0,750.6666666666666,-0.707106781186547,-1.5000000000000009,238510.22222222228,1096.0,319.0,777.0,1634046397.436571,0.0,19.57592678070068
5671,0,1,0,0,3,2,1096,2211110130,1130,64,1116,17,59861,29483,4,0,0,43,15,2211110130,17,59861,11123,12506,94,1130,1130.0,833.7333333333333,-0.9254023563308044,-0.919795284463564,178659.12888888887,1130.0,516.0,614.0,5600,60,1096,1096.0,800.0,-0.948683298050514,-1.1,219040.0,1096.0,578.0,518.0,1634046397.436571,0.0,19.57592678070068
5672,0,1,0,0,3,2,517,2211110130,551,64,537,17,59861,29483,4,0,0,43,15,2211110130,17,59861,11123,13057,94,1130,1130.0,816.0625,-0.8089535499875303,-1.035411314505432,172176.80859375,1130.0,523.75,606.25,6117,60,1096,1096.0,764.625,-0.742455246337197,-1.2664472100061954,200419.734375,1096.0,402.75,693.25,1634046397.436571,0.0,19.57592678070068
5673,0,1,0,0,3,2,1116,2211110130,1150,64,1136,17,59861,29483,4,0,0,43,15,2211110130,17,59861,11123,14207,94,1150,1130.0,835.7058823529412,-0.9004115905554989,-0.8784515384716491,168222.56055363323,1130.0,551.0,579.0,7233,60,1116,1096.0,803.6666666666666,-0.9241766360460392,-0.9621836953122282,190344.88888888888,1096.0,517.0,579.0,1634046397.437142,0.0005710124969482,19.57649779319763
5674,0,1,0,0,3,2,408,2211110130,442,64,428,17,59861,29483,4,0,0,43,15,2211110130,17,59861,11123,14649,94,1150,1130.0,813.8333333333334,-0.7486245297877328,-1.0967200350331794,167009.80555555556,1130.0,469.25,660.75,7641,60,1116,1096.0,764.1,-0.6663988621529354,-1.2912088525618917,185400.09,1096.0,435.25,660.75,1634046397.437142,0.0,19.57649779319763
5675,0,1,0,0,3,2,1096,2211110130,1130,64,1116,17,59861,29483,4,0,0,43,15,2211110130,17,59861,11123,15779,94,1150,1130.0,830.4736842105264,-0.8325874240020442,-0.9650780285787248,163204.03878116343,1130.0,496.5,633.5,8737,60,1116,1096.0,794.2727272727273,-0.8166303131513162,-1.070026488019833,177649.47107438018,1096.0,462.5,633.5,1634046397.437142,0.0,19.57649779319763
5676,0,1,0,0,3,2,1096,2211110130,1130,64,1116,17,59861,29483,4,0,0,43,15,2211110130,17,59861,11123,16909,94,1150,1130.0,845.45,-0.9116591095282534,-0.8268059863158035,159305.3475,1130.0,523.75,606.25,9833,60,1116,1096.0,819.4166666666666,-0.951650871569617,-0.8296275438082681,169799.74305555553,1096.0,489.75,606.25,1634046397.437142,0.0,19.57649779319763
5677,0,1,0,0,3,2,1096,2211110130,1130,64,1116,17,59861,29483,4,0,0,43,15,2211110130,17,59861,11123,1130,1130,1130,1130.0,1130.0,0.0,-3.0,0.0,1130.0,1130.0,0.0,10929,60,1116,1096.0,840.6923076923077,-1.074885300753042,-0.5761181628858654,162170.05917159765,1096.0,517.0,579.0,1634046397.439379,0.0022370815277099,19.57873487472534
5678,0,1,0,0,3,2,1096,2211110130,1130,64,1116,17,59861,29483,4,0,0,43,15,2211110130,17,59861,11123,2260,1130,1130,1130.0,1130.0,0.0,-3.0,0.0,1130.0,1130.0,0.0,12025,60,1116,1096.0,858.9285714285714,-1.1886966858725612,-0.3132658826456143,154909.7806122449,1096.0,661.75,434.25,1634046397.439379,0.0,19.57873487472534
5679,0,1,0,0,3,2,1096,2211110130,1130,64,1116,17,59861,29483,4,0,0,43,15,2211110130,17,59861,11123,3390,1130,1130,1130.0,1130.0,0.0,-3.0,0.0,1130.0,1130.0,0.0,13121,60,1116,1096.0,874.7333333333333,-1.2947850036507262,-0.0435211531626391,148079.52888888886,1096.0,806.5,289.5,1634046397.439379,0.0,19.57873487472534
5680,0,1,0,0,3,2,1096,2211110130,1130,64,1116,17,59861,29483,4,0,0,43,15,2211110130,17,59861,11123,4520,1130,1130,1130.0,1130.0,0.0,-3.0,0.0,1130.0,1130.0,0.0,14217,60,1116,1096.0,888.5625,-1.394414955720552,0.231453473674116,141693.24609375,1096.0,951.25,144.75,1634046397.439379,0.0,19.57873487472534
5681,0,1,0,0,3,2,511,2211110130,545,64,531,17,59861,29483,4,0,0,43,15,2211110130,17,59861,11123,5065,545,1130,1130.0,1013.0,-1.5,0.25,54756.0,1130.0,1130.0,0.0,14728,60,1116,1096.0,866.3529411764706,-1.2007150417226728,-0.1844118904152023,141250.5813148789,1096.0,517.0,579.0,1634046397.439379,0.0,19.57873487472534
5682,0,1,0,0,3,2,408,2211110130,442,64,428,17,59861,29483,4,0,0,43,15,2211110130,17,59861,11123,5507,442,1130,1130.0,917.8333333333334,-0.7378738088492113,-1.4131892046464414,90913.47222222223,1130.0,691.25,438.75,15136,60,1116,1096.0,840.8888888888889,-0.9929633450177708,-0.6320314560243121,144426.43209876542,1096.0,512.5,583.5,1634046397.460819,0.0214400291442871,19.600174903869625
5683,0,1,0,0,3,2,1104,2211110130,1138,64,1124,17,59861,29483,4,0,0,43,15,2211110130,17,59861,11123,6645,442,1138,1130.0,949.2857142857144,-0.978230327885659,-0.9997078691687652,83861.3469387755,1130.0,837.5,292.5,16240,60,1116,1096.0,854.7368421052631,-1.075475289822068,-0.4583041781982357,140276.82548476453,1096.0,514.0,582.0,1634046397.481573,0.0207540988922119,19.620929002761837
5684,0,1,0,0,3,2,1096,2211110130,1130,64,1116,17,59861,29483,4,0,0,43,15,2211110130,17,59861,11123,7775,442,1138,1130.0,971.875,-1.1840862156570444,-0.5528817821720531,76950.609375,1130.0,983.75,146.25,17336,60,1116,1096.0,866.8,-1.154105735229626,-0.2784603499868616,136027.86,1096.0,515.5,580.5,1634046397.482739,0.0011658668518066,19.622094869613644
5685,0,1,0,0,3,2,1096,2211110130,1130,64,1116,17,59861,29483,4,0,0,43,15,2211110130,17,59861,11123,8905,442,1138,1130.0,989.4444444444443,-1.3658396201264786,-0.0872629067394075,70870.02469135803,1130.0,1130.0,0.0,1096,1096,1096,1096.0,1096.0,0.0,-3.0,0.0,1096.0,1096.0,0.0,1634046397.484811,0.0020720958709716,19.624166965484616
5686,0,1,0,0,3,2,1096,2211110130,1130,64,1116,17,59861,29483,4,0,0,43,15,2211110130,17,59861,11123,10035,442,1138,1130.0,1003.5,-1.5298579921636828,0.39012410737545,65561.05,1130.0,1130.0,0.0,2192,1096,1096,1096.0,1096.0,0.0,-3.0,0.0,1096.0,1096.0,0.0,1634046397.484811,0.0,19.624166965484616
5687,0,1,0,0,3,2,1096,2211110130,1130,64,1116,17,59861,29483,4,0,0,43,15,2211110130,17,59861,11123,11165,442,1138,1130.0,1015.0,-1.6802050603392298,0.8753677502722921,60923.454545454544,1130.0,1130.0,0.0,3288,1096,1096,1096.0,1096.0,0.0,-3.0,0.0,1096.0,1096.0,0.0,1634046397.484811,0.0,19.624166965484616
5688,0,1,0,0,3,2,376,2211110130,410,64,396,17,59861,29483,4,0,0,43,15,2211110130,17,59861,11123,11575,410,1138,1130.0,964.5833333333334,-1.1874955823668136,-0.5432417556068985,83806.74305555556,1130.0,983.75,146.25,3664,376,1096,1096.0,916.0,-1.1547005383792517,-0.6666666666666665,97200.0,1096.0,916.0,180.0,1634046397.484811,0.0,19.624166965484616
5689,0,1,0,0,2,3,60,3232270721,94,47,80,17,29483,59861,4,0,0,43,15,2211110130,17,59861,11123,11669,94,1138,1130.0,897.6153846153846,-1.0670638998262432,-0.5019101376772119,131176.54437869822,1130.0,545.0,585.0,3724,60,1096,1096.0,744.8,-0.5605666603666946,-1.5059271936143537,194997.76,1096.0,376.0,720.0,1634046397.496249,0.0114378929138183,19.635604858398434
5690,0,1,0,0,3,2,408,2211110130,442,64,428,17,59861,29483,4,0,0,43,15,2211110130,17,59861,11123,12111,94,1138,1130.0,865.0714285714286,-0.8125015127062152,-0.9951513456119484,135575.20918367346,1130.0,467.75,662.25,4132,60,1096,752.0,688.6666666666666,-0.2178795690974665,-1.6647851092815382,178252.88888888888,1096.0,384.0,712.0,1634046397.496945,0.0006959438323974,19.63630080223083
5691,0,1,0,0,3,2,1096,2211110130,1130,64,1116,17,59861,29483,4,0,0,43,15,2211110130,17,59861,11123,13241,94,1138,1130.0,882.7333333333333,-0.9196752560195188,-0.8084422541676166,130904.06222222224,1130.0,493.5,636.5,5228,60,1096,1096.0,746.8571428571429,-0.4834092181168616,-1.5025117909864951,173104.97959183672,1096.0,392.0,704.0,1634046397.51983,0.0228850841522216,19.659185886383053
5692,0,1,0,0,3,2,1096,2211110130,1130,64,1116,17,59861,29483,4,0,0,43,15,2211110130,17,59861,11123,14371,94,1138,1130.0,898.1875,-1.0191994941780924,-0.6124926904661545,126305.02734375,1130.0,519.25,610.75,6324,60,1096,1096.0,790.5,-0.6995981407210495,-1.2545436393441178,164799.75,1096.0,400.0,696.0,1634046397.525364,0.0055339336395263,19.66471982002258
5693,0,1,0,0,3,2,1096,2211110130,1130,64,1116,17,59861,29483,4,0,0,43,15,2211110130,17,59861,11123,15501,94,1138,1130.0,911.8235294117648,-1.112350690473903,-0.409540258579129,121850.3806228374,1130.0,545.0,585.0,7420,60,1096,1096.0,824.4444444444445,-0.8842721706001614,-0.962237312811768,155706.46913580247,1096.0,408.0,688.0,1634046397.525364,0.0,19.66471982002258
5694,0,1,0,0,3,2,759,2211110130,793,64,779,17,59861,29483,4,0,0,43,15,2211110130,17,59861,11123,16294,94,1138,1130.0,905.2222222222222,-1.0778016599173883,-0.3771918753711585,115821.72839506174,1130.0,607.0,523.0,8179,60,1096,1096.0,817.9,-0.8764239401353393,-0.8111634729680688,140521.28999999998,1096.0,495.75,600.25,1634046397.52592,0.0005559921264648,19.665275812149044
5695,0,1,0,0,2,3,60,3232270721,94,47,80,17,29483,59861,4,0,0,43,15,2211110130,17,59861,11123,16388,94,1138,1130.0,862.5263157894736,-0.9293020092803148,-0.7348223615384599,142538.7756232687,1130.0,493.5,636.5,8239,60,1096,1096.0,749.0,-0.6135630873904024,-1.3104578067405777,175218.72727272726,1096.0,392.0,704.0,1634046397.5262,0.0002801418304443,19.66555595397949
5696,0,1,0,0,3,2,60,2211110130,94,64,80,17,59861,29483,4,0,0,43,15,2211110130,17,59861,11123,16482,94,1138,1130.0,824.1,-0.7762627097950717,-1.0604557211096468,163466.88999999998,1130.0,442.0,688.0,8299,60,1096,927.5,691.5833333333334,-0.3938559357720044,-1.5934201177418967,196880.5763888889,1096.0,297.0,799.0,1634046397.534939,0.0087389945983886,19.674294948577877
5697,0,1,0,0,3,2,408,2211110130,442,64,428,17,59861,29483,4,0,0,43,15,2211110130,17,59861,11123,442,442,442,442.0,442.0,0.0,-3.0,0.0,442.0,442.0,0.0,8707,60,1096,759.0,669.7692307692307,-0.2616837230539187,-1.6214500212905631,187446.1775147929,1096.0,376.0,720.0,1634046397.534939,0.0,19.674294948577877
5698,0,1,0,0,2,3,56,3232270721,90,47,76,17,29483,59861,4,0,0,43,15,2211110130,17,59861,11123,532,90,442,266.0,266.0,0.0,-2.0,30976.0,354.0,178.0,176.0,8763,56,1096,583.5,625.9285714285714,-0.1123009871362045,-1.7110523111580334,199043.20918367343,1096.0,139.0,957.0,1634046397.537862,0.0029230117797851,19.677217960357662
5699,0,1,0,0,2,3,52,3232270721,86,47,72,17,29483,59861,4,0,0,43,15,2211110130,17,59861,11123,618,86,442,90.0,206.0,0.7068021226681264,-1.5,27850.666666666668,266.0,88.0,178.0,8815,52,1096,408.0,587.6666666666666,0.0194474820957368,-1.745867194839615,206269.28888888887,1096.0,60.0,1036.0,1634046397.53789,2.789497375488281e-05,19.677245855331417
5700,0,1,0,0,2,3,60,3232270721,94,47,80,17,29483,59861,4,0,0,43,15,2211110130,17,59861,11123,712,86,442,92.0,178.0,1.153508230493627,-0.6675843477178938,23240.0,181.0,89.0,92.0,8875,52,1096,408.0,554.6875,0.1385905692147743,-1.7433473945370894,209691.83984375,1096.0,60.0,1036.0,1634046397.557965,0.0200750827789306,19.697320938110348
5701,0,1,0,0,3,2,56,2211110130,90,64,76,17,59861,29483,4,0,0,43,15,2211110130,17,59861,11123,802,86,442,90.0,160.4,1.498789912737264,0.2483868106845563,19831.040000000005,94.0,90.0,4.0,8931,52,1096,408.0,525.3529411764706,0.2456980895018396,-1.713384233796627,211125.28719723184,1096.0,60.0,1036.0,1634046397.561527,0.0035619735717773,19.700882911682125
5702,0,1,0,0,3,2,1096,2211110130,1130,64,1116,17,59861,29483,4,0,0,43,15,2211110130,17,59861,11123,1932,86,1130,92.0,322.0,1.4158490338442546,0.3739781102130517,147098.66666666666,355.0,90.0,265.0,10027,52,1096,408.0,557.0555555555555,0.1212546701526144,-1.77947504370125,216482.05246913584,1096.0,60.0,1036.0,1634046397.561527,0.0,19.700882911682125
5703,0,1,0,0,3,2,1096,2211110130,1130,64,1116,17,59861,29483,4,0,0,43,15,2211110130,17,59861,11123,3062,86,1130,94.0,437.4285714285714,0.7586315172502229,-1.255169724046137,206027.10204081636,786.0,90.0,696.0,11123,52,1096,408.0,585.421052631579,0.0107104459919851,-1.8085094900506389,219571.0858725762,1096.0,60.0,1036.0,1634046397.562238,0.0007109642028808,19.701593875885006
5704,0,1,0,0,3,2,1096,2211110130,1130,64,1116,17,59861,29483,4,0,0,43,15,2211110130,17,59861,11123,4192,86,1130,268.0,524.0,0.3785864849746403,-1.7386467388176832,232736.0,1130.0,90.0,1040.0,12219,52,1096,583.5,610.95,-0.0889367599215897,-1.8112214797799644,220975.3475,1096.0,60.0,1036.0,1634046397.562238,0.0,19.701593875885006
5705,0,1,0,0,3,2,1096,2211110130,1130,64,1116,17,59861,29483,4,0,0,43,15,2211110130,17,59861,11123,5322,86,1130,442.0,591.3333333333334,0.1091812045390089,-1.8911529485228264,243146.66666666663,1130.0,90.0,1040.0,1096,1096,1096,1096.0,1096.0,0.0,-3.0,0.0,1096.0,1096.0,0.0,1634046397.562238,0.0,19.701593875885006
5706,0,1,0,0,3,2,1116,2211110130,1150,64,1136,17,59861,29483,4,0,0,43,15,2211110130,17,59861,11123,6472,86,1150,786.0,647.2,-0.1005774998520387,-1.903319247585756,246921.76,1130.0,91.0,1039.0,2212,1096,1116,1106.0,1106.0,0.0,-2.0,100.0,1111.0,1101.0,10.0,1634046397.564823,0.0025849342346191,19.704178810119625
5707,0,1,0,0,3,2,1096,2211110130,1130,64,1116,17,59861,29483,4,0,0,43,15,2211110130,17,59861,11123,7602,86,1150,1130.0,691.0909090909091,-0.275620068712935,-1.843133178544469,243738.44628099172,1130.0,92.0,1038.0,3308,1096,1116,1096.0,1102.6666666666667,0.7071067811865236,-1.5000000000000222,88.88888888888887,1106.0,1096.0,10.0,1634046397.564823,0.0,19.704178810119625
5708,0,1,0,0,3,2,945,2211110130,979,64,965,17,59861,29483,4,0,0,43,15,2211110130,17,59861,11123,8581,86,1150,1054.5,715.0833333333334,-0.4082864891284984,-1.7290133403460817,229758.90972222225,1130.0,93.0,1037.0,4253,945,1116,1096.0,1063.25,-1.1047439958048757,-0.7006710666436247,4727.6875,1101.0,1058.25,42.75,1634046397.564823,0.0,19.704178810119625
5709,0,1,0,0,3,2,1096,2211110130,1130,64,1116,17,59861,29483,4,0,0,43,15,2211110130,17,59861,11123,9711,86,1150,1130.0,747.0,-0.5414517306299449,-1.6050858997779875,224309.2307692308,1130.0,94.0,1036.0,5349,945,1116,1096.0,1069.8,-1.4409819593295934,0.1799876709519812,3953.76,1096.0,1096.0,0.0,1634046397.565912,0.0010890960693359,19.70526790618896
5710,0,1,0,0,3,2,1096,2211110130,1130,64,1116,17,59861,29483,4,0,0,43,15,2211110130,17,59861,11123,10841,86,1150,1130.0,774.3571428571429,-0.6612513221624553,-1.4621719375068265,218016.51530612243,1130.0,181.0,949.0,6445,945,1116,1096.0,1074.1666666666667,-1.7226255355817506,1.09419221068178,3390.1388888888887,1096.0,1096.0,0.0,1634046397.565912,0.0,19.70526790618896
5711,0,1,0,0,3,2,1096,2211110130,1130,64,1116,17,59861,29483,4,0,0,43,15,2211110130,17,59861,11123,11971,86,1150,1130.0,798.0666666666667,-0.7705800144880922,-1.305875750711832,211352.0622222223,1130.0,268.0,862.0,7541,945,1116,1096.0,1077.2857142857142,-1.9688009476662536,2.0254420693991246,2964.204081632653,1096.0,1096.0,0.0,1634046397.565912,0.0,19.70526790618896
5712,0,1,0,0,3,2,1096,2211110130,1130,64,1116,17,59861,29483,4,0,0,43,15,2211110130,17,59861,11123,13101,86,1150,1130.0,818.8125,-0.8714741723874496,-1.139795136621195,204598.40234375,1130.0,355.0,775.0,8637,945,1116,1096.0,1079.625,-2.189776001145499,2.966529456582087,2631.984375,1096.0,1096.0,0.0,1634046397.566487,0.0005750656127929,19.705842971801754
5713,0,1,0,0,3,2,432,2211110130,466,64,452,17,59861,29483,4,0,0,43,15,2211110130,17,59861,11123,13567,86,1150,1130.0,798.0588235294117,-0.7416342593086558,-1.2856581590467988,199454.64359861592,1130.0,442.0,688.0,9069,432,1116,1096.0,1007.6666666666666,-2.252637878029063,3.4012101285074,43763.55555555556,1096.0,1096.0,0.0,1634046397.566487,0.0,19.705842971801754
5714,0,1,0,0,3,2,408,2211110130,442,64,428,17,59861,29483,4,0,0,43,15,2211110130,17,59861,11123,14009,86,1150,1130.0,778.2777777777778,-0.6190775487356536,-1.4060126596228515,195025.7561728395,1130.0,442.0,688.0,9477,408,1116,1096.0,947.7,-1.4048902642792522,0.0937531736523862,71751.20999999999,1096.0,982.75,113.25,1634046397.572657,0.0061700344085693,19.712013006210324
5715,0,1,0,0,2,3,60,3232270721,94,47,80,17,29483,59861,4,0,0,43,15,2211110130,17,59861,11123,14103,86,1150,1130.0,742.2631578947369,-0.4723643344879084,-1.5939608935854772,208108.1939058172,1130.0,268.0,862.0,9537,60,1116,1096.0,867.0,-1.1910571993686228,-0.192796158808171,130353.27272727272,1096.0,688.5,407.5,1634046397.588722,0.0160648822784423,19.728077888488766
5716,0,1,0,0,3,2,1096,2211110130,1130,64,1116,17,59861,29483,4,0,0,43,15,2211110130,17,59861,11123,15233,86,1150,1130.0,761.65,-0.5566603860886825,-1.5100552221323935,204843.9275,1130.0,355.0,775.0,10633,60,1116,1096.0,886.0833333333334,-1.323994184721382,0.1518672157931426,123496.4097222222,1096.0,816.75,279.25,1634046397.618446,0.02972412109375,19.757802009582516
5717,0,1,0,0,3,2,1096,2211110130,1130,64,1116,17,59861,29483,4,0,0,43,15,2211110130,17,59861,11123,1130,1130,1130,1130.0,1130.0,0.0,-3.0,0.0,1130.0,1130.0,0.0,11729,60,1116,1096.0,902.2307692307692,-1.447108053169948,0.50516594346609,117125.56213017752,1096.0,945.0,151.0,1634046397.618446,0.0,19.757802009582516
5718,0,1,0,0,2,3,60,3232270721,94,47,80,17,29483,59861,4,0,0,43,15,2211110130,17,59861,11123,1224,94,1130,612.0,612.0,0.0,-2.0,268324.0,871.0,353.0,518.0,11789,60,1116,1096.0,842.0714285714286,-1.108913183348557,-0.4961440503603791,155808.3520408163,1096.0,560.25,535.75,1634046397.626127,0.0076808929443359,19.765482902526852
5719,0,1,0,0,3,2,1096,2211110130,1130,64,1116,17,59861,29483,4,0,0,43,15,2211110130,17,59861,11123,2354,94,1130,1130.0,784.6666666666666,-0.7071067811865472,-1.5,238510.22222222225,1130.0,612.0,518.0,12885,60,1116,1096.0,859.0,-1.2144837290675363,-0.2457749962155859,149433.2,1096.0,688.5,407.5,1634046397.643632,0.0175049304962158,19.782987833023068
5720,0,1,0,0,2,3,32,3232270721,66,47,52,17,29483,59861,4,0,0,43,15,2211110130,17,59861,11123,2420,66,1130,612.0,605.0,-0.0010660980305124,-1.9985786622667645,275723.0,1130.0,87.0,1043.0,12917,32,1116,1096.0,807.3125,-0.955173381687918,-0.8775282394228952,180167.58984375,1096.0,426.0,670.0,1634046397.654864,0.0112321376800537,19.79421997070312
5721,0,1,0,0,3,2,1096,2211110130,1130,64,1116,17,59861,29483,4,0,0,43,15,2211110130,17,59861,11123,3550,66,1130,1130.0,710.0,-0.4091550923945742,-1.8313590777385955,264678.4,1130.0,94.0,1036.0,14013,32,1116,1096.0,824.2941176470588,-1.0483753064919994,-0.6886060887159506,174183.5017301038,1096.0,432.0,664.0,1634046397.655413,0.0005488395690917,19.794768810272213
5722,0,1,0,0,3,2,470,2211110130,504,64,490,17,59861,29483,4,0,0,43,15,2211110130,17,59861,11123,4054,66,1130,817.0,675.6666666666666,-0.2275253267970229,-1.7607455049659917,226459.22222222225,1130.0,196.5,933.5,14483,32,1116,1096.0,804.6111111111111,-0.9091296244505443,-0.8941694699770393,171092.79320987652,1096.0,441.5,654.5,1634046397.655413,0.0,19.794768810272213
5723,0,1,0,0,3,2,408,2211110130,442,64,428,17,59861,29483,4,0,0,43,15,2211110130,17,59861,11123,4496,66,1130,504.0,642.2857142857143,-0.0299439582660846,-1.680567083412496,200793.6326530612,1130.0,268.0,862.0,14891,32,1116,1096.0,783.7368421052631,-0.764958086447722,-1.102870340356361,169931.14127423824,1096.0,420.0,676.0,1634046397.655413,0.0,19.794768810272213
5724,0,1,0,0,3,2,60,2211110130,94,64,80,17,59861,29483,4,0,0,43,15,2211110130,17,59861,11123,4590,66,1130,473.0,573.75,0.2125418384801449,-1.6784061870871236,208574.4375,1130.0,94.0,1036.0,14951,32,1116,1096.0,747.55,-0.6165885677011111,-1.3545628847498383,186314.8475,1096.0,408.0,688.0,1634046397.655413,0.0,19.794768810272213
5725,0,1,0,0,3,2,1096,2211110130,1130,64,1116,17,59861,29483,4,0,0,43,15,2211110130,17,59861,11123,5720,66,1130,504.0,635.5555555555555,-0.0314735207833283,-1.765829290885028,215958.9135802469,1130.0,94.0,1036.0,1096,1096,1096,1096.0,1096.0,0.0,-3.0,0.0,1096.0,1096.0,0.0,1634046397.656166,0.0007531642913818,19.795521974563595
5726,0,1,0,0,3,2,1096,2211110130,1130,64,1116,17,59861,29483,4,0,0,43,15,2211110130,17,59861,11123,6850,66,1130,817.0,685.0,-0.228232632834381,-1.7366293361913678,216365.8,1130.0,181.0,949.0,2192,1096,1096,1096.0,1096.0,0.0,-3.0,0.0,1096.0,1096.0,0.0,1634046397.656166,0.0,19.795521974563595
5727,0,1,0,0,3,2,1096,2211110130,1130,64,1116,17,59861,29483,4,0,0,43,15,2211110130,17,59861,11123,7980,66,1130,1130.0,725.4545454545455,-0.3944724631262107,-1.644911281830938,213061.88429752065,1130.0,268.0,862.0,3288,1096,1096,1096.0,1096.0,0.0,-3.0,0.0,1096.0,1096.0,0.0,1634046397.656166,0.0,19.795521974563595
5728,0,1,0,0,3,2,859,2211110130,893,64,879,17,59861,29483,4,0,0,43,15,2211110130,17,59861,11123,8873,66,1130,1011.5,739.4166666666666,-0.4951467796191353,-1.495663801479017,197451.0763888889,1130.0,355.0,775.0,4147,859,1096,1096.0,1036.75,-1.1547005383792517,-0.6666666666666665,10531.6875,1096.0,1036.75,59.25,1634046397.657035,0.0008690357208251,19.79639101028442
5729,0,1,0,0,3,2,408,2211110130,442,64,428,17,59861,29483,4,0,0,43,15,2211110130,17,59861,11123,9315,66,1130,893.0,716.5384615384615,-0.3563356093421789,-1.5519060284082602,188543.47928994085,1130.0,442.0,688.0,4555,408,1096,1096.0,911.0,-1.1298510476800545,-0.3709947147502919,71677.6,1096.0,859.0,237.0,1634046397.657035,0.0,19.79639101028442
5730,0,1,0,0,3,2,1104,2211110130,1138,64,1124,17,59861,29483,4,0,0,43,15,2211110130,17,59861,11123,10453,66,1138,1011.5,746.6428571428571,-0.478433019692672,-1.4622679754671748,186857.65816326533,1130.0,442.0,688.0,5659,408,1104,1096.0,943.1666666666666,-1.4010304916005936,0.3384886899636612,64904.80555555556,1096.0,918.25,177.75,1634046397.682282,0.0252468585968017,19.821637868881222
5731,0,1,0,0,3,2,1096,2211110130,1130,64,1116,17,59861,29483,4,0,0,43,15,2211110130,17,59861,11123,11583,66,1138,1130.0,772.2,-0.5900916826123392,-1.3503251199632391,183544.82666666663,1130.0,442.0,688.0,6755,408,1104,1096.0,965.0,-1.6391713655239644,1.089035401468491,58492.857142857145,1096.0,977.5,118.5,1634046397.682282,0.0,19.821637868881222
5732,0,1,0,0,3,2,1096,2211110130,1130,64,1116,17,59861,29483,4,0,0,43,15,2211110130,17,59861,11123,12713,66,1138,1130.0,794.5625,-0.6924985718837212,-1.2230606276294902,179574.49609375,1130.0,442.0,688.0,7851,408,1104,1096.0,981.375,-1.850823324320892,1.857419623116008,53058.234375,1096.0,1036.75,59.25,1634046397.682282,0.0,19.821637868881222
5733,0,1,0,0,3,2,1096,2211110130,1130,64,1116,17,59861,29483,4,0,0,43,15,2211110130,17,59861,11123,13843,66,1138,1130.0,814.2941176470588,-0.7873358220082106,-1.0844833480941292,175240.67820069203,1130.0,442.0,688.0,8947,408,1104,1096.0,994.1111111111112,-2.042847051664342,2.6366860919814714,48460.54320987655,1096.0,1096.0,0.0,1634046397.682875,0.0005929470062255,19.822230815887448
5734,0,1,0,0,3,2,1096,2211110130,1130,64,1116,17,59861,29483,4,0,0,43,15,2211110130,17,59861,11123,14973,66,1138,1130.0,831.8333333333334,-0.8758640855143494,-0.9373194217322728,170734.69444444444,1130.0,457.5,672.5,10043,408,1104,1096.0,1004.3,-2.2196467457943267,3.423076053119706,44548.810000000005,1096.0,1096.0,0.0,1634046397.682875,0.0,19.822230815887448
5735,0,1,0,0,3,2,922,2211110130,956,64,942,17,59861,29483,4,0,0,43,15,2211110130,17,59861,11123,15929,66,1138,1130.0,838.3684210526316,-0.9405860977873816,-0.7833879631208887,162517.39058171748,1130.0,473.0,657.0,10965,408,1104,1096.0,996.818181818182,-2.1758095765164343,3.546981006716593,41058.69421487604,1096.0,1009.0,87.0,1634046397.682875,0.0,19.822230815887448
5736,0,1,0,0,3,2,1116,2211110130,1150,64,1136,17,59861,29483,4,0,0,43,15,2211110130,17,59861,11123,17079,66,1150,1130.0,853.95,-1.0167530039322277,-0.6317338879609888,159004.4475,1130.0,488.5,641.5,12081,408,1116,1096.0,1006.75,-2.310740374741764,4.2099334359414256,38722.1875,1096.0,1052.5,43.5,1634046397.688847,0.005972146987915,19.828202962875363
5737,0,1,0,0,3,2,408,2211110130,442,64,428,17,59861,29483,4,0,0,43,15,2211110130,17,59861,11123,442,442,442,442.0,442.0,0.0,-3.0,0.0,442.0,442.0,0.0,12489,408,1116,1096.0,960.6923076923076,-1.5991502287752246,0.9039440900735388,61199.28994082841,1096.0,922.0,174.0,1634046397.697227,0.0083799362182617,19.836582899093624
5738,0,1,0,0,2,3,60,3232270721,94,47,80,17,29483,59861,4,0,0,43,15,2211110130,17,59861,11123,536,94,442,268.0,268.0,0.0,-2.0,30276.0,355.0,181.0,174.0,12549,60,1116,1096.0,896.3571428571429,-1.4417038532933908,0.6084915771446022,110635.08673469388,1096.0,874.75,221.25,1634046397.726047,0.0288200378417968,19.86540293693542
5739,0,1,0,0,2,3,52,3232270721,86,48,72,17,10001,59861,4,0,0,43,15,2211110130,17,59861,11123,622,86,442,94.0,207.33333333333331,0.7058747686471649,-1.5000000000000009,27544.88888888889,268.0,90.0,178.0,12601,52,1116,1096.0,840.0666666666667,-1.1379398929175897,-0.3494242736501691,147620.06222222224,1096.0,633.5,462.5,1634046397.727197,0.0011498928070068,19.866552829742428
5740,0,1,0,0,3,2,1096,2211110130,1130,64,1116,17,59861,29483,4,0,0,43,15,2211110130,17,59861,11123,1752,86,1130,268.0,438.0,0.8068770070569964,-1.010312693087089,180280.0,614.0,92.0,522.0,13697,52,1116,1096.0,856.0625,-1.2357968710928948,-0.1111253787876993,142231.80859375,1096.0,746.25,349.75,1634046397.728533,0.0013360977172851,19.867888927459713
5741,0,1,0,0,3,2,1096,2211110130,1130,64,1116,17,59861,29483,4,0,0,43,15,2211110130,17,59861,11123,2882,86,1130,442.0,576.4,0.2056277821717038,-1.769079447190631,220842.24,1130.0,94.0,1036.0,14793,52,1116,1096.0,870.1764705882352,-1.328068454822965,0.1325100280486926,137052.4982698962,1096.0,859.0,237.0,1634046397.728533,0.0,19.867888927459713
5742,0,1,0,0,3,2,1096,2211110130,1130,64,1116,17,59861,29483,4,0,0,43,15,2211110130,17,59861,11123,4012,86,1130,786.0,668.6666666666666,-0.1617496194897335,-1.8222586973094632,226600.88888888888,1130.0,181.0,949.0,15889,52,1116,1096.0,882.7222222222222,-1.4155322155308203,0.3803481971768438,132114.20061728393,1096.0,874.75,221.25,1634046397.729494,0.0009610652923583,19.86884999275207
5743,0,1,0,0,3,2,1096,2211110130,1130,64,1116,17,59861,29483,4,0,0,43,15,2211110130,17,59861,11123,5142,86,1130,1130.0,734.5714285714286,-0.4330013432510904,-1.6739823289169846,220289.95918367343,1130.0,268.0,862.0,16985,52,1116,1096.0,893.9473684210526,-1.4988094458475552,0.6315545213063802,127428.891966759,1096.0,890.5,205.5,1634046397.729494,0.0,19.86884999275207
5744,0,1,0,0,3,2,695,2211110130,729,64,715,17,59861,29483,4,0,0,43,15,2211110130,17,59861,11123,5871,86,1130,929.5,733.875,-0.4581271815743661,-1.4875265258176795,192757.109375,1130.0,355.0,775.0,17680,52,1116,1096.0,884.0,-1.4266064939718814,0.5451230542482741,122937.5,1096.0,818.0,278.0,1634046397.729494,0.0,19.86884999275207
5745,0,1,0,0,3,2,408,2211110130,442,64,428,17,59861,29483,4,0,0,43,15,2211110130,17,59861,11123,6313,86,1130,729.0,701.4444444444445,-0.2585310044563084,-1.5433159831165923,179753.5802469136,1130.0,442.0,688.0,408,408,408,408.0,408.0,0.0,-3.0,0.0,408.0,408.0,0.0,1634046397.733595,0.0041007995605468,19.87295079231262
5746,0,1,0,0,2,3,56,3232270721,90,47,76,17,29483,59861,4,0,0,43,15,2211110130,17,59861,11123,6403,86,1130,585.5,640.3,-0.0522738764299937,-1.668915906674065,195426.01,1130.0,181.0,949.0,464,56,408,232.0,232.0,0.0,-2.0,30976.0,320.0,144.0,176.0,1634046397.742842,0.0092470645904541,19.882197856903073
5747,0,1,0,0,2,3,60,3232270721,94,47,80,17,29483,59861,4,0,0,43,15,2211110130,17,59861,11123,6497,86,1130,442.0,590.6363636363636,0.1246034206679613,-1.6914964414732028,202324.7768595041,1130.0,94.0,1036.0,524,56,408,60.0,174.66666666666666,0.7067951202245192,-1.4999999999999996,27224.888888888887,234.0,58.0,176.0,1634046397.742898,5.602836608886719e-05,19.88225388526916
5748,0,1,0,0,2,3,52,3232270721,86,47,72,17,29483,59861,4,0,0,43,15,2211110130,17,59861,11123,6583,86,1130,442.0,548.5833333333334,0.2761077661188134,-1.6512540499138209,204917.40972222225,1130.0,93.0,1037.0,576,52,408,58.0,144.0,1.153508230493627,-0.6675843477178938,23240.0,147.0,55.0,92.0,1634046397.742929,3.0994415283203125e-05,19.882284879684445
5749,0,1,0,0,3,2,1096,2211110130,1130,64,1116,17,59861,29483,4,0,0,43,15,2211110130,17,59861,11123,7713,86,1130,442.0,593.3076923076923,0.1023382998624367,-1.7519828376542772,213157.75147928996,1130.0,94.0,1036.0,1672,52,1096,60.0,334.4,1.1406334749689997,-0.3509891819382953,163600.63999999998,408.0,56.0,352.0,1634046397.748125,0.0051960945129394,19.887480974197384
5750,0,1,0,0,3,2,1096,2211110130,1130,64,1116,17,59861,29483,4,0,0,43,15,2211110130,17,59861,11123,8843,86,1130,585.5,631.6428571428571,-0.0457192579139943,-1.7819980005708729,217036.8010204081,1130.0,94.0,1036.0,2768,52,1096,234.0,461.3333333333333,0.513663336952655,-1.5633146352873648,216894.22222222225,924.0,57.0,867.0,1634046397.748125,0.0,19.887480974197384
5751,0,1,0,0,3,2,1096,2211110130,1130,64,1116,17,59861,29483,4,0,0,43,15,2211110130,17,59861,11123,9973,86,1130,729.0,664.8666666666667,-0.1751497081486492,-1.7674814822554312,218021.18222222224,1130.0,94.0,1036.0,3864,52,1096,408.0,552.0,0.1425728120716315,-1.851694313066184,235232.0,1096.0,58.0,1038.0,1634046397.763422,0.0152969360351562,19.90277791023254
5752,0,1,0,0,3,2,1096,2211110130,1130,64,1116,17,59861,29483,4,0,0,43,15,2211110130,17,59861,11123,11103,86,1130,929.5,693.9375,-0.2905239398186522,-1.7231619775931577,217071.55859375,1130.0,94.0,1036.0,4960,52,1096,752.0,620.0,-0.1251587730671145,-1.8742356023340467,238196.0,1096.0,59.0,1037.0,1634046397.763422,0.0,19.90277791023254
5753,0,1,0,0,3,2,119,2211110130,153,64,139,17,59861,29483,4,0,0,43,15,2211110130,17,59861,11123,11256,86,1130,729.0,662.1176470588235,-0.1534006774797258,-1.800940926427007,220502.6920415225,1130.0,94.0,1036.0,5079,52,1096,408.0,564.3333333333334,0.1109787888639702,-1.8879247853726029,236520.0,1096.0,60.0,1036.0,1634046397.763422,0.0,19.90277791023254
5754,0,1,0,0,3,2,56,2211110130,90,64,76,17,59861,29483,4,0,0,43,15,2211110130,17,59861,11123,11346,86,1130,585.5,630.3333333333334,-0.0362283428325188,-1.835969394420526,225426.66666666663,1130.0,94.0,1036.0,5135,52,1096,263.5,513.5,0.3006292260004265,-1.8159982003693695,236124.25,1096.0,57.0,1039.0,1634046397.773951,0.0105290412902832,19.913306951522824
5755,0,1,0,0,3,2,60,2211110130,94,64,80,17,59861,29483,4,0,0,43,15,2211110130,17,59861,11123,11440,86,1130,442.0,602.1052631578947,0.0692008395914978,-1.84186461431306,227904.93628808865,1130.0,94.0,1036.0,5195,52,1096,119.0,472.27272727272725,0.4627997611696792,-1.6955605973045225,231655.28925619836,1096.0,58.0,1038.0,1634046397.773951,0.0,19.913306951522824
5756,0,1,0,0,3,2,408,2211110130,442,64,428,17,59861,29483,4,0,0,43,15,2211110130,17,59861,11123,11882,86,1130,442.0,594.1,0.1198574061987502,-1.7873549488382223,217727.29000000004,1130.0,94.0,1036.0,5603,52,1096,263.5,466.9166666666667,0.5169222192706969,-1.557958131461037,212666.2430555555,1096.0,59.0,1037.0,1634046397.773951,0.0,19.913306951522824
5757,0,1,0,0,3,2,1096,2211110130,1130,64,1116,17,59861,29483,4,0,0,43,15,2211110130,17,59861,11123,1130,1130,1130,1130.0,1130.0,0.0,-3.0,0.0,1130.0,1130.0,0.0,6699,52,1096,408.0,515.3076923076923,0.3128293448525061,-1.7558464470468562,224407.5976331361,1096.0,60.0,1036.0,1634046397.780901,0.0069499015808105,19.920256853103634
5758,0,1,0,0,3,2,1096,2211110130,1130,64,1116,17,59861,29483,4,0,0,43,15,2211110130,17,59861,11123,2260,1130,1130,1130.0,1130.0,0.0,-3.0,0.0,1130.0,1130.0,0.0,7795,52,1096,408.0,556.7857142857143,0.1451003327323972,-1.849657654915853,230744.02551020408,1096.0,60.0,1036.0,1634046397.780901,0.0,19.920256853103634
5759,0,1,0,0,3,2,1096,2211110130,1130,64,1116,17,59861,29483,4,0,0,43,15,2211110130,17,59861,11123,3390,1130,1130,1130.0,1130.0,0.0,-3.0,0.0,1130.0,1130.0,0.0,8891,52,1096,408.0,592.7333333333333,0.0021270330249585,-1.881580370105778,233452.32888888885,1096.0,60.0,1036.0,1634046397.780901,0.0,19.920256853103634
5760,0,1,0,0,3,2,831,2211110130,865,64,851,17,59861,29483,4,0,0,43,15,2211110130,17,59861,11123,4255,865,1130,1130.0,1063.75,-1.1547005383792517,-0.6666666666666665,13167.1875,1130.0,1063.75,66.25,9722,52,1096,619.5,607.625,-0.0845890308042778,-1.833692133253532,222187.984375,1096.0,60.0,1036.0,1634046397.78149,0.0005891323089599,19.920845985412594
5761,0,1,0,0,2,3,60,3232270721,94,47,80,17,29483,59861,4,0,0,43,15,2211110130,17,59861,11123,4349,94,1130,1130.0,869.8,-1.2819538090047,-0.0989312686644847,161000.15999999997,1130.0,865.0,265.0,9782,52,1096,408.0,575.4117647058823,0.0358861887705453,-1.8504318201698116,225721.18339100343,1096.0,60.0,1036.0,1634046397.782408,0.000917911529541,19.921763896942135
5762,0,1,0,0,2,3,60,3232270721,94,47,80,17,29483,59861,4,0,0,43,15,2211110130,17,59861,11123,4443,94,1130,997.5,740.5,-0.5924585912079192,-1.528464893272708,217759.25,1130.0,286.75,843.25,9842,52,1096,408.0,546.7777777777778,0.1437708469124285,-1.8387406664164132,227119.5061728395,1096.0,60.0,1036.0,1634046397.794974,0.0125660896301269,19.934329986572262
5763,0,1,0,0,2,3,60,3232270721,94,47,80,17,29483,59861,4,0,0,43,15,2211110130,17,59861,11123,4537,94,1130,865.0,648.1428571428571,-0.2027970909689056,-1.871481800196647,237829.8367346939,1130.0,94.0,1036.0,9902,52,1096,408.0,521.1578947368421,0.2416725204627467,-1.8065305514350625,226980.6592797784,1096.0,60.0,1036.0,1634046397.825863,0.0308887958526611,19.965218782424923
5764,0,1,0,0,3,2,1096,2211110130,1130,64,1116,17,59861,29483,4,0,0,43,15,2211110130,17,59861,11123,5667,94,1130,997.5,708.375,-0.4343438016473673,-1.7288575592279918,233496.484375,1130.0,94.0,1036.0,10998,52,1096,408.0,549.9,0.1290207610377055,-1.858670321088553,231327.69,1096.0,60.0,1036.0,1634046397.845904,0.0200412273406982,19.98526000976562
5765,0,1,0,0,3,2,1096,2211110130,1130,64,1116,17,59861,29483,4,0,0,43,15,2211110130,17,59861,11123,6797,94,1130,1130.0,755.2222222222222,-0.6270642634643913,-1.5259737391228383,225109.7283950617,1130.0,94.0,1036.0,1096,1096,1096,1096.0,1096.0,0.0,-3.0,0.0,1096.0,1096.0,0.0,1634046397.845904,0.0,19.98526000976562
5766,0,1,0,0,3,2,1096,2211110130,1130,64,1116,17,59861,29483,4,0,0,43,15,2211110130,17,59861,11123,7927,94,1130,1130.0,792.7,-0.7937735326113299,-1.289046862770456,215240.01,1130.0,286.75,843.25,2192,1096,1096,1096.0,1096.0,0.0,-3.0,0.0,1096.0,1096.0,0.0,1634046397.846859,0.0009548664093017,19.986214876174923
5767,0,1,0,0,3,2,1096,2211110130,1130,64,1116,17,59861,29483,4,0,0,43,15,2211110130,17,59861,11123,9057,94,1130,1130.0,823.3636363636364,-0.9418042966645224,-1.0310410629235998,205075.3223140496,1130.0,479.5,650.5,3288,1096,1096,1096.0,1096.0,0.0,-3.0,0.0,1096.0,1096.0,0.0,1634046397.846859,0.0,19.986214876174923
5768,0,1,0,0,3,2,1096,2211110130,1130,64,1116,17,59861,29483,4,0,0,43,15,2211110130,17,59861,11123,10187,94,1130,1130.0,848.9166666666666,-1.075734614952467,-0.759088369060839,195168.2430555556,1130.0,672.25,457.75,4384,1096,1096,1096.0,1096.0,0.0,-3.0,0.0,1096.0,1096.0,0.0,1634046397.846859,0.0,19.986214876174923
5769,0,1,0,0,3,2,495,2211110130,529,64,515,17,59861,29483,4,0,0,43,15,2211110130,17,59861,11123,10716,94,1130,1130.0,824.3076923076923,-0.9155000883466436,-0.9615793566476564,187422.52071005915,1130.0,529.0,601.0,4879,495,1096,1096.0,975.8,-1.4999999999999996,0.2499999999999991,57792.16,1096.0,1096.0,0.0,1634046397.846859,0.0,19.986214876174923
5770,0,1,0,0,3,2,408,2211110130,442,64,428,17,59861,29483,4,0,0,43,15,2211110130,17,59861,11123,11158,94,1130,1130.0,797.0,-0.7351646752660791,-1.1968322189924665,183729.42857142855,1130.0,463.75,666.25,5287,408,1096,1096.0,881.1666666666666,-0.7286166650156826,-1.4392640669114865,92937.4722222222,1096.0,645.25,450.75,1634046397.846859,0.0,19.986214876174923
5771,0,1,0,0,3,2,1096,2211110130,1130,64,1116,17,59861,29483,4,0,0,43,15,2211110130,17,59861,11123,12288,94,1130,1130.0,819.2,-0.8424046657497218,-1.0283061076040851,178380.56000000003,1130.0,485.5,644.5,6383,408,1096,1096.0,911.8571428571428,-0.9696442972644648,-1.0294085236909745,85312.1224489796,1096.0,795.5,300.5,1634046397.847477,0.0006179809570312,19.986832857131954
5772,0,1,0,0,3,2,1116,2211110130,1150,64,1136,17,59861,29483,4,0,0,43,15,2211110130,17,59861,11123,13438,94,1150,1130.0,839.875,-0.939991261688453,-0.8527131006114863,173643.609375,1130.0,507.25,622.75,7499,408,1116,1096.0,937.375,-1.1734630735173577,-0.5888409210201684,79206.234375,1096.0,945.75,150.25,1634046397.858417,0.0109400749206542,19.99777293205261
5773,0,1,0,0,3,2,1096,2211110130,1130,64,1116,17,59861,29483,4,0,0,43,15,2211110130,17,59861,11123,14568,94,1150,1130.0,856.9411764705883,-1.033014001922509,-0.6669044455079538,168089.34948096884,1130.0,529.0,601.0,8595,408,1116,1096.0,955.0,-1.3551277524910084,-0.1277425434354229,72890.66666666667,1096.0,1096.0,0.0,1634046397.859527,0.0011100769042968,19.998883008956906
5774,0,1,0,0,2,3,60,3232270721,94,47,80,17,29483,59861,4,0,0,43,15,2211110130,17,59861,11123,14662,94,1150,1130.0,814.5555555555555,-0.8227673204164653,-1.1148359495623368,189292.24691358025,1130.0,463.75,666.25,8655,60,1116,1096.0,865.5,-1.135257324531199,-0.3390390434406081,137693.85,1096.0,645.25,450.75,1634046397.859964,0.000436782836914,19.99931979179382
5775,0,1,0,0,3,2,1096,2211110130,1130,64,1116,17,59861,29483,4,0,0,43,15,2211110130,17,59861,11123,15792,94,1150,1130.0,831.1578947368421,-0.9066055903905548,-0.9691910782166376,184290.97506925208,1130.0,485.5,644.5,9751,60,1116,1096.0,886.4545454545455,-1.281626684674409,0.0254053603574848,129567.15702479336,1096.0,795.5,300.5,1634046397.860233,0.0002691745758056,19.999588966369625
5776,0,1,0,0,3,2,570,2211110130,604,64,590,17,59861,29483,4,0,0,43,15,2211110130,17,59861,11123,16396,94,1150,1130.0,819.8,-0.837906925628649,-1.011411763298736,177527.46,1130.0,507.25,622.75,10321,60,1116,1096.0,860.0833333333334,-1.054807937808064,-0.3805832193072915,126419.74305555556,1096.0,551.25,544.75,1634046397.860233,0.0,19.999588966369625
5777,0,1,0,0,3,2,408,2211110130,442,64,428,17,59861,29483,4,0,0,43,15,2211110130,17,59861,11123,442,442,442,442.0,442.0,0.0,-3.0,0.0,442.0,442.0,0.0,10729,60,1116,1096.0,825.3076923076923,-0.7815112473120785,-0.9241705429100606,131207.2899408284,1096.0,495.0,601.0,1634046397.872438,0.012204885482788,20.011793851852413
5778,0,1,0,0,3,2,1096,2211110130,1130,64,1116,17,59861,29483,4,0,0,43,15,2211110130,17,59861,11123,1572,442,1130,786.0,786.0,0.0,-2.0,118336.0,958.0,614.0,344.0,11825,60,1116,1096.0,844.6428571428571,-0.8965039763929821,-0.7317353257179429,126695.37244897956,1096.0,513.75,582.25,1634046397.883892,0.0114541053771972,20.02324795722961
5779,0,1,0,0,3,2,1104,2211110130,1138,64,1124,17,59861,29483,4,0,0,43,15,2211110130,17,59861,11123,2710,442,1138,1130.0,903.3333333333334,-0.7067878735664248,-1.5,106424.88888888888,1134.0,786.0,348.0,12929,60,1116,1096.0,861.9333333333333,-1.002010305885969,-0.529513856139693,122434.46222222224,1096.0,532.5,563.5,1634046397.886151,0.0022590160369873,20.025506973266598
5780,0,1,0,0,3,2,1096,2211110130,1130,64,1116,17,59861,29483,4,0,0,43,15,2211110130,17,59861,11123,3840,442,1138,1130.0,960.0,-1.1542864182960662,-0.6669821638556779,89452.0,1132.0,958.0,174.0,14025,60,1116,1096.0,876.5625,-1.100994910509966,-0.316105691318203,117992.49609375,1096.0,551.25,544.75,1634046397.886987,0.00083589553833,20.026342868804928
5781,0,1,0,0,3,2,1096,2211110130,1130,64,1116,17,59861,29483,4,0,0,43,15,2211110130,17,59861,11123,4970,442,1138,1130.0,994.0,-1.4995256645097723,0.2493736857223374,76185.6,1130.0,1130.0,0.0,15121,60,1116,1096.0,889.4705882352941,-1.1938879552152786,-0.0959458703677893,113717.66089965396,1096.0,570.0,526.0,1634046397.886987,0.0,20.026342868804928
5782,0,1,0,0,3,2,1096,2211110130,1130,64,1116,17,59861,29483,4,0,0,43,15,2211110130,17,59861,11123,6100,442,1138,1130.0,1016.6666666666666,-1.788332045970499,1.1990743232501728,66056.88888888889,1130.0,1130.0,0.0,16217,60,1116,1096.0,900.9444444444443,-1.281593586728192,0.1294692025312471,109638.0524691358,1096.0,701.5,394.5,1634046397.887783,0.0007960796356201,20.027138948440548
5783,0,1,0,0,3,2,410,2211110130,444,64,430,17,59861,29483,4,0,0,43,15,2211110130,17,59861,11123,6544,442,1138,1130.0,934.8571428571428,-0.9484409908218157,-1.100069774515832,96776.97959183672,1130.0,787.0,343.0,16627,60,1116,1096.0,875.1052631578947,-1.0470141607387018,-0.4711052405011782,115885.567867036,1096.0,532.5,563.5,1634046397.887783,0.0,20.027138948440548
5784,0,1,0,0,3,2,60,2211110130,94,64,80,17,59861,29483,4,0,0,43,15,2211110130,17,59861,11123,6638,94,1138,1130.0,829.75,-0.7215426582409374,-1.1935780865899912,162012.4375,1130.0,443.5,686.5,16687,60,1116,1096.0,834.35,-0.9178074210395766,-0.7600692671381668,141650.12749999997,1096.0,473.75,622.25,1634046397.893187,0.005403995513916,20.032542943954464
5785,0,1,0,0,2,3,60,3232270721,94,47,80,17,29483,59861,4,0,0,43,15,2211110130,17,59861,11123,6732,94,1138,1130.0,748.0,-0.4227807995054566,-1.5995927324225865,197475.5555555556,1130.0,442.0,688.0,60,60,60,60.0,60.0,0.0,-3.0,0.0,60.0,60.0,0.0,1634046397.912621,0.0194339752197265,20.05197691917419
5786,0,1,0,0,3,2,408,2211110130,442,64,428,17,59861,29483,4,0,0,43,15,2211110130,17,59861,11123,7174,94,1138,787.0,717.4,-0.2382832116551663,-1.6541868782787903,186155.24,1130.0,442.0,688.0,468,60,408,234.0,234.0,0.0,-2.0,30276.0,321.0,147.0,174.0,1634046397.913243,0.0006220340728759,20.052598953247067
5787,0,1,0,0,3,2,1096,2211110130,1130,64,1116,17,59861,29483,4,0,0,43,15,2211110130,17,59861,11123,8304,94,1138,1130.0,754.9090909090909,-0.4038355266923596,-1.5643177711016936,183301.35537190083,1130.0,442.0,688.0,1564,60,1096,408.0,521.3333333333334,0.3766675336035382,-1.5000000000000004,185304.8888888889,752.0,234.0,518.0,1634046397.913243,0.0,20.052598953247067
5788,0,1,0,0,3,2,1096,2211110130,1130,64,1116,17,59861,29483,4,0,0,43,15,2211110130,17,59861,11123,9434,94,1138,1130.0,786.1666666666666,-0.5483397412836025,-1.4355119001529009,178773.6388888889,1130.0,442.0,688.0,2660,60,1096,752.0,665.0,-0.2173703793443629,-1.715628269693377,200899.0,1096.0,321.0,775.0,1634046397.913993,0.0007498264312744,20.05334877967834
5789,0,1,0,0,3,2,1096,2211110130,1130,64,1116,17,59861,29483,4,0,0,43,15,2211110130,17,59861,11123,10564,94,1138,1130.0,812.6153846153846,-0.6772915464976426,-1.2816539398469444,173416.23668639053,1130.0,442.0,688.0,3756,60,1096,1096.0,751.2,-0.5960310217014525,-1.4309581812273606,190440.96,1096.0,408.0,688.0,1634046397.913993,0.0,20.05334877967834
5790,0,1,0,0,3,2,555,2211110130,589,64,575,17,59861,29483,4,0,0,43,15,2211110130,17,59861,11123,11153,94,1138,1130.0,796.6428571428571,-0.5754174884890041,-1.3167983172430953,164345.94387755098,1130.0,442.5,687.5,4311,60,1096,825.5,718.5,-0.3974747706859525,-1.3962129150518638,164047.25,1096.0,444.75,651.25,1634046397.913993,0.0,20.05334877967834
5791,0,1,0,0,3,2,408,2211110130,442,64,428,17,59861,29483,4,0,0,43,15,2211110130,17,59861,11123,11595,94,1138,1130.0,773.0,-0.4218576435755942,-1.4470091473804425,161215.33333333334,1130.0,442.0,688.0,4719,60,1096,555.0,674.1428571428571,-0.1099692369061822,-1.4779766214286494,152417.26530612243,1096.0,408.0,688.0,1634046397.932139,0.0181460380554199,20.07149481773376
5792,0,1,0,0,2,3,60,3232270721,94,47,80,17,29483,59861,4,0,0,43,15,2211110130,17,59861,11123,11689,94,1138,859.5,730.5625,-0.2979998524659894,-1.5697896420629889,178153.49609375,1130.0,442.0,688.0,4779,60,1096,481.5,597.375,0.0820527248683449,-1.5454979386704424,174618.234375,1096.0,321.0,775.0,1634046397.933916,0.001777172088623,20.073271989822384
5793,0,1,0,0,2,3,56,3232270721,90,47,76,17,29483,59861,4,0,0,43,15,2211110130,17,59861,11123,11779,90,1138,589.0,692.8823529411765,-0.1802680998308436,-1.655245311459468,190390.57439446368,1130.0,442.0,688.0,4835,56,1096,408.0,537.2222222222222,0.2675293937044795,-1.5245121933032342,184163.06172839509,1096.0,60.0,1036.0,1634046397.946599,0.0126829147338867,20.08595490455627
5794,0,1,0,0,2,3,60,3232270721,94,47,80,17,29483,59861,4,0,0,43,15,2211110130,17,59861,11123,11873,90,1138,516.5,659.6111111111111,-0.0701909149145174,-1.706453798432935,198631.90432098767,1130.0,181.0,949.0,4895,56,1096,408.0,489.5,0.4346285074659121,-1.4333066827417178,186243.45,960.75,60.0,900.75,1634046397.946653,5.3882598876953125e-05,20.086008787155148
5795,0,1,0,0,2,3,52,3232270721,86,47,72,17,29483,59861,4,0,0,43,15,2211110130,17,59861,11123,11959,86,1138,444.0,629.421052631579,0.0295729823414681,-1.7275169313706196,204583.50692520777,1130.0,94.0,1036.0,4947,52,1096,408.0,449.7272727272728,0.5812143363929207,-1.297825136055681,185130.9256198347,825.5,60.0,765.5,1634046397.946685,3.218650817871094e-05,20.086040973663327
5796,0,1,0,0,3,2,1096,2211110130,1130,64,1116,17,59861,29483,4,0,0,43,15,2211110130,17,59861,11123,13089,86,1138,516.5,654.45,-0.0707934941486866,-1.7395049500757007,206256.8475,1130.0,94.0,1036.0,6043,52,1096,408.0,503.5833333333333,0.3557438860663864,-1.5838541660116392,201608.5763888889,1096.0,60.0,1036.0,1634046397.964532,0.0178468227386474,20.103887796401974
5797,0,1,0,0,3,2,1096,2211110130,1130,64,1116,17,59861,29483,4,0,0,43,15,2211110130,17,59861,11123,1130,1130,1130,1130.0,1130.0,0.0,-3.0,0.0,1130.0,1130.0,0.0,7139,52,1096,408.0,549.1538461538462,0.1730614669158475,-1.7218363281337756,211020.28402366865,1096.0,60.0,1036.0,1634046397.964532,0.0,20.103887796401974
5798,0,1,0,0,3,2,1096,2211110130,1130,64,1116,17,59861,29483,4,0,0,43,15,2211110130,17,59861,11123,2260,1130,1130,1130.0,1130.0,0.0,-3.0,0.0,1130.0,1130.0,0.0,8235,52,1096,481.5,588.2142857142857,0.0190863302217773,-1.7766444426322878,215781.7397959184,1096.0,60.0,1036.0,1634046397.965472,0.0009400844573974,20.10482788085937
5799,0,1,0,0,3,2,1096,2211110130,1130,64,1116,17,59861,29483,4,0,0,43,15,2211110130,17,59861,11123,3390,1130,1130,1130.0,1130.0,0.0,-3.0,0.0,1130.0,1130.0,0.0,9331,52,1096,555.0,622.0666666666667,-0.1144758402108928,-1.7802127145965017,217440.06222222224,1096.0,60.0,1036.0,1634046397.965472,0.0,20.10482788085937
5800,0,1,0,0,3,2,1096,2211110130,1130,64,1116,17,59861,29483,4,0,0,43,15,2211110130,17,59861,11123,4520,1130,1130,1130.0,1130.0,0.0,-3.0,0.0,1130.0,1130.0,0.0,10427,52,1096,825.5,651.6875,-0.2328397874640534,-1.7500213806811826,217010.96484375,1096.0,60.0,1036.0,1634046397.965472,0.0,20.10482788085937
5801,0,1,0,0,3,2,250,2211110130,284,64,270,17,59861,29483,4,0,0,43,15,2211110130,17,59861,11123,4804,284,1130,1130.0,960.8,-1.4999999999999996,0.2499999999999991,114514.56,1130.0,1130.0,0.0,10677,52,1096,555.0,628.0588235294117,-0.1101513991158645,-1.785441483512137,213178.64359861592,1096.0,60.0,1036.0,1634046397.965472,0.0,20.10482788085937
5802,0,1,0,0,3,2,56,2211110130,90,64,76,17,59861,29483,4,0,0,43,15,2211110130,17,59861,11123,4894,90,1130,1130.0,815.6666666666666,-0.7563648726738819,-1.36122098874154,200747.22222222225,1130.0,495.5,634.5,10733,52,1096,481.5,596.2777777777778,0.0022046347258111,-1.8107120338393112,218505.9783950617,1096.0,60.0,1036.0,1634046397.972332,0.0068600177764892,20.11168789863586
5803,0,1,0,0,3,2,1096,2211110130,1130,64,1116,17,59861,29483,4,0,0,43,15,2211110130,17,59861,11123,6024,90,1130,1130.0,860.5714285714286,-0.996719663562072,-0.9385596771015968,184167.6734693877,1130.0,707.0,423.0,11829,52,1096,555.0,622.578947368421,-0.102646404376097,-1.8107735259578892,219457.1911357341,1096.0,60.0,1036.0,1634046397.972332,0.0,20.11168789863586
5804,0,1,0,0,3,2,1096,2211110130,1130,64,1116,17,59861,29483,4,0,0,43,15,2211110130,17,59861,11123,7154,90,1130,1130.0,894.25,-1.2024708989895672,-0.4834375383996012,169086.4375,1130.0,918.5,211.5,12925,52,1096,825.5,646.25,-0.1978422544399121,-1.7898876524817673,219130.3875,1096.0,60.0,1036.0,1634046397.972801,0.0004689693450927,20.112156867980953
5805,0,1,0,0,3,2,1096,2211110130,1130,64,1116,17,59861,29483,4,0,0,43,15,2211110130,17,59861,11123,8284,90,1130,1130.0,920.4444444444443,-1.3843140729827468,-0.0096838184616179,155788.24691358025,1130.0,1130.0,0.0,1096,1096,1096,1096.0,1096.0,0.0,-3.0,0.0,1096.0,1096.0,0.0,1634046397.972801,0.0,20.112156867980953
5806,0,1,0,0,3,2,1116,2211110130,1150,64,1136,17,59861,29483,4,0,0,43,15,2211110130,17,59861,11123,9434,90,1150,1130.0,943.4,-1.5473526088962837,0.4732870566626661,144952.04,1130.0,1130.0,0.0,2212,1096,1116,1106.0,1106.0,0.0,-2.0,100.0,1111.0,1101.0,10.0,1634046397.975741,0.0029399394989013,20.115096807479855
5807,0,1,0,0,3,2,642,2211110130,676,64,662,17,59861,29483,4,0,0,43,15,2211110130,17,59861,11123,10110,90,1150,1130.0,919.0909090909092,-1.3567293144237138,0.1429107403830665,137683.90082644628,1130.0,903.0,227.0,2854,642,1116,1096.0,951.3333333333334,-0.702681650328694,-1.4999999999999998,47910.22222222223,1106.0,869.0,237.0,1634046397.975741,0.0,20.115096807479855
5808,0,1,0,0,3,2,408,2211110130,442,64,428,17,59861,29483,4,0,0,43,15,2211110130,17,59861,11123,10552,90,1150,1130.0,879.3333333333334,-1.0180369416658932,-0.6354317069201629,143597.55555555556,1130.0,617.5,512.5,3262,408,1116,869.0,815.5,-0.2146977774619238,-1.715167834168581,91284.75,1101.0,583.5,517.5,1634046397.980333,0.0045921802520751,20.11968898773193
5809,0,1,0,0,2,3,60,3232270721,94,47,80,17,29483,59861,4,0,0,43,15,2211110130,17,59861,11123,10646,90,1150,1130.0,818.9230769230769,-0.7591037908876298,-1.173185124100095,176344.37869822484,1130.0,442.0,688.0,3322,60,1116,642.0,664.4,-0.1955773263038796,-1.4150771532191833,164352.64,1096.0,408.0,688.0,1634046397.981715,0.0013818740844726,20.121070861816403
5810,0,1,0,0,2,3,60,3232270721,94,47,80,17,29483,59861,4,0,0,43,15,2211110130,17,59861,11123,10740,90,1150,1130.0,767.1428571428571,-0.5470674454259492,-1.497941347931898,198603.83673469388,1130.0,323.5,806.5,3382,60,1116,525.0,563.6666666666666,0.1240436207817292,-1.567960093933043,187696.55555555556,982.5,147.0,835.5,1634046397.999419,0.0177040100097656,20.13877487182617
5811,0,1,0,0,3,2,60,2211110130,94,64,80,17,59861,29483,4,0,0,43,15,2211110130,17,59861,11123,10834,90,1150,1130.0,722.2666666666667,-0.3717169563650038,-1.6884673332951572,213557.7955555556,1130.0,189.0,941.0,3442,60,1116,408.0,491.7142857142857,0.3828836752516613,-1.4877857438050606,191945.6326530612,869.0,60.0,809.0,1634046398.013283,0.0138640403747558,20.152638912200924
5812,0,1,0,0,3,2,408,2211110130,442,64,428,17,59861,29483,4,0,0,43,15,2211110130,17,59861,11123,11276,90,1150,903.0,704.75,-0.2697097256836684,-1.7047549673476323,204812.9375,1130.0,236.5,893.5,3850,60,1116,408.0,481.25,0.4819193761729298,-1.2419924254087795,168718.9375,755.5,60.0,695.5,1634046398.01727,0.0039870738983154,20.15662598609924
5813,0,1,0,0,3,2,1096,2211110130,1130,64,1116,17,59861,29483,4,0,0,43,15,2211110130,17,59861,11123,12406,90,1150,1130.0,729.7647058823529,-0.3749594362081733,-1.6447670348512835,202776.8858131488,1130.0,284.0,846.0,4946,60,1116,408.0,549.5555555555555,0.2072809701673848,-1.560544242644242,187297.5802469136,1096.0,60.0,1036.0,1634046398.025699,0.0084288120269775,20.165054798126217
5814,0,1,0,0,3,2,1096,2211110130,1130,64,1116,17,59861,29483,4,0,0,43,15,2211110130,17,59861,11123,13536,90,1150,1130.0,752.0,-0.4712214400845684,-1.5686084947971408,199916.44444444444,1130.0,323.5,806.5,6042,60,1116,525.0,604.2,-0.008842573663599,-1.6643176284211918,195441.96,1096.0,147.0,949.0,1634046398.028141,0.0024421215057373,20.167496919631954
5815,0,1,0,0,3,2,1096,2211110130,1130,64,1116,17,59861,29483,4,0,0,43,15,2211110130,17,59861,11123,14666,90,1150,1130.0,771.8947368421053,-0.5601423835955532,-1.4803638836160946,196518.93628808865,1130.0,363.0,767.0,7138,60,1116,642.0,648.9090909090909,-0.1875551698228324,-1.6621034336071847,197663.53719008263,1096.0,234.0,862.0,1634046398.028141,0.0,20.167496919631954
5816,0,1,0,0,3,2,1096,2211110130,1130,64,1116,17,59861,29483,4,0,0,43,15,2211110130,17,59861,11123,15796,90,1150,1130.0,789.8,-0.64295311603064,-1.3828501179969894,192784.36,1130.0,402.5,727.5,8234,60,1116,869.0,686.1666666666666,-0.3407482111669334,-1.6001410417623023,196460.97222222225,1096.0,321.0,775.0,1634046398.028141,0.0,20.167496919631954
5817,0,1,0,0,3,2,1096,2211110130,1130,64,1116,17,59861,29483,4,0,0,43,15,2211110130,17,59861,11123,1130,1130,1130,1130.0,1130.0,0.0,-3.0,0.0,1130.0,1130.0,0.0,9330,60,1116,1096.0,717.6923076923077,-0.4755248589634167,-1.501257296211429,193274.98224852077,1096.0,408.0,688.0,1634046398.028878,0.0007369518280029,20.168233871459957
5818,0,1,0,0,3,2,313,2211110130,347,64,333,17,59861,29483,4,0,0,43,15,2211110130,17,59861,11123,1477,347,1130,738.5,738.5,0.0,-2.0,153272.25,934.25,542.75,391.5,9643,60,1116,869.0,688.7857142857143,-0.3097860804255206,-1.620521916303109,190332.31122448985,1096.0,336.75,759.25,1634046398.028878,0.0,20.168233871459957
5819,0,1,0,0,2,3,60,3232270721,94,47,80,17,29483,59861,4,0,0,43,15,2211110130,17,59861,11123,1571,94,1130,347.0,523.6666666666666,0.5366087648262804,-1.5000000000000002,194488.22222222225,738.5,220.5,518.0,9703,60,1116,642.0,646.8666666666667,-0.1657446679595552,-1.7189117785978925,202244.38222222225,1096.0,186.5,909.5,1634046398.034532,0.0056540966033935,20.17388796806335
5820,0,1,0,0,3,2,1096,2211110130,1130,64,1116,17,59861,29483,4,0,0,43,15,2211110130,17,59861,11123,2701,94,1130,738.5,675.25,-0.1096472093405239,-1.8551649047029184,214798.6875,1130.0,283.75,846.25,10799,60,1116,869.0,674.9375,-0.2815808475227033,-1.679528541936303,201423.68359375,1096.0,249.75,846.25,1634046398.061035,0.0265028476715087,20.20039081573486
5821,0,1,0,0,3,2,1096,2211110130,1130,64,1116,17,59861,29483,4,0,0,43,15,2211110130,17,59861,11123,3831,94,1130,1130.0,766.2,-0.5022294196064581,-1.6303027504563783,204926.56,1130.0,347.0,783.0,11895,60,1116,1096.0,699.7058823529412,-0.3863350647967686,-1.6179767888303496,199390.79584775088,1096.0,313.0,783.0,1634046398.061035,0.0,20.20039081573486
5822,0,1,0,0,3,2,1096,2211110130,1130,64,1116,17,59861,29483,4,0,0,43,15,2211110130,17,59861,11123,4961,94,1130,1130.0,826.8333333333334,-0.7953504499615256,-1.2521671740529414,189154.13888888888,1130.0,542.75,587.25,12991,60,1116,1096.0,721.7222222222222,-0.4822231430350558,-1.5403507952595632,196553.7561728395,1096.0,336.75,759.25,1634046398.062034,0.0009989738464355,20.201389789581295
5823,0,1,0,0,3,2,1096,2211110130,1130,64,1116,17,59861,29483,4,0,0,43,15,2211110130,17,59861,11123,6091,94,1130,1130.0,870.1428571428571,-1.034827881647746,-0.811339522251977,173386.40816326533,1130.0,738.5,391.5,14087,60,1116,1096.0,741.421052631579,-0.5708579049259171,-1.4507010498273487,193193.6121883657,1096.0,360.5,735.5,1634046398.062034,0.0,20.201389789581295
5824,0,1,0,0,3,2,956,2211110130,990,64,976,17,59861,29483,4,0,0,43,15,2211110130,17,59861,11123,7081,94,1130,1130.0,885.125,-1.20058206474931,-0.3736104427693778,153284.359375,1130.0,829.25,300.75,15043,60,1116,1096.0,752.15,-0.6439032862480958,-1.3438671312627202,185721.0275,1096.0,384.25,711.75,1634046398.062034,0.0,20.201389789581295
5825,0,1,0,0,3,2,408,2211110130,442,64,428,17,59861,29483,4,0,0,43,15,2211110130,17,59861,11123,7523,94,1130,1130.0,835.8888888888889,-0.8240855206035279,-1.0639830978044114,155646.32098765433,1130.0,442.0,688.0,408,408,408,408.0,408.0,0.0,-3.0,0.0,408.0,408.0,0.0,1634046398.081213,0.0191791057586669,20.220568895339962
5826,0,1,0,0,2,3,60,3232270721,94,47,80,17,29483,59861,4,0,0,43,15,2211110130,17,59861,11123,7617,94,1130,1060.0,761.7,-0.5300495138448398,-1.5196613908575998,189617.61,1130.0,370.75,759.25,468,60,408,234.0,234.0,0.0,-2.0,30276.0,321.0,147.0,174.0,1634046398.084225,0.00301194190979,20.223580837249752
5827,0,1,0,0,3,2,1096,2211110130,1130,64,1116,17,59861,29483,4,0,0,43,15,2211110130,17,59861,11123,8747,94,1130,1130.0,795.1818181818181,-0.682955976576206,-1.337995893310899,183589.96694214875,1130.0,394.5,735.5,1564,60,1096,408.0,521.3333333333334,0.3766675336035382,-1.5000000000000004,185304.8888888889,752.0,234.0,518.0,1634046398.08441,0.0001850128173828,20.223765850067135
5828,0,1,0,0,3,2,1096,2211110130,1130,64,1116,17,59861,29483,4,0,0,43,15,2211110130,17,59861,11123,9877,94,1130,1130.0,823.0833333333334,-0.8194238809010516,-1.133720211338376,176854.24305555553,1130.0,418.25,711.75,2660,60,1096,752.0,665.0,-0.2173703793443629,-1.715628269693377,200899.0,1096.0,321.0,775.0,1634046398.08441,0.0,20.223765850067135
5829,0,1,0,0,3,2,1096,2211110130,1130,64,1116,17,59861,29483,4,0,0,43,15,2211110130,17,59861,11123,11007,94,1130,1130.0,846.6923076923077,-0.943283342155299,-0.914182928605956,169938.67455621302,1130.0,442.0,688.0,3756,60,1096,1096.0,751.2,-0.5960310217014525,-1.4309581812273606,190440.96,1096.0,408.0,688.0,1634046398.08441,0.0,20.223765850067135
5830,0,1,0,0,3,2,441,2211110130,475,64,461,17,59861,29483,4,0,0,43,15,2211110130,17,59861,11123,11482,94,1130,1130.0,820.1428571428571,-0.7579868326181723,-1.1669722462781311,166963.55102040822,1130.0,450.25,679.75,4197,60,1096,768.5,699.5,-0.27220263829985,-1.5753045091318152,172065.25,1096.0,416.25,679.75,1634046398.085111,0.0007009506225585,20.224466800689694
5831,0,1,0,0,3,2,52,2211110130,86,64,72,17,59861,29483,4,0,0,43,15,2211110130,17,59861,11123,11568,86,1130,1130.0,771.2,-0.5669640021562062,-1.461145617389792,189368.29333333336,1130.0,394.5,735.5,4249,52,1096,441.0,607.0,0.0059854335039454,-1.705258734594115,198822.0,1096.0,234.0,862.0,1634046398.092992,0.0078811645507812,20.232347965240475
5832,0,1,0,0,3,2,408,2211110130,442,64,428,17,59861,29483,4,0,0,43,15,2211110130,17,59861,11123,12010,86,1130,1060.0,750.625,-0.4397144550979664,-1.5464660406899695,183882.734375,1130.0,418.25,711.75,4657,52,1096,424.5,582.125,0.1700164575127108,-1.565919285214506,178300.609375,1096.0,321.0,775.0,1634046398.10638,0.01338791847229,20.245735883712765
5833,0,1,0,0,3,2,1096,2211110130,1130,64,1116,17,59861,29483,4,0,0,43,15,2211110130,17,59861,11123,13140,86,1130,1130.0,772.9411764705883,-0.539448634993749,-1.4547382018000825,181034.29065743947,1130.0,442.0,688.0,5753,52,1096,441.0,639.2222222222222,-0.0674185084700459,-1.6534042994924183,184570.17283950615,1096.0,408.0,688.0,1634046398.10638,0.0,20.245735883712765
5834,0,1,0,0,3,2,1096,2211110130,1130,64,1116,17,59861,29483,4,0,0,43,15,2211110130,17,59861,11123,14270,86,1130,1130.0,792.7777777777778,-0.6315532182884946,-1.3505268355213913,177666.17283950618,1130.0,442.0,688.0,6849,52,1096,768.5,684.9,-0.2605289085633337,-1.6220557378988782,184891.29,1096.0,408.0,688.0,1634046398.106867,0.0004870891571044,20.24622297286987
5835,0,1,0,0,3,2,1096,2211110130,1130,64,1116,17,59861,29483,4,0,0,43,15,2211110130,17,59861,11123,15400,86,1130,1130.0,810.5263157894736,-0.7173169908824264,-1.236818688552596,173985.51246537396,1130.0,442.0,688.0,7945,52,1096,1096.0,722.2727272727273,-0.4245416437316608,-1.526921777911618,182050.19834710748,1096.0,408.0,688.0,1634046398.106867,0.0,20.24622297286987
5836,0,1,0,0,3,2,1096,2211110130,1130,64,1116,17,59861,29483,4,0,0,43,15,2211110130,17,59861,11123,16530,86,1130,1130.0,826.5,-0.7977259944507149,-1.1157197556674971,170134.25,1130.0,442.0,688.0,9041,52,1096,1096.0,753.4166666666666,-0.5680519009924614,-1.3936336889068426,177548.74305555553,1096.0,408.0,688.0,1634046398.106867,0.0,20.24622297286987
5837,0,1,0,0,3,2,1096,2211110130,1130,64,1116,17,59861,29483,4,0,0,43,15,2211110130,17,59861,11123,1130,1130,1130,1130.0,1130.0,0.0,-3.0,0.0,1130.0,1130.0,0.0,10137,52,1096,1096.0,779.7692307692307,-0.6963414010129818,-1.2357225636392626,172224.63905325445,1096.0,408.0,688.0,1634046398.107366,0.0004990100860595,20.24672198295593
5838,0,1,0,0,3,2,1116,2211110130,1150,64,1136,17,59861,29483,4,0,0,43,15,2211110130,17,59861,11123,2280,1130,1150,1140.0,1140.0,0.0,-2.0,100.0,1145.0,1135.0,10.0,11253,52,1116,1096.0,803.7857142857143,-0.8112832476553881,-1.0640270999199837,167421.1683673469,1096.0,416.25,679.75,1634046398.108725,0.0013589859008789,20.248080968856808
5839,0,1,0,0,3,2,285,2211110130,319,64,305,17,59861,29483,4,0,0,43,15,2211110130,17,59861,11123,2599,319,1150,1130.0,866.3333333333334,-0.7056914480141927,-1.4999999999999991,149853.55555555553,1140.0,724.5,415.5,11538,52,1116,1096.0,769.2,-0.6001565178628281,-1.3876777301390089,173006.16,1096.0,408.0,688.0,1634046398.108725,0.0,20.248080968856808
5840,0,1,0,0,2,3,60,3232270721,94,47,80,17,29483,59861,4,0,0,43,15,2211110130,17,59861,11123,2693,94,1150,724.5,673.25,-0.0827912141014243,-1.888675978993904,224233.6875,1135.0,262.75,872.25,11598,52,1116,1096.0,724.875,-0.44343678124227,-1.5792037273302035,191663.859375,1096.0,377.25,718.75,1634046398.109191,0.0004658699035644,20.248546838760372
5841,0,1,0,0,2,3,60,3232270721,94,47,80,17,29483,59861,4,0,0,43,15,2211110130,17,59861,11123,2787,94,1150,319.0,557.4,0.3257605288499939,-1.7987321043884097,233071.84,1130.0,94.0,1036.0,11658,52,1116,1096.0,685.7647058823529,-0.3042567752964928,-1.705667807592506,204863.35640138408,1096.0,285.0,811.0,1634046398.138171,0.028980016708374,20.277526855468746
5842,0,1,0,0,2,3,60,3232270721,94,47,80,17,29483,59861,4,0,0,43,15,2211110130,17,59861,11123,2881,94,1150,206.5,480.1666666666667,0.6254834013035558,-1.515831432551536,224051.47222222225,927.25,94.0,833.25,11718,52,1116,768.5,651.0,-0.1807198322400545,-1.7822912987981228,214028.0,1096.0,116.25,979.75,1634046398.154402,0.0162310600280761,20.293757915496823
5843,0,1,0,0,2,3,52,3232270721,86,47,72,17,29483,59861,4,0,0,43,15,2211110130,17,59861,11123,2967,86,1150,94.0,423.8571428571428,0.8656658896822904,-1.1550934622203486,211068.69387755104,724.5,94.0,630.5,11770,52,1116,441.0,619.4736842105264,-0.0710425542589613,-1.8215752923991977,220653.72299168972,1096.0,60.0,1036.0,1634046398.154458,5.602836608886719e-05,20.29381394386291
5844,0,1,0,0,3,2,60,2211110130,94,64,80,17,59861,29483,4,0,0,43,15,2211110130,17,59861,11123,3061,86,1150,94.0,382.625,1.0710053820364258,-0.754365283378486,196585.734375,521.75,94.0,427.75,11830,52,1116,424.5,591.5,0.0292378261047187,-1.83523746994069,224489.05,1096.0,60.0,1036.0,1634046398.161824,0.0073659420013427,20.301179885864254
5845,0,1,0,0,3,2,408,2211110130,442,64,428,17,59861,29483,4,0,0,43,15,2211110130,17,59861,11123,3503,86,1150,94.0,389.22222222222223,1.0856006389884476,-0.5536087145647746,175091.0617283951,442.0,94.0,348.0,408,408,408,408.0,408.0,0.0,-3.0,0.0,408.0,408.0,0.0,1634046398.161824,0.0,20.301179885864254
5846,0,1,0,0,3,2,1096,2211110130,1130,64,1116,17,59861,29483,4,0,0,43,15,2211110130,17,59861,11123,4633,86,1150,206.5,463.3,0.6991507637559038,-1.3364478149032348,206969.61000000004,958.0,94.0,864.0,1504,408,1096,752.0,752.0,0.0,-2.0,118336.0,924.0,580.0,344.0,1634046398.162347,0.0005230903625488,20.301702976226803
5847,0,1,0,0,3,2,1096,2211110130,1130,64,1116,17,59861,29483,4,0,0,43,15,2211110130,17,59861,11123,5763,86,1150,319.0,523.9090909090909,0.4282593373340858,-1.6811593641595763,224888.8099173554,1130.0,94.0,1036.0,2600,408,1096,1096.0,866.6666666666666,-0.7071067811865471,-1.5000000000000009,105187.55555555556,1096.0,752.0,344.0,1634046398.162347,0.0,20.301702976226803
5848,0,1,0,0,3,2,1096,2211110130,1130,64,1116,17,59861,29483,4,0,0,43,15,2211110130,17,59861,11123,6893,86,1150,380.5,574.4166666666666,0.2188320056329456,-1.837188940432086,234209.2430555556,1130.0,94.0,1036.0,3696,408,1096,1096.0,924.0,-1.1547005383792517,-0.6666666666666665,88752.0,1096.0,924.0,172.0,1634046398.162347,0.0,20.301702976226803
5849,0,1,0,0,3,2,1096,2211110130,1130,64,1116,17,59861,29483,4,0,0,43,15,2211110130,17,59861,11123,8023,86,1150,442.0,617.1538461538462,0.0471723198986853,-1.8948617449247345,238110.74556213015,1130.0,94.0,1036.0,4792,408,1096,1096.0,958.4,-1.5,0.2499999999999982,75735.04000000001,1096.0,1096.0,0.0,1634046398.162989,0.0006418228149414,20.302344799041744
5850,0,1,0,0,3,2,805,2211110130,839,64,825,17,59861,29483,4,0,0,43,15,2211110130,17,59861,11123,8862,86,1150,640.5,633.0,-0.0451717694187296,-1.8414646852855692,224367.14285714287,1130.0,94.0,1036.0,5597,408,1096,1096.0,932.8333333333334,-1.2598246135299362,-0.0128764237600091,66380.80555555558,1096.0,877.75,218.25,1634046398.162989,0.0,20.302344799041744
5851,0,1,0,0,3,2,56,2211110130,90,64,76,17,59861,29483,4,0,0,43,15,2211110130,17,59861,11123,8952,86,1150,442.0,596.8,0.0885746522650528,-1.8465848962237377,227755.49333333332,1130.0,94.0,1036.0,5653,56,1096,1096.0,807.5714285714286,-0.9548406064793656,-0.6690416039499145,151041.10204081633,1096.0,606.5,489.5,1634046398.178254,0.0152649879455566,20.3176097869873
5852,0,1,0,0,3,2,408,2211110130,442,64,428,17,59861,29483,4,0,0,43,15,2211110130,17,59861,11123,9394,86,1150,442.0,587.125,0.1508746670964648,-1.7749548645464297,214924.859375,1130.0,94.0,1036.0,6061,56,1096,950.5,757.625,-0.5956470780971733,-1.1872151241866629,149623.484375,1096.0,408.0,688.0,1634046398.178903,0.0006492137908935,20.318259000778195
5853,0,1,0,0,2,3,56,3232270721,90,47,76,17,29483,59861,4,0,0,43,15,2211110130,17,59861,11123,9484,86,1150,442.0,557.8823529411765,0.2579939123176287,-1.73989642345491,215964.33910034603,1130.0,94.0,1036.0,6117,56,1096,805.0,679.6666666666666,-0.3368300233232362,-1.5384135898971223,181618.66666666663,1096.0,408.0,688.0,1634046398.189618,0.0107150077819824,20.328974008560177
5854,0,1,0,0,2,3,60,3232270721,94,47,80,17,29483,59861,4,0,0,43,15,2211110130,17,59861,11123,9578,86,1150,380.5,532.1111111111111,0.3561454274580004,-1.685939936669909,215256.987654321,1130.0,94.0,1036.0,6177,56,1096,606.5,617.7,-0.1158590269869704,-1.6986261996843146,198015.61,1096.0,147.0,949.0,1634046398.189673,5.4836273193359375e-05,20.32902884483337
5855,0,1,0,0,3,2,1096,2211110130,1130,64,1116,17,59861,29483,4,0,0,43,15,2211110130,17,59861,11123,10708,86,1150,442.0,563.578947368421,0.2296390613400287,-1.7783784184844176,221751.71745152355,1130.0,94.0,1036.0,7273,56,1096,805.0,661.1818181818181,-0.2858886038773733,-1.6530677108427152,198920.8760330579,1096.0,234.0,862.0,1634046398.194172,0.0044989585876464,20.333527803421017
5856,0,1,0,0,3,2,1096,2211110130,1130,64,1116,17,59861,29483,4,0,0,43,15,2211110130,17,59861,11123,11838,86,1150,442.0,591.9,0.1178253082816265,-1.8302754413097817,225903.69000000003,1130.0,94.0,1036.0,8369,56,1096,950.5,697.4166666666666,-0.4334533685687016,-1.559917973868634,196786.74305555556,1096.0,321.0,775.0,1634046398.194172,0.0,20.333527803421017
5857,0,1,0,0,3,2,1096,2211110130,1130,64,1116,17,59861,29483,4,0,0,43,15,2211110130,17,59861,11123,1130,1130,1130,1130.0,1130.0,0.0,-3.0,0.0,1130.0,1130.0,0.0,9465,56,1096,1096.0,728.0769230769231,-0.5644386852679728,-1.4365148769272154,192929.9171597633,1096.0,408.0,688.0,1634046398.194662,0.0004901885986328,20.33401799201965
5858,0,1,0,0,3,2,441,2211110130,475,64,461,17,59861,29483,4,0,0,43,15,2211110130,17,59861,11123,1605,475,1130,802.5,802.5,0.0,-2.0,107256.25,966.25,638.75,327.5,9906,56,1096,950.5,707.5714285714286,-0.4379483488451721,-1.4975164602519424,184615.387755102,1096.0,408.0,688.0,1634046398.194662,0.0,20.33401799201965
5859,0,1,0,0,3,2,32,2211110130,66,64,52,17,59861,29483,4,0,0,43,15,2211110130,17,59861,11123,1671,66,1130,475.0,557.0,0.2741237033243086,-1.5,192044.66666666663,802.5,270.5,532.0,9938,32,1096,805.0,662.5333333333333,-0.2865912564210133,-1.644773550032603,200705.7155555556,1096.0,234.0,862.0,1634046398.212878,0.0182158946990966,20.352233886718746
5860,0,1,0,0,2,3,60,3232270721,94,47,80,17,29483,59861,4,0,0,43,15,2211110130,17,59861,11123,1765,66,1130,284.5,441.25,0.7336602964427101,-1.089245955363714,184227.6875,638.75,87.0,551.75,9998,32,1096,623.0,624.875,-0.1472816892553413,-1.734512327125164,209433.859375,1096.0,60.0,1036.0,1634046398.225123,0.0122449398040771,20.364478826522824
5861,0,1,0,0,2,3,52,3232270721,86,48,72,17,10001,59861,4,0,0,43,15,2211110130,17,59861,11123,1851,66,1130,94.0,370.2,1.071765892926112,-0.4766213901706715,167574.56,475.0,86.0,389.0,10050,32,1096,441.0,591.1764705882352,-0.0254558675077065,-1.775173327384402,215283.6747404844,1096.0,60.0,1036.0,1634046398.227902,0.0027790069580078,20.36725783348083
5862,0,1,0,0,3,2,408,2211110130,442,64,428,17,59861,29483,4,0,0,43,15,2211110130,17,59861,11123,2293,66,1130,268.0,382.1666666666667,1.070405973842592,-0.1454171949095455,140361.47222222222,466.75,88.0,378.75,10458,32,1096,424.5,581.0,0.0378918838654411,-1.723432003963845,205084.0,1096.0,60.0,1036.0,1634046398.230192,0.0022900104522705,20.369547843933102
5863,0,1,0,0,3,2,1096,2211110130,1130,64,1116,17,59861,29483,4,0,0,43,15,2211110130,17,59861,11123,3423,66,1130,442.0,489.0,0.5640416605747649,-1.3150242360557216,188790.0,802.5,90.0,712.5,11554,32,1096,441.0,608.1052631578947,-0.0673977339779333,-1.7380228234027275,207514.62049861497,1096.0,60.0,1036.0,1634046398.230192,0.0,20.369547843933102
5864,0,1,0,0,3,2,1096,2211110130,1130,64,1116,17,59861,29483,4,0,0,43,15,2211110130,17,59861,11123,4553,66,1130,458.5,569.125,0.2323555817171867,-1.6786931764275466,210131.359375,1130.0,92.0,1038.0,12650,32,1096,623.0,632.5,-0.1630290199637854,-1.728897793340796,208445.85,1096.0,60.0,1036.0,1634046398.230751,0.0005590915679931,20.370106935501095
5865,0,1,0,0,3,2,1096,2211110130,1130,64,1116,17,59861,29483,4,0,0,43,15,2211110130,17,59861,11123,5683,66,1130,475.0,631.4444444444445,-0.0144795432742341,-1.775154021835848,217853.13580246916,1130.0,94.0,1036.0,1096,1096,1096,1096.0,1096.0,0.0,-3.0,0.0,1096.0,1096.0,0.0,1634046398.230751,0.0,20.370106935501095
5866,0,1,0,0,3,2,1096,2211110130,1130,64,1116,17,59861,29483,4,0,0,43,15,2211110130,17,59861,11123,6813,66,1130,802.5,681.3,-0.2128280203404765,-1.7516470857061284,218438.00999999995,1130.0,181.0,949.0,2192,1096,1096,1096.0,1096.0,0.0,-3.0,0.0,1096.0,1096.0,0.0,1634046398.230751,0.0,20.370106935501095
5867,0,1,0,0,3,2,139,2211110130,173,64,159,17,59861,29483,4,0,0,43,15,2211110130,17,59861,11123,6986,66,1130,475.0,635.0909090909091,-0.0107078342287707,-1.817614371194805,219932.8099173554,1130.0,133.5,996.5,2331,139,1096,1096.0,777.0,-0.7071067811865475,-1.5,203522.0,1096.0,617.5,478.5,1634046398.230751,0.0,20.370106935501095
5868,0,1,0,0,3,2,1096,2211110130,1130,64,1116,17,59861,29483,4,0,0,43,15,2211110130,17,59861,11123,8116,66,1130,802.5,676.3333333333334,-0.1763818992005825,-1.8012993812191,220315.3888888889,1130.0,153.25,976.75,3427,139,1096,1096.0,856.75,-1.1547005383792517,-0.6666666666666665,171721.6875,1096.0,856.75,239.25,1634046398.260863,0.0301120281219482,20.400218963623043
5869,0,1,0,0,3,2,1096,2211110130,1130,64,1116,17,59861,29483,4,0,0,43,15,2211110130,17,59861,11123,9246,66,1130,1130.0,711.2307692307693,-0.3195157853966968,-1.739140352586599,217982.02366863904,1130.0,173.0,957.0,4523,139,1096,1096.0,904.6,-1.4999999999999998,0.25,146535.84,1096.0,1096.0,0.0,1634046398.260863,0.0,20.400218963623043
5870,0,1,0,0,3,2,1096,2211110130,1130,64,1116,17,59861,29483,4,0,0,43,15,2211110130,17,59861,11123,10376,66,1130,1130.0,741.1428571428571,-0.4461807669884239,-1.6474786985230765,214043.40816326533,1130.0,240.25,889.75,5619,139,1096,1096.0,936.5,-1.7888543819998317,1.2000000000000002,127201.25,1096.0,1096.0,0.0,1634046398.261385,0.0005218982696533,20.400740861892697
5871,0,1,0,0,3,2,1096,2211110130,1130,64,1116,17,59861,29483,4,0,0,43,15,2211110130,17,59861,11123,11506,66,1130,1130.0,767.0666666666667,-0.56028718111393,-1.535717663104062,209182.46222222215,1130.0,307.5,822.5,6715,139,1096,1096.0,959.2857142857144,-2.0412414523193148,2.166666666666668,112144.7755102041,1096.0,1096.0,0.0,1634046398.261385,0.0,20.400740861892697
5872,0,1,0,0,3,2,1096,2211110130,1130,64,1116,17,59861,29483,4,0,0,43,15,2211110130,17,59861,11123,12636,66,1130,1130.0,789.75,-0.6644953149729288,-1.4096496990368674,203826.5625,1130.0,374.75,755.25,7811,139,1096,1096.0,976.375,-2.2677868380553634,3.1428571428571432,100170.984375,1096.0,1096.0,0.0,1634046398.261385,0.0,20.400740861892697
5873,0,1,0,0,3,2,339,2211110130,373,64,359,17,59861,29483,4,0,0,43,15,2211110130,17,59861,11123,13009,66,1130,1130.0,765.2352941176471,-0.5195664724445478,-1.5554071147637307,201452.29757785468,1130.0,373.0,757.0,8150,139,1096,1096.0,905.5555555555557,-1.3976955641372573,0.0470980733836063,129164.02469135803,1096.0,1096.0,0.0,1634046398.261385,0.0,20.400740861892697
5874,0,1,0,0,2,3,60,3232270721,94,47,80,17,29483,59861,4,0,0,43,15,2211110130,17,59861,11123,13103,66,1130,1130.0,727.9444444444445,-0.3759180255593347,-1.7036427837690549,213900.8302469136,1130.0,223.0,907.0,8210,60,1096,1096.0,821.0,-0.9437971688953876,-1.0201042038555113,180594.4,1096.0,528.25,567.75,1634046398.264988,0.0036029815673828,20.40434384346008
5875,0,1,0,0,3,2,60,2211110130,94,64,80,17,59861,29483,4,0,0,43,15,2211110130,17,59861,11123,13197,66,1130,1130.0,694.578947368421,-0.2504132647156892,-1.7962317602727589,222681.50692520777,1130.0,133.5,996.5,8270,60,1096,1096.0,751.8181818181819,-0.6306331941043101,-1.531125065932063,212037.96694214875,1096.0,239.0,857.0,1634046398.271099,0.0061111450195312,20.41045498847961
5876,0,1,0,0,3,2,408,2211110130,442,64,428,17,59861,29483,4,0,0,43,15,2211110130,17,59861,11123,13639,66,1130,802.5,681.95,-0.1777915565316956,-1.787841183558462,214577.7475,1130.0,153.25,976.75,8678,60,1096,1096.0,723.1666666666666,-0.461379539419856,-1.650041894068765,203398.1388888889,1096.0,289.0,807.0,1634046398.271099,0.0,20.41045498847961
5877,0,1,0,0,3,2,1116,2211110130,1150,64,1136,17,59861,29483,4,0,0,43,15,2211110130,17,59861,11123,1150,1150,1150,1150.0,1150.0,0.0,-3.0,0.0,1150.0,1150.0,0.0,9794,60,1116,1096.0,753.3846153846154,-0.5920827650587598,-1.51504170851341,198709.6213017752,1096.0,339.0,757.0,1634046398.273084,0.0019848346710205,20.41243982315063
5878,0,1,0,0,3,2,1096,2211110130,1130,64,1116,17,59861,29483,4,0,0,43,15,2211110130,17,59861,11123,2280,1130,1150,1140.0,1140.0,0.0,-2.0,100.0,1145.0,1135.0,10.0,10890,60,1116,1096.0,777.8571428571429,-0.71102708752886,-1.36104594448678,192301.83673469396,1096.0,356.25,739.75,1634046398.287278,0.0141940116882324,20.426633834838864
5879,0,1,0,0,3,2,1096,2211110130,1130,64,1116,17,59861,29483,4,0,0,43,15,2211110130,17,59861,11123,3410,1130,1150,1130.0,1136.6666666666667,0.7071067811865236,-1.5000000000000222,88.88888888888887,1140.0,1130.0,10.0,11986,60,1116,1096.0,799.0666666666667,-0.8198108804117387,-1.194398583486327,185779.5288888889,1096.0,373.5,722.5,1634046398.288155,0.0008771419525146,20.42751097679138
5880,0,1,0,0,3,2,1096,2211110130,1130,64,1116,17,59861,29483,4,0,0,43,15,2211110130,17,59861,11123,4540,1130,1150,1130.0,1135.0,1.1547005383792517,-0.6666666666666665,75.0,1135.0,1130.0,5.0,13082,60,1116,1096.0,817.625,-0.9203839241906884,-1.0184733935795605,179334.484375,1096.0,390.75,705.25,1634046398.291737,0.0035820007324218,20.4310929775238
5881,0,1,0,0,3,2,1096,2211110130,1130,64,1116,17,59861,29483,4,0,0,43,15,2211110130,17,59861,11123,5670,1130,1150,1130.0,1134.0,1.5,0.25,64.0,1130.0,1130.0,0.0,14178,60,1116,1096.0,834.0,-1.014174090854129,-0.8355425464652613,173075.64705882352,1096.0,408.0,688.0,1634046398.291737,0.0,20.4310929775238
5882,0,1,0,0,3,2,1096,2211110130,1130,64,1116,17,59861,29483,4,0,0,43,15,2211110130,17,59861,11123,6800,1130,1150,1130.0,1133.3333333333333,1.7888543819998608,1.2000000000000697,55.55555555555558,1130.0,1130.0,0.0,15274,60,1116,1096.0,848.5555555555555,-1.102258572604175,-0.647192284863984,167062.02469135803,1096.0,580.0,516.0,1634046398.292264,0.0005269050598144,20.431619882583615
5883,0,1,0,0,3,2,1096,2211110130,1130,64,1116,17,59861,29483,4,0,0,43,15,2211110130,17,59861,11123,7930,1130,1150,1130.0,1132.857142857143,2.041241452319301,2.166666666666627,48.9795918367347,1130.0,1130.0,0.0,16370,60,1116,1096.0,861.578947368421,-1.1854703247161416,-0.4545635889374937,161322.24376731305,1096.0,752.0,344.0,1634046398.292873,0.0006089210510253,20.43222880363464
5884,0,1,0,0,3,2,1104,2211110130,1138,64,1124,17,59861,29483,4,0,0,43,15,2211110130,17,59861,11123,9068,1130,1150,1130.0,1133.5,1.747470611010646,1.504792618471737,45.75,1132.0,1130.0,2.0,17474,60,1116,1096.0,873.7,-1.264302426019622,-0.2589807737220999,156047.61000000002,1096.0,924.0,172.0,1634046398.292873,0.0,20.43222880363464
5885,0,1,0,0,2,3,60,3232270721,94,47,80,17,29483,59861,4,0,0,43,15,2211110130,17,59861,11123,9162,94,1150,1130.0,1018.0,-2.4730421080046163,4.1198788958855,106762.66666666669,1130.0,1130.0,0.0,60,60,60,60.0,60.0,0.0,-3.0,0.0,60.0,60.0,0.0,1634046398.300997,0.0081241130828857,20.440352916717526
5886,0,1,0,0,3,2,1096,2211110130,1130,64,1116,17,59861,29483,4,0,0,43,15,2211110130,17,59861,11123,10292,94,1150,1130.0,1029.2,-2.66471288668996,5.10510322915469,97215.36,1130.0,1130.0,0.0,1156,60,1096,578.0,578.0,0.0,-2.0,268324.0,837.0,319.0,518.0,1634046398.306184,0.0051870346069335,20.44553995132446
5887,0,1,0,0,3,2,1096,2211110130,1130,64,1116,17,59861,29483,4,0,0,43,15,2211110130,17,59861,11123,11422,94,1150,1130.0,1038.3636363636365,-2.8439827736848726,6.093108878722646,89217.32231404958,1130.0,1130.0,0.0,2252,60,1096,1096.0,750.6666666666666,-0.7071067811865472,-1.5,238510.22222222225,1096.0,578.0,518.0,1634046398.306184,0.0,20.44553995132446
5888,0,1,0,0,3,2,1096,2211110130,1130,64,1116,17,59861,29483,4,0,0,43,15,2211110130,17,59861,11123,12552,94,1150,1130.0,1046.0,-3.012939994123075,7.083137575168408,82424.0,1130.0,1130.0,0.0,3348,60,1096,1096.0,837.0,-1.1547005383792517,-0.6666666666666665,201243.0,1096.0,837.0,259.0,1634046398.306184,0.0,20.44553995132446
5889,0,1,0,0,3,2,1096,2211110130,1130,64,1116,17,59861,29483,4,0,0,43,15,2211110130,17,59861,11123,13682,94,1150,1130.0,1052.4615384615386,-3.17315245314123,8.074683718335596,76584.7100591716,1130.0,1130.0,0.0,4444,60,1096,1096.0,888.8,-1.5000000000000004,0.2500000000000004,171727.35999999996,1096.0,1096.0,0.0,1634046398.306184,0.0,20.44553995132446
5890,0,1,0,0,3,2,1096,2211110130,1130,64,1116,17,59861,29483,4,0,0,43,15,2211110130,17,59861,11123,14812,94,1150,1130.0,1058.0,-3.3258314177372763,9.067397229200044,71513.14285714286,1130.0,1130.0,0.0,5540,60,1096,1096.0,923.3333333333334,-1.7888543819998324,1.2000000000000002,149068.88888888888,1096.0,1096.0,0.0,1634046398.306667,0.0004830360412597,20.44602298736572
5891,0,1,0,0,3,2,1096,2211110130,1130,64,1116,17,59861,29483,4,0,0,43,15,2211110130,17,59861,11123,15942,94,1150,1130.0,1062.8,-3.4719348088592565,10.061028023265427,67068.15999999999,1130.0,1130.0,0.0,6636,60,1096,1096.0,948.0,-2.0412414523193148,2.166666666666667,131424.0,1096.0,1096.0,0.0,1634046398.306667,0.0,20.44602298736572
5892,0,1,0,0,3,2,1096,2211110130,1130,64,1116,17,59861,29483,4,0,0,43,15,2211110130,17,59861,11123,17072,94,1150,1130.0,1067.0,-3.61223516574482,11.055392688143211,63141.0,1130.0,1130.0,0.0,7732,60,1096,1096.0,966.5,-2.2677868380553634,3.1428571428571432,117391.75,1096.0,1096.0,0.0,1634046398.306667,0.0,20.44602298736572
5893,0,1,0,0,3,2,1096,2211110130,1130,64,1116,17,59861,29483,4,0,0,43,15,2211110130,17,59861,11123,18202,94,1150,1130.0,1070.7058823529412,-3.747365951170234,12.050353653726184,59646.56055363322,1130.0,1130.0,0.0,8828,60,1096,1096.0,980.8888888888888,-2.474873734152917,4.124999999999999,106004.54320987656,1096.0,1096.0,0.0,1634046398.306667,0.0,20.44602298736572
5894,0,1,0,0,3,2,1096,2211110130,1130,64,1116,17,59861,29483,4,0,0,43,15,2211110130,17,59861,11123,19332,94,1150,1130.0,1074.0,-3.877854045036048,13.045805712273488,56517.333333333336,1130.0,1130.0,0.0,9924,60,1096,1096.0,992.4,-2.666666666666667,5.111111111111114,96596.63999999998,1096.0,1096.0,0.0,1634046398.307212,0.0005450248718261,20.446568012237545
5895,0,1,0,0,3,2,1096,2211110130,1130,64,1116,17,59861,29483,4,0,0,43,15,2211110130,17,59861,11123,20462,94,1150,1130.0,1076.9473684210527,-4.004143130693274,14.041667030787998,53699.1024930748,1130.0,1130.0,0.0,11020,60,1096,1096.0,1001.818181818182,-2.8460498941515424,6.100000000000003,88702.14876033057,1096.0,1096.0,0.0,1634046398.307212,0.0,20.446568012237545
5896,0,1,0,0,3,2,1096,2211110130,1130,64,1116,17,59861,29483,4,0,0,43,15,2211110130,17,59861,11123,21592,94,1150,1130.0,1079.6,-4.12661090034729,15.037873000995456,51147.84000000001,1130.0,1130.0,0.0,12116,60,1096,1096.0,1009.6666666666666,-3.0151134457776347,7.090909090909088,81987.8888888889,1096.0,1096.0,0.0,1634046398.307212,0.0,20.446568012237545
5897,0,1,0,0,3,2,1096,2211110130,1130,64,1116,17,59861,29483,4,0,0,43,15,2211110130,17,59861,11123,1130,1130,1130,1130.0,1130.0,0.0,-3.0,0.0,1130.0,1130.0,0.0,13212,60,1096,1096.0,1016.3076923076924,-3.175426480542942,8.083333333333337,76210.3668639053,1096.0,1096.0,0.0,1634046398.307212,0.0,20.446568012237545
5898,0,1,0,0,3,2,1096,2211110130,1130,64,1116,17,59861,29483,4,0,0,43,15,2211110130,17,59861,11123,2260,1130,1130,1130.0,1130.0,0.0,-3.0,0.0,1130.0,1130.0,0.0,14308,60,1096,1096.0,1022.0,-3.328201177351375,9.076923076923077,71188.0,1096.0,1096.0,0.0,1634046398.307733,0.0005209445953369,20.447088956832882
5899,0,1,0,0,3,2,1096,2211110130,1130,64,1116,17,59861,29483,4,0,0,43,15,2211110130,17,59861,11123,3390,1130,1130,1130.0,1130.0,0.0,-3.0,0.0,1130.0,1130.0,0.0,15404,60,1096,1096.0,1026.9333333333334,-3.47439614486152,10.071428571428577,66782.8622222222,1096.0,1096.0,0.0,1634046398.307733,0.0,20.447088956832882
5900,0,1,0,0,3,2,1096,2211110130,1130,64,1116,17,59861,29483,4,0,0,43,15,2211110130,17,59861,11123,4520,1130,1130,1130.0,1130.0,0.0,-3.0,0.0,1130.0,1130.0,0.0,16500,60,1096,1096.0,1031.25,-3.614784456460256,11.066666666666666,62888.4375,1096.0,1096.0,0.0,1634046398.307733,0.0,20.447088956832882
5901,0,1,0,0,3,2,1096,2211110130,1130,64,1116,17,59861,29483,4,0,0,43,15,2211110130,17,59861,11123,5650,1130,1130,1130.0,1130.0,0.0,-3.0,0.0,1130.0,1130.0,0.0,17596,60,1096,1096.0,1035.0588235294117,-3.749999999999999,12.062499999999991,59421.231833910046,1096.0,1096.0,0.0,1634046398.307733,0.0,20.447088956832882
5902,0,1,0,0,3,2,1096,2211110130,1130,64,1116,17,59861,29483,4,0,0,43,15,2211110130,17,59861,11123,6780,1130,1130,1130.0,1130.0,0.0,-3.0,0.0,1130.0,1130.0,0.0,18692,60,1096,1096.0,1038.4444444444443,-3.8805700005813257,13.058823529411756,56314.91358024691,1096.0,1096.0,0.0,1634046398.308242,0.0005090236663818,20.447597980499264
5903,0,1,0,0,3,2,1096,2211110130,1130,64,1116,17,59861,29483,4,0,0,43,15,2211110130,17,59861,11123,7910,1130,1130,1130.0,1130.0,0.0,-3.0,0.0,1130.0,1130.0,0.0,19788,60,1096,1096.0,1041.4736842105262,-4.006938426723766,14.055555555555546,53516.144044321336,1096.0,1096.0,0.0,1634046398.308242,0.0,20.447597980499264
5904,0,1,0,0,3,2,1116,2211110130,1150,64,1136,17,59861,29483,4,0,0,43,15,2211110130,17,59861,11123,9060,1130,1150,1130.0,1132.5,2.2677868380553634,3.1428571428571432,43.75,1130.0,1130.0,0.0,20904,60,1116,1096.0,1045.2,-4.126902377109574,15.039394113983292,51104.16,1096.0,1096.0,0.0,1634046398.308242,0.0,20.447597980499264
5905,0,1,0,0,3,2,1096,2211110130,1130,64,1116,17,59861,29483,4,0,0,43,15,2211110130,17,59861,11123,10190,1130,1150,1130.0,1132.2222222222222,2.4748737341529403,4.125000000000078,39.50617283950618,1130.0,1130.0,0.0,1096,1096,1096,1096.0,1096.0,0.0,-3.0,0.0,1096.0,1096.0,0.0,1634046398.308242,0.0,20.447597980499264
5906,0,1,0,0,3,2,1096,2211110130,1130,64,1116,17,59861,29483,4,0,0,43,15,2211110130,17,59861,11123,11320,1130,1150,1130.0,1132.0,2.6666666666666665,5.111111111111111,36.0,1130.0,1130.0,0.0,2192,1096,1096,1096.0,1096.0,0.0,-3.0,0.0,1096.0,1096.0,0.0,1634046398.308785,0.0005428791046142,20.44814085960388
5907,0,1,0,0,3,2,1096,2211110130,1130,64,1116,17,59861,29483,4,0,0,43,15,2211110130,17,59861,11123,12450,1130,1150,1130.0,1131.8181818181818,2.8460498941515744,6.100000000000124,33.05785123966942,1130.0,1130.0,0.0,3288,1096,1096,1096.0,1096.0,0.0,-3.0,0.0,1096.0,1096.0,0.0,1634046398.308785,0.0,20.44814085960388
5908,0,1,0,0,3,2,1096,2211110130,1130,64,1116,17,59861,29483,4,0,0,43,15,2211110130,17,59861,11123,13580,1130,1150,1130.0,1131.6666666666667,3.015113445777593,7.090909090908916,30.555555555555568,1130.0,1130.0,0.0,4384,1096,1096,1096.0,1096.0,0.0,-3.0,0.0,1096.0,1096.0,0.0,1634046398.308785,0.0,20.44814085960388
5909,0,1,0,0,3,2,1096,2211110130,1130,64,1116,17,59861,29483,4,0,0,43,15,2211110130,17,59861,11123,14710,1130,1150,1130.0,1131.5384615384614,3.1754264805429995,8.083333333333577,28.40236686390534,1130.0,1130.0,0.0,5480,1096,1096,1096.0,1096.0,0.0,-3.0,0.0,1096.0,1096.0,0.0,1634046398.308785,0.0,20.44814085960388
5910,0,1,0,0,3,2,1096,2211110130,1130,64,1116,17,59861,29483,4,0,0,43,15,2211110130,17,59861,11123,15840,1130,1150,1130.0,1131.428571428571,3.3282011773514317,9.07692307692333,26.530612244897952,1130.0,1130.0,0.0,6576,1096,1096,1096.0,1096.0,0.0,-3.0,0.0,1096.0,1096.0,0.0,1634046398.309263,0.0004780292510986,20.448618888854977
5911,0,1,0,0,3,2,1096,2211110130,1130,64,1116,17,59861,29483,4,0,0,43,15,2211110130,17,59861,11123,16970,1130,1150,1130.0,1131.3333333333333,3.474396144861561,10.071428571428772,24.888888888888903,1130.0,1130.0,0.0,7672,1096,1096,1096.0,1096.0,0.0,-3.0,0.0,1096.0,1096.0,0.0,1634046398.309263,0.0,20.448618888854977
5912,0,1,0,0,3,2,1096,2211110130,1130,64,1116,17,59861,29483,4,0,0,43,15,2211110130,17,59861,11123,18100,1130,1150,1130.0,1131.25,3.614784456460256,11.066666666666666,23.4375,1130.0,1130.0,0.0,8768,1096,1096,1096.0,1096.0,0.0,-3.0,0.0,1096.0,1096.0,0.0,1634046398.309263,0.0,20.448618888854977
5913,0,1,0,0,3,2,1096,2211110130,1130,64,1116,17,59861,29483,4,0,0,43,15,2211110130,17,59861,11123,19230,1130,1150,1130.0,1131.1764705882354,3.749999999999957,12.06249999999979,22.14532871972318,1130.0,1130.0,0.0,9864,1096,1096,1096.0,1096.0,0.0,-3.0,0.0,1096.0,1096.0,0.0,1634046398.309783,0.0005199909210205,20.449138879775997
5914,0,1,0,0,3,2,1096,2211110130,1130,64,1116,17,59861,29483,4,0,0,43,15,2211110130,17,59861,11123,20360,1130,1150,1130.0,1131.111111111111,3.880570000581343,13.058823529411846,20.98765432098766,1130.0,1130.0,0.0,10960,1096,1096,1096.0,1096.0,0.0,-3.0,0.0,1096.0,1096.0,0.0,1634046398.309783,0.0,20.449138879775997
5915,0,1,0,0,3,2,1096,2211110130,1130,64,1116,17,59861,29483,4,0,0,43,15,2211110130,17,59861,11123,21490,1130,1150,1130.0,1131.0526315789473,4.006938426723828,14.055555555555864,19.944598337950133,1130.0,1130.0,0.0,12056,1096,1096,1096.0,1096.0,0.0,-3.0,0.0,1096.0,1096.0,0.0,1634046398.309783,0.0,20.449138879775997
5916,0,1,0,0,3,2,1096,2211110130,1130,64,1116,17,59861,29483,4,0,0,43,15,2211110130,17,59861,11123,22620,1130,1150,1130.0,1131.0,4.129483209670112,15.05263157894737,19.0,1130.0,1130.0,0.0,13152,1096,1096,1096.0,1096.0,0.0,-3.0,0.0,1096.0,1096.0,0.0,1634046398.309783,0.0,20.449138879775997
5917,0,1,0,0,3,2,1096,2211110130,1130,64,1116,17,59861,29483,4,0,0,43,15,2211110130,17,59861,11123,1130,1130,1130,1130.0,1130.0,0.0,-3.0,0.0,1130.0,1130.0,0.0,14248,1096,1096,1096.0,1096.0,0.0,-3.0,0.0,1096.0,1096.0,0.0,1634046398.310299,0.0005159378051757,20.449654817581173
5918,0,1,0,0,3,2,1096,2211110130,1130,64,1116,17,59861,29483,4,0,0,43,15,2211110130,17,59861,11123,2260,1130,1130,1130.0,1130.0,0.0,-3.0,0.0,1130.0,1130.0,0.0,15344,1096,1096,1096.0,1096.0,0.0,-3.0,0.0,1096.0,1096.0,0.0,1634046398.310299,0.0,20.449654817581173
5919,0,1,0,0,3,2,1096,2211110130,1130,64,1116,17,59861,29483,4,0,0,43,15,2211110130,17,59861,11123,3390,1130,1130,1130.0,1130.0,0.0,-3.0,0.0,1130.0,1130.0,0.0,16440,1096,1096,1096.0,1096.0,0.0,-3.0,0.0,1096.0,1096.0,0.0,1634046398.310299,0.0,20.449654817581173
5920,0,1,0,0,3,2,1096,2211110130,1130,64,1116,17,59861,29483,4,0,0,43,15,2211110130,17,59861,11123,4520,1130,1130,1130.0,1130.0,0.0,-3.0,0.0,1130.0,1130.0,0.0,17536,1096,1096,1096.0,1096.0,0.0,-3.0,0.0,1096.0,1096.0,0.0,1634046398.310299,0.0,20.449654817581173
5921,0,1,0,0,3,2,1096,2211110130,1130,64,1116,17,59861,29483,4,0,0,43,15,2211110130,17,59861,11123,5650,1130,1130,1130.0,1130.0,0.0,-3.0,0.0,1130.0,1130.0,0.0,18632,1096,1096,1096.0,1096.0,0.0,-3.0,0.0,1096.0,1096.0,0.0,1634046398.310842,0.0005431175231933,20.450197935104367
5922,0,1,0,0,3,2,1096,2211110130,1130,64,1116,17,59861,29483,4,0,0,43,15,2211110130,17,59861,11123,6780,1130,1130,1130.0,1130.0,0.0,-3.0,0.0,1130.0,1130.0,0.0,19728,1096,1096,1096.0,1096.0,0.0,-3.0,0.0,1096.0,1096.0,0.0,1634046398.310842,0.0,20.450197935104367
5923,0,1,0,0,3,2,1096,2211110130,1130,64,1116,17,59861,29483,4,0,0,43,15,2211110130,17,59861,11123,7910,1130,1130,1130.0,1130.0,0.0,-3.0,0.0,1130.0,1130.0,0.0,20824,1096,1096,1096.0,1096.0,0.0,-3.0,0.0,1096.0,1096.0,0.0,1634046398.310842,0.0,20.450197935104367
5924,0,1,0,0,3,2,1096,2211110130,1130,64,1116,17,59861,29483,4,0,0,43,15,2211110130,17,59861,11123,9040,1130,1130,1130.0,1130.0,0.0,-3.0,0.0,1130.0,1130.0,0.0,21920,1096,1096,1096.0,1096.0,0.0,-3.0,0.0,1096.0,1096.0,0.0,1634046398.310842,0.0,20.450197935104367
5925,0,1,0,0,3,2,1096,2211110130,1130,64,1116,17,59861,29483,4,0,0,43,15,2211110130,17,59861,11123,10170,1130,1130,1130.0,1130.0,0.0,-3.0,0.0,1130.0,1130.0,0.0,1096,1096,1096,1096.0,1096.0,0.0,-3.0,0.0,1096.0,1096.0,0.0,1634046398.311344,0.0005018711090087,20.450699806213375
5926,0,1,0,0,3,2,1096,2211110130,1130,64,1116,17,59861,29483,4,0,0,43,15,2211110130,17,59861,11123,11300,1130,1130,1130.0,1130.0,0.0,-3.0,0.0,1130.0,1130.0,0.0,2192,1096,1096,1096.0,1096.0,0.0,-3.0,0.0,1096.0,1096.0,0.0,1634046398.311344,0.0,20.450699806213375
5927,0,1,0,0,3,2,1096,2211110130,1130,64,1116,17,59861,29483,4,0,0,43,15,2211110130,17,59861,11123,12430,1130,1130,1130.0,1130.0,0.0,-3.0,0.0,1130.0,1130.0,0.0,3288,1096,1096,1096.0,1096.0,0.0,-3.0,0.0,1096.0,1096.0,0.0,1634046398.313168,0.001824140548706,20.45252394676208
5928,0,1,0,0,3,2,1096,2211110130,1130,64,1116,17,59861,29483,4,0,0,43,15,2211110130,17,59861,11123,13560,1130,1130,1130.0,1130.0,0.0,-3.0,0.0,1130.0,1130.0,0.0,4384,1096,1096,1096.0,1096.0,0.0,-3.0,0.0,1096.0,1096.0,0.0,1634046398.313168,0.0,20.45252394676208
5929,0,1,0,0,3,2,1096,2211110130,1130,64,1116,17,59861,29483,4,0,0,43,15,2211110130,17,59861,11123,14690,1130,1130,1130.0,1130.0,0.0,-3.0,0.0,1130.0,1130.0,0.0,5480,1096,1096,1096.0,1096.0,0.0,-3.0,0.0,1096.0,1096.0,0.0,1634046398.313168,0.0,20.45252394676208
5930,0,1,0,0,3,2,1116,2211110130,1150,64,1136,17,59861,29483,4,0,0,43,15,2211110130,17,59861,11123,15840,1130,1150,1130.0,1131.428571428571,3.328201177351432,9.07692307692333,26.53061224489796,1130.0,1130.0,0.0,6596,1096,1116,1096.0,1099.3333333333333,1.788854381999862,1.200000000000072,55.55555555555557,1096.0,1096.0,0.0,1634046398.315095,0.0019268989562988,20.45445084571838
5931,0,1,0,0,3,2,1096,2211110130,1130,64,1116,17,59861,29483,4,0,0,43,15,2211110130,17,59861,11123,16970,1130,1150,1130.0,1131.3333333333333,3.4743961448615623,10.07142857142878,24.888888888888893,1130.0,1130.0,0.0,7692,1096,1116,1096.0,1098.857142857143,2.041241452319301,2.166666666666627,48.9795918367347,1096.0,1096.0,0.0,1634046398.315095,0.0,20.45445084571838
5932,0,1,0,0,3,2,1096,2211110130,1130,64,1116,17,59861,29483,4,0,0,43,15,2211110130,17,59861,11123,18100,1130,1150,1130.0,1131.25,3.614784456460256,11.066666666666666,23.4375,1130.0,1130.0,0.0,8788,1096,1116,1096.0,1098.5,2.2677868380553634,3.1428571428571432,43.75,1096.0,1096.0,0.0,1634046398.315095,0.0,20.45445084571838
5933,0,1,0,0,3,2,1096,2211110130,1130,64,1116,17,59861,29483,4,0,0,43,15,2211110130,17,59861,11123,19230,1130,1150,1130.0,1131.1764705882354,3.749999999999957,12.06249999999979,22.14532871972318,1130.0,1130.0,0.0,9884,1096,1116,1096.0,1098.2222222222222,2.4748737341529403,4.125000000000078,39.50617283950618,1096.0,1096.0,0.0,1634046398.315095,0.0,20.45445084571838
5934,0,1,0,0,3,2,1096,2211110130,1130,64,1116,17,59861,29483,4,0,0,43,15,2211110130,17,59861,11123,20360,1130,1150,1130.0,1131.111111111111,3.880570000581343,13.058823529411846,20.98765432098766,1130.0,1130.0,0.0,10980,1096,1116,1096.0,1098.0,2.6666666666666665,5.111111111111111,36.0,1096.0,1096.0,0.0,1634046398.315589,0.0004940032958984,20.45494484901428
5935,0,1,0,0,3,2,1096,2211110130,1130,64,1116,17,59861,29483,4,0,0,43,15,2211110130,17,59861,11123,21490,1130,1150,1130.0,1131.0526315789473,4.006938426723828,14.055555555555864,19.944598337950133,1130.0,1130.0,0.0,12076,1096,1116,1096.0,1097.8181818181818,2.8460498941515744,6.100000000000124,33.05785123966942,1096.0,1096.0,0.0,1634046398.315589,0.0,20.45494484901428
5936,0,1,0,0,3,2,1096,2211110130,1130,64,1116,17,59861,29483,4,0,0,43,15,2211110130,17,59861,11123,22620,1130,1150,1130.0,1131.0,4.129483209670112,15.05263157894737,19.0,1130.0,1130.0,0.0,13172,1096,1116,1096.0,1097.6666666666667,3.015113445777593,7.090909090908916,30.555555555555568,1096.0,1096.0,0.0,1634046398.315589,0.0,20.45494484901428
5937,0,1,0,0,3,2,1096,2211110130,1130,64,1116,17,59861,29483,4,0,0,43,15,2211110130,17,59861,11123,1130,1130,1130,1130.0,1130.0,0.0,-3.0,0.0,1130.0,1130.0,0.0,14268,1096,1116,1096.0,1097.5384615384614,3.1754264805429995,8.083333333333577,28.40236686390534,1096.0,1096.0,0.0,1634046398.315589,0.0,20.45494484901428
5938,0,1,0,0,3,2,1096,2211110130,1130,64,1116,17,59861,29483,4,0,0,43,15,2211110130,17,59861,11123,2260,1130,1130,1130.0,1130.0,0.0,-3.0,0.0,1130.0,1130.0,0.0,15364,1096,1116,1096.0,1097.428571428571,3.3282011773514317,9.07692307692333,26.530612244897952,1096.0,1096.0,0.0,1634046398.316125,0.0005359649658203,20.4554808139801
5939,0,1,0,0,3,2,1096,2211110130,1130,64,1116,17,59861,29483,4,0,0,43,15,2211110130,17,59861,11123,3390,1130,1130,1130.0,1130.0,0.0,-3.0,0.0,1130.0,1130.0,0.0,16460,1096,1116,1096.0,1097.3333333333333,3.474396144861561,10.071428571428772,24.888888888888903,1096.0,1096.0,0.0,1634046398.316125,0.0,20.4554808139801
5940,0,1,0,0,3,2,1096,2211110130,1130,64,1116,17,59861,29483,4,0,0,43,15,2211110130,17,59861,11123,4520,1130,1130,1130.0,1130.0,0.0,-3.0,0.0,1130.0,1130.0,0.0,17556,1096,1116,1096.0,1097.25,3.614784456460256,11.066666666666666,23.4375,1096.0,1096.0,0.0,1634046398.316125,0.0,20.4554808139801
5941,0,1,0,0,3,2,1096,2211110130,1130,64,1116,17,59861,29483,4,0,0,43,15,2211110130,17,59861,11123,5650,1130,1130,1130.0,1130.0,0.0,-3.0,0.0,1130.0,1130.0,0.0,18652,1096,1116,1096.0,1097.1764705882354,3.749999999999957,12.06249999999979,22.14532871972318,1096.0,1096.0,0.0,1634046398.316634,0.0005090236663818,20.45598983764648
5942,0,1,0,0,3,2,1096,2211110130,1130,64,1116,17,59861,29483,4,0,0,43,15,2211110130,17,59861,11123,6780,1130,1130,1130.0,1130.0,0.0,-3.0,0.0,1130.0,1130.0,0.0,19748,1096,1116,1096.0,1097.111111111111,3.880570000581343,13.058823529411846,20.98765432098766,1096.0,1096.0,0.0,1634046398.316634,0.0,20.45598983764648
5943,0,1,0,0,3,2,1096,2211110130,1130,64,1116,17,59861,29483,4,0,0,43,15,2211110130,17,59861,11123,7910,1130,1130,1130.0,1130.0,0.0,-3.0,0.0,1130.0,1130.0,0.0,20844,1096,1116,1096.0,1097.0526315789473,4.006938426723828,14.055555555555864,19.944598337950133,1096.0,1096.0,0.0,1634046398.316634,0.0,20.45598983764648
5944,0,1,0,0,3,2,1096,2211110130,1130,64,1116,17,59861,29483,4,0,0,43,15,2211110130,17,59861,11123,9040,1130,1130,1130.0,1130.0,0.0,-3.0,0.0,1130.0,1130.0,0.0,21940,1096,1116,1096.0,1097.0,4.129483209670112,15.05263157894737,19.0,1096.0,1096.0,0.0,1634046398.316634,0.0,20.45598983764648
5945,0,1,0,0,3,2,1096,2211110130,1130,64,1116,17,59861,29483,4,0,0,43,15,2211110130,17,59861,11123,10170,1130,1130,1130.0,1130.0,0.0,-3.0,0.0,1130.0,1130.0,0.0,1096,1096,1096,1096.0,1096.0,0.0,-3.0,0.0,1096.0,1096.0,0.0,1634046398.317136,0.0005021095275878,20.45649194717407
5946,0,1,0,0,3,2,1096,2211110130,1130,64,1116,17,59861,29483,4,0,0,43,15,2211110130,17,59861,11123,11300,1130,1130,1130.0,1130.0,0.0,-3.0,0.0,1130.0,1130.0,0.0,2192,1096,1096,1096.0,1096.0,0.0,-3.0,0.0,1096.0,1096.0,0.0,1634046398.317136,0.0,20.45649194717407
5947,0,1,0,0,3,2,1096,2211110130,1130,64,1116,17,59861,29483,4,0,0,43,15,2211110130,17,59861,11123,12430,1130,1130,1130.0,1130.0,0.0,-3.0,0.0,1130.0,1130.0,0.0,3288,1096,1096,1096.0,1096.0,0.0,-3.0,0.0,1096.0,1096.0,0.0,1634046398.317136,0.0,20.45649194717407
5948,0,1,0,0,3,2,1096,2211110130,1130,64,1116,17,59861,29483,4,0,0,43,15,2211110130,17,59861,11123,13560,1130,1130,1130.0,1130.0,0.0,-3.0,0.0,1130.0,1130.0,0.0,4384,1096,1096,1096.0,1096.0,0.0,-3.0,0.0,1096.0,1096.0,0.0,1634046398.317136,0.0,20.45649194717407
5949,0,1,0,0,3,2,1096,2211110130,1130,64,1116,17,59861,29483,4,0,0,43,15,2211110130,17,59861,11123,14690,1130,1130,1130.0,1130.0,0.0,-3.0,0.0,1130.0,1130.0,0.0,5480,1096,1096,1096.0,1096.0,0.0,-3.0,0.0,1096.0,1096.0,0.0,1634046398.317677,0.0005409717559814,20.45703291893005
5950,0,1,0,0,3,2,1096,2211110130,1130,64,1116,17,59861,29483,4,0,0,43,15,2211110130,17,59861,11123,15820,1130,1130,1130.0,1130.0,0.0,-3.0,0.0,1130.0,1130.0,0.0,6576,1096,1096,1096.0,1096.0,0.0,-3.0,0.0,1096.0,1096.0,0.0,1634046398.317677,0.0,20.45703291893005
5951,0,1,0,0,3,2,1096,2211110130,1130,64,1116,17,59861,29483,4,0,0,43,15,2211110130,17,59861,11123,16950,1130,1130,1130.0,1130.0,0.0,-3.0,0.0,1130.0,1130.0,0.0,7672,1096,1096,1096.0,1096.0,0.0,-3.0,0.0,1096.0,1096.0,0.0,1634046398.318923,0.0012459754943847,20.458278894424435
5952,0,1,0,0,3,2,1096,2211110130,1130,64,1116,17,59861,29483,4,0,0,43,15,2211110130,17,59861,11123,18080,1130,1130,1130.0,1130.0,0.0,-3.0,0.0,1130.0,1130.0,0.0,8768,1096,1096,1096.0,1096.0,0.0,-3.0,0.0,1096.0,1096.0,0.0,1634046398.318923,0.0,20.458278894424435
5953,0,1,0,0,3,2,1096,2211110130,1130,64,1116,17,59861,29483,4,0,0,43,15,2211110130,17,59861,11123,19210,1130,1130,1130.0,1130.0,0.0,-3.0,0.0,1130.0,1130.0,0.0,9864,1096,1096,1096.0,1096.0,0.0,-3.0,0.0,1096.0,1096.0,0.0,1634046398.318923,0.0,20.458278894424435
5954,0,1,0,0,2,3,60,3232270721,94,47,80,17,29483,59861,4,0,0,43,15,2211110130,17,59861,11123,19304,94,1130,1130.0,1072.4444444444443,-3.8805700005813257,13.058823529411756,56314.91358024691,1130.0,1130.0,0.0,9924,60,1096,1096.0,992.4,-2.6666666666666665,5.111111111111111,96596.64,1096.0,1096.0,0.0,1634046398.334502,0.0155789852142333,20.47385787963867
5955,0,1,0,0,3,2,1096,2211110130,1130,64,1116,17,59861,29483,4,0,0,43,15,2211110130,17,59861,11123,20434,94,1130,1130.0,1075.4736842105262,-4.006938426723768,14.05555555555555,53516.14404432133,1130.0,1130.0,0.0,11020,60,1096,1096.0,1001.818181818182,-2.846049894151541,6.100000000000001,88702.14876033057,1096.0,1096.0,0.0,1634046398.336723,0.0022211074829101,20.47607898712158
5956,0,1,0,0,3,2,1096,2211110130,1130,64,1116,17,59861,29483,4,0,0,43,15,2211110130,17,59861,11123,21564,94,1130,1130.0,1078.2,-4.129483209670112,15.05263157894737,50981.560000000005,1130.0,1130.0,0.0,12116,60,1096,1096.0,1009.6666666666666,-3.015113445777636,7.090909090909092,81987.88888888889,1096.0,1096.0,0.0,1634046398.336723,0.0,20.47607898712158
5957,0,1,0,0,3,2,1116,2211110130,1150,64,1136,17,59861,29483,4,0,0,43,15,2211110130,17,59861,11123,1150,1150,1150,1150.0,1150.0,0.0,-3.0,0.0,1150.0,1150.0,0.0,13232,60,1116,1096.0,1017.8461538461538,-3.1733286004817063,8.07537186237088,76483.97633136094,1096.0,1096.0,0.0,1634046398.336723,0.0,20.47607898712158
5958,0,1,0,0,3,2,1096,2211110130,1130,64,1116,17,59861,29483,4,0,0,43,15,2211110130,17,59861,11123,2280,1130,1150,1140.0,1140.0,0.0,-2.0,100.0,1145.0,1135.0,10.0,14328,60,1116,1096.0,1023.4285714285714,-3.3260274145041477,9.068203973225348,71425.95918367348,1096.0,1096.0,0.0,1634046398.336723,0.0,20.47607898712158
5959,0,1,0,0,3,2,1096,2211110130,1130,64,1116,17,59861,29483,4,0,0,43,15,2211110130,17,59861,11123,3410,1130,1150,1130.0,1136.6666666666667,0.7071067811865236,-1.5000000000000222,88.88888888888887,1140.0,1130.0,10.0,15424,60,1116,1096.0,1028.2666666666669,-3.472149200414126,10.061953585421175,66991.92888888888,1096.0,1096.0,0.0,1634046398.337233,0.0005099773406982,20.476588964462277
5960,0,1,0,0,3,2,1096,2211110130,1130,64,1116,17,59861,29483,4,0,0,43,15,2211110130,17,59861,11123,4540,1130,1150,1130.0,1135.0,1.1547005383792517,-0.6666666666666665,75.0,1135.0,1130.0,5.0,16520,60,1116,1096.0,1032.5,-3.612466745270548,11.056437214953894,63073.75,1096.0,1096.0,0.0,1634046398.337233,0.0,20.476588964462277
5961,0,1,0,0,3,2,1096,2211110130,1130,64,1116,17,59861,29483,4,0,0,43,15,2211110130,17,59861,11123,5670,1130,1150,1130.0,1134.0,1.5,0.25,64.0,1130.0,1130.0,0.0,17616,60,1116,1096.0,1036.235294117647,-3.7476137006394223,12.051517244761015,59586.76816608997,1096.0,1096.0,0.0,1634046398.337233,0.0,20.476588964462277
5962,0,1,0,0,3,2,1096,2211110130,1130,64,1116,17,59861,29483,4,0,0,43,15,2211110130,17,59861,11123,6800,1130,1150,1130.0,1133.3333333333333,1.7888543819998608,1.2000000000000697,55.55555555555558,1130.0,1130.0,0.0,18712,60,1116,1096.0,1039.5555555555557,-3.878117093396444,13.047088435632762,56463.80246913579,1096.0,1096.0,0.0,1634046398.337233,0.0,20.476588964462277
5963,0,1,0,0,3,2,1096,2211110130,1130,64,1116,17,59861,29483,4,0,0,43,15,2211110130,17,59861,11123,7930,1130,1150,1130.0,1132.857142857143,2.041241452319301,2.166666666666627,48.9795918367347,1130.0,1130.0,0.0,19808,60,1116,1096.0,1042.5263157894738,-4.004420723481373,14.043068933092911,53650.88088642659,1096.0,1096.0,0.0,1634046398.337233,0.0,20.476588964462277
5964,0,1,0,0,3,2,1096,2211110130,1130,64,1116,17,59861,29483,4,0,0,43,15,2211110130,17,59861,11123,9060,1130,1150,1130.0,1132.5,2.2677868380553634,3.1428571428571432,43.75,1130.0,1130.0,0.0,20904,60,1116,1096.0,1045.2,-4.126902377109573,15.039394113983292,51104.16,1096.0,1096.0,0.0,1634046398.337867,0.000633955001831,20.477222919464108
5965,0,1,0,0,3,2,1096,2211110130,1130,64,1116,17,59861,29483,4,0,0,43,15,2211110130,17,59861,11123,10190,1130,1150,1130.0,1132.2222222222222,2.4748737341529403,4.125000000000078,39.50617283950618,1130.0,1130.0,0.0,1096,1096,1096,1096.0,1096.0,0.0,-3.0,0.0,1096.0,1096.0,0.0,1634046398.337867,0.0,20.477222919464108
5966,0,1,0,0,3,2,1096,2211110130,1130,64,1116,17,59861,29483,4,0,0,43,15,2211110130,17,59861,11123,11320,1130,1150,1130.0,1132.0,2.6666666666666665,5.111111111111111,36.0,1130.0,1130.0,0.0,2192,1096,1096,1096.0,1096.0,0.0,-3.0,0.0,1096.0,1096.0,0.0,1634046398.337867,0.0,20.477222919464108
5967,0,1,0,0,3,2,1096,2211110130,1130,64,1116,17,59861,29483,4,0,0,43,15,2211110130,17,59861,11123,12450,1130,1150,1130.0,1131.8181818181818,2.8460498941515744,6.100000000000124,33.05785123966942,1130.0,1130.0,0.0,3288,1096,1096,1096.0,1096.0,0.0,-3.0,0.0,1096.0,1096.0,0.0,1634046398.337867,0.0,20.477222919464108
5968,0,1,0,0,3,2,1096,2211110130,1130,64,1116,17,59861,29483,4,0,0,43,15,2211110130,17,59861,11123,13580,1130,1150,1130.0,1131.6666666666667,3.015113445777593,7.090909090908916,30.555555555555568,1130.0,1130.0,0.0,4384,1096,1096,1096.0,1096.0,0.0,-3.0,0.0,1096.0,1096.0,0.0,1634046398.338366,0.0004990100860595,20.477721929550167
5969,0,1,0,0,3,2,1096,2211110130,1130,64,1116,17,59861,29483,4,0,0,43,15,2211110130,17,59861,11123,14710,1130,1150,1130.0,1131.5384615384614,3.1754264805429995,8.083333333333577,28.40236686390534,1130.0,1130.0,0.0,5480,1096,1096,1096.0,1096.0,0.0,-3.0,0.0,1096.0,1096.0,0.0,1634046398.338366,0.0,20.477721929550167
5970,0,1,0,0,3,2,1096,2211110130,1130,64,1116,17,59861,29483,4,0,0,43,15,2211110130,17,59861,11123,15840,1130,1150,1130.0,1131.428571428571,3.3282011773514317,9.07692307692333,26.530612244897952,1130.0,1130.0,0.0,6576,1096,1096,1096.0,1096.0,0.0,-3.0,0.0,1096.0,1096.0,0.0,1634046398.338366,0.0,20.477721929550167
5971,0,1,0,0,3,2,1096,2211110130,1130,64,1116,17,59861,29483,4,0,0,43,15,2211110130,17,59861,11123,16970,1130,1150,1130.0,1131.3333333333333,3.474396144861561,10.071428571428772,24.888888888888903,1130.0,1130.0,0.0,7672,1096,1096,1096.0,1096.0,0.0,-3.0,0.0,1096.0,1096.0,0.0,1634046398.338366,0.0,20.477721929550167
5972,0,1,0,0,3,2,1096,2211110130,1130,64,1116,17,59861,29483,4,0,0,43,15,2211110130,17,59861,11123,18100,1130,1150,1130.0,1131.25,3.614784456460256,11.066666666666666,23.4375,1130.0,1130.0,0.0,8768,1096,1096,1096.0,1096.0,0.0,-3.0,0.0,1096.0,1096.0,0.0,1634046398.33891,0.0005440711975097,20.478266000747677
5973,0,1,0,0,3,2,1096,2211110130,1130,64,1116,17,59861,29483,4,0,0,43,15,2211110130,17,59861,11123,19230,1130,1150,1130.0,1131.1764705882354,3.749999999999957,12.06249999999979,22.14532871972318,1130.0,1130.0,0.0,9864,1096,1096,1096.0,1096.0,0.0,-3.0,0.0,1096.0,1096.0,0.0,1634046398.33891,0.0,20.478266000747677
5974,0,1,0,0,3,2,1096,2211110130,1130,64,1116,17,59861,29483,4,0,0,43,15,2211110130,17,59861,11123,20360,1130,1150,1130.0,1131.111111111111,3.880570000581343,13.058823529411846,20.98765432098766,1130.0,1130.0,0.0,10960,1096,1096,1096.0,1096.0,0.0,-3.0,0.0,1096.0,1096.0,0.0,1634046398.33891,0.0,20.478266000747677
5975,0,1,0,0,3,2,1096,2211110130,1130,64,1116,17,59861,29483,4,0,0,43,15,2211110130,17,59861,11123,21490,1130,1150,1130.0,1131.0526315789473,4.006938426723828,14.055555555555864,19.944598337950133,1130.0,1130.0,0.0,12056,1096,1096,1096.0,1096.0,0.0,-3.0,0.0,1096.0,1096.0,0.0,1634046398.33891,0.0,20.478266000747677
5976,0,1,0,0,3,2,1096,2211110130,1130,64,1116,17,59861,29483,4,0,0,43,15,2211110130,17,59861,11123,22620,1130,1150,1130.0,1131.0,4.129483209670112,15.05263157894737,19.0,1130.0,1130.0,0.0,13152,1096,1096,1096.0,1096.0,0.0,-3.0,0.0,1096.0,1096.0,0.0,1634046398.339451,0.0005409717559814,20.47880697250366
5977,0,1,0,0,3,2,1096,2211110130,1130,64,1116,17,59861,29483,4,0,0,43,15,2211110130,17,59861,11123,1130,1130,1130,1130.0,1130.0,0.0,-3.0,0.0,1130.0,1130.0,0.0,14248,1096,1096,1096.0,1096.0,0.0,-3.0,0.0,1096.0,1096.0,0.0,1634046398.339451,0.0,20.47880697250366
5978,0,1,0,0,3,2,1096,2211110130,1130,64,1116,17,59861,29483,4,0,0,43,15,2211110130,17,59861,11123,2260,1130,1130,1130.0,1130.0,0.0,-3.0,0.0,1130.0,1130.0,0.0,15344,1096,1096,1096.0,1096.0,0.0,-3.0,0.0,1096.0,1096.0,0.0,1634046398.339451,0.0,20.47880697250366
5979,0,1,0,0,3,2,1096,2211110130,1130,64,1116,17,59861,29483,4,0,0,43,15,2211110130,17,59861,11123,3390,1130,1130,1130.0,1130.0,0.0,-3.0,0.0,1130.0,1130.0,0.0,16440,1096,1096,1096.0,1096.0,0.0,-3.0,0.0,1096.0,1096.0,0.0,1634046398.339451,0.0,20.47880697250366
5980,0,1,0,0,3,2,1096,2211110130,1130,64,1116,17,59861,29483,4,0,0,43,15,2211110130,17,59861,11123,4520,1130,1130,1130.0,1130.0,0.0,-3.0,0.0,1130.0,1130.0,0.0,17536,1096,1096,1096.0,1096.0,0.0,-3.0,0.0,1096.0,1096.0,0.0,1634046398.339964,0.0005128383636474,20.479319810867306
5981,0,1,0,0,3,2,1096,2211110130,1130,64,1116,17,59861,29483,4,0,0,43,15,2211110130,17,59861,11123,5650,1130,1130,1130.0,1130.0,0.0,-3.0,0.0,1130.0,1130.0,0.0,18632,1096,1096,1096.0,1096.0,0.0,-3.0,0.0,1096.0,1096.0,0.0,1634046398.339964,0.0,20.479319810867306
5982,0,1,0,0,3,2,1096,2211110130,1130,64,1116,17,59861,29483,4,0,0,43,15,2211110130,17,59861,11123,6780,1130,1130,1130.0,1130.0,0.0,-3.0,0.0,1130.0,1130.0,0.0,19728,1096,1096,1096.0,1096.0,0.0,-3.0,0.0,1096.0,1096.0,0.0,1634046398.339964,0.0,20.479319810867306
5983,0,1,0,0,3,2,1116,2211110130,1150,64,1136,17,59861,29483,4,0,0,43,15,2211110130,17,59861,11123,7930,1130,1150,1130.0,1132.857142857143,2.041241452319302,2.1666666666666297,48.97959183673469,1130.0,1130.0,0.0,20844,1096,1116,1096.0,1097.0526315789473,4.006938426723826,14.05555555555586,19.944598337950136,1096.0,1096.0,0.0,1634046398.339964,0.0,20.479319810867306
5984,0,1,0,0,3,2,1096,2211110130,1130,64,1116,17,59861,29483,4,0,0,43,15,2211110130,17,59861,11123,9060,1130,1150,1130.0,1132.5,2.2677868380553634,3.1428571428571432,43.75,1130.0,1130.0,0.0,21940,1096,1116,1096.0,1097.0,4.129483209670112,15.05263157894737,19.0,1096.0,1096.0,0.0,1634046398.340474,0.0005099773406982,20.479829788208004
5985,0,1,0,0,3,2,1096,2211110130,1130,64,1116,17,59861,29483,4,0,0,43,15,2211110130,17,59861,11123,10190,1130,1150,1130.0,1132.2222222222222,2.4748737341529403,4.125000000000078,39.50617283950618,1130.0,1130.0,0.0,1096,1096,1096,1096.0,1096.0,0.0,-3.0,0.0,1096.0,1096.0,0.0,1634046398.340474,0.0,20.479829788208004
5986,0,1,0,0,3,2,1096,2211110130,1130,64,1116,17,59861,29483,4,0,0,43,15,2211110130,17,59861,11123,11320,1130,1150,1130.0,1132.0,2.6666666666666665,5.111111111111111,36.0,1130.0,1130.0,0.0,2192,1096,1096,1096.0,1096.0,0.0,-3.0,0.0,1096.0,1096.0,0.0,1634046398.340474,0.0,20.479829788208004
5987,0,1,0,0,3,2,1096,2211110130,1130,64,1116,17,59861,29483,4,0,0,43,15,2211110130,17,59861,11123,12450,1130,1150,1130.0,1131.8181818181818,2.8460498941515744,6.100000000000124,33.05785123966942,1130.0,1130.0,0.0,3288,1096,1096,1096.0,1096.0,0.0,-3.0,0.0,1096.0,1096.0,0.0,1634046398.340474,0.0,20.479829788208004
5988,0,1,0,0,3,2,1096,2211110130,1130,64,1116,17,59861,29483,4,0,0,43,15,2211110130,17,59861,11123,13580,1130,1150,1130.0,1131.6666666666667,3.015113445777593,7.090909090908916,30.555555555555568,1130.0,1130.0,0.0,4384,1096,1096,1096.0,1096.0,0.0,-3.0,0.0,1096.0,1096.0,0.0,1634046398.341089,0.000615119934082,20.480444908142086
5989,0,1,0,0,3,2,1096,2211110130,1130,64,1116,17,59861,29483,4,0,0,43,15,2211110130,17,59861,11123,14710,1130,1150,1130.0,1131.5384615384614,3.1754264805429995,8.083333333333577,28.40236686390534,1130.0,1130.0,0.0,5480,1096,1096,1096.0,1096.0,0.0,-3.0,0.0,1096.0,1096.0,0.0,1634046398.345661,0.0045719146728515,20.485016822814938
5990,0,1,0,0,3,2,1096,2211110130,1130,64,1116,17,59861,29483,4,0,0,43,15,2211110130,17,59861,11123,15840,1130,1150,1130.0,1131.428571428571,3.3282011773514317,9.07692307692333,26.530612244897952,1130.0,1130.0,0.0,6576,1096,1096,1096.0,1096.0,0.0,-3.0,0.0,1096.0,1096.0,0.0,1634046398.345661,0.0,20.485016822814938
5991,0,1,0,0,3,2,1096,2211110130,1130,64,1116,17,59861,29483,4,0,0,43,15,2211110130,17,59861,11123,16970,1130,1150,1130.0,1131.3333333333333,3.474396144861561,10.071428571428772,24.888888888888903,1130.0,1130.0,0.0,7672,1096,1096,1096.0,1096.0,0.0,-3.0,0.0,1096.0,1096.0,0.0,1634046398.345661,0.0,20.485016822814938
5992,0,1,0,0,3,2,1096,2211110130,1130,64,1116,17,59861,29483,4,0,0,43,15,2211110130,17,59861,11123,18100,1130,1150,1130.0,1131.25,3.614784456460256,11.066666666666666,23.4375,1130.0,1130.0,0.0,8768,1096,1096,1096.0,1096.0,0.0,-3.0,0.0,1096.0,1096.0,0.0,1634046398.345661,0.0,20.485016822814938
5993,0,1,0,0,3,2,1096,2211110130,1130,64,1116,17,59861,29483,4,0,0,43,15,2211110130,17,59861,11123,19230,1130,1150,1130.0,1131.1764705882354,3.749999999999957,12.06249999999979,22.14532871972318,1130.0,1130.0,0.0,9864,1096,1096,1096.0,1096.0,0.0,-3.0,0.0,1096.0,1096.0,0.0,1634046398.345661,0.0,20.485016822814938
5994,0,1,0,0,3,2,1096,2211110130,1130,64,1116,17,59861,29483,4,0,0,43,15,2211110130,17,59861,11123,20360,1130,1150,1130.0,1131.111111111111,3.880570000581343,13.058823529411846,20.98765432098766,1130.0,1130.0,0.0,10960,1096,1096,1096.0,1096.0,0.0,-3.0,0.0,1096.0,1096.0,0.0,1634046398.345661,0.0,20.485016822814938
5995,0,1,0,0,3,2,441,2211110130,475,64,461,17,59861,29483,4,0,0,43,15,2211110130,17,59861,11123,20835,475,1150,1130.0,1096.578947368421,-4.000610935993442,14.0244299803825,21484.349030470912,1130.0,1130.0,0.0,11401,441,1096,1096.0,1036.4545454545455,-2.846049894151541,6.1,35456.61157024794,1096.0,1096.0,0.0,1634046398.345661,0.0,20.485016822814938
5996,0,1,0,0,3,2,1096,2211110130,1130,64,1116,17,59861,29483,4,0,0,43,15,2211110130,17,59861,11123,21965,475,1150,1130.0,1098.25,-4.122996354356574,15.01963006573689,20463.1875,1130.0,1130.0,0.0,12497,441,1096,1096.0,1041.4166666666667,-3.015113445777638,7.0909090909090935,32772.743055555555,1096.0,1096.0,0.0,1634046398.345661,0.0,20.485016822814938
5997,0,1,0,0,3,2,1096,2211110130,1130,64,1116,17,59861,29483,4,0,0,43,15,2211110130,17,59861,11123,1130,1130,1130,1130.0,1130.0,0.0,-3.0,0.0,1130.0,1130.0,0.0,13593,441,1096,1096.0,1045.6153846153843,-3.1754264805429404,8.083333333333325,30463.313609467456,1096.0,1096.0,0.0,1634046398.347354,0.0016930103302001,20.486709833145138
5998,0,1,0,0,3,2,1096,2211110130,1130,64,1116,17,59861,29483,4,0,0,43,15,2211110130,17,59861,11123,2260,1130,1130,1130.0,1130.0,0.0,-3.0,0.0,1130.0,1130.0,0.0,14689,441,1096,1096.0,1049.2142857142858,-3.328201177351374,9.076923076923078,28455.739795918373,1096.0,1096.0,0.0,1634046398.347354,0.0,20.486709833145138
5999,0,1,0,0,3,2,148,2211110130,182,64,168,17,59861,29483,4,0,0,43,15,2211110130,17,59861,11123,2442,182,1130,1130.0,814.0,-0.7071067811865476,-1.5,199712.0,1130.0,656.0,474.0,14837,148,1096,1096.0,989.1333333333332,-2.316869316953395,3.6461295617948126,77094.78222222223,1096.0,1096.0,0.0,1634046398.347354,0.0,20.486709833145138
6000,0,1,0,0,3,2,1096,2211110130,1130,64,1116,17,59861,29483,4,0,0,43,15,2211110130,17,59861,11123,3572,182,1130,1130.0,893.0,-1.1547005383792517,-0.6666666666666665,168507.0,1130.0,893.0,237.0,15933,148,1096,1096.0,995.8125,-2.4303347263536703,4.1980054306849,72945.52734375,1096.0,1096.0,0.0,1634046398.347852,0.0004980564117431,20.48720788955688
6001,0,1,0,0,3,2,1096,2211110130,1130,64,1116,17,59861,29483,4,0,0,43,15,2211110130,17,59861,11123,4702,182,1130,1130.0,940.4,-1.4999999999999998,0.2499999999999986,143792.64,1130.0,1130.0,0.0,17029,148,1096,1096.0,1001.7058823529412,-2.538987785860797,4.751295036611844,69210.32525951558,1096.0,1096.0,0.0,1634046398.347852,0.0,20.48720788955688
6002,0,1,0,0,3,2,1096,2211110130,1130,64,1116,17,59861,29483,4,0,0,43,15,2211110130,17,59861,11123,5832,182,1130,1130.0,972.0,-1.788854381999832,1.2000000000000002,124820.0,1130.0,1130.0,0.0,18125,148,1096,1096.0,1006.9444444444443,-2.643376787275389,5.305735383558089,65831.83024691357,1096.0,1096.0,0.0,1634046398.347852,0.0,20.48720788955688
6003,0,1,0,0,3,2,1096,2211110130,1130,64,1116,17,59861,29483,4,0,0,43,15,2211110130,17,59861,11123,6962,182,1130,1130.0,994.5714285714286,-2.041241452319315,2.166666666666665,110045.38775510204,1130.0,1130.0,0.0,19221,148,1096,1096.0,1011.6315789473684,-2.7439550282479006,5.861124898965739,62762.443213296414,1096.0,1096.0,0.0,1634046398.348933,0.0010809898376464,20.488288879394528
6004,0,1,0,0,3,2,1096,2211110130,1130,64,1116,17,59861,29483,4,0,0,43,15,2211110130,17,59861,11123,8092,182,1130,1130.0,1011.5,-2.2677868380553634,3.1428571428571432,98295.75,1130.0,1130.0,0.0,20317,148,1096,1096.0,1015.85,-2.841102090884126,6.4173064911673965,59962.42749999999,1096.0,1096.0,0.0,1634046398.348933,0.0,20.488288879394528
6005,0,1,0,0,3,2,360,2211110130,394,64,380,17,59861,29483,4,0,0,43,15,2211110130,17,59861,11123,8486,182,1130,1130.0,942.8888888888888,-1.407433185478825,0.0883491096609794,125033.87654320987,1130.0,1130.0,0.0,360,360,360,360.0,360.0,0.0,-3.0,0.0,360.0,360.0,0.0,1634046398.348933,0.0,20.488288879394528
6006,0,1,0,0,3,2,408,2211110130,442,64,428,17,59861,29483,4,0,0,43,15,2211110130,17,59861,11123,8928,182,1130,1130.0,892.8,-0.9693628023733752,-0.9149436702050582,135110.56,1130.0,614.0,516.0,768,360,408,384.0,384.0,0.0,-2.0,576.0,396.0,372.0,24.0,1634046398.348933,0.0,20.488288879394528
6007,0,1,0,0,3,2,408,2211110130,442,64,428,17,59861,29483,4,0,0,43,15,2211110130,17,59861,11123,9370,182,1130,1130.0,851.8181818181819,-0.6681515347018264,-1.3978834514705565,139622.87603305787,1130.0,442.0,688.0,1176,360,408,408.0,392.0,-0.7071067811865475,-1.5,512.0,408.0,384.0,24.0,1634046398.348933,0.0,20.488288879394528
6008,0,1,0,0,2,3,56,3232270721,90,47,76,17,29483,59861,4,0,0,43,15,2211110130,17,59861,11123,9460,90,1130,1130.0,788.3333333333334,-0.4993898095757738,-1.5369779887141517,172321.22222222222,1130.0,430.0,700.0,1232,56,408,384.0,308.0,-1.0953352576895994,-0.7178833438326198,21552.0,408.0,284.0,124.0,1634046398.365719,0.0167860984802246,20.505074977874752
6009,0,1,0,0,2,3,60,3232270721,94,47,80,17,29483,59861,4,0,0,43,15,2211110130,17,59861,11123,9554,90,1130,1130.0,734.9230769230769,-0.3247592563879195,-1.6948004026257757,193297.6094674556,1130.0,394.0,736.0,1292,56,408,360.0,258.4,-0.3749781918529204,-1.8176654308415423,27082.24,408.0,60.0,348.0,1634046398.365773,5.3882598876953125e-05,20.50512886047363
6010,0,1,0,0,2,3,52,3232270721,86,47,72,17,29483,59861,4,0,0,43,15,2211110130,17,59861,11123,9640,86,1130,786.0,688.5714285714286,-0.1715353250999831,-1.7851410211575742,207420.81632653065,1130.0,235.0,895.0,1344,52,408,210.0,224.0,0.0254261955263712,-1.966873424544896,28485.33333333333,396.0,57.0,339.0,1634046398.365805,3.1948089599609375e-05,20.50516080856323
6011,0,1,0,0,3,2,56,2211110130,90,64,76,17,59861,29483,4,0,0,43,15,2211110130,17,59861,11123,9730,86,1130,442.0,648.6666666666666,-0.035024526069088,-1.826033220438089,215886.22222222225,1130.0,138.0,992.0,1400,52,408,60.0,200.0,0.3111853220489783,-1.874055712781144,27872.0,384.0,56.0,328.0,1634046398.373742,0.0079371929168701,20.5130980014801
6012,0,1,0,0,3,2,408,2211110130,442,64,428,17,59861,29483,4,0,0,43,15,2211110130,17,59861,11123,10172,86,1130,442.0,635.75,0.0441686474733033,-1.775300537758317,204895.9375,1130.0,160.0,970.0,1808,52,408,210.0,226.0,0.0207147755511182,-1.9739658744414923,29120.0,408.0,56.0,352.0,1634046398.373742,0.0,20.5130980014801
6013,0,1,0,0,3,2,1116,2211110130,1150,64,1136,17,59861,29483,4,0,0,43,15,2211110130,17,59861,11123,11322,86,1150,442.0,666.0,-0.0740835026282946,-1.7871615406723076,207484.23529411765,1130.0,182.0,948.0,2924,52,1116,360.0,324.8888888888889,1.3860964923667078,1.2307856041761012,104116.54320987656,408.0,56.0,352.0,1634046398.38075,0.0070078372955322,20.52010583877563
6014,0,1,0,0,3,2,60,2211110130,94,64,80,17,59861,29483,4,0,0,43,15,2211110130,17,59861,11123,11416,86,1150,442.0,634.2222222222222,0.0339478330456736,-1.8025391393753691,213124.3950617284,1130.0,116.0,1014.0,2984,52,1116,210.0,298.4,1.5180109108395152,1.6416624190127411,100019.84,408.0,57.0,351.0,1634046398.38075,0.0,20.52010583877563
6015,0,1,0,0,2,3,60,3232270721,94,47,80,17,29483,59861,4,0,0,43,15,2211110130,17,59861,11123,11510,86,1150,442.0,605.7894736842105,0.1325920698946873,-1.7945839226688625,216458.9030470914,1130.0,94.0,1036.0,3044,52,1116,60.0,276.72727272727275,1.6451951757385883,2.0803870657397647,95624.19834710743,408.0,58.0,350.0,1634046398.381843,0.0010931491851806,20.521198987960812
6016,0,1,0,0,2,3,60,3232270721,94,47,80,17,29483,59861,4,0,0,43,15,2211110130,17,59861,11123,11604,86,1150,442.0,580.2,0.2233024398999248,-1.768741579684887,218077.56000000008,1130.0,94.0,1036.0,3104,52,1116,60.0,258.6666666666667,1.7668011070580831,2.538099349057882,91243.55555555556,408.0,59.0,349.0,1634046398.400529,0.0186858177185058,20.539884805679318
6017,0,1,0,0,3,2,1096,2211110130,1130,64,1116,17,59861,29483,4,0,0,43,15,2211110130,17,59861,11123,1130,1130,1130,1130.0,1130.0,0.0,-3.0,0.0,1130.0,1130.0,0.0,4200,52,1116,60.0,323.0769230769231,1.3035412101868875,0.3714214704946217,134008.99408284022,408.0,60.0,348.0,1634046398.400682,0.0001530647277832,20.5400378704071
6018,0,1,0,0,3,2,1096,2211110130,1130,64,1116,17,59861,29483,4,0,0,43,15,2211110130,17,59861,11123,2260,1130,1130,1130.0,1130.0,0.0,-3.0,0.0,1130.0,1130.0,0.0,5296,52,1116,210.0,378.2857142857143,0.9784694359784728,-0.6094233220161174,164061.0612244898,408.0,60.0,348.0,1634046398.401395,0.0007131099700927,20.540750980377194
6019,0,1,0,0,3,2,1096,2211110130,1130,64,1116,17,59861,29483,4,0,0,43,15,2211110130,17,59861,11123,3390,1130,1130,1130.0,1130.0,0.0,-3.0,0.0,1130.0,1130.0,0.0,6392,52,1116,360.0,426.1333333333333,0.7359441317171354,-1.1343748576732418,185175.18222222227,752.0,60.0,692.0,1634046398.401395,0.0,20.540750980377194
6020,0,1,0,0,3,2,1096,2211110130,1130,64,1116,17,59861,29483,4,0,0,43,15,2211110130,17,59861,11123,4520,1130,1130,1130.0,1130.0,0.0,-3.0,0.0,1130.0,1130.0,0.0,7488,52,1116,384.0,468.0,0.543624107423643,-1.4404336425432858,199894.0,1096.0,60.0,1036.0,1634046398.401395,0.0,20.540750980377194
6021,0,1,0,0,3,2,1038,2211110130,1072,64,1058,17,59861,29483,4,0,0,43,15,2211110130,17,59861,11123,5592,1072,1130,1130.0,1118.4,-1.5000000000000118,0.2500000000000226,538.24,1130.0,1130.0,0.0,8526,52,1116,408.0,501.52941176470586,0.3830790803854915,-1.619318032273293,206123.07266435985,1096.0,60.0,1036.0,1634046398.402082,0.0006868839263916,20.541437864303585
6022,0,1,0,0,3,2,1096,2211110130,1130,64,1116,17,59861,29483,4,0,0,43,15,2211110130,17,59861,11123,6722,1072,1130,1130.0,1120.3333333333333,-1.7888543819998215,1.1999999999999744,467.2222222222222,1130.0,1130.0,0.0,9622,52,1116,408.0,534.5555555555555,0.2475100566257174,-1.73022484378629,213214.13580246916,1096.0,60.0,1036.0,1634046398.40561,0.0035281181335449,20.54496598243713
6023,0,1,0,0,3,2,1096,2211110130,1130,64,1116,17,59861,29483,4,0,0,43,15,2211110130,17,59861,11123,7852,1072,1130,1130.0,1121.7142857142858,-2.0412414523193245,2.1666666666666936,411.9183673469388,1130.0,1130.0,0.0,10718,52,1116,408.0,564.1052631578947,0.1287078209584745,-1.792571127954916,217709.6731301939,1096.0,60.0,1036.0,1634046398.40561,0.0,20.54496598243713
6024,0,1,0,0,3,2,1096,2211110130,1130,64,1116,17,59861,29483,4,0,0,43,15,2211110130,17,59861,11123,8982,1072,1130,1130.0,1122.75,-2.2677868380553634,3.1428571428571432,367.9375,1130.0,1130.0,0.0,11814,52,1116,408.0,590.7,0.022755872841506,-1.8213238123787192,220262.51,1096.0,60.0,1036.0,1634046398.40561,0.0,20.54496598243713
6025,0,1,0,0,3,2,1096,2211110130,1130,64,1116,17,59861,29483,4,0,0,43,15,2211110130,17,59861,11123,10112,1072,1130,1130.0,1123.5555555555557,-2.474873734152933,4.125000000000053,332.2469135802469,1130.0,1130.0,0.0,1096,1096,1096,1096.0,1096.0,0.0,-3.0,0.0,1096.0,1096.0,0.0,1634046398.406238,0.0006279945373535,20.545593976974484
6026,0,1,0,0,3,2,1096,2211110130,1130,64,1116,17,59861,29483,4,0,0,43,15,2211110130,17,59861,11123,11242,1072,1130,1130.0,1124.2,-2.6666666666666754,5.111111111111143,302.75999999999993,1130.0,1130.0,0.0,2192,1096,1096,1096.0,1096.0,0.0,-3.0,0.0,1096.0,1096.0,0.0,1634046398.406814,0.0005760192871093,20.546169996261593
6027,0,1,0,0,3,2,165,2211110130,199,64,185,17,59861,29483,4,0,0,43,15,2211110130,17,59861,11123,11441,199,1130,1130.0,1040.090909090909,-2.8265261598639158,6.031200083092125,71018.62809917355,1130.0,1130.0,0.0,2357,165,1096,1096.0,785.6666666666666,-0.7071067811865474,-1.5,192613.55555555556,1096.0,630.5,465.5,1634046398.407619,0.0008049011230468,20.54697489738464
6028,0,1,0,0,3,2,408,2211110130,442,64,428,17,59861,29483,4,0,0,43,15,2211110130,17,59861,11123,11883,199,1130,1130.0,990.25,-1.8834223103584211,1.739011498576276,92425.6875,1130.0,1115.5,14.5,2765,165,1096,752.0,691.25,-0.1265205294090943,-1.8331237460500944,171203.6875,1096.0,347.25,748.75,1634046398.429567,0.0219480991363525,20.568922996520993
6029,0,1,0,0,2,3,60,3232270721,94,47,80,17,29483,59861,4,0,0,43,15,2211110130,17,59861,11123,11977,94,1130,1130.0,921.3076923076924,-1.3863575093749008,0.0786385435946455,142352.52071005915,1130.0,1072.0,58.0,2825,60,1096,408.0,565.0,0.2286002127619893,-1.7577039830123071,200719.2,1096.0,165.0,931.0,1634046398.437143,0.0075759887695312,20.576498985290524
6030,0,1,0,0,3,2,1096,2211110130,1130,64,1116,17,59861,29483,4,0,0,43,15,2211110130,17,59861,11123,13107,94,1130,1130.0,936.2142857142856,-1.5014545729493003,0.4163106234064551,135073.16836734695,1130.0,1086.5,43.5,3921,60,1096,752.0,653.5,-0.1430363759087562,-1.827907453856029,206427.25,1096.0,225.75,870.25,1634046398.46005,0.022907018661499,20.599406003952023
6031,0,1,0,0,3,2,1096,2211110130,1130,64,1116,17,59861,29483,4,0,0,43,15,2211110130,17,59861,11123,14237,94,1130,1130.0,949.1333333333332,-1.609586111483888,0.7583506562909248,128404.91555555556,1130.0,1101.0,29.0,5017,60,1096,1096.0,716.7142857142857,-0.4161330589139991,-1.6887523174418748,200913.91836734692,1096.0,286.5,809.5,1634046398.460849,0.0007989406585693,20.600204944610592
6032,0,1,0,0,3,2,1096,2211110130,1130,64,1116,17,59861,29483,4,0,0,43,15,2211110130,17,59861,11123,15367,94,1130,1130.0,960.4375,-1.7118059820896103,1.1037627413253928,122296.37109375,1130.0,1115.5,14.5,6113,60,1096,1096.0,764.125,-0.636087885022129,-1.4619350568554217,191534.109375,1096.0,347.25,748.75,1634046398.460849,0.0,20.600204944610592
6033,0,1,0,0,3,2,1096,2211110130,1130,64,1116,17,59861,29483,4,0,0,43,15,2211110130,17,59861,11123,16497,94,1130,1130.0,970.4117647058824,-1.8089352527423188,1.451832289621095,116694.24221453287,1130.0,1130.0,0.0,7209,60,1096,1096.0,801.0,-0.8227121482754742,-1.1901556208441129,181130.66666666663,1096.0,408.0,688.0,1634046398.460849,0.0,20.600204944610592
6034,0,1,0,0,3,2,1096,2211110130,1130,64,1116,17,59861,29483,4,0,0,43,15,2211110130,17,59861,11123,17627,94,1130,1130.0,979.2777777777778,-1.90162690508298,1.8020332658745,111547.53395061727,1130.0,1130.0,0.0,8305,60,1096,1096.0,830.5,-0.9863897899471894,-0.8922587280268264,170849.85,1096.0,580.0,516.0,1634046398.461492,0.0006430149078369,20.60084795951843
6035,0,1,0,0,3,2,1089,2211110130,1123,64,1109,17,59861,29483,4,0,0,43,15,2211110130,17,59861,11123,18750,94,1130,1130.0,986.842105263158,-1.9905173874250912,2.15456472220788,106706.5540166205,1130.0,1126.5,3.5,9394,60,1096,1096.0,854.0,-1.1333587029503942,-0.5772440942999255,160840.54545454544,1096.0,748.5,347.5,1634046398.461492,0.0,20.60084795951843
6036,0,1,0,0,3,2,408,2211110130,442,64,428,17,59861,29483,4,0,0,43,15,2211110130,17,59861,11123,19192,94,1130,1130.0,959.6,-1.644894899997931,0.946007021320642,115471.74,1130.0,1110.25,19.75,9802,60,1096,1096.0,816.8333333333334,-0.8572476163204347,-1.0701930133236497,162632.1388888889,1096.0,408.0,688.0,1634046398.461492,0.0,20.60084795951843
6037,0,1,0,0,2,3,60,3232270721,94,47,80,17,29483,59861,4,0,0,43,15,2211110130,17,59861,11123,94,94,94,94.0,94.0,0.0,-3.0,0.0,94.0,94.0,0.0,9862,60,1096,1096.0,758.6153846153846,-0.6206623738175292,-1.450183412895375,190793.92899408285,1096.0,408.0,688.0,1634046398.469625,0.0081329345703125,20.60898089408874
6038,0,1,0,0,2,3,60,3232270721,94,47,80,17,29483,59861,4,0,0,43,15,2211110130,17,59861,11123,188,94,94,94.0,94.0,0.0,-3.0,0.0,94.0,94.0,0.0,9922,60,1096,1092.5,708.7142857142857,-0.426338232428084,-1.6766552971886757,209537.34693877556,1096.0,225.75,870.25,1634046398.490586,0.020961046218872,20.629941940307614
6039,0,1,0,0,3,2,1096,2211110130,1130,64,1116,17,59861,29483,4,0,0,43,15,2211110130,17,59861,11123,1318,94,1130,94.0,439.3333333333333,0.7071067811865478,-1.5,238510.22222222225,612.0,94.0,518.0,11018,60,1096,1096.0,734.5333333333333,-0.5410458313464465,-1.5687162253041342,204900.91555555555,1096.0,286.5,809.5,1634046398.493287,0.0027010440826416,20.632642984390255
6040,0,1,0,0,3,2,1096,2211110130,1130,64,1116,17,59861,29483,4,0,0,43,15,2211110130,17,59861,11123,2448,94,1130,612.0,612.0,0.0,-2.0,268324.0,1130.0,94.0,1036.0,12114,60,1096,1096.0,757.125,-0.6456842572198379,-1.4461251274723517,199750.359375,1096.0,347.25,748.75,1634046398.493287,0.0,20.632642984390255
6041,0,1,0,0,3,2,1104,2211110130,1138,64,1124,17,59861,29483,4,0,0,43,15,2211110130,17,59861,11123,3586,94,1138,1130.0,717.2,-0.408147211061683,-1.8332778421721705,258927.36,1130.0,94.0,1036.0,13218,60,1104,1096.0,777.5294117647059,-0.7419407334721656,-1.3131834296759608,194661.7785467128,1096.0,408.0,688.0,1634046398.494029,0.000741958618164,20.63338494300842
6042,0,1,0,0,3,2,1096,2211110130,1130,64,1116,17,59861,29483,4,0,0,43,15,2211110130,17,59861,11123,4716,94,1138,1130.0,786.0,-0.7070001954623323,-1.4999992252777363,239440.0,1130.0,353.0,777.0,14314,60,1104,1096.0,795.2222222222222,-0.83175736810514,-1.171654233202562,189168.83950617287,1096.0,408.0,688.0,1634046398.494029,0.0,20.63338494300842
6043,0,1,0,0,3,2,332,2211110130,366,64,352,17,59861,29483,4,0,0,43,15,2211110130,17,59861,11123,5082,94,1138,1130.0,726.0,-0.3752441995298181,-1.765586948109136,226834.2857142857,1130.0,230.0,900.0,14646,60,1104,1096.0,770.8421052631579,-0.6785629602059708,-1.384853202035691,189911.60664819943,1096.0,370.0,726.0,1634046398.494029,0.0,20.63338494300842
6044,0,1,0,0,3,2,60,2211110130,94,64,80,17,59861,29483,4,0,0,43,15,2211110130,17,59861,11123,5176,94,1138,748.0,647.0,-0.0766947569384528,-1.9168197568558607,242167.0,1130.0,94.0,1036.0,14706,60,1104,1096.0,735.3,-0.5352478576702844,-1.5755641372509082,204417.61,1096.0,290.25,805.75,1634046398.494029,0.0,20.63338494300842
6045,0,1,0,0,3,2,408,2211110130,442,64,428,17,59861,29483,4,0,0,43,15,2211110130,17,59861,11123,5618,94,1138,442.0,624.2222222222222,0.0576341402244373,-1.825996989525904,219410.17283950615,1130.0,94.0,1036.0,408,408,408,408.0,408.0,0.0,-3.0,0.0,408.0,408.0,0.0,1634046398.509019,0.0149898529052734,20.648374795913693
6046,0,1,0,0,3,2,1116,2211110130,1150,64,1136,17,59861,29483,4,0,0,43,15,2211110130,17,59861,11123,6768,94,1150,786.0,676.8,-0.146419096413473,-1.8260152080408167,222348.96,1130.0,162.0,968.0,1524,408,1116,762.0,762.0,0.0,-2.0,125316.0,939.0,585.0,354.0,1634046398.51302,0.0040011405944824,20.652375936508175
6047,0,1,0,0,3,2,1096,2211110130,1130,64,1116,17,59861,29483,4,0,0,43,15,2211110130,17,59861,11123,7898,94,1150,1130.0,718.0,-0.3182977446760136,-1.7555514536482588,219109.81818181815,1130.0,230.0,900.0,2620,408,1116,1096.0,873.3333333333334,-0.7051491575491576,-1.5,108334.22222222223,1106.0,752.0,354.0,1634046398.514189,0.0011689662933349,20.65354490280151
6048,0,1,0,0,3,2,1096,2211110130,1130,64,1116,17,59861,29483,4,0,0,43,15,2211110130,17,59861,11123,9028,94,1150,1130.0,752.3333333333334,-0.4668865183601,-1.6440071689748086,213817.22222222225,1130.0,298.0,832.0,3716,408,1116,1096.0,929.0,-1.152134430892681,-0.6685911204688972,90547.0,1101.0,924.0,177.0,1634046398.514189,0.0,20.65354490280151
6049,0,1,0,0,3,2,1096,2211110130,1130,64,1116,17,59861,29483,4,0,0,43,15,2211110130,17,59861,11123,10158,94,1150,1130.0,781.3846153846154,-0.5985593699206423,-1.50628675074656,207497.4674556213,1130.0,366.0,764.0,4812,408,1116,1096.0,962.4,-1.4970467792423063,0.2461579125870669,76899.84000000001,1096.0,1096.0,0.0,1634046398.514189,0.0,20.65354490280151
6050,0,1,0,0,3,2,1096,2211110130,1130,64,1116,17,59861,29483,4,0,0,43,15,2211110130,17,59861,11123,11288,94,1150,1130.0,806.2857142857143,-0.7173752786443827,-1.3508629078862058,200737.06122448976,1130.0,385.0,745.0,5908,408,1116,1096.0,984.6666666666666,-1.7855929849319758,1.1943020323533835,66562.22222222222,1096.0,1096.0,0.0,1634046398.514916,0.0007269382476806,20.65427184104919
6051,0,1,0,0,3,2,1096,2211110130,1130,64,1116,17,59861,29483,4,0,0,43,15,2211110130,17,59861,11123,12418,94,1150,1130.0,827.8666666666667,-0.8260751920485158,-1.1829080052393033,193874.91555555552,1130.0,404.0,726.0,7004,408,1116,1096.0,1000.5714285714286,-2.037712506025558,2.159157655716873,58571.102040816346,1096.0,1096.0,0.0,1634046398.514916,0.0,20.65427184104919
6052,0,1,0,0,3,2,1096,2211110130,1130,64,1116,17,59861,29483,4,0,0,43,15,2211110130,17,59861,11123,13548,94,1150,1130.0,846.75,-0.9265961035400652,-1.005758367426569,187106.4375,1130.0,423.0,707.0,8100,408,1116,1096.0,1012.5,-2.264015996563044,3.1335673042664585,52245.75,1096.0,1096.0,0.0,1634046398.514916,0.0,20.65427184104919
6053,0,1,0,0,3,2,321,2211110130,355,64,341,17,59861,29483,4,0,0,43,15,2211110130,17,59861,11123,13903,94,1150,1130.0,817.8235294117648,-0.7408560771295627,-1.297589151803752,189488.02768166093,1130.0,366.0,764.0,8421,321,1116,1096.0,935.6666666666666,-1.350969128103822,-0.1468571710043629,93667.55555555556,1096.0,1096.0,0.0,1634046398.515931,0.0010149478912353,20.655286788940426
6054,0,1,0,0,2,3,60,3232270721,94,47,80,17,29483,59861,4,0,0,43,15,2211110130,17,59861,11123,13997,94,1150,1130.0,777.6111111111111,-0.5736572450807744,-1.5378686461488,206450.57098765436,1130.0,357.75,772.25,8481,60,1116,1096.0,848.1,-1.0170738982593464,-0.7524180708589561,153312.09,1096.0,580.0,516.0,1634046398.521322,0.0053911209106445,20.66067790985107
6055,0,1,0,0,3,2,408,2211110130,442,64,428,17,59861,29483,4,0,0,43,15,2211110130,17,59861,11123,14439,94,1150,1130.0,759.9473684210526,-0.4687189189187954,-1.6082404032033917,201200.891966759,1130.0,360.5,769.5,8889,60,1116,1096.0,808.0909090909091,-0.7271795810868703,-1.226706344292194,155381.90082644625,1096.0,408.0,688.0,1634046398.53205,0.0107278823852539,20.671405792236325
6056,0,1,0,0,3,2,1096,2211110130,1130,64,1116,17,59861,29483,4,0,0,43,15,2211110130,17,59861,11123,15569,94,1150,1130.0,778.45,-0.553445102053977,-1.5240900381630076,197645.4475,1130.0,363.25,766.75,9985,60,1116,1096.0,832.0833333333334,-0.8637369562342087,-1.009117322109118,148765.40972222222,1096.0,408.0,688.0,1634046398.540293,0.0082430839538574,20.679648876190182
6057,0,1,0,0,3,2,1096,2211110130,1130,64,1116,17,59861,29483,4,0,0,43,15,2211110130,17,59861,11123,1130,1130,1130,1130.0,1130.0,0.0,-3.0,0.0,1130.0,1130.0,0.0,11081,60,1116,1096.0,852.3846153846154,-0.9878118055165276,-0.7768415508539257,142267.62130177516,1096.0,408.0,688.0,1634046398.540293,0.0,20.679648876190182
6058,0,1,0,0,3,2,1096,2211110130,1130,64,1116,17,59861,29483,4,0,0,43,15,2211110130,17,59861,11123,2260,1130,1130,1130.0,1130.0,0.0,-3.0,0.0,1130.0,1130.0,0.0,12177,60,1116,1096.0,869.7857142857143,-1.1019899515937668,-0.5341822135635801,136042.02551020405,1096.0,580.0,516.0,1634046398.540293,0.0,20.679648876190182
6059,0,1,0,0,3,2,1096,2211110130,1130,64,1116,17,59861,29483,4,0,0,43,15,2211110130,17,59861,11123,3390,1130,1130,1130.0,1130.0,0.0,-3.0,0.0,1130.0,1130.0,0.0,13273,60,1116,1096.0,884.8666666666667,-1.2081114946003626,-0.2839110267473819,130156.64888888886,1096.0,752.0,344.0,1634046398.540883,0.0005900859832763,20.68023896217346
6060,0,1,0,0,3,2,1096,2211110130,1130,64,1116,17,59861,29483,4,0,0,43,15,2211110130,17,59861,11123,4520,1130,1130,1130.0,1130.0,0.0,-3.0,0.0,1130.0,1130.0,0.0,14369,60,1116,1096.0,898.0625,-1.3075333545244847,-0.0278938527697407,124633.80859375,1096.0,924.0,172.0,1634046398.540883,0.0,20.68023896217346
6061,0,1,0,0,3,2,401,2211110130,435,64,421,17,59861,29483,4,0,0,43,15,2211110130,17,59861,11123,4955,435,1130,1130.0,991.0,-1.5,0.25,77284.0,1130.0,1130.0,0.0,14770,60,1116,1096.0,868.8235294117648,-1.051757186282679,-0.6370505331829128,130981.08650519032,1096.0,408.0,688.0,1634046398.541498,0.0006148815155029,20.68085384368896
6062,0,1,0,0,2,3,56,3232270721,90,47,76,17,29483,59861,4,0,0,43,15,2211110130,17,59861,11123,5045,90,1130,1130.0,840.8333333333334,-0.8793579630852764,-1.0196049591628351,177153.47222222225,1130.0,608.75,521.25,14826,56,1116,1096.0,823.6666666666666,-0.8786318239077956,-0.982827285162618,158369.77777777778,1096.0,408.0,688.0,1634046398.557705,0.0162069797515869,20.697060823440548
6063,0,1,0,0,2,3,60,3232270721,94,47,80,17,29483,59861,4,0,0,43,15,2211110130,17,59861,11123,5139,90,1130,1130.0,734.1428571428571,-0.4263024905777836,-1.6843799743343395,220142.97959183672,1130.0,264.5,865.5,14886,56,1116,1096.0,783.4736842105264,-0.7155121602403762,-1.2740362388134503,179113.09141274236,1096.0,404.5,691.5,1634046398.55776,5.507469177246094e-05,20.69711589813232
6064,0,1,0,0,3,2,408,2211110130,442,64,428,17,59861,29483,4,0,0,43,15,2211110130,17,59861,11123,5581,90,1130,786.0,697.625,-0.214532929465816,-1.719285560466692,201959.984375,1130.0,349.75,780.25,15294,56,1116,1096.0,764.7,-0.5943742852346557,-1.404501842900899,176854.00999999998,1096.0,406.25,689.75,1634046398.572005,0.0142450332641601,20.71136093139648
6065,0,1,0,0,2,3,60,3232270721,94,47,80,17,29483,59861,4,0,0,43,15,2211110130,17,59861,11123,5675,90,1130,442.0,630.5555555555555,0.0191721925545674,-1.7971844213863692,215506.46913580247,1130.0,94.0,1036.0,60,60,60,60.0,60.0,0.0,-3.0,0.0,60.0,60.0,0.0,1634046398.574996,0.0029909610748291,20.71435189247131
6066,0,1,0,0,2,3,52,3232270721,86,47,72,17,29483,59861,4,0,0,43,15,2211110130,17,59861,11123,5761,86,1130,438.5,576.1,0.2101967125887798,-1.7700154551799947,220644.49000000005,1130.0,94.0,1036.0,112,52,60,56.0,56.0,0.0,-2.0,16.0,58.0,54.0,4.0,1634046398.575052,5.602836608886719e-05,20.7144079208374
6067,0,1,0,0,3,2,1096,2211110130,1130,64,1116,17,59861,29483,4,0,0,43,15,2211110130,17,59861,11123,6891,86,1130,442.0,626.4545454545455,0.0092617830233309,-1.8374073227604908,225941.70247933888,1130.0,94.0,1036.0,1208,52,1096,60.0,402.6666666666667,0.7069655779110001,-1.4999999999999996,240366.22222222216,578.0,56.0,522.0,1634046398.580796,0.0057439804077148,20.720151901245114
6068,0,1,0,0,3,2,1096,2211110130,1130,64,1116,17,59861,29483,4,0,0,43,15,2211110130,17,59861,11123,8021,86,1130,786.0,668.4166666666666,-0.1580327227650405,-1.825892627558372,226482.24305555556,1130.0,94.0,1036.0,2304,52,1096,578.0,576.0,-8.875345765765763e-05,-1.999881662931711,270408.0,1096.0,58.0,1038.0,1634046398.580796,0.0,20.720151901245114
6069,0,1,0,0,3,2,1096,2211110130,1130,64,1116,17,59861,29483,4,0,0,43,15,2211110130,17,59861,11123,9151,86,1130,1130.0,703.9230769230769,-0.3022435862479417,-1.7675596192795704,224188.99408284028,1130.0,94.0,1036.0,3400,52,1096,1096.0,680.0,-0.4083237772777952,-1.8331689750784217,259590.4,1096.0,60.0,1036.0,1634046398.580796,0.0,20.720151901245114
6070,0,1,0,0,3,2,774,2211110130,808,64,794,17,59861,29483,4,0,0,43,15,2211110130,17,59861,11123,9959,86,1130,969.0,711.3571428571429,-0.359993199567762,-1.6598441101964272,208893.94387755104,1130.0,179.25,950.75,4174,52,1096,935.0,695.6666666666666,-0.5429568815240678,-1.5491018438977628,217552.5555555555,1096.0,238.5,857.5,1634046398.581355,0.0005590915679931,20.720710992813107
6071,0,1,0,0,2,3,60,3232270721,94,47,80,17,29483,59861,4,0,0,43,15,2211110130,17,59861,11123,10053,86,1130,808.0,670.2,-0.2023633746221591,-1.7739334681149743,218682.42666666667,1130.0,94.0,1036.0,4234,52,1096,774.0,604.8571428571429,-0.1648059062312298,-1.8579618959516269,235951.8367346939,1096.0,60.0,1036.0,1634046398.593227,0.0118718147277832,20.73258280754089
6072,0,1,0,0,3,2,56,2211110130,90,64,76,17,59861,29483,4,0,0,43,15,2211110130,17,59861,11123,10143,86,1130,625.0,633.9375,-0.0667496454419135,-1.82702075244402,224739.30859375,1130.0,94.0,1036.0,4290,52,1096,417.0,536.25,0.1058785600220312,-1.89040181741418,239406.4375,1096.0,59.0,1037.0,1634046398.595098,0.001871109008789,20.73445391654968
6073,0,1,0,0,2,3,60,3232270721,94,47,80,17,29483,59861,4,0,0,43,15,2211110130,17,59861,11123,10237,86,1130,442.0,602.1764705882352,0.0531324430643443,-1.8401571356185933,227659.5570934256,1130.0,94.0,1036.0,4350,52,1096,60.0,483.3333333333333,0.3200597315067301,-1.806719431932267,235207.11111111112,1096.0,60.0,1036.0,1634046398.611091,0.0159928798675537,20.750446796417233
6074,0,1,0,0,3,2,60,2211110130,94,64,80,17,59861,29483,4,0,0,43,15,2211110130,17,59861,11123,10331,86,1130,438.5,573.9444444444445,0.1605265954354509,-1.825317827790196,228561.60802469132,1130.0,94.0,1036.0,4410,52,1096,60.0,441.0,0.4991932048239249,-1.6635044321341126,227815.4,1015.5,60.0,955.5,1634046398.613615,0.0025241374969482,20.75297093391418
6075,0,1,0,0,3,2,408,2211110130,442,64,428,17,59861,29483,4,0,0,43,15,2211110130,17,59861,11123,10773,86,1130,442.0,567.0,0.2074308156213596,-1.7585755621962167,217400.1052631579,1130.0,94.0,1036.0,4818,52,1096,60.0,438.0,0.5429549112418794,-1.5170760797858058,207194.9090909091,935.0,60.0,875.0,1634046398.622691,0.0090758800506591,20.76204681396484
6076,0,1,0,0,3,2,1096,2211110130,1130,64,1116,17,59861,29483,4,0,0,43,15,2211110130,17,59861,11123,11903,86,1130,442.0,595.15,0.097427784363122,-1.80724920931312,221586.12749999997,1130.0,94.0,1036.0,5914,52,1096,234.0,492.8333333333333,0.3212670014724539,-1.7427050015198675,223002.3055555556,1096.0,60.0,1036.0,1634046398.623327,0.0006361007690429,20.762682914733883
6077,0,1,0,0,3,2,1096,2211110130,1130,64,1116,17,59861,29483,4,0,0,43,15,2211110130,17,59861,11123,1130,1130,1130,1130.0,1130.0,0.0,-3.0,0.0,1130.0,1130.0,0.0,7010,52,1096,408.0,539.2307692307693,0.1413388616405231,-1.8453927618129085,231680.94674556208,1096.0,60.0,1036.0,1634046398.623327,0.0,20.762682914733883
6078,0,1,0,0,3,2,1096,2211110130,1130,64,1116,17,59861,29483,4,0,0,43,15,2211110130,17,59861,11123,2260,1130,1130,1130.0,1130.0,0.0,-3.0,0.0,1130.0,1130.0,0.0,8106,52,1096,591.0,579.0,-0.0106540024078277,-1.877310543296958,235693.0,1096.0,60.0,1036.0,1634046398.623327,0.0,20.762682914733883
6079,0,1,0,0,3,2,1096,2211110130,1130,64,1116,17,59861,29483,4,0,0,43,15,2211110130,17,59861,11123,3390,1130,1130,1130.0,1130.0,0.0,-3.0,0.0,1130.0,1130.0,0.0,9202,52,1096,774.0,613.4666666666667,-0.1427683578165912,-1.86488587835832,236611.44888888887,1096.0,60.0,1036.0,1634046398.624076,0.000748872756958,20.76343178749084
6080,0,1,0,0,3,2,1096,2211110130,1130,64,1116,17,59861,29483,4,0,0,43,15,2211110130,17,59861,11123,4520,1130,1130,1130.0,1130.0,0.0,-3.0,0.0,1130.0,1130.0,0.0,10298,52,1096,935.0,643.625,-0.2600572910510141,-1.8228802859819064,235466.109375,1096.0,60.0,1036.0,1634046398.624076,0.0,20.76343178749084
6081,0,1,0,0,2,3,60,3232270721,94,47,80,17,29483,59861,4,0,0,43,15,2211110130,17,59861,11123,4614,94,1130,1130.0,922.8,-1.4999999999999996,0.2499999999999986,171727.36000000002,1130.0,1130.0,0.0,10358,52,1096,774.0,609.2941176470588,-0.1259503522366565,-1.8844579689245888,240472.9134948097,1096.0,60.0,1036.0,1634046398.627107,0.0030310153961181,20.76646280288696
6082,0,1,0,0,3,2,1116,2211110130,1150,64,1136,17,59861,29483,4,0,0,43,15,2211110130,17,59861,11123,5764,94,1150,1130.0,960.6666666666666,-1.787415105428971,1.197465212514108,150275.55555555553,1130.0,1130.0,0.0,11474,52,1116,935.0,637.4444444444445,-0.2299862167378813,-1.851116264089104,240584.80246913584,1096.0,60.0,1036.0,1634046398.630538,0.0034310817718505,20.76989388465881
6083,0,1,0,0,3,2,891,2211110130,925,64,911,17,59861,29483,4,0,0,43,15,2211110130,17,59861,11123,6689,94,1150,1130.0,955.5714285714286,-1.884704265311984,1.777062871631733,128963.38775510204,1130.0,1027.5,102.5,12365,52,1116,891.0,650.7894736842105,-0.3069647954419609,-1.787163531329068,231128.06094182827,1096.0,60.0,1036.0,1634046398.630538,0.0,20.76989388465881
6084,0,1,0,0,2,3,60,3232270721,94,47,80,17,29483,59861,4,0,0,43,15,2211110130,17,59861,11123,6783,94,1150,1130.0,847.875,-1.080846451991883,-0.7432764975106219,194032.609375,1130.0,717.25,412.75,12425,52,1116,832.5,621.25,-0.1896212347700251,-1.8553599649611536,236150.6875,1096.0,60.0,1036.0,1634046398.644399,0.0138609409332275,20.783754825592037
6085,0,1,0,0,3,2,1096,2211110130,1130,64,1116,17,59861,29483,4,0,0,43,15,2211110130,17,59861,11123,7913,94,1150,1130.0,879.2222222222222,-1.26154575539605,-0.3162883733670312,180334.6172839506,1130.0,925.0,205.0,1096,1096,1096,1096.0,1096.0,0.0,-3.0,0.0,1096.0,1096.0,0.0,1634046398.665904,0.0215051174163818,20.80525994300842
6086,0,1,0,0,3,2,1096,2211110130,1130,64,1116,17,59861,29483,4,0,0,43,15,2211110130,17,59861,11123,9043,94,1150,1130.0,904.3,-1.4240269838983652,0.1244043964028764,167961.21000000002,1130.0,976.25,153.75,2192,1096,1096,1096.0,1096.0,0.0,-3.0,0.0,1096.0,1096.0,0.0,1634046398.665904,0.0,20.80525994300842
6087,0,1,0,0,3,2,1096,2211110130,1130,64,1116,17,59861,29483,4,0,0,43,15,2211110130,17,59861,11123,10173,94,1150,1130.0,924.818181818182,-1.5725457225101969,0.5741897501518234,156901.96694214875,1130.0,1027.5,102.5,3288,1096,1096,1096.0,1096.0,0.0,-3.0,0.0,1096.0,1096.0,0.0,1634046398.666464,0.0005600452423095,20.80581998825073
6088,0,1,0,0,3,2,601,2211110130,635,64,621,17,59861,29483,4,0,0,43,15,2211110130,17,59861,11123,10808,94,1150,1130.0,900.6666666666666,-1.3860540219951216,0.2304820028351755,150243.05555555553,1130.0,852.5,277.5,3889,601,1096,1096.0,972.25,-1.1547005383792517,-0.6666666666666665,45942.1875,1096.0,972.25,123.75,1634046398.666464,0.0,20.80581998825073
6089,0,1,0,0,3,2,408,2211110130,442,64,428,17,59861,29483,4,0,0,43,15,2211110130,17,59861,11123,11250,94,1150,1130.0,865.3846153846154,-1.0899243390762212,-0.4446952107663504,153623.77514792897,1130.0,635.0,495.0,4297,408,1096,1096.0,859.4,-0.5352316182709906,-1.559782494542415,87694.24000000002,1096.0,601.0,495.0,1634046398.669887,0.0034229755401611,20.80924296379089
6090,0,1,0,0,2,3,60,3232270721,94,47,80,17,29483,59861,4,0,0,43,15,2211110130,17,59861,11123,11344,94,1150,1130.0,810.2857142857143,-0.816463841069759,-1.071044306772993,182117.20408163263,1130.0,490.25,639.75,4357,60,1096,848.5,726.1666666666666,-0.4557998591715606,-1.3228166545602127,161834.13888888888,1096.0,456.25,639.75,1634046398.678933,0.0090458393096923,20.818288803100582
6091,0,1,0,0,3,2,1096,2211110130,1130,64,1116,17,59861,29483,4,0,0,43,15,2211110130,17,59861,11123,12474,94,1150,1130.0,831.6,-0.9227923301861436,-0.8853701479180405,176336.24000000002,1130.0,538.5,591.5,5453,60,1096,1096.0,779.0,-0.7014515323533538,-1.063678882777417,155463.14285714287,1096.0,504.5,591.5,1634046398.688742,0.0098090171813964,20.82809782028198
6092,0,1,0,0,3,2,1096,2211110130,1130,64,1116,17,59861,29483,4,0,0,43,15,2211110130,17,59861,11123,13604,94,1150,1130.0,850.25,-1.021652414119531,-0.690943153722658,170532.5625,1130.0,586.75,543.25,6549,60,1096,1096.0,818.625,-0.9078822653485252,-0.7360670162092258,147021.234375,1096.0,552.75,543.25,1634046398.691906,0.0031640529632568,20.831261873245236
6093,0,1,0,0,3,2,1096,2211110130,1130,64,1116,17,59861,29483,4,0,0,43,15,2211110130,17,59861,11123,14734,94,1150,1130.0,866.7058823529412,-1.1142663307994345,-0.4898543166991782,164833.9723183391,1130.0,635.0,495.0,7645,60,1096,1096.0,849.4444444444445,-1.0877759817315724,-0.3715470628723798,138284.24691358025,1096.0,601.0,495.0,1634046398.694927,0.0030210018157958,20.83428287506103
6094,0,1,0,0,3,2,1104,2211110130,1138,64,1124,17,59861,29483,4,0,0,43,15,2211110130,17,59861,11123,15872,94,1150,1130.0,881.7777777777778,-1.2010413318358597,-0.2847498837534439,159538.28395061733,1130.0,707.5,422.5,8749,60,1104,1096.0,874.9,-1.247343454859392,0.0116383950914538,130287.69000000002,1096.0,724.75,371.25,1634046398.694927,0.0,20.83428287506103
6095,0,1,0,0,3,2,1096,2211110130,1130,64,1116,17,59861,29483,4,0,0,43,15,2211110130,17,59861,11123,17002,94,1150,1130.0,894.8421052631579,-1.2838122651881547,-0.074360633254535,154213.71191135736,1130.0,780.0,350.0,9845,60,1104,1096.0,895.0,-1.3935986850951572,0.4126925558866774,122483.45454545454,1096.0,848.5,247.5,1634046398.695726,0.0007989406585693,20.8350818157196
6096,0,1,0,0,3,2,671,2211110130,705,64,691,17,59861,29483,4,0,0,43,15,2211110130,17,59861,11123,17707,94,1150,1130.0,885.35,-1.2264228292138002,-0.1127532524383236,148214.9275,1130.0,687.5,442.5,10516,60,1104,1096.0,876.3333333333334,-1.2432547696030642,0.2063168702000344,116109.38888888888,1096.0,653.5,442.5,1634046398.695726,0.0,20.8350818157196
6097,0,1,0,0,3,2,408,2211110130,442,64,428,17,59861,29483,4,0,0,43,15,2211110130,17,59861,11123,442,442,442,442.0,442.0,0.0,-3.0,0.0,442.0,442.0,0.0,10924,60,1104,1096.0,840.3076923076923,-0.9299055221674002,-0.5524021790785341,122752.05917159763,1096.0,601.0,495.0,1634046398.706194,0.0104680061340332,20.845549821853634
6098,0,1,0,0,2,3,60,3232270721,94,47,80,17,29483,59861,4,0,0,43,15,2211110130,17,59861,11123,536,94,442,268.0,268.0,0.0,-2.0,30276.0,355.0,181.0,174.0,10984,60,1104,1096.0,784.5714285714286,-0.743395635196069,-0.9946001876544752,154368.95918367343,1096.0,456.25,639.75,1634046398.714531,0.0083370208740234,20.853886842727658
6099,0,1,0,0,3,2,1096,2211110130,1130,64,1116,17,59861,29483,4,0,0,43,15,2211110130,17,59861,11123,1666,94,1130,442.0,555.3333333333334,0.3766675336035382,-1.5000000000000004,185304.8888888889,786.0,268.0,518.0,12080,60,1104,1096.0,805.3333333333334,-0.8498470308575559,-0.8278885184134528,150112.4888888889,1096.0,504.5,591.5,1634046398.72582,0.0112891197204589,20.865175962448117
6100,0,1,0,0,3,2,1096,2211110130,1130,64,1116,17,59861,29483,4,0,0,43,15,2211110130,17,59861,11123,2796,94,1130,786.0,699.0,-0.2173703793443629,-1.715628269693377,200899.0,1130.0,355.0,775.0,13176,60,1104,1096.0,823.5,-0.9486551872698162,-0.6498355089562038,145680.875,1096.0,552.75,543.25,1634046398.728104,0.0022840499877929,20.86746001243591
6101,0,1,0,0,3,2,1096,2211110130,1130,64,1116,17,59861,29483,4,0,0,43,15,2211110130,17,59861,11123,3926,94,1130,1130.0,785.2,-0.5960310217014525,-1.4309581812273606,190440.96,1130.0,442.0,688.0,14272,60,1104,1096.0,839.5294117647059,-1.0410780034232188,-0.4632449283006759,141222.48442906578,1096.0,601.0,495.0,1634046398.728104,0.0,20.86746001243591
6102,0,1,0,0,3,2,616,2211110130,650,64,636,17,59861,29483,4,0,0,43,15,2211110130,17,59861,11123,4576,94,1130,890.0,762.6666666666666,-0.4753953973060286,-1.29944700709992,161239.55555555553,1130.0,494.0,636.0,14888,60,1104,1096.0,827.1111111111111,-0.9517456005417552,-0.5440835160991644,135998.43209876542,1096.0,604.75,491.25,1634046398.728104,0.0,20.86746001243591
6103,0,1,0,0,3,2,60,2211110130,94,64,80,17,59861,29483,4,0,0,43,15,2211110130,17,59861,11123,4670,94,1130,650.0,667.1428571428571,-0.1525027754192544,-1.633727748666307,192954.1224489796,1130.0,268.0,862.0,14948,60,1104,1096.0,786.7368421052631,-0.7908525409111741,-0.9348450573487096,158182.08864265928,1096.0,504.5,591.5,1634046398.728561,0.0004568099975585,20.867916822433468
6104,0,1,0,0,2,3,52,3232270721,86,48,72,17,10001,59861,4,0,0,43,15,2211110130,17,59861,11123,4756,86,1130,546.0,594.5,0.1005289955630184,-1.7022449882323496,205773.75,1130.0,94.0,1036.0,15000,52,1104,1096.0,750.0,-0.6459676271276608,-1.2152568991186956,175915.3,1096.0,408.0,688.0,1634046398.729017,0.0004560947418212,20.86837291717529
6105,0,1,0,0,2,3,60,3232270721,94,47,80,17,29483,59861,4,0,0,43,15,2211110130,17,59861,11123,4850,86,1130,442.0,538.8888888888889,0.3088606554659248,-1.6443121643210905,207650.7654320988,1130.0,94.0,1036.0,60,60,60,60.0,60.0,0.0,-3.0,0.0,60.0,60.0,0.0,1634046398.732342,0.0033249855041503,20.87169790267944
6106,0,1,0,0,3,2,408,2211110130,442,64,428,17,59861,29483,4,0,0,43,15,2211110130,17,59861,11123,5292,86,1130,442.0,529.2,0.3893507322159542,-1.4751320797219611,187730.56,1010.0,94.0,916.0,468,60,408,234.0,234.0,0.0,-2.0,30276.0,321.0,147.0,174.0,1634046398.742476,0.0101339817047119,20.88183188438415
6107,0,1,0,0,2,3,56,3232270721,90,47,76,17,29483,59861,4,0,0,43,15,2211110130,17,59861,11123,5382,86,1130,442.0,489.27272727272725,0.5396907639358205,-1.351656348872157,186606.01652892563,890.0,94.0,796.0,524,56,408,60.0,174.66666666666666,0.7067951202245191,-1.5,27224.88888888889,234.0,58.0,176.0,1634046398.749093,0.0066170692443847,20.888448953628536
6108,0,1,0,0,2,3,60,3232270721,94,47,80,17,29483,59861,4,0,0,43,15,2211110130,17,59861,11123,5476,86,1130,268.0,456.3333333333333,0.6751669952809053,-1.19562568016614,182990.5555555556,770.0,94.0,676.0,584,56,408,60.0,146.0,1.1542958580519225,-0.6669750091361579,22884.0,147.0,59.0,88.0,1634046398.749148,5.4836273193359375e-05,20.88850378990173
6109,0,1,0,0,3,2,1096,2211110130,1130,64,1116,17,59861,29483,4,0,0,43,15,2211110130,17,59861,11123,6606,86,1130,442.0,508.1538461538461,0.4533392675493449,-1.519631263491772,201138.74556213012,1130.0,94.0,1036.0,1680,56,1096,60.0,336.0,1.143810438659429,-0.3452773881640691,162707.2,408.0,60.0,348.0,1634046398.755227,0.0060791969299316,20.89458298683166
6110,0,1,0,0,3,2,1096,2211110130,1130,64,1116,17,59861,29483,4,0,0,43,15,2211110130,17,59861,11123,7736,86,1130,442.0,552.5714285714286,0.2732980343429033,-1.6919585055514124,212419.67346938772,1130.0,94.0,1036.0,2776,56,1096,234.0,462.6666666666667,0.5154783414065875,-1.5624575152775406,215811.5555555555,924.0,60.0,864.0,1634046398.755846,0.0006189346313476,20.89520192146301
6111,0,1,0,0,3,2,1096,2211110130,1130,64,1116,17,59861,29483,4,0,0,43,15,2211110130,17,59861,11123,8866,86,1130,442.0,591.0666666666667,0.121563015962246,-1.7775932817537323,219004.7288888889,1130.0,94.0,1036.0,3872,56,1096,408.0,553.1428571428571,0.1439719083071144,-1.8521056214930969,234096.97959183677,1096.0,60.0,1036.0,1634046398.75821,0.0023639202117919,20.8975658416748
6112,0,1,0,0,3,2,1096,2211110130,1130,64,1116,17,59861,29483,4,0,0,43,15,2211110130,17,59861,11123,9996,86,1130,546.0,624.75,-0.0099358802295722,-1.8092165102034723,222335.4375,1130.0,94.0,1036.0,4968,56,1096,752.0,621.0,-0.1239478006713258,-1.8752640921309192,237067.0,1096.0,60.0,1036.0,1634046398.75821,0.0,20.8975658416748
6113,0,1,0,0,3,2,1096,2211110130,1130,64,1116,17,59861,29483,4,0,0,43,15,2211110130,17,59861,11123,11126,86,1130,650.0,654.4705882352941,-0.1263216799558685,-1.8049694392301256,223389.8961937716,1130.0,94.0,1036.0,6064,56,1096,1096.0,673.7777777777778,-0.3365102929248216,-1.785637673418634,233010.17283950615,1096.0,60.0,1036.0,1634046398.758848,0.0006380081176757,20.898203849792477
6114,0,1,0,0,3,2,466,2211110130,500,64,486,17,59861,29483,4,0,0,43,15,2211110130,17,59861,11123,11626,86,1130,575.0,645.8888888888889,-0.0750390444507222,-1.7565293218742593,212231.32098765436,1130.0,94.0,1036.0,6530,56,1096,781.0,653.0,-0.2192012938612663,-1.7468164260312715,213594.6,1096.0,147.0,949.0,1634046398.758848,0.0,20.898203849792477
6115,0,1,0,0,2,3,60,3232270721,94,47,80,17,29483,59861,4,0,0,43,15,2211110130,17,59861,11123,11720,86,1130,500.0,616.8421052631579,0.030536434354114,-1.7767161666278173,216248.13296398896,1130.0,94.0,1036.0,6590,56,1096,466.0,599.0909090909091,-0.0224508373064314,-1.820003681208237,223238.8099173554,1096.0,60.0,1036.0,1634046398.763656,0.0048079490661621,20.90301179885864
6116,0,1,0,0,3,2,1096,2211110130,1130,64,1116,17,59861,29483,4,0,0,43,15,2211110130,17,59861,11123,12850,86,1130,575.0,642.5,-0.0699692723364322,-1.785652092963626,217943.95,1130.0,94.0,1036.0,7686,56,1096,781.0,640.5,-0.1872191963188985,-1.799621336091358,223497.41666666663,1096.0,60.0,1036.0,1634046398.780465,0.0168089866638183,20.919820785522457
6117,0,1,0,0,2,3,52,3232270721,86,47,72,17,29483,59861,4,0,0,43,15,2211110130,17,59861,11123,86,86,86,86.0,86.0,0.0,-3.0,0.0,86.0,86.0,0.0,7738,52,1096,466.0,595.2307692307693,-0.0224216807829105,-1.8505555468180968,230896.9467455621,1096.0,60.0,1036.0,1634046398.782283,0.0018181800842285,20.921638965606686
6118,0,1,0,0,3,2,1116,2211110130,1150,64,1136,17,59861,29483,4,0,0,43,15,2211110130,17,59861,11123,1236,86,1150,618.0,618.0,0.0,-2.0,283024.0,884.0,352.0,532.0,8854,52,1116,781.0,632.4285714285714,-0.1625182506866029,-1.834670020934512,232392.10204081636,1096.0,60.0,1036.0,1634046398.790153,0.0078699588775634,20.92950892448425
6119,0,1,0,0,3,2,1096,2211110130,1130,64,1116,17,59861,29483,4,0,0,43,15,2211110130,17,59861,11123,2366,86,1150,1130.0,788.6666666666666,-0.7062478241825706,-1.5000000000000009,246936.8888888889,1140.0,608.0,532.0,9950,52,1116,1096.0,663.3333333333334,-0.2871570565550465,-1.7850926097236328,230270.7555555556,1096.0,60.0,1036.0,1634046398.790153,0.0,20.92950892448425
6120,0,1,0,0,3,2,1096,2211110130,1130,64,1116,17,59861,29483,4,0,0,43,15,2211110130,17,59861,11123,3496,86,1150,1130.0,874.0,-1.1535805615258157,-0.6675141626783967,207048.0,1135.0,869.0,266.0,11046,52,1116,1096.0,690.375,-0.3989847191768975,-1.712568459094984,226847.609375,1096.0,60.0,1036.0,1634046398.793369,0.0032160282135009,20.93272495269775
6121,0,1,0,0,3,2,478,2211110130,512,64,498,17,59861,29483,4,0,0,43,15,2211110130,17,59861,11123,4008,86,1150,1130.0,801.6,-0.6887814076423272,-1.2352401447836368,186605.44,1130.0,512.0,618.0,11524,52,1116,1096.0,677.8823529411765,-0.3291069102084937,-1.7007043530404793,216000.6920415225,1096.0,60.0,1036.0,1634046398.793369,0.0,20.93272495269775
6122,0,1,0,0,3,2,408,2211110130,442,64,428,17,59861,29483,4,0,0,43,15,2211110130,17,59861,11123,4450,86,1150,821.0,741.6666666666666,-0.3130195194892277,-1.5103381151338364,173464.55555555556,1130.0,459.5,670.5,11932,52,1116,787.0,662.8888888888889,-0.24217327597773,-1.7059338330606224,207822.32098765436,1096.0,147.0,949.0,1634046398.793369,0.0,20.93272495269775
6123,0,1,0,0,2,3,60,3232270721,94,47,80,17,29483,59861,4,0,0,43,15,2211110130,17,59861,11123,4544,86,1150,512.0,649.1428571428571,-0.0209602143921741,-1.6877645322196744,200047.83673469388,1130.0,268.0,862.0,11992,52,1116,478.0,631.1578947368421,-0.1280928138984457,-1.7673823598010796,215007.71191135733,1096.0,60.0,1036.0,1634046398.799078,0.0057089328765869,20.938433885574337
6124,0,1,0,0,3,2,1096,2211110130,1130,64,1116,17,59861,29483,4,0,0,43,15,2211110130,17,59861,11123,5674,86,1150,821.0,709.25,-0.2685994120127354,-1.6527738515592825,200331.9375,1130.0,355.0,775.0,13088,52,1116,787.0,654.4,-0.2222269011363771,-1.7434744316735802,214521.04,1096.0,60.0,1036.0,1634046398.800627,0.0015490055084228,20.93998289108276
6125,0,1,0,0,3,2,1096,2211110130,1130,64,1116,17,59861,29483,4,0,0,43,15,2211110130,17,59861,11123,6804,86,1150,1130.0,756.0,-0.4701829398229637,-1.5205760157236337,195557.3333333333,1130.0,442.0,688.0,1096,1096,1096,1096.0,1096.0,0.0,-3.0,0.0,1096.0,1096.0,0.0,1634046398.800627,0.0,20.93998289108276
6126,0,1,0,0,3,2,1096,2211110130,1130,64,1116,17,59861,29483,4,0,0,43,15,2211110130,17,59861,11123,7934,86,1150,1130.0,793.4,-0.6419563831861711,-1.3367271157096556,188590.44,1130.0,459.5,670.5,2192,1096,1096,1096.0,1096.0,0.0,-3.0,0.0,1096.0,1096.0,0.0,1634046398.800627,0.0,20.93998289108276
6127,0,1,0,0,3,2,1096,2211110130,1130,64,1116,17,59861,29483,4,0,0,43,15,2211110130,17,59861,11123,9064,86,1150,1130.0,824.0,-0.7928396053309202,-1.1221740644725422,180809.45454545456,1130.0,477.0,653.0,3288,1096,1096,1096.0,1096.0,0.0,-3.0,0.0,1096.0,1096.0,0.0,1634046398.801238,0.0006110668182373,20.940593957900997
6128,0,1,0,0,3,2,1096,2211110130,1130,64,1116,17,59861,29483,4,0,0,43,15,2211110130,17,59861,11123,10194,86,1150,1130.0,849.5,-0.9282385658707843,-0.8878893143085351,172894.75,1130.0,494.5,635.5,4384,1096,1096,1096.0,1096.0,0.0,-3.0,0.0,1096.0,1096.0,0.0,1634046398.801238,0.0,20.940593957900997
6129,0,1,0,0,3,2,451,2211110130,485,64,471,17,59861,29483,4,0,0,43,15,2211110130,17,59861,11123,10679,86,1150,1130.0,821.4615384615385,-0.7350902276231158,-1.1410922223079765,169029.01775147926,1130.0,485.0,645.0,4835,451,1096,1096.0,967.0,-1.5,0.25,66564.0,1096.0,1096.0,0.0,1634046398.801238,0.0,20.940593957900997
6130,0,1,0,0,3,2,56,2211110130,90,64,76,17,59861,29483,4,0,0,43,15,2211110130,17,59861,11123,10769,86,1150,1130.0,769.2142857142857,-0.5340199176373686,-1.4559358585140827,192442.59693877547,1130.0,452.75,677.25,4891,56,1096,1096.0,815.1666666666666,-0.9384356799884044,-0.8581192809118319,170736.80555555556,1096.0,612.25,483.75,1634046398.814739,0.0135009288787841,20.95409488677978
6131,0,1,0,0,3,2,408,2211110130,442,64,428,17,59861,29483,4,0,0,43,15,2211110130,17,59861,11123,11211,86,1150,1130.0,747.4,-0.400668542284629,-1.536177651531304,186275.1733333333,1130.0,442.0,688.0,5299,56,1096,1096.0,757.0,-0.5455686644624068,-1.3646520321302216,166646.0,1096.0,429.5,666.5,1634046398.814739,0.0,20.95409488677978
6132,0,1,0,0,2,3,60,3232270721,94,47,80,17,29483,59861,4,0,0,43,15,2211110130,17,59861,11123,11305,86,1150,821.0,706.5625,-0.2590157823944805,-1.6644379557184688,199648.49609375,1130.0,355.0,775.0,5359,56,1096,773.5,669.875,-0.2494835932505383,-1.6760110751448154,198950.609375,1096.0,321.0,775.0,1634046398.81849,0.0037510395050048,20.957845926284786
6133,0,1,0,0,3,2,60,2211110130,94,64,80,17,59861,29483,4,0,0,43,15,2211110130,17,59861,11123,11399,86,1150,512.0,670.5294117647059,-0.1328357225474451,-1.7385225857510735,208678.60207612457,1130.0,94.0,1036.0,5419,56,1096,451.0,602.1111111111111,-0.0116861938904353,-1.7781682421772975,213580.5432098765,1096.0,60.0,1036.0,1634046398.847183,0.0286929607391357,20.986538887023922
6134,0,1,0,0,3,2,1096,2211110130,1130,64,1116,17,59861,29483,4,0,0,43,15,2211110130,17,59861,11123,12529,86,1150,821.0,696.0555555555555,-0.2372009261260157,-1.7112524030172136,208162.2746913581,1130.0,181.0,949.0,6515,56,1096,773.5,651.5,-0.2103042769415402,-1.7554349299375545,214175.85,1096.0,147.0,949.0,1634046398.847802,0.0006189346313476,20.98715782165527
6135,0,1,0,0,3,2,1096,2211110130,1130,64,1116,17,59861,29483,4,0,0,43,15,2211110130,17,59861,11123,13659,86,1150,1130.0,718.8947368421053,-0.3323486334351755,-1.6651246820255663,206595.67313019387,1130.0,268.0,862.0,7611,56,1096,1096.0,691.9090909090909,-0.377686294961342,-1.668548083319379,211034.26446280992,1096.0,234.0,862.0,1634046398.847802,0.0,20.98715782165527
6136,0,1,0,0,3,2,1096,2211110130,1130,64,1116,17,59861,29483,4,0,0,43,15,2211110130,17,59861,11123,14789,86,1150,1130.0,739.45,-0.419986380598944,-1.604924062134162,204293.7475,1130.0,355.0,775.0,8707,56,1096,1096.0,725.5833333333334,-0.5233724975091691,-1.543462572630002,205921.57638888888,1096.0,321.0,775.0,1634046398.847802,0.0,20.98715782165527
6137,0,1,0,0,3,2,492,2211110130,526,64,512,17,59861,29483,4,0,0,43,15,2211110130,17,59861,11123,526,526,526,526.0,526.0,0.0,-3.0,0.0,526.0,526.0,0.0,9199,56,1096,1096.0,707.6153846153846,-0.417516397284205,-1.5565304933374655,193955.6213017752,1096.0,408.0,688.0,1634046398.847802,0.0,20.98715782165527
6138,0,1,0,0,2,3,60,3232270721,94,47,80,17,29483,59861,4,0,0,43,15,2211110130,17,59861,11123,620,94,526,310.0,310.0,0.0,-2.0,46656.0,418.0,202.0,216.0,9259,56,1096,794.0,661.3571428571429,-0.2485498650485625,-1.705704023316525,207919.3724489796,1096.0,147.0,949.0,1634046398.854911,0.0071091651916503,20.99426698684692
6139,0,1,0,0,3,2,408,2211110130,442,64,428,17,59861,29483,4,0,0,43,15,2211110130,17,59861,11123,1062,94,526,442.0,354.0,-0.601629684993436,-1.5,34976.0,484.0,268.0,216.0,9667,56,1096,492.0,644.4666666666667,-0.1479161333598132,-1.6927198612515983,198052.1155555556,1096.0,234.0,862.0,1634046398.858184,0.0032730102539062,20.997539997100827
6140,0,1,0,0,2,3,60,3232270721,94,47,80,17,29483,59861,4,0,0,43,15,2211110130,17,59861,11123,1156,94,526,268.0,289.0,0.0672330531674368,-1.9108639408049808,38907.0,463.0,94.0,369.0,9727,56,1096,471.5,607.9375,-0.0226297653957888,-1.7376225574565836,205689.55859375,1096.0,60.0,1036.0,1634046398.872363,0.014178991317749,21.011718988418576
6141,0,1,0,0,3,2,1096,2211110130,1130,64,1116,17,59861,29483,4,0,0,43,15,2211110130,17,59861,11123,2286,94,1130,442.0,457.2,0.7628191665798763,-0.6971294835155981,144290.56,526.0,94.0,432.0,10823,56,1096,492.0,636.6470588235294,-0.1380579149672992,-1.7353593678532724,206777.9930795848,1096.0,60.0,1036.0,1634046398.87911,0.0067470073699951,21.01846599578857
6142,0,1,0,0,3,2,1096,2211110130,1130,64,1116,17,59861,29483,4,0,0,43,15,2211110130,17,59861,11123,3416,94,1130,484.0,569.3333333333334,0.2883127960972776,-1.5088208833778116,183111.55555555556,979.0,181.0,798.0,11919,56,1096,794.0,662.1666666666666,-0.2420503456165269,-1.7072626112012257,206361.5833333333,1096.0,147.0,949.0,1634046398.87911,0.0,21.01846599578857
6143,0,1,0,0,3,2,1096,2211110130,1130,64,1116,17,59861,29483,4,0,0,43,15,2211110130,17,59861,11123,4546,94,1130,526.0,649.4285714285714,-0.0339657108641334,-1.6819168061307563,195444.2448979592,1130.0,268.0,862.0,13015,56,1096,1096.0,685.0,-0.3369169934079001,-1.6604627208222649,204884.94736842104,1096.0,234.0,862.0,1634046398.879737,0.000626802444458,21.01909279823303
6144,0,1,0,0,3,2,1096,2211110130,1130,64,1116,17,59861,29483,4,0,0,43,15,2211110130,17,59861,11123,5676,94,1130,828.0,709.5,-0.2792556377048003,-1.6425271582563812,196273.75,1130.0,355.0,775.0,14111,56,1096,1096.0,705.55,-0.424337595006941,-1.599690905047178,202664.4475,1096.0,321.0,775.0,1634046398.879737,0.0,21.01909279823303
6145,0,1,0,0,3,2,457,2211110130,491,64,477,17,59861,29483,4,0,0,43,15,2211110130,17,59861,11123,6167,94,1130,526.0,685.2222222222222,-0.1276120335438225,-1.593297746451941,179180.83950617284,1130.0,442.0,688.0,457,457,457,457.0,457.0,0.0,-3.0,0.0,457.0,457.0,0.0,1634046398.879737,0.0,21.01909279823303
6146,0,1,0,0,3,2,416,2211110130,450,64,436,17,59861,29483,4,0,0,43,15,2211110130,17,59861,11123,6617,94,1130,508.5,661.7,0.0255473670676064,-1.5322399232259567,166242.41,1130.0,444.0,686.0,873,416,457,436.5,436.5,0.0,-2.0,420.25,446.75,426.25,20.5,1634046398.892938,0.0132009983062744,21.032293796539303
6147,0,1,0,0,2,3,60,3232270721,94,47,80,17,29483,59861,4,0,0,43,15,2211110130,17,59861,11123,6711,94,1130,491.0,610.0909090909091,0.1681366849979127,-1.542031062307592,177764.44628099175,1130.0,268.0,862.0,933,60,457,416.0,311.0,-0.6791588613178499,-1.5000000000000002,31780.666666666668,436.5,238.0,198.5,1634046398.907203,0.0142650604248046,21.046558856964108
6148,0,1,0,0,3,2,1096,2211110130,1130,64,1116,17,59861,29483,4,0,0,43,15,2211110130,17,59861,11123,7841,94,1130,508.5,653.4166666666666,-0.0086726116863631,-1.624434726850878,183599.07638888888,1130.0,355.0,775.0,2029,60,1096,436.5,507.25,0.5463948711144829,-0.9378467705335454,139377.6875,616.75,327.0,289.75,1634046398.920495,0.0132920742034912,21.0598509311676
6149,0,1,0,0,3,2,1096,2211110130,1130,64,1116,17,59861,29483,4,0,0,43,15,2211110130,17,59861,11123,8971,94,1130,526.0,690.0769230769231,-0.1596420651740147,-1.6314922281557869,185603.76331360947,1130.0,442.0,688.0,3125,60,1096,457.0,625.0,0.0432148420830086,-1.5433142741792412,166962.4,1096.0,416.0,680.0,1634046398.921306,0.0008108615875244,21.060661792755123
6150,0,1,0,0,3,2,1096,2211110130,1130,64,1116,17,59861,29483,4,0,0,43,15,2211110130,17,59861,11123,10101,94,1130,828.0,721.5,-0.2918841507867459,-1.5922081763769018,185182.67857142855,1130.0,444.0,686.0,4221,60,1096,776.5,703.5,-0.2945311539179717,-1.538894611699233,169946.58333333334,1096.0,426.25,669.75,1634046398.92198,0.0006740093231201,21.061335802078244
6151,0,1,0,0,2,3,60,3232270721,94,47,80,17,29483,59861,4,0,0,43,15,2211110130,17,59861,11123,10195,94,1130,526.0,679.6666666666666,-0.152202376786831,-1.6881321129411484,197337.55555555556,1130.0,268.0,862.0,4281,60,1096,457.0,611.5714285714286,-0.0094222584374903,-1.694671106108972,196373.6734693877,1096.0,238.0,858.0,1634046398.922794,0.0008141994476318,21.062150001525875
6152,0,1,0,0,3,2,1116,2211110130,1150,64,1136,17,59861,29483,4,0,0,43,15,2211110130,17,59861,11123,11345,94,1150,828.0,709.0625,-0.2666768588297805,-1.6556087083195887,197965.68359375,1130.0,355.0,775.0,5397,60,1116,776.5,674.625,-0.2543530351227958,-1.6683801339229405,199657.234375,1096.0,327.0,769.0,1634046398.928898,0.0061039924621582,21.068253993988034
6153,0,1,0,0,3,2,1096,2211110130,1130,64,1116,17,59861,29483,4,0,0,43,15,2211110130,17,59861,11123,12475,94,1150,1130.0,733.8235294117648,-0.3719175129329012,-1.5984783054779066,196130.3806228373,1130.0,442.0,688.0,6493,60,1116,1096.0,721.4444444444445,-0.4569477512366862,-1.540916269929662,195009.5802469136,1096.0,416.0,680.0,1634046398.928898,0.0,21.068253993988034
6154,0,1,0,0,3,2,1096,2211110130,1130,64,1116,17,59861,29483,4,0,0,43,15,2211110130,17,59861,11123,13605,94,1150,1130.0,755.8333333333334,-0.4681740663242972,-1.5244389346756784,193469.5833333333,1130.0,444.0,686.0,7589,60,1116,1096.0,758.9,-0.6293107418181902,-1.3609183369174174,188134.89,1096.0,426.25,669.75,1634046398.928898,0.0,21.068253993988034
6155,0,1,0,0,3,2,909,2211110130,943,64,929,17,59861,29483,4,0,0,43,15,2211110130,17,59861,11123,14548,94,1150,1130.0,765.6842105263158,-0.53858679387445,-1.4236550687456917,185033.68975069252,1130.0,446.0,684.0,8498,60,1116,1096.0,772.5454545454545,-0.7436029810538203,-1.1429437432729754,172893.70247933886,1096.0,436.5,659.5,1634046398.92947,0.0005719661712646,21.068825960159298
6156,0,1,0,0,2,3,60,3232270721,94,47,80,17,29483,59861,4,0,0,43,15,2211110130,17,59861,11123,14642,94,1150,1036.5,732.1,-0.4107009180558537,-1.5786248576228434,197212.09000000003,1130.0,355.0,775.0,8558,60,1116,1002.5,713.1666666666666,-0.4999029198807651,-1.5152866296235787,197270.1388888889,1096.0,327.0,769.0,1634046398.940652,0.0111818313598632,21.08000779151916
6157,0,1,0,0,3,2,408,2211110130,442,64,428,17,59861,29483,4,0,0,43,15,2211110130,17,59861,11123,442,442,442,442.0,442.0,0.0,-3.0,0.0,442.0,442.0,0.0,8966,60,1116,909.0,689.6923076923077,-0.3576037633159221,-1.578400672342728,188708.0591715976,1096.0,408.0,688.0,1634046398.947976,0.00732421875,21.08733201026916
6158,0,1,0,0,2,3,56,3232270721,90,47,76,17,29483,59861,4,0,0,43,15,2211110130,17,59861,11123,532,90,442,266.0,266.0,0.0,-2.0,30976.0,354.0,178.0,176.0,9022,56,1116,683.0,644.4285714285714,-0.1972895802957823,-1.704231039261859,201863.38775510204,1096.0,147.0,949.0,1634046398.957911,0.0099349021911621,21.097266912460324
6159,0,1,0,0,2,3,60,3232270721,94,47,80,17,29483,59861,4,0,0,43,15,2211110130,17,59861,11123,626,90,442,94.0,208.66666666666663,0.7067951202245192,-1.4999999999999996,27224.888888888887,268.0,92.0,176.0,9082,56,1116,457.0,605.4666666666667,-0.0566974850458678,-1.7647305846984591,209658.2488888889,1096.0,60.0,1036.0,1634046398.957965,5.3882598876953125e-05,21.0973207950592
6160,0,1,0,0,3,2,1096,2211110130,1130,64,1116,17,59861,29483,4,0,0,43,15,2211110130,17,59861,11123,1756,90,1130,268.0,439.0,0.8093560462813357,-1.0077398532512167,179579.0,614.0,93.0,521.0,10178,56,1116,683.0,636.125,-0.1771685918125445,-1.750758189426216,210653.609375,1096.0,60.0,1036.0,1634046398.965483,0.0075180530548095,21.10483884811401
6161,0,1,0,0,3,2,1096,2211110130,1130,64,1116,17,59861,29483,4,0,0,43,15,2211110130,17,59861,11123,2886,90,1130,442.0,577.2,0.2071544701374441,-1.769443639312971,220060.16,1130.0,94.0,1036.0,11274,56,1116,909.0,663.1764705882352,-0.2854115403042295,-1.710433565769189,209970.73356401385,1096.0,60.0,1036.0,1634046398.965483,0.0,21.10483884811401
6162,0,1,0,0,3,2,1096,2211110130,1130,64,1116,17,59861,29483,4,0,0,43,15,2211110130,17,59861,11123,4016,90,1130,786.0,669.3333333333334,-0.1605074531781218,-1.823513566674962,225826.22222222225,1130.0,181.0,949.0,12370,56,1116,1002.5,687.2222222222222,-0.3839560130327765,-1.6512186080948388,208135.06172839503,1096.0,147.0,949.0,1634046398.965483,0.0,21.10483884811401
6163,0,1,0,0,3,2,1096,2211110130,1130,64,1116,17,59861,29483,4,0,0,43,15,2211110130,17,59861,11123,5146,90,1130,1130.0,735.1428571428571,-0.4318822664016841,-1.675757150248187,219550.69387755095,1130.0,268.0,862.0,13466,56,1116,1096.0,708.7368421052631,-0.474627651387193,-1.578008923586356,205512.40443213296,1096.0,234.0,862.0,1634046398.965483,0.0,21.10483884811401
6164,0,1,0,0,3,2,844,2211110130,878,64,864,17,59861,29483,4,0,0,43,15,2211110130,17,59861,11123,6024,90,1130,1004.0,753.0,-0.5711041278239447,-1.4370796361110156,194339.0,1130.0,355.0,775.0,14310,56,1116,1002.5,715.5,-0.5281198502614783,-1.4851065556176375,196105.85,1096.0,321.0,775.0,1634046398.965483,0.0,21.10483884811401
6165,0,1,0,0,3,2,60,2211110130,94,64,80,17,59861,29483,4,0,0,43,15,2211110130,17,59861,11123,6118,90,1130,878.0,679.7777777777778,-0.2749215996956715,-1.7441598443709323,215637.7283950617,1130.0,94.0,1036.0,60,60,60,60.0,60.0,0.0,-3.0,0.0,60.0,60.0,0.0,1634046398.965483,0.0,21.10483884811401
6166,0,1,0,0,3,2,408,2211110130,442,64,428,17,59861,29483,4,0,0,43,15,2211110130,17,59861,11123,6560,90,1130,660.0,656.0,-0.1338908451680542,-1.712529954277046,199162.4,1130.0,181.0,949.0,468,60,408,234.0,234.0,0.0,-2.0,30276.0,321.0,147.0,174.0,1634046398.988786,0.0233030319213867,21.128141880035397
6167,0,1,0,0,3,2,1096,2211110130,1130,64,1116,17,59861,29483,4,0,0,43,15,2211110130,17,59861,11123,7690,90,1130,878.0,699.0909090909091,-0.3029796455633307,-1.6588466128528776,199624.9917355372,1130.0,268.0,862.0,1564,60,1096,408.0,521.3333333333334,0.3766675336035382,-1.5000000000000004,185304.8888888889,752.0,234.0,518.0,1634046398.990366,0.001579999923706,21.129721879959103
6168,0,1,0,0,3,2,1096,2211110130,1130,64,1116,17,59861,29483,4,0,0,43,15,2211110130,17,59861,11123,8820,90,1130,1004.0,735.0,-0.4499056572046636,-1.5596959666943389,197173.66666666663,1130.0,355.0,775.0,2660,60,1096,752.0,665.0,-0.2173703793443629,-1.715628269693377,200899.0,1096.0,321.0,775.0,1634046398.990366,0.0,21.129721879959103
6169,0,1,0,0,3,2,1096,2211110130,1130,64,1116,17,59861,29483,4,0,0,43,15,2211110130,17,59861,11123,9950,90,1130,1130.0,765.3846153846154,-0.5804563320374811,-1.4315225337078952,193085.15976331357,1130.0,442.0,688.0,3756,60,1096,1096.0,751.2,-0.5960310217014525,-1.4309581812273606,190440.96,1096.0,408.0,688.0,1634046398.990366,0.0,21.129721879959103
6170,0,1,0,0,3,2,1096,2211110130,1130,64,1116,17,59861,29483,4,0,0,43,15,2211110130,17,59861,11123,11080,90,1130,1130.0,791.4285714285714,-0.6984371166977668,-1.2837270496244233,188111.10204081636,1130.0,442.0,688.0,4852,60,1096,1096.0,808.6666666666666,-0.8841304010018901,-1.0064953845451037,175212.8888888889,1096.0,580.0,516.0,1634046398.991098,0.0007319450378417,21.130453824996945
6171,0,1,0,0,3,2,934,2211110130,968,64,954,17,59861,29483,4,0,0,43,15,2211110130,17,59861,11123,12048,90,1130,1130.0,803.2,-0.7900651806975111,-1.1154406144423723,177510.29333333328,1130.0,442.0,688.0,5786,60,1096,1096.0,826.5714285714286,-1.0699948646392514,-0.5473322147220849,152105.95918367346,1096.0,671.0,425.0,1634046398.991098,0.0,21.130453824996945
6172,0,1,0,0,2,3,60,3232270721,94,47,80,17,29483,59861,4,0,0,43,15,2211110130,17,59861,11123,12142,90,1130,1049.0,758.875,-0.5946384422425124,-1.4356038843721912,195886.484375,1130.0,355.0,775.0,5846,60,1096,1015.0,730.75,-0.6185263397082178,-1.4321528301055166,197364.9375,1096.0,321.0,775.0,1634046398.993233,0.0021350383758544,21.1325888633728
6173,0,1,0,0,2,3,52,3232270721,86,47,72,17,29483,59861,4,0,0,43,15,2211110130,17,59861,11123,12228,86,1130,968.0,719.2941176470588,-0.4331214686133172,-1.6317621503836557,209430.08996539796,1130.0,94.0,1036.0,5898,52,1096,934.0,655.3333333333334,-0.3132983546346475,-1.7609412977267511,220936.88888888888,1096.0,60.0,1036.0,1634046398.993288,5.507469177246094e-05,21.13264393806457
6174,0,1,0,0,3,2,56,2211110130,90,64,76,17,59861,29483,4,0,0,43,15,2211110130,17,59861,11123,12318,86,1130,923.0,684.3333333333334,-0.2943906366495951,-1.752899791058004,218573.44444444444,1130.0,94.0,1036.0,5954,52,1096,671.0,595.4,-0.0812464540577498,-1.8739441879760923,231171.24,1096.0,60.0,1036.0,1634046399.005182,0.0118939876556396,21.14453792572021
6175,0,1,0,0,2,3,60,3232270721,94,47,80,17,29483,59861,4,0,0,43,15,2211110130,17,59861,11123,12412,86,1130,878.0,653.2631578947369,-0.1728217810762019,-1.8238285540249637,224445.9833795014,1130.0,94.0,1036.0,6014,52,1096,408.0,546.7272727272727,0.1069969215781154,-1.8808035034819608,233846.0165289256,1096.0,60.0,1036.0,1634046399.009395,0.0042128562927246,21.148750782012936
6176,0,1,0,0,3,2,1096,2211110130,1130,64,1116,17,59861,29483,4,0,0,43,15,2211110130,17,59861,11123,13542,86,1130,923.0,677.1,-0.264769722521939,-1.7887992888643058,224019.39,1130.0,94.0,1036.0,7110,52,1096,671.0,592.5,-0.0673888945479567,-1.8977260084919485,237405.41666666663,1096.0,60.0,1036.0,1634046399.028513,0.0191180706024169,21.167868852615353
6177,0,1,0,0,3,2,1096,2211110130,1130,64,1116,17,59861,29483,4,0,0,43,15,2211110130,17,59861,11123,1130,1130,1130,1130.0,1130.0,0.0,-3.0,0.0,1130.0,1130.0,0.0,8206,52,1096,934.0,631.2307692307693,-0.2163883861500913,-1.8615195122321924,237144.3313609468,1096.0,60.0,1036.0,1634046399.028513,0.0,21.167868852615353
6178,0,1,0,0,3,2,1096,2211110130,1130,64,1116,17,59861,29483,4,0,0,43,15,2211110130,17,59861,11123,2260,1130,1130,1130.0,1130.0,0.0,-3.0,0.0,1130.0,1130.0,0.0,9302,52,1096,1015.0,664.4285714285714,-0.3471335723746955,-1.7916049946558636,234532.67346938775,1096.0,60.0,1036.0,1634046399.028513,0.0,21.167868852615353
6179,0,1,0,0,2,3,60,3232270721,94,47,80,17,29483,59861,4,0,0,43,15,2211110130,17,59861,11123,2354,94,1130,1130.0,784.6666666666666,-0.7071067811865472,-1.5000000000000004,238510.22222222225,1130.0,612.0,518.0,9362,52,1096,934.0,624.1333333333333,-0.1872916053778244,-1.8868132281515235,241629.04888888885,1096.0,60.0,1036.0,1634046399.028675,0.000162124633789,21.168030977249142
6180,0,1,0,0,3,2,1096,2211110130,1130,64,1116,17,59861,29483,4,0,0,43,15,2211110130,17,59861,11123,3484,94,1130,1130.0,871.0,-1.1547005383792517,-0.6666666666666665,201243.0,1130.0,871.0,259.0,10458,52,1096,1015.0,653.625,-0.3028297294767128,-1.8332273609127323,239573.609375,1096.0,60.0,1036.0,1634046399.029086,0.000411033630371,21.168442010879513
6181,0,1,0,0,3,2,974,2211110130,1008,64,994,17,59861,29483,4,0,0,43,15,2211110130,17,59861,11123,4492,94,1130,1130.0,898.4,-1.451243478851187,0.1787235139555063,163997.44,1130.0,1008.0,122.0,11432,52,1096,974.0,672.4705882352941,-0.400957304337092,-1.755262500715562,231163.5432525952,1096.0,60.0,1036.0,1634046399.029086,0.0,21.168442010879513
6182,0,1,0,0,3,2,408,2211110130,442,64,428,17,59861,29483,4,0,0,43,15,2211110130,17,59861,11123,4934,94,1130,1069.0,822.3333333333334,-0.8597312748245298,-0.9919145888423908,165595.22222222222,1130.0,583.5,546.5,11840,52,1096,954.0,657.7777777777778,-0.3186349866566131,-1.7653253829966609,221991.06172839503,1096.0,60.0,1036.0,1634046399.029699,0.0006129741668701,21.169054985046383
6183,0,1,0,0,2,3,60,3232270721,94,47,80,17,29483,59861,4,0,0,43,15,2211110130,17,59861,11123,5028,94,1130,1008.0,718.2857142857143,-0.4159615474145637,-1.655522664854017,206894.20408163263,1130.0,268.0,862.0,11900,52,1096,934.0,626.3157894736842,-0.1950537233390295,-1.8406702696319237,228124.74238227145,1096.0,60.0,1036.0,1634046399.047065,0.0173659324645996,21.186420917510983
6184,0,1,0,0,3,2,1096,2211110130,1130,64,1116,17,59861,29483,4,0,0,43,15,2211110130,17,59861,11123,6158,94,1130,1069.0,769.75,-0.6334628621959972,-1.4334051945860309,199572.4375,1130.0,355.0,775.0,12996,52,1096,954.0,649.8,-0.2865246930925944,-1.8005887582553717,227197.16,1096.0,60.0,1036.0,1634046399.053422,0.0063569545745849,21.192777872085568
6185,0,1,0,0,3,2,1096,2211110130,1130,64,1116,17,59861,29483,4,0,0,43,15,2211110130,17,59861,11123,7288,94,1130,1130.0,809.7777777777778,-0.8186214940554513,-1.1654629908210388,190215.50617283952,1130.0,442.0,688.0,1096,1096,1096,1096.0,1096.0,0.0,-3.0,0.0,1096.0,1096.0,0.0,1634046399.053422,0.0,21.192777872085568
6186,0,1,0,0,3,2,1096,2211110130,1130,64,1116,17,59861,29483,4,0,0,43,15,2211110130,17,59861,11123,8418,94,1130,1130.0,841.8,-0.9812969433590336,-0.8707390020852981,180422.76,1130.0,583.5,546.5,2192,1096,1096,1096.0,1096.0,0.0,-3.0,0.0,1096.0,1096.0,0.0,1634046399.054013,0.0005910396575927,21.19336891174316
6187,0,1,0,0,3,2,668,2211110130,702,64,688,17,59861,29483,4,0,0,43,15,2211110130,17,59861,11123,9120,94,1130,1130.0,829.0909090909091,-0.924147007819798,-0.8232915892104811,165635.90082644625,1130.0,572.0,558.0,2860,668,1096,1096.0,953.3333333333334,-0.7071067811865482,-1.4999999999999991,40707.55555555556,1096.0,882.0,214.0,1634046399.054013,0.0,21.19336891174316
6188,0,1,0,0,3,2,1116,2211110130,1150,64,1136,17,59861,29483,4,0,0,43,15,2211110130,17,59861,11123,10270,94,1150,1130.0,855.8333333333334,-1.0527083965105588,-0.5640412284477456,159699.6388888889,1130.0,637.0,493.0,3976,668,1116,1096.0,994.0,-1.1481318327216468,-0.6715140273680995,35492.0,1101.0,989.0,112.0,1634046399.062849,0.008836030960083,21.202204942703244
6189,0,1,0,0,3,2,408,2211110130,442,64,428,17,59861,29483,4,0,0,43,15,2211110130,17,59861,11123,10712,94,1150,1130.0,824.0,-0.8188157762030993,-0.9584664040371832,159575.38461538462,1130.0,442.0,688.0,4384,408,1116,1096.0,876.8,-0.6433014519579757,-1.3270905639987949,83336.95999999999,1096.0,668.0,428.0,1634046399.06427,0.0014209747314453,21.20362591743469
6190,0,1,0,0,3,2,60,2211110130,94,64,80,17,59861,29483,4,0,0,43,15,2211110130,17,59861,11123,10806,94,1150,1069.0,771.8571428571429,-0.6029552042812201,-1.3471479938053406,183522.5510204082,1130.0,442.0,688.0,4444,60,1116,882.0,740.6666666666666,-0.5361144608435292,-1.2327121339134666,162108.8888888889,1096.0,473.0,623.0,1634046399.08315,0.0188798904418945,21.222505807876583
6191,0,1,0,0,3,2,52,2211110130,86,64,72,17,59861,29483,4,0,0,43,15,2211110130,17,59861,11123,10892,86,1150,1008.0,726.1333333333333,-0.4247135658622916,-1.577622753527595,200557.04888888885,1130.0,268.0,862.0,4496,52,1116,668.0,642.2857142857143,-0.2006687145099366,-1.6218067237660916,197023.34693877556,1096.0,234.0,862.0,1634046399.09445,0.0113000869750976,21.23380589485168
6192,0,1,0,0,2,3,60,3232270721,94,47,80,17,29483,59861,4,0,0,43,15,2211110130,17,59861,11123,10986,86,1150,855.0,686.625,-0.2718225304336584,-1.714749196574126,211435.859375,1130.0,94.0,1036.0,4556,52,1116,538.0,569.5,0.0635504752497079,-1.7177187712156348,209479.75,1096.0,60.0,1036.0,1634046399.099886,0.0054359436035156,21.239241838455197
6193,0,1,0,0,3,2,1096,2211110130,1130,64,1116,17,59861,29483,4,0,0,43,15,2211110130,17,59861,11123,12116,86,1150,1008.0,712.7058823529412,-0.3763300839086071,-1.6545280762655978,209881.85467128025,1130.0,94.0,1036.0,5652,52,1116,668.0,628.0,-0.1626181777555001,-1.7304541690983737,213582.22222222225,1096.0,60.0,1036.0,1634046399.11254,0.0126540660858154,21.251895904541012
6194,0,1,0,0,3,2,1096,2211110130,1130,64,1116,17,59861,29483,4,0,0,43,15,2211110130,17,59861,11123,13246,86,1150,1069.0,735.8888888888889,-0.4720409596842452,-1.5784119222395223,207358.43209876545,1130.0,181.0,949.0,6748,52,1116,882.0,674.8,-0.3490323596137608,-1.6529759047766457,211936.16,1096.0,147.0,949.0,1634046399.11254,0.0,21.251895904541012
6195,0,1,0,0,3,2,1096,2211110130,1130,64,1116,17,59861,29483,4,0,0,43,15,2211110130,17,59861,11123,14376,86,1150,1130.0,756.6315789473684,-0.5605372517682053,-1.4903749981739838,204189.49584487535,1130.0,268.0,862.0,7844,52,1116,1096.0,713.0909090909091,-0.5088502532676965,-1.525184685420519,207331.17355371895,1096.0,234.0,862.0,1634046399.113008,0.0004680156707763,21.25236392021179
6196,0,1,0,0,3,2,1096,2211110130,1130,64,1116,17,59861,29483,4,0,0,43,15,2211110130,17,59861,11123,15506,86,1150,1130.0,775.3,-0.6430106412164608,-1.3931726228335568,200601.71,1130.0,355.0,775.0,8940,52,1116,1096.0,745.0,-0.6496592401375535,-1.3665169129977104,201253.66666666663,1096.0,321.0,775.0,1634046399.113008,0.0,21.25236392021179
6197,0,1,0,0,3,2,287,2211110130,321,64,307,17,59861,29483,4,0,0,43,15,2211110130,17,59861,11123,321,321,321,321.0,321.0,0.0,-3.0,0.0,321.0,321.0,0.0,9227,52,1116,1096.0,709.7692307692307,-0.4481009633596827,-1.57740451940558,200667.10059171595,1096.0,287.0,809.0,1634046399.113821,0.0008130073547363,21.253176927566525
6198,0,1,0,0,3,2,408,2211110130,442,64,428,17,59861,29483,4,0,0,43,15,2211110130,17,59861,11123,763,321,442,381.5,381.5,0.0,-2.0,3660.25,411.75,351.25,60.5,9635,52,1116,882.0,688.2142857142857,-0.3190005949179966,-1.6238659326209572,192373.73979591837,1096.0,317.25,778.75,1634046399.113821,0.0,21.253176927566525
6199,0,1,0,0,2,3,60,3232270721,94,47,80,17,29483,59861,4,0,0,43,15,2211110130,17,59861,11123,857,94,442,321.0,285.6666666666667,-0.3527201923019191,-1.5,20808.222222222223,381.5,207.5,174.0,9695,52,1116,668.0,646.3333333333334,-0.1727810570952677,-1.7254664433745897,204105.02222222224,1096.0,173.5,922.5,1634046399.115822,0.0020010471343994,21.255177974700924
6200,0,1,0,0,3,2,1096,2211110130,1130,64,1116,17,59861,29483,4,0,0,43,15,2211110130,17,59861,11123,1987,94,1130,381.5,496.75,0.7933181652440736,-0.8898669001042574,149274.6875,614.0,264.25,349.75,10791,52,1116,882.0,674.4375,-0.2883115008124865,-1.6839594057351783,203196.12109375,1096.0,230.25,865.75,1634046399.118749,0.0029268264770507,21.258104801177975
6201,0,1,0,0,3,2,1096,2211110130,1130,64,1116,17,59861,29483,4,0,0,43,15,2211110130,17,59861,11123,3117,94,1130,442.0,623.4,0.1984220994204028,-1.6960652576924495,183580.64,1130.0,321.0,809.0,11887,52,1116,1096.0,699.2352941176471,-0.3928376792285119,-1.6207109307816387,201082.29757785465,1096.0,287.0,809.0,1634046399.118749,0.0,21.258104801177975
6202,0,1,0,0,3,2,1096,2211110130,1130,64,1116,17,59861,29483,4,0,0,43,15,2211110130,17,59861,11123,4247,94,1130,786.0,707.8333333333334,-0.1673031248880139,-1.7603348188385783,188628.80555555556,1130.0,351.25,778.75,12983,52,1116,1096.0,721.2777777777778,-0.4885532690979224,-1.5416763224345318,198170.86728395065,1096.0,317.25,778.75,1634046399.118749,0.0,21.258104801177975
6203,0,1,0,0,3,2,1096,2211110130,1130,64,1116,17,59861,29483,4,0,0,43,15,2211110130,17,59861,11123,5377,94,1130,1130.0,768.1428571428571,-0.4378654142861928,-1.615248796869389,183505.26530612243,1130.0,381.5,748.5,14079,52,1116,1096.0,741.0,-0.5770564638243411,-1.4508204684357988,194742.2105263158,1096.0,347.5,748.5,1634046399.119484,0.0007350444793701,21.258839845657345
6204,0,1,0,0,3,2,1096,2211110130,1130,64,1116,17,59861,29483,4,0,0,43,15,2211110130,17,59861,11123,6507,94,1130,1130.0,813.375,-0.6565576068408332,-1.382213069089951,174888.734375,1130.0,411.75,718.25,15175,52,1116,1096.0,758.75,-0.6595455659040128,-1.3508843617909811,190991.2875,1096.0,377.75,718.25,1634046399.123517,0.004033088684082,21.262872934341427
6205,0,1,0,0,3,2,799,2211110130,833,64,819,17,59861,29483,4,0,0,43,15,2211110130,17,59861,11123,7340,94,1130,1130.0,815.5555555555555,-0.7127048559647661,-1.1652983820168912,155494.6913580247,1130.0,442.0,688.0,799,799,799,799.0,799.0,0.0,-3.0,0.0,799.0,799.0,0.0,1634046399.123517,0.0,21.262872934341427
6206,0,1,0,0,3,2,408,2211110130,442,64,428,17,59861,29483,4,0,0,43,15,2211110130,17,59861,11123,7782,94,1130,981.5,778.2,-0.4600764030888501,-1.4306703148073985,152504.16,1130.0,442.0,688.0,1207,408,799,603.5,603.5,0.0,-2.0,38220.25,701.25,505.75,195.5,1634046399.133657,0.0101399421691894,21.273012876510617
6207,0,1,0,0,2,3,60,3232270721,94,47,80,17,29483,59861,4,0,0,43,15,2211110130,17,59861,11123,7876,94,1130,833.0,716.0,-0.2771618693097272,-1.6064005774539476,177328.54545454544,1130.0,381.5,748.5,1267,60,799,408.0,422.3333333333333,0.0711166776022317,-1.4999999999999996,91122.88888888888,603.5,234.0,369.5,1634046399.135023,0.0013661384582519,21.27437901496887
6208,0,1,0,0,3,2,1096,2211110130,1130,64,1116,17,59861,29483,4,0,0,43,15,2211110130,17,59861,11123,9006,94,1130,981.5,750.5,-0.4249166134168001,-1.519349567372163,175643.91666666666,1130.0,411.75,718.25,2363,60,1096,603.5,590.75,-0.0732217004707194,-1.4335025080550208,153434.6875,873.25,321.0,552.25,1634046399.142554,0.007530927658081,21.28190994262695
6209,0,1,0,0,3,2,1096,2211110130,1130,64,1116,17,59861,29483,4,0,0,43,15,2211110130,17,59861,11123,10136,94,1130,1130.0,779.6923076923077,-0.5560363777469451,-1.400245365663223,172359.13609467453,1130.0,442.0,688.0,3459,60,1096,799.0,691.8,-0.4284527889693404,-1.3608243290361026,163592.15999999997,1096.0,408.0,688.0,1634046399.142554,0.0,21.28190994262695
6210,0,1,0,0,3,2,1096,2211110130,1130,64,1116,17,59861,29483,4,0,0,43,15,2211110130,17,59861,11123,11266,94,1130,1130.0,804.7142857142857,-0.6743997468800569,-1.2596345662439374,168187.0612244898,1130.0,442.0,688.0,4555,60,1096,947.5,759.1666666666666,-0.7106208843420858,-1.0702303862957905,159018.1388888889,1096.0,505.75,590.25,1634046399.142554,0.0,21.28190994262695
6211,0,1,0,0,3,2,1012,2211110130,1046,64,1032,17,59861,29483,4,0,0,43,15,2211110130,17,59861,11123,12312,94,1130,1130.0,820.8,-0.7805166693728268,-1.094085533054599,160597.09333333335,1130.0,442.0,688.0,5567,60,1096,1012.0,795.2857142857143,-0.9499698825341808,-0.6512750857093663,144128.77551020408,1096.0,603.5,492.5,1634046399.143244,0.0006899833679199,21.28259992599487
6212,0,1,0,0,2,3,56,3232270721,90,47,76,17,29483,59861,4,0,0,43,15,2211110130,17,59861,11123,12402,90,1130,1088.0,775.125,-0.5992710995520835,-1.3931431380475312,181852.859375,1130.0,411.75,718.25,5623,56,1096,905.5,702.875,-0.544809649466211,-1.4288381361263862,185890.859375,1096.0,321.0,775.0,1634046399.152897,0.0096528530120849,21.292252779006954
6213,0,1,0,0,2,3,60,3232270721,94,47,80,17,29483,59861,4,0,0,43,15,2211110130,17,59861,11123,12496,90,1130,1046.0,735.0588235294117,-0.4420311516038912,-1.5911084380596447,196840.40830449827,1130.0,321.0,809.0,5683,56,1096,799.0,631.4444444444445,-0.2546027591565655,-1.7258230900832316,206054.9135802469,1096.0,60.0,1036.0,1634046399.168589,0.0156922340393066,21.30794501304626
6214,0,1,0,0,2,3,93,3232270721,127,47,113,17,29483,59861,4,0,0,43,15,2211110130,17,59861,11123,12623,90,1130,939.5,701.2777777777778,-0.3021131603179841,-1.720128077944682,205304.53395061727,1130.0,175.5,954.5,5776,56,1096,603.5,577.6,-0.0279178857823511,-1.819624775352364,211542.44,1075.0,68.25,1006.75,1634046399.176186,0.0075969696044921,21.315541982650753
6215,0,1,0,0,3,2,408,2211110130,442,64,428,17,59861,29483,4,0,0,43,15,2211110130,17,59861,11123,13065,90,1130,833.0,687.6315789473684,-0.2208952516817494,-1.7210914658450174,197850.96952908588,1130.0,224.0,906.0,6184,56,1096,408.0,562.1818181818181,0.0709637947824337,-1.7285261105138188,194688.51239669425,1054.0,76.5,977.5,1634046399.185526,0.0093398094177246,21.324881792068478
6216,0,1,0,0,3,2,1096,2211110130,1130,64,1116,17,59861,29483,4,0,0,43,15,2211110130,17,59861,11123,14195,90,1130,939.5,709.75,-0.3109255008071425,-1.6814067669539818,197253.6875,1130.0,272.5,857.5,7280,56,1096,603.5,606.6666666666666,-0.095374627576355,-1.7508174392792346,200232.38888888888,1096.0,84.75,1011.25,1634046399.185526,0.0,21.324881792068478
6217,0,1,0,0,2,3,60,3232270721,94,47,80,17,29483,59861,4,0,0,43,15,2211110130,17,59861,11123,94,94,94,94.0,94.0,0.0,-3.0,0.0,94.0,94.0,0.0,7340,56,1096,408.0,564.6153846153846,0.0600164126893696,-1.7786146852462472,206049.6213017752,1096.0,60.0,1036.0,1634046399.18588,0.0003540515899658,21.325235843658444
6218,0,1,0,0,3,2,1096,2211110130,1130,64,1116,17,59861,29483,4,0,0,43,15,2211110130,17,59861,11123,1224,94,1130,612.0,612.0,0.0,-2.0,268324.0,871.0,353.0,518.0,8436,56,1096,603.5,602.5714285714286,-0.0835493945296573,-1.7932044421651112,210060.387755102,1096.0,68.25,1027.75,1634046399.186131,0.0002510547637939,21.325486898422238
6219,0,1,0,0,3,2,1096,2211110130,1130,64,1116,17,59861,29483,4,0,0,43,15,2211110130,17,59861,11123,2354,94,1130,1130.0,784.6666666666666,-0.7071067811865472,-1.5,238510.22222222225,1130.0,612.0,518.0,9532,56,1096,799.0,635.4666666666667,-0.2099338955227094,-1.7679083364346764,211205.7155555556,1096.0,76.5,1019.5,1634046399.186131,0.0,21.325486898422238
6220,0,1,0,0,3,2,1096,2211110130,1130,64,1116,17,59861,29483,4,0,0,43,15,2211110130,17,59861,11123,3484,94,1130,1130.0,871.0,-1.1547005383792517,-0.6666666666666665,201243.0,1130.0,871.0,259.0,10628,56,1096,905.5,664.25,-0.323142821420577,-1.7154559480648914,210432.5625,1096.0,84.75,1011.25,1634046399.186131,0.0,21.325486898422238
6221,0,1,0,0,3,2,1096,2211110130,1130,64,1116,17,59861,29483,4,0,0,43,15,2211110130,17,59861,11123,4614,94,1130,1130.0,922.8,-1.5000000000000004,0.2500000000000004,171727.35999999996,1130.0,1130.0,0.0,11724,56,1096,1012.0,689.6470588235294,-0.4259623383152426,-1.6437264814878108,208374.34602076124,1096.0,93.0,1003.0,1634046399.186714,0.0005829334259033,21.32606983184814
6222,0,1,0,0,3,2,333,2211110130,367,64,353,17,59861,29483,4,0,0,43,15,2211110130,17,59861,11123,4981,94,1130,1130.0,830.1666666666666,-0.8112628072380813,-1.2078585809491216,186010.8055555555,1130.0,557.75,572.25,12057,56,1096,905.5,669.8333333333334,-0.3125230971598633,-1.701386672784642,203471.9166666667,1096.0,153.0,943.0,1634046399.186714,0.0,21.32606983184814
6223,0,1,0,0,3,2,1116,2211110130,1150,64,1136,17,59861,29483,4,0,0,43,15,2211110130,17,59861,11123,6131,94,1150,1130.0,875.8571428571429,-1.0486287230239115,-0.7629447750423899,171963.5510204082,1130.0,748.5,381.5,13173,56,1116,1012.0,693.3157894736842,-0.4031850140883085,-1.641651972008747,202688.5318559557,1096.0,213.0,883.0,1634046399.197048,0.0103340148925781,21.33640384674072
6224,0,1,0,0,3,2,60,2211110130,94,64,80,17,59861,29483,4,0,0,43,15,2211110130,17,59861,11123,6225,94,1150,1130.0,778.125,-0.5973527964216916,-1.552056046923522,217329.109375,1130.0,298.75,831.25,13233,56,1116,905.5,661.65,-0.2827102850891214,-1.7426996738933676,211605.8275,1096.0,84.75,1011.25,1634046399.197048,0.0,21.33640384674072
6225,0,1,0,0,2,3,60,3232270721,94,47,80,17,29483,59861,4,0,0,43,15,2211110130,17,59861,11123,6319,94,1150,1130.0,702.1111111111111,-0.2931493286823204,-1.84228552382364,239406.32098765436,1130.0,94.0,1036.0,60,60,60,60.0,60.0,0.0,-3.0,0.0,60.0,60.0,0.0,1634046399.202374,0.0053260326385498,21.34172987937927
6226,0,1,0,0,2,3,52,3232270721,86,47,72,17,29483,59861,4,0,0,43,15,2211110130,17,59861,11123,6405,86,1150,748.5,640.5,-0.0634927241220277,-1.933204309062578,249629.05,1130.0,94.0,1036.0,112,52,60,56.0,56.0,0.0,-2.0,16.0,58.0,54.0,4.0,1634046399.202428,5.412101745605469e-05,21.341784000396725
6227,0,1,0,0,3,2,56,2211110130,90,64,76,17,59861,29483,4,0,0,43,15,2211110130,17,59861,11123,6495,86,1150,367.0,590.4545454545455,0.1232642520857848,-1.9272919247921432,251980.9752066116,1130.0,94.0,1036.0,168,52,60,56.0,56.0,0.0,-1.5,10.666666666666666,58.0,54.0,4.0,1634046399.224525,0.0220968723297119,21.363880872726437
6228,0,1,0,0,3,2,408,2211110130,442,64,428,17,59861,29483,4,0,0,43,15,2211110130,17,59861,11123,6937,86,1150,404.5,578.0833333333334,0.2018805761819218,-1.8291352535512155,232666.07638888888,1130.0,94.0,1036.0,576,52,408,58.0,144.0,1.153508230493627,-0.6675843477178938,23240.0,147.0,55.0,92.0,1634046399.224525,0.0,21.363880872726437
6229,0,1,0,0,3,2,60,2211110130,94,64,80,17,59861,29483,4,0,0,43,15,2211110130,17,59861,11123,7031,86,1150,367.0,540.8461538461538,0.3421738601951449,-1.7585751411324966,231407.97633136093,1130.0,94.0,1036.0,636,52,408,60.0,127.2,1.49832171523007,0.2477800218673653,19720.96,60.0,56.0,4.0,1634046399.225897,0.0013720989227294,21.365252971649166
6230,0,1,0,0,2,3,52,3232270721,86,48,72,17,10001,59861,4,0,0,43,15,2211110130,17,59861,11123,7117,86,1150,230.5,508.3571428571428,0.4662746454307733,-1.6612505925296523,228600.8010204081,1130.0,94.0,1036.0,688,52,408,58.0,114.66666666666669,1.7863616556906303,1.195541681310174,17219.555555555555,60.0,53.0,7.0,1634046399.23,0.0041029453277587,21.369355916976925
6231,0,1,0,0,3,2,1096,2211110130,1130,64,1116,17,59861,29483,4,0,0,43,15,2211110130,17,59861,11123,8247,86,1150,367.0,549.8,0.2938722923027896,-1.8082678130984104,237405.8933333333,1130.0,94.0,1036.0,1784,52,1096,60.0,254.8571428571429,1.6534357389637115,1.130328180776166,132679.83673469388,234.0,54.0,180.0,1634046399.246012,0.0160119533538818,21.385367870330807
6232,0,1,0,0,2,3,60,3232270721,94,47,80,17,29483,59861,4,0,0,43,15,2211110130,17,59861,11123,8341,86,1150,230.5,521.3125,0.4047682076781994,-1.733842912405251,234741.08984375,1130.0,94.0,1036.0,1844,52,1096,60.0,230.5,1.865712505118771,1.906989082615528,120247.75,147.0,55.0,92.0,1634046399.246436,0.0004241466522216,21.38579201698303
6233,0,1,0,0,2,3,93,3232270721,127,47,113,17,29483,59861,4,0,0,43,15,2211110130,17,59861,11123,8468,86,1150,127.0,498.11764705882354,0.5065365937001207,-1.6427030857520224,229540.80968858133,1130.0,94.0,1036.0,1937,52,1096,60.0,215.22222222222223,2.059168477897102,2.704482531839596,108754.17283950618,93.0,56.0,37.0,1634046399.246491,5.4836273193359375e-05,21.385846853256222
6234,0,1,0,0,3,2,1096,2211110130,1130,64,1116,17,59861,29483,4,0,0,43,15,2211110130,17,59861,11123,9598,86,1150,247.0,533.2222222222222,0.3584201112409437,-1.782632186453578,237738.17283950615,1130.0,94.0,1036.0,3033,52,1096,60.0,303.3,1.307627929499639,-0.1054950975029478,167698.01,329.25,57.0,272.25,1634046399.246964,0.0004730224609375,21.38631987571716
6235,0,1,0,0,3,2,1096,2211110130,1130,64,1116,17,59861,29483,4,0,0,43,15,2211110130,17,59861,11123,10728,86,1150,367.0,564.6315789473684,0.2305979599475159,-1.8660419839351945,242983.4958448753,1130.0,94.0,1036.0,4129,52,1096,60.0,375.3636363636364,0.8913305511903078,-1.0906084394249531,204384.4132231405,752.0,58.0,694.0,1634046399.247578,0.0006139278411865,21.386933803558346
6236,0,1,0,0,3,2,1096,2211110130,1130,64,1116,17,59861,29483,4,0,0,43,15,2211110130,17,59861,11123,11858,86,1150,404.5,592.9,0.1179138437139171,-1.9111208386020389,246017.29,1130.0,94.0,1036.0,5225,52,1096,76.5,435.4166666666667,0.6061387524453966,-1.546476142884732,227022.40972222216,1096.0,59.0,1037.0,1634046399.247578,0.0,21.386933803558346
6237,0,1,0,0,3,2,1056,2211110130,1090,64,1076,17,59861,29483,4,0,0,43,15,2211110130,17,59861,11123,1090,1090,1090,1090.0,1090.0,0.0,-3.0,0.0,1090.0,1090.0,0.0,6281,52,1096,93.0,483.1538461538461,0.3891324604837373,-1.775075460292921,236905.20710059168,1096.0,60.0,1036.0,1634046399.247578,0.0,21.386933803558346
6238,0,1,0,0,3,2,1096,2211110130,1130,64,1116,17,59861,29483,4,0,0,43,15,2211110130,17,59861,11123,2220,1090,1130,1110.0,1110.0,0.0,-2.0,400.0,1120.0,1100.0,20.0,7377,52,1096,250.5,526.9285714285714,0.2133982432178025,-1.8900837163311768,244894.35204081636,1096.0,60.0,1036.0,1634046399.260393,0.0128149986267089,21.399748802185055
6239,0,1,0,0,3,2,1096,2211110130,1130,64,1116,17,59861,29483,4,0,0,43,15,2211110130,17,59861,11123,3350,1090,1130,1130.0,1116.6666666666667,-0.7071067811865595,-1.499999999999989,355.5555555555556,1130.0,1110.0,20.0,8473,52,1096,408.0,564.8666666666667,0.0649900384972877,-1.9371955090053556,248718.2488888889,1096.0,60.0,1036.0,1634046399.260393,0.0,21.399748802185055
6240,0,1,0,0,3,2,1096,2211110130,1130,64,1116,17,59861,29483,4,0,0,43,15,2211110130,17,59861,11123,4480,1090,1130,1130.0,1120.0,-1.1547005383792517,-0.6666666666666665,300.0,1130.0,1120.0,10.0,9569,52,1096,732.0,598.0625,-0.0639676566363169,-1.9411914542407005,249702.80859375,1096.0,60.0,1036.0,1634046399.260393,0.0,21.399748802185055
6241,0,1,0,0,3,2,860,2211110130,894,64,880,17,59861,29483,4,0,0,43,15,2211110130,17,59861,11123,5374,894,1130,1130.0,1074.8,-1.4003082550870425,0.0988840917164921,8412.16,1130.0,1090.0,40.0,10429,52,1096,860.0,613.4705882352941,-0.1499313716327213,-1.8927203256742704,238812.95501730105,1096.0,60.0,1036.0,1634046399.261071,0.0006780624389648,21.40042686462402
6242,0,1,0,0,3,2,408,2211110130,442,64,428,17,59861,29483,4,0,0,43,15,2211110130,17,59861,11123,5816,442,1130,1110.0,969.3333333333334,-1.4129911416838383,0.3814003730192619,62626.22222222223,1130.0,943.0,187.0,10837,52,1096,634.0,602.0555555555555,-0.0846966826298621,-1.859908064330936,227760.7191358025,1096.0,60.0,1036.0,1634046399.261071,0.0,21.40042686462402
6243,0,1,0,0,2,3,60,3232270721,94,47,80,17,29483,59861,4,0,0,43,15,2211110130,17,59861,11123,5910,94,1130,1090.0,844.2857142857143,-1.0151017047812012,-0.5920446519303919,147501.0612244898,1130.0,668.0,462.0,10897,52,1096,408.0,573.5263157894736,0.0238709028969017,-1.874686977529641,230423.82825484764,1096.0,60.0,1036.0,1634046399.294144,0.0330729484558105,21.43349981307983
6244,0,1,0,0,3,2,416,2211110130,450,64,436,17,59861,29483,4,0,0,43,15,2211110130,17,59861,11123,6360,94,1130,992.0,795.0,-0.649561762147569,-1.1449869816496738,146067.0,1130.0,448.0,682.0,11313,52,1096,412.0,565.65,0.0727740347289172,-1.8242825124812112,220081.3275,1096.0,60.0,1036.0,1634046399.297467,0.0033230781555175,21.436822891235348
6245,0,1,0,0,2,3,60,3232270721,94,47,80,17,29483,59861,4,0,0,43,15,2211110130,17,59861,11123,6454,94,1130,894.0,717.1111111111111,-0.3764019541308054,-1.5338584785096072,178370.76543209876,1130.0,442.0,688.0,60,60,60,60.0,60.0,0.0,-3.0,0.0,60.0,60.0,0.0,1634046399.311383,0.013916015625,21.450738906860348
6246,0,1,0,0,2,3,60,3232270721,94,47,80,17,29483,59861,4,0,0,43,15,2211110130,17,59861,11123,6548,94,1130,672.0,654.8,-0.1496082172414802,-1.7107112075055604,195477.76,1120.0,181.0,939.0,120,60,60,60.0,60.0,0.0,-3.0,0.0,60.0,60.0,0.0,1634046399.33043,0.0190470218658447,21.469785928726193
6247,0,1,0,0,3,2,1096,2211110130,1130,64,1116,17,59861,29483,4,0,0,43,15,2211110130,17,59861,11123,7678,94,1130,894.0,698.0,-0.3163644790116616,-1.6520698310095692,196369.45454545456,1130.0,268.0,862.0,1216,60,1096,60.0,405.3333333333333,0.7071067811865478,-1.5,238510.22222222225,578.0,60.0,518.0,1634046399.33782,0.007390022277832,21.477175951004025
6248,0,1,0,0,3,2,1096,2211110130,1130,64,1116,17,59861,29483,4,0,0,43,15,2211110130,17,59861,11123,8808,94,1130,992.0,734.0,-0.4618478656437762,-1.549705021100291,194261.3333333333,1130.0,355.0,775.0,2312,60,1096,578.0,578.0,0.0,-2.0,268324.0,1096.0,60.0,1036.0,1634046399.33782,0.0,21.477175951004025
6249,0,1,0,0,3,2,1096,2211110130,1130,64,1116,17,59861,29483,4,0,0,43,15,2211110130,17,59861,11123,9938,94,1130,1090.0,764.4615384615385,-0.5914406782615472,-1.4191662528627684,190453.0177514793,1130.0,442.0,688.0,3408,60,1096,1096.0,681.6,-0.4082482904638631,-1.8333333333333333,257591.04000000004,1096.0,60.0,1036.0,1634046399.33782,0.0,21.477175951004025
6250,0,1,0,0,3,2,1096,2211110130,1130,64,1116,17,59861,29483,4,0,0,43,15,2211110130,17,59861,11123,11068,94,1130,1110.0,790.5714285714286,-0.708753921821358,-1.2694671318564352,185711.6734693877,1130.0,444.0,686.0,4504,60,1096,1096.0,750.6666666666666,-0.707106781186547,-1.5000000000000009,238510.22222222228,1096.0,319.0,777.0,1634046399.33782,0.0,21.477175951004025
6251,0,1,0,0,3,2,1096,2211110130,1130,64,1116,17,59861,29483,4,0,0,43,15,2211110130,17,59861,11123,12198,94,1130,1130.0,813.2,-0.8163022919442379,-1.106167175128473,180499.6266666666,1130.0,446.0,684.0,5600,60,1096,1096.0,800.0,-0.948683298050514,-1.1,219040.0,1096.0,578.0,518.0,1634046399.33782,0.0,21.477175951004025
6252,0,1,0,0,3,2,1096,2211110130,1130,64,1116,17,59861,29483,4,0,0,43,15,2211110130,17,59861,11123,13328,94,1130,1130.0,833.0,-0.9158984721711934,-0.9328732062795796,175099.0,1130.0,448.0,682.0,6696,60,1096,1096.0,837.0,-1.1547005383792517,-0.6666666666666665,201243.0,1096.0,837.0,259.0,1634046399.33782,0.0,21.477175951004025
6253,0,1,0,0,3,2,1096,2211110130,1130,64,1116,17,59861,29483,4,0,0,43,15,2211110130,17,59861,11123,14458,94,1130,1130.0,850.4705882352941,-1.0088889069611444,-0.7520242101423449,169682.60207612457,1130.0,450.0,680.0,7792,60,1096,1096.0,865.7777777777778,-1.3363062095621223,-0.214285714285713,185507.95061728396,1096.0,1096.0,0.0,1634046399.33782,0.0,21.477175951004025
6254,0,1,0,0,3,2,1096,2211110130,1130,64,1116,17,59861,29483,4,0,0,43,15,2211110130,17,59861,11123,15588,94,1130,1130.0,866.0,-1.0962998049939705,-0.565327204946998,164355.55555555556,1130.0,561.0,569.0,8888,60,1096,1096.0,888.8,-1.4999999999999996,0.2499999999999991,171727.36000000002,1096.0,1096.0,0.0,1634046399.33782,0.0,21.477175951004025
6255,0,1,0,0,3,2,1096,2211110130,1130,64,1116,17,59861,29483,4,0,0,43,15,2211110130,17,59861,11123,16718,94,1130,1130.0,879.8947368421053,-1.1789307815476973,-0.3740120168357745,159180.40997229912,1130.0,672.0,458.0,9984,60,1096,1096.0,907.6363636363636,-1.6499158227686104,0.7222222222222219,159663.86776859505,1096.0,1096.0,0.0,1634046399.33782,0.0,21.477175951004025
6256,0,1,0,0,3,2,1096,2211110130,1130,64,1116,17,59861,29483,4,0,0,43,15,2211110130,17,59861,11123,17848,94,1130,1130.0,892.4,-1.2574168879370426,-0.1789868094107571,154192.63999999996,1130.0,783.0,347.0,11080,60,1096,1096.0,923.3333333333334,-1.7888543819998324,1.2000000000000028,149068.88888888888,1096.0,1096.0,0.0,1634046399.33782,0.0,21.477175951004025
6257,0,1,0,0,3,2,1096,2211110130,1130,64,1116,17,59861,29483,4,0,0,43,15,2211110130,17,59861,11123,1130,1130,1130,1130.0,1130.0,0.0,-3.0,0.0,1130.0,1130.0,0.0,12176,60,1096,1096.0,936.6153846153846,-1.918806447200495,1.6818181818181852,139719.00591715972,1096.0,1096.0,0.0,1634046399.33782,0.0,21.477175951004025
6258,0,1,0,0,3,2,1096,2211110130,1130,64,1116,17,59861,29483,4,0,0,43,15,2211110130,17,59861,11123,2260,1130,1130,1130.0,1130.0,0.0,-3.0,0.0,1130.0,1130.0,0.0,13272,60,1096,1096.0,948.0,-2.0412414523193148,2.166666666666667,131424.0,1096.0,1096.0,0.0,1634046399.33782,0.0,21.477175951004025
6259,0,1,0,0,3,2,1096,2211110130,1130,64,1116,17,59861,29483,4,0,0,43,15,2211110130,17,59861,11123,3390,1130,1130,1130.0,1130.0,0.0,-3.0,0.0,1130.0,1130.0,0.0,14368,60,1096,1096.0,957.8666666666668,-2.157277486520024,2.653846153846157,124025.31555555556,1096.0,1096.0,0.0,1634046399.33782,0.0,21.477175951004025
6260,0,1,0,0,3,2,1116,2211110130,1150,64,1136,17,59861,29483,4,0,0,43,15,2211110130,17,59861,11123,4540,1130,1150,1130.0,1135.0,1.1547005383792517,-0.6666666666666665,75.0,1135.0,1130.0,5.0,15484,60,1116,1096.0,967.75,-2.266882775173485,3.1406194337397606,117738.9375,1096.0,1096.0,0.0,1634046399.338183,0.0003628730773925,21.477538824081417
6261,0,1,0,0,3,2,1096,2211110130,1130,64,1116,17,59861,29483,4,0,0,43,15,2211110130,17,59861,11123,5670,1130,1150,1130.0,1134.0,1.5,0.25,64.0,1130.0,1130.0,0.0,16580,60,1116,1096.0,975.2941176470588,-2.372539149965589,3.630898528894625,111723.73702422144,1096.0,1096.0,0.0,1634046399.338183,0.0,21.477538824081417
6262,0,1,0,0,3,2,1096,2211110130,1130,64,1116,17,59861,29483,4,0,0,43,15,2211110130,17,59861,11123,6800,1130,1150,1130.0,1133.3333333333333,1.788854381999862,1.2000000000000703,55.55555555555557,1130.0,1130.0,0.0,17676,60,1116,1096.0,982.0,-2.4739276671658748,4.122369453926626,106281.33333333331,1096.0,1096.0,0.0,1634046399.338183,0.0,21.477538824081417
6263,0,1,0,0,3,2,1096,2211110130,1130,64,1116,17,59861,29483,4,0,0,43,15,2211110130,17,59861,11123,7930,1130,1150,1130.0,1132.857142857143,2.041241452319301,2.166666666666627,48.9795918367347,1130.0,1130.0,0.0,18772,60,1116,1096.0,988.0,-2.5715122957612917,4.614821887227927,101335.57894736844,1096.0,1096.0,0.0,1634046399.338183,0.0,21.477538824081417
6264,0,1,0,0,3,2,1096,2211110130,1130,64,1116,17,59861,29483,4,0,0,43,15,2211110130,17,59861,11123,9060,1130,1150,1130.0,1132.5,2.2677868380553634,3.1428571428571432,43.75,1130.0,1130.0,0.0,19868,60,1116,1096.0,993.4,-2.6656801422115795,5.108092244835563,96822.84,1096.0,1096.0,0.0,1634046399.338183,0.0,21.477538824081417
6265,0,1,0,0,3,2,1096,2211110130,1130,64,1116,17,59861,29483,4,0,0,43,15,2211110130,17,59861,11123,10190,1130,1150,1130.0,1132.2222222222222,2.4748737341529403,4.125000000000078,39.50617283950618,1130.0,1130.0,0.0,1096,1096,1096,1096.0,1096.0,0.0,-3.0,0.0,1096.0,1096.0,0.0,1634046399.338183,0.0,21.477538824081417
6266,0,1,0,0,3,2,1096,2211110130,1130,64,1116,17,59861,29483,4,0,0,43,15,2211110130,17,59861,11123,11320,1130,1150,1130.0,1132.0,2.6666666666666665,5.111111111111111,36.0,1130.0,1130.0,0.0,2192,1096,1096,1096.0,1096.0,0.0,-3.0,0.0,1096.0,1096.0,0.0,1634046399.338183,0.0,21.477538824081417
6267,0,1,0,0,3,2,1096,2211110130,1130,64,1116,17,59861,29483,4,0,0,43,15,2211110130,17,59861,11123,12450,1130,1150,1130.0,1131.8181818181818,2.8460498941515744,6.100000000000124,33.05785123966942,1130.0,1130.0,0.0,3288,1096,1096,1096.0,1096.0,0.0,-3.0,0.0,1096.0,1096.0,0.0,1634046399.338183,0.0,21.477538824081417
6268,0,1,0,0,3,2,1096,2211110130,1130,64,1116,17,59861,29483,4,0,0,43,15,2211110130,17,59861,11123,13580,1130,1150,1130.0,1131.6666666666667,3.015113445777593,7.090909090908916,30.555555555555568,1130.0,1130.0,0.0,4384,1096,1096,1096.0,1096.0,0.0,-3.0,0.0,1096.0,1096.0,0.0,1634046399.338183,0.0,21.477538824081417
6269,0,1,0,0,3,2,1096,2211110130,1130,64,1116,17,59861,29483,4,0,0,43,15,2211110130,17,59861,11123,14710,1130,1150,1130.0,1131.5384615384614,3.1754264805429995,8.083333333333577,28.40236686390534,1130.0,1130.0,0.0,5480,1096,1096,1096.0,1096.0,0.0,-3.0,0.0,1096.0,1096.0,0.0,1634046399.338183,0.0,21.477538824081417
6270,0,1,0,0,3,2,1096,2211110130,1130,64,1116,17,59861,29483,4,0,0,43,15,2211110130,17,59861,11123,15840,1130,1150,1130.0,1131.428571428571,3.3282011773514317,9.07692307692333,26.530612244897952,1130.0,1130.0,0.0,6576,1096,1096,1096.0,1096.0,0.0,-3.0,0.0,1096.0,1096.0,0.0,1634046399.338183,0.0,21.477538824081417
6271,0,1,0,0,3,2,1096,2211110130,1130,64,1116,17,59861,29483,4,0,0,43,15,2211110130,17,59861,11123,16970,1130,1150,1130.0,1131.3333333333333,3.474396144861561,10.071428571428772,24.888888888888903,1130.0,1130.0,0.0,7672,1096,1096,1096.0,1096.0,0.0,-3.0,0.0,1096.0,1096.0,0.0,1634046399.338183,0.0,21.477538824081417
6272,0,1,0,0,3,2,1096,2211110130,1130,64,1116,17,59861,29483,4,0,0,43,15,2211110130,17,59861,11123,18100,1130,1150,1130.0,1131.25,3.614784456460256,11.066666666666666,23.4375,1130.0,1130.0,0.0,8768,1096,1096,1096.0,1096.0,0.0,-3.0,0.0,1096.0,1096.0,0.0,1634046399.338183,0.0,21.477538824081417
6273,0,1,0,0,3,2,1096,2211110130,1130,64,1116,17,59861,29483,4,0,0,43,15,2211110130,17,59861,11123,19230,1130,1150,1130.0,1131.1764705882354,3.749999999999957,12.06249999999979,22.14532871972318,1130.0,1130.0,0.0,9864,1096,1096,1096.0,1096.0,0.0,-3.0,0.0,1096.0,1096.0,0.0,1634046399.338899,0.0007159709930419,21.47825479507446
6274,0,1,0,0,3,2,1096,2211110130,1130,64,1116,17,59861,29483,4,0,0,43,15,2211110130,17,59861,11123,20360,1130,1150,1130.0,1131.111111111111,3.880570000581343,13.058823529411846,20.98765432098766,1130.0,1130.0,0.0,10960,1096,1096,1096.0,1096.0,0.0,-3.0,0.0,1096.0,1096.0,0.0,1634046399.338899,0.0,21.47825479507446
6275,0,1,0,0,3,2,1096,2211110130,1130,64,1116,17,59861,29483,4,0,0,43,15,2211110130,17,59861,11123,21490,1130,1150,1130.0,1131.0526315789473,4.006938426723828,14.055555555555864,19.944598337950133,1130.0,1130.0,0.0,12056,1096,1096,1096.0,1096.0,0.0,-3.0,0.0,1096.0,1096.0,0.0,1634046399.339593,0.0006940364837646,21.478948831558224
6276,0,1,0,0,3,2,1096,2211110130,1130,64,1116,17,59861,29483,4,0,0,43,15,2211110130,17,59861,11123,22620,1130,1150,1130.0,1131.0,4.129483209670112,15.05263157894737,19.0,1130.0,1130.0,0.0,13152,1096,1096,1096.0,1096.0,0.0,-3.0,0.0,1096.0,1096.0,0.0,1634046399.339593,0.0,21.478948831558224
6277,0,1,0,0,3,2,1096,2211110130,1130,64,1116,17,59861,29483,4,0,0,43,15,2211110130,17,59861,11123,1130,1130,1130,1130.0,1130.0,0.0,-3.0,0.0,1130.0,1130.0,0.0,14248,1096,1096,1096.0,1096.0,0.0,-3.0,0.0,1096.0,1096.0,0.0,1634046399.339593,0.0,21.478948831558224
6278,0,1,0,0,2,3,56,3232270721,90,47,76,17,29483,59861,4,0,0,43,15,2211110130,17,59861,11123,1220,90,1130,610.0,610.0,0.0,-2.0,270400.0,870.0,350.0,520.0,14304,56,1096,1096.0,1021.7142857142856,-3.328201177351373,9.076923076923071,71738.7755102041,1096.0,1096.0,0.0,1634046399.347312,0.0077190399169921,21.486667871475216
6279,0,1,0,0,2,3,60,3232270721,94,47,80,17,29483,59861,4,0,0,43,15,2211110130,17,59861,11123,1314,90,1130,94.0,438.0,0.7070713425338421,-1.4999999999999998,239434.66666666663,612.0,92.0,520.0,14364,56,1096,1096.0,957.6,-2.1572963884392777,2.653964776802338,124505.17333333334,1096.0,1096.0,0.0,1634046399.347367,5.507469177246094e-05,21.48672294616699
6280,0,1,0,0,3,2,1096,2211110130,1130,64,1116,17,59861,29483,4,0,0,43,15,2211110130,17,59861,11123,2444,90,1130,612.0,611.0,-2.2274691495062288e-05,-1.9999703004664693,269363.0,1130.0,93.0,1037.0,15460,56,1096,1096.0,966.25,-2.267806081656553,3.1429832149481776,117845.9375,1096.0,1096.0,0.0,1634046399.347432,6.4849853515625e-05,21.486787796020504
6281,0,1,0,0,3,2,1096,2211110130,1130,64,1116,17,59861,29483,4,0,0,43,15,2211110130,17,59861,11123,3574,90,1130,1130.0,714.8,-0.4082672355030085,-1.8332920839046392,258588.16,1130.0,94.0,1036.0,16556,56,1096,1096.0,973.8823529411764,-2.3734840042758183,3.633466849880672,111845.86851211073,1096.0,1096.0,0.0,1634046399.347432,0.0,21.486787796020504
6282,0,1,0,0,3,2,1096,2211110130,1130,64,1116,17,59861,29483,4,0,0,43,15,2211110130,17,59861,11123,4704,90,1130,1130.0,784.0,-0.7071245006362423,-1.4999498818976211,239433.3333333333,1130.0,353.0,777.0,17652,56,1096,1096.0,980.6666666666666,-2.4748936685685137,4.125140957457297,106414.66666666666,1096.0,1096.0,0.0,1634046399.347432,0.0,21.486787796020504
6283,0,1,0,0,3,2,1096,2211110130,1130,64,1116,17,59861,29483,4,0,0,43,15,2211110130,17,59861,11123,5834,90,1130,1130.0,833.4285714285714,-0.9487005555945932,-1.099941788719784,219887.67346938775,1130.0,612.0,518.0,18748,56,1096,1096.0,986.7368421052632,-2.5724990573410453,4.617795454453777,101477.14127423824,1096.0,1096.0,0.0,1634046399.348094,0.000662088394165,21.48744988441467
6284,0,1,0,0,3,2,1096,2211110130,1130,64,1116,17,59861,29483,4,0,0,43,15,2211110130,17,59861,11123,6964,90,1130,1130.0,870.5,-1.1547176854978076,-0.6666006674582459,202021.75,1130.0,871.0,259.0,19844,56,1096,1096.0,992.2,-2.6666872914660917,5.111266942768284,96970.36,1096.0,1096.0,0.0,1634046399.348094,0.0,21.48744988441467
6285,0,1,0,0,3,2,1096,2211110130,1130,64,1116,17,59861,29483,4,0,0,43,15,2211110130,17,59861,11123,8094,90,1130,1130.0,899.3333333333334,-1.3363234312655885,-0.2142120712718909,186225.77777777775,1130.0,1130.0,0.0,1096,1096,1096,1096.0,1096.0,0.0,-3.0,0.0,1096.0,1096.0,0.0,1634046399.348599,0.0005049705505371,21.487954854965206
6286,0,1,0,0,3,2,1096,2211110130,1130,64,1116,17,59861,29483,4,0,0,43,15,2211110130,17,59861,11123,9224,90,1130,1130.0,922.4,-1.5000174021632973,0.2500812100011726,172391.84,1130.0,1130.0,0.0,2192,1096,1096,1096.0,1096.0,0.0,-3.0,0.0,1096.0,1096.0,0.0,1634046399.348599,0.0,21.487954854965206
6287,0,1,0,0,3,2,1096,2211110130,1130,64,1116,17,59861,29483,4,0,0,43,15,2211110130,17,59861,11123,10354,90,1130,1130.0,941.2727272727273,-1.649933469321507,0.7223109545462236,160281.65289256198,1130.0,1130.0,0.0,3288,1096,1096,1096.0,1096.0,0.0,-3.0,0.0,1096.0,1096.0,0.0,1634046399.348599,0.0,21.487954854965206
6288,0,1,0,0,3,2,1116,2211110130,1150,64,1136,17,59861,29483,4,0,0,43,15,2211110130,17,59861,11123,11504,90,1150,1130.0,958.6666666666666,-1.788060421555875,1.198673490466251,150252.88888888888,1130.0,1130.0,0.0,4404,1096,1116,1096.0,1101.0,1.1547005383792517,-0.6666666666666665,75.0,1101.0,1096.0,5.0,1634046399.363014,0.0144150257110595,21.502369880676266
6289,0,1,0,0,3,2,1096,2211110130,1130,64,1116,17,59861,29483,4,0,0,43,15,2211110130,17,59861,11123,12634,90,1150,1130.0,971.8461538461538,-1.9179899535904996,1.6802930836127583,140779.36094674555,1130.0,1130.0,0.0,5500,1096,1116,1096.0,1100.0,1.5,0.25,64.0,1096.0,1096.0,0.0,1634046399.363014,0.0,21.502369880676266
6290,0,1,0,0,3,2,1096,2211110130,1130,64,1116,17,59861,29483,4,0,0,43,15,2211110130,17,59861,11123,13764,90,1150,1130.0,983.1428571428572,-2.040402886957831,2.16494635615444,132382.69387755104,1130.0,1130.0,0.0,6596,1096,1116,1096.0,1099.3333333333333,1.788854381999862,1.2000000000000703,55.55555555555557,1096.0,1096.0,0.0,1634046399.363014,0.0,21.502369880676266
6291,0,1,0,0,3,2,1096,2211110130,1130,64,1116,17,59861,29483,4,0,0,43,15,2211110130,17,59861,11123,14894,90,1150,1130.0,992.9333333333332,-2.156417297338416,2.651933241991472,124899.12888888892,1130.0,1130.0,0.0,7692,1096,1116,1096.0,1098.857142857143,2.041241452319301,2.166666666666627,48.9795918367347,1096.0,1096.0,0.0,1634046399.363014,0.0,21.502369880676266
6292,0,1,0,0,3,2,1096,2211110130,1130,64,1116,17,59861,29483,4,0,0,43,15,2211110130,17,59861,11123,16024,90,1150,1130.0,1001.5,-2.266905458275907,3.140753688757365,118193.75,1130.0,1130.0,0.0,8788,1096,1116,1096.0,1098.5,2.2677868380553634,3.1428571428571432,43.75,1096.0,1096.0,0.0,1634046399.363543,0.0005290508270263,21.502898931503292
6293,0,1,0,0,3,2,1096,2211110130,1130,64,1116,17,59861,29483,4,0,0,43,15,2211110130,17,59861,11123,17154,90,1150,1130.0,1009.0588235294116,-2.3725622629571923,3.631040988611231,112155.34948096886,1130.0,1130.0,0.0,9884,1096,1116,1096.0,1098.2222222222222,2.4748737341529403,4.125000000000078,39.50617283950618,1096.0,1096.0,0.0,1634046399.363543,0.0,21.502898931503292
6294,0,1,0,0,3,2,1096,2211110130,1130,64,1116,17,59861,29483,4,0,0,43,15,2211110130,17,59861,11123,18284,90,1150,1130.0,1015.7777777777778,-2.473951209295489,4.122520109124643,106691.95061728396,1130.0,1130.0,0.0,10980,1096,1116,1096.0,1098.0,2.6666666666666665,5.111111111111111,36.0,1096.0,1096.0,0.0,1634046399.363543,0.0,21.502898931503292
6295,0,1,0,0,3,2,1096,2211110130,1130,64,1116,17,59861,29483,4,0,0,43,15,2211110130,17,59861,11123,19414,90,1150,1130.0,1021.7894736842104,-2.5715362650208475,4.614980730490767,101727.1135734072,1130.0,1130.0,0.0,12076,1096,1116,1096.0,1097.8181818181818,2.8460498941515744,6.100000000000124,33.05785123966942,1096.0,1096.0,0.0,1634046399.363543,0.0,21.502898931503292
6296,0,1,0,0,3,2,1096,2211110130,1130,64,1116,17,59861,29483,4,0,0,43,15,2211110130,17,59861,11123,20544,90,1150,1130.0,1027.2,-2.665704535720945,5.10825927011172,97196.96000000002,1130.0,1130.0,0.0,13172,1096,1116,1096.0,1097.6666666666667,3.015113445777593,7.090909090908916,30.555555555555568,1096.0,1096.0,0.0,1634046399.364083,0.000540018081665,21.503438949584957
6297,0,1,0,0,3,2,1096,2211110130,1130,64,1116,17,59861,29483,4,0,0,43,15,2211110130,17,59861,11123,1130,1130,1130,1130.0,1130.0,0.0,-3.0,0.0,1130.0,1130.0,0.0,14268,1096,1116,1096.0,1097.5384615384614,3.1754264805429995,8.083333333333577,28.40236686390534,1096.0,1096.0,0.0,1634046399.364083,0.0,21.503438949584957
6298,0,1,0,0,3,2,1096,2211110130,1130,64,1116,17,59861,29483,4,0,0,43,15,2211110130,17,59861,11123,2260,1130,1130,1130.0,1130.0,0.0,-3.0,0.0,1130.0,1130.0,0.0,15364,1096,1116,1096.0,1097.428571428571,3.3282011773514317,9.07692307692333,26.530612244897952,1096.0,1096.0,0.0,1634046399.366094,0.0020110607147216,21.50545001029968
6299,0,1,0,0,3,2,1096,2211110130,1130,64,1116,17,59861,29483,4,0,0,43,15,2211110130,17,59861,11123,3390,1130,1130,1130.0,1130.0,0.0,-3.0,0.0,1130.0,1130.0,0.0,16460,1096,1116,1096.0,1097.3333333333333,3.474396144861561,10.071428571428772,24.888888888888903,1096.0,1096.0,0.0,1634046399.366094,0.0,21.50545001029968
6300,0,1,0,0,3,2,1096,2211110130,1130,64,1116,17,59861,29483,4,0,0,43,15,2211110130,17,59861,11123,4520,1130,1130,1130.0,1130.0,0.0,-3.0,0.0,1130.0,1130.0,0.0,17556,1096,1116,1096.0,1097.25,3.614784456460256,11.066666666666666,23.4375,1096.0,1096.0,0.0,1634046399.366094,0.0,21.50545001029968
6301,0,1,0,0,3,2,1096,2211110130,1130,64,1116,17,59861,29483,4,0,0,43,15,2211110130,17,59861,11123,5650,1130,1130,1130.0,1130.0,0.0,-3.0,0.0,1130.0,1130.0,0.0,18652,1096,1116,1096.0,1097.1764705882354,3.749999999999957,12.06249999999979,22.14532871972318,1096.0,1096.0,0.0,1634046399.366094,0.0,21.50545001029968
6302,0,1,0,0,3,2,1096,2211110130,1130,64,1116,17,59861,29483,4,0,0,43,15,2211110130,17,59861,11123,6780,1130,1130,1130.0,1130.0,0.0,-3.0,0.0,1130.0,1130.0,0.0,19748,1096,1116,1096.0,1097.111111111111,3.880570000581343,13.058823529411846,20.98765432098766,1096.0,1096.0,0.0,1634046399.366595,0.0005009174346923,21.50595092773437
6303,0,1,0,0,3,2,1096,2211110130,1130,64,1116,17,59861,29483,4,0,0,43,15,2211110130,17,59861,11123,7910,1130,1130,1130.0,1130.0,0.0,-3.0,0.0,1130.0,1130.0,0.0,20844,1096,1116,1096.0,1097.0526315789473,4.006938426723828,14.055555555555864,19.944598337950133,1096.0,1096.0,0.0,1634046399.366595,0.0,21.50595092773437
6304,0,1,0,0,3,2,1096,2211110130,1130,64,1116,17,59861,29483,4,0,0,43,15,2211110130,17,59861,11123,9040,1130,1130,1130.0,1130.0,0.0,-3.0,0.0,1130.0,1130.0,0.0,21940,1096,1116,1096.0,1097.0,4.129483209670112,15.05263157894737,19.0,1096.0,1096.0,0.0,1634046399.366595,0.0,21.50595092773437
6305,0,1,0,0,3,2,1096,2211110130,1130,64,1116,17,59861,29483,4,0,0,43,15,2211110130,17,59861,11123,10170,1130,1130,1130.0,1130.0,0.0,-3.0,0.0,1130.0,1130.0,0.0,1096,1096,1096,1096.0,1096.0,0.0,-3.0,0.0,1096.0,1096.0,0.0,1634046399.366595,0.0,21.50595092773437
6306,0,1,0,0,3,2,1096,2211110130,1130,64,1116,17,59861,29483,4,0,0,43,15,2211110130,17,59861,11123,11300,1130,1130,1130.0,1130.0,0.0,-3.0,0.0,1130.0,1130.0,0.0,2192,1096,1096,1096.0,1096.0,0.0,-3.0,0.0,1096.0,1096.0,0.0,1634046399.36712,0.0005249977111816,21.506475925445553
6307,0,1,0,0,3,2,1096,2211110130,1130,64,1116,17,59861,29483,4,0,0,43,15,2211110130,17,59861,11123,12430,1130,1130,1130.0,1130.0,0.0,-3.0,0.0,1130.0,1130.0,0.0,3288,1096,1096,1096.0,1096.0,0.0,-3.0,0.0,1096.0,1096.0,0.0,1634046399.36712,0.0,21.506475925445553
6308,0,1,0,0,3,2,1096,2211110130,1130,64,1116,17,59861,29483,4,0,0,43,15,2211110130,17,59861,11123,13560,1130,1130,1130.0,1130.0,0.0,-3.0,0.0,1130.0,1130.0,0.0,4384,1096,1096,1096.0,1096.0,0.0,-3.0,0.0,1096.0,1096.0,0.0,1634046399.36712,0.0,21.506475925445553
6309,0,1,0,0,3,2,1096,2211110130,1130,64,1116,17,59861,29483,4,0,0,43,15,2211110130,17,59861,11123,14690,1130,1130,1130.0,1130.0,0.0,-3.0,0.0,1130.0,1130.0,0.0,5480,1096,1096,1096.0,1096.0,0.0,-3.0,0.0,1096.0,1096.0,0.0,1634046399.36712,0.0,21.506475925445553
6310,0,1,0,0,3,2,1096,2211110130,1130,64,1116,17,59861,29483,4,0,0,43,15,2211110130,17,59861,11123,15820,1130,1130,1130.0,1130.0,0.0,-3.0,0.0,1130.0,1130.0,0.0,6576,1096,1096,1096.0,1096.0,0.0,-3.0,0.0,1096.0,1096.0,0.0,1634046399.367627,0.0005068778991699,21.506982803344723
6311,0,1,0,0,3,2,1096,2211110130,1130,64,1116,17,59861,29483,4,0,0,43,15,2211110130,17,59861,11123,16950,1130,1130,1130.0,1130.0,0.0,-3.0,0.0,1130.0,1130.0,0.0,7672,1096,1096,1096.0,1096.0,0.0,-3.0,0.0,1096.0,1096.0,0.0,1634046399.367627,0.0,21.506982803344723
6312,0,1,0,0,3,2,1096,2211110130,1130,64,1116,17,59861,29483,4,0,0,43,15,2211110130,17,59861,11123,18080,1130,1130,1130.0,1130.0,0.0,-3.0,0.0,1130.0,1130.0,0.0,8768,1096,1096,1096.0,1096.0,0.0,-3.0,0.0,1096.0,1096.0,0.0,1634046399.368698,0.0010709762573242,21.508053779602047
6313,0,1,0,0,3,2,1096,2211110130,1130,64,1116,17,59861,29483,4,0,0,43,15,2211110130,17,59861,11123,19210,1130,1130,1130.0,1130.0,0.0,-3.0,0.0,1130.0,1130.0,0.0,9864,1096,1096,1096.0,1096.0,0.0,-3.0,0.0,1096.0,1096.0,0.0,1634046399.380671,0.0119731426239013,21.52002692222595
6314,0,1,0,0,3,2,1116,2211110130,1150,64,1136,17,59861,29483,4,0,0,43,15,2211110130,17,59861,11123,20360,1130,1150,1130.0,1131.111111111111,3.880570000581344,13.05882352941185,20.98765432098765,1130.0,1130.0,0.0,10980,1096,1116,1096.0,1098.0,2.6666666666666665,5.111111111111111,36.0,1096.0,1096.0,0.0,1634046399.393453,0.0127818584442138,21.532808780670162
6315,0,1,0,0,3,2,1096,2211110130,1130,64,1116,17,59861,29483,4,0,0,43,15,2211110130,17,59861,11123,21490,1130,1150,1130.0,1131.0526315789473,4.006938426723826,14.05555555555586,19.944598337950136,1130.0,1130.0,0.0,12076,1096,1116,1096.0,1097.8181818181818,2.846049894151573,6.100000000000124,33.05785123966942,1096.0,1096.0,0.0,1634046399.394766,0.0013132095336914,21.534121990203854
6316,0,1,0,0,3,2,1096,2211110130,1130,64,1116,17,59861,29483,4,0,0,43,15,2211110130,17,59861,11123,22620,1130,1150,1130.0,1131.0,4.129483209670112,15.05263157894737,19.0,1130.0,1130.0,0.0,13172,1096,1116,1096.0,1097.6666666666667,3.0151134457775943,7.090909090908921,30.55555555555556,1096.0,1096.0,0.0,1634046399.394766,0.0,21.534121990203854
6317,0,1,0,0,3,2,1096,2211110130,1130,64,1116,17,59861,29483,4,0,0,43,15,2211110130,17,59861,11123,1130,1130,1130,1130.0,1130.0,0.0,-3.0,0.0,1130.0,1130.0,0.0,14268,1096,1116,1096.0,1097.5384615384614,3.175426480543,8.08333333333358,28.402366863905332,1096.0,1096.0,0.0,1634046399.394766,0.0,21.534121990203854
6318,0,1,0,0,3,2,1096,2211110130,1130,64,1116,17,59861,29483,4,0,0,43,15,2211110130,17,59861,11123,2260,1130,1130,1130.0,1130.0,0.0,-3.0,0.0,1130.0,1130.0,0.0,15364,1096,1116,1096.0,1097.428571428571,3.328201177351432,9.07692307692333,26.530612244897952,1096.0,1096.0,0.0,1634046399.394766,0.0,21.534121990203854
6319,0,1,0,0,3,2,1096,2211110130,1130,64,1116,17,59861,29483,4,0,0,43,15,2211110130,17,59861,11123,3390,1130,1130,1130.0,1130.0,0.0,-3.0,0.0,1130.0,1130.0,0.0,16460,1096,1116,1096.0,1097.3333333333333,3.474396144861562,10.071428571428774,24.8888888888889,1096.0,1096.0,0.0,1634046399.395248,0.0004818439483642,21.534603834152218
6320,0,1,0,0,3,2,1096,2211110130,1130,64,1116,17,59861,29483,4,0,0,43,15,2211110130,17,59861,11123,4520,1130,1130,1130.0,1130.0,0.0,-3.0,0.0,1130.0,1130.0,0.0,17556,1096,1116,1096.0,1097.25,3.614784456460256,11.066666666666666,23.4375,1096.0,1096.0,0.0,1634046399.395248,0.0,21.534603834152218
6321,0,1,0,0,3,2,1096,2211110130,1130,64,1116,17,59861,29483,4,0,0,43,15,2211110130,17,59861,11123,5650,1130,1130,1130.0,1130.0,0.0,-3.0,0.0,1130.0,1130.0,0.0,18652,1096,1116,1096.0,1097.1764705882354,3.749999999999957,12.06249999999979,22.14532871972318,1096.0,1096.0,0.0,1634046399.395248,0.0,21.534603834152218
6322,0,1,0,0,3,2,1096,2211110130,1130,64,1116,17,59861,29483,4,0,0,43,15,2211110130,17,59861,11123,6780,1130,1130,1130.0,1130.0,0.0,-3.0,0.0,1130.0,1130.0,0.0,19748,1096,1116,1096.0,1097.111111111111,3.880570000581343,13.058823529411846,20.98765432098766,1096.0,1096.0,0.0,1634046399.395248,0.0,21.534603834152218
6323,0,1,0,0,3,2,1096,2211110130,1130,64,1116,17,59861,29483,4,0,0,43,15,2211110130,17,59861,11123,7910,1130,1130,1130.0,1130.0,0.0,-3.0,0.0,1130.0,1130.0,0.0,20844,1096,1116,1096.0,1097.0526315789473,4.006938426723828,14.055555555555864,19.944598337950133,1096.0,1096.0,0.0,1634046399.395813,0.0005650520324707,21.53516888618469
6324,0,1,0,0,3,2,1096,2211110130,1130,64,1116,17,59861,29483,4,0,0,43,15,2211110130,17,59861,11123,9040,1130,1130,1130.0,1130.0,0.0,-3.0,0.0,1130.0,1130.0,0.0,21940,1096,1116,1096.0,1097.0,4.129483209670112,15.05263157894737,19.0,1096.0,1096.0,0.0,1634046399.395813,0.0,21.53516888618469
6325,0,1,0,0,3,2,1096,2211110130,1130,64,1116,17,59861,29483,4,0,0,43,15,2211110130,17,59861,11123,10170,1130,1130,1130.0,1130.0,0.0,-3.0,0.0,1130.0,1130.0,0.0,1096,1096,1096,1096.0,1096.0,0.0,-3.0,0.0,1096.0,1096.0,0.0,1634046399.395813,0.0,21.53516888618469
6326,0,1,0,0,3,2,1096,2211110130,1130,64,1116,17,59861,29483,4,0,0,43,15,2211110130,17,59861,11123,11300,1130,1130,1130.0,1130.0,0.0,-3.0,0.0,1130.0,1130.0,0.0,2192,1096,1096,1096.0,1096.0,0.0,-3.0,0.0,1096.0,1096.0,0.0,1634046399.396326,0.0005130767822265,21.535681962966915
6327,0,1,0,0,3,2,1096,2211110130,1130,64,1116,17,59861,29483,4,0,0,43,15,2211110130,17,59861,11123,12430,1130,1130,1130.0,1130.0,0.0,-3.0,0.0,1130.0,1130.0,0.0,3288,1096,1096,1096.0,1096.0,0.0,-3.0,0.0,1096.0,1096.0,0.0,1634046399.396326,0.0,21.535681962966915
6328,0,1,0,0,3,2,1096,2211110130,1130,64,1116,17,59861,29483,4,0,0,43,15,2211110130,17,59861,11123,13560,1130,1130,1130.0,1130.0,0.0,-3.0,0.0,1130.0,1130.0,0.0,4384,1096,1096,1096.0,1096.0,0.0,-3.0,0.0,1096.0,1096.0,0.0,1634046399.396326,0.0,21.535681962966915
6329,0,1,0,0,3,2,1096,2211110130,1130,64,1116,17,59861,29483,4,0,0,43,15,2211110130,17,59861,11123,14690,1130,1130,1130.0,1130.0,0.0,-3.0,0.0,1130.0,1130.0,0.0,5480,1096,1096,1096.0,1096.0,0.0,-3.0,0.0,1096.0,1096.0,0.0,1634046399.396326,0.0,21.535681962966915
6330,0,1,0,0,3,2,1096,2211110130,1130,64,1116,17,59861,29483,4,0,0,43,15,2211110130,17,59861,11123,15820,1130,1130,1130.0,1130.0,0.0,-3.0,0.0,1130.0,1130.0,0.0,6576,1096,1096,1096.0,1096.0,0.0,-3.0,0.0,1096.0,1096.0,0.0,1634046399.396826,0.0004999637603759,21.53618192672729
6331,0,1,0,0,3,2,1096,2211110130,1130,64,1116,17,59861,29483,4,0,0,43,15,2211110130,17,59861,11123,16950,1130,1130,1130.0,1130.0,0.0,-3.0,0.0,1130.0,1130.0,0.0,7672,1096,1096,1096.0,1096.0,0.0,-3.0,0.0,1096.0,1096.0,0.0,1634046399.396826,0.0,21.53618192672729
6332,0,1,0,0,3,2,1096,2211110130,1130,64,1116,17,59861,29483,4,0,0,43,15,2211110130,17,59861,11123,18080,1130,1130,1130.0,1130.0,0.0,-3.0,0.0,1130.0,1130.0,0.0,8768,1096,1096,1096.0,1096.0,0.0,-3.0,0.0,1096.0,1096.0,0.0,1634046399.396826,0.0,21.53618192672729
6333,0,1,0,0,3,2,1096,2211110130,1130,64,1116,17,59861,29483,4,0,0,43,15,2211110130,17,59861,11123,19210,1130,1130,1130.0,1130.0,0.0,-3.0,0.0,1130.0,1130.0,0.0,9864,1096,1096,1096.0,1096.0,0.0,-3.0,0.0,1096.0,1096.0,0.0,1634046399.398104,0.0012779235839843,21.537459850311276
6334,0,1,0,0,3,2,1096,2211110130,1130,64,1116,17,59861,29483,4,0,0,43,15,2211110130,17,59861,11123,20340,1130,1130,1130.0,1130.0,0.0,-3.0,0.0,1130.0,1130.0,0.0,10960,1096,1096,1096.0,1096.0,0.0,-3.0,0.0,1096.0,1096.0,0.0,1634046399.398104,0.0,21.537459850311276
6335,0,1,0,0,3,2,1096,2211110130,1130,64,1116,17,59861,29483,4,0,0,43,15,2211110130,17,59861,11123,21470,1130,1130,1130.0,1130.0,0.0,-3.0,0.0,1130.0,1130.0,0.0,12056,1096,1096,1096.0,1096.0,0.0,-3.0,0.0,1096.0,1096.0,0.0,1634046399.398104,0.0,21.537459850311276
6336,0,1,0,0,3,2,1096,2211110130,1130,64,1116,17,59861,29483,4,0,0,43,15,2211110130,17,59861,11123,22600,1130,1130,1130.0,1130.0,0.0,-3.0,0.0,1130.0,1130.0,0.0,13152,1096,1096,1096.0,1096.0,0.0,-3.0,0.0,1096.0,1096.0,0.0,1634046399.398104,0.0,21.537459850311276
6337,0,1,0,0,3,2,1096,2211110130,1130,64,1116,17,59861,29483,4,0,0,43,15,2211110130,17,59861,11123,1130,1130,1130,1130.0,1130.0,0.0,-3.0,0.0,1130.0,1130.0,0.0,14248,1096,1096,1096.0,1096.0,0.0,-3.0,0.0,1096.0,1096.0,0.0,1634046399.398104,0.0,21.537459850311276
6338,0,1,0,0,3,2,1096,2211110130,1130,64,1116,17,59861,29483,4,0,0,43,15,2211110130,17,59861,11123,2260,1130,1130,1130.0,1130.0,0.0,-3.0,0.0,1130.0,1130.0,0.0,15344,1096,1096,1096.0,1096.0,0.0,-3.0,0.0,1096.0,1096.0,0.0,1634046399.398717,0.0006129741668701,21.538072824478146
6339,0,1,0,0,3,2,1096,2211110130,1130,64,1116,17,59861,29483,4,0,0,43,15,2211110130,17,59861,11123,3390,1130,1130,1130.0,1130.0,0.0,-3.0,0.0,1130.0,1130.0,0.0,16440,1096,1096,1096.0,1096.0,0.0,-3.0,0.0,1096.0,1096.0,0.0,1634046399.398717,0.0,21.538072824478146
6340,0,1,0,0,3,2,1116,2211110130,1150,64,1136,17,59861,29483,4,0,0,43,15,2211110130,17,59861,11123,4540,1130,1150,1130.0,1135.0,1.1547005383792517,-0.6666666666666665,75.0,1135.0,1130.0,5.0,17556,1096,1116,1096.0,1097.25,3.614784456460256,11.066666666666666,23.4375,1096.0,1096.0,0.0,1634046399.398717,0.0,21.538072824478146
6341,0,1,0,0,3,2,1096,2211110130,1130,64,1116,17,59861,29483,4,0,0,43,15,2211110130,17,59861,11123,5670,1130,1150,1130.0,1134.0,1.5,0.25,64.0,1130.0,1130.0,0.0,18652,1096,1116,1096.0,1097.1764705882354,3.749999999999957,12.06249999999979,22.14532871972318,1096.0,1096.0,0.0,1634046399.399209,0.0004920959472656,21.53856492042541
6342,0,1,0,0,3,2,1096,2211110130,1130,64,1116,17,59861,29483,4,0,0,43,15,2211110130,17,59861,11123,6800,1130,1150,1130.0,1133.3333333333333,1.788854381999862,1.2000000000000703,55.55555555555557,1130.0,1130.0,0.0,19748,1096,1116,1096.0,1097.111111111111,3.880570000581343,13.058823529411846,20.98765432098766,1096.0,1096.0,0.0,1634046399.399209,0.0,21.53856492042541
6343,0,1,0,0,3,2,1096,2211110130,1130,64,1116,17,59861,29483,4,0,0,43,15,2211110130,17,59861,11123,7930,1130,1150,1130.0,1132.857142857143,2.041241452319301,2.166666666666627,48.9795918367347,1130.0,1130.0,0.0,20844,1096,1116,1096.0,1097.0526315789473,4.006938426723828,14.055555555555864,19.944598337950133,1096.0,1096.0,0.0,1634046399.399209,0.0,21.53856492042541
6344,0,1,0,0,3,2,1096,2211110130,1130,64,1116,17,59861,29483,4,0,0,43,15,2211110130,17,59861,11123,9060,1130,1150,1130.0,1132.5,2.2677868380553634,3.1428571428571432,43.75,1130.0,1130.0,0.0,21940,1096,1116,1096.0,1097.0,4.129483209670112,15.05263157894737,19.0,1096.0,1096.0,0.0,1634046399.399209,0.0,21.53856492042541
6345,0,1,0,0,3,2,1096,2211110130,1130,64,1116,17,59861,29483,4,0,0,43,15,2211110130,17,59861,11123,10190,1130,1150,1130.0,1132.2222222222222,2.4748737341529403,4.125000000000078,39.50617283950618,1130.0,1130.0,0.0,1096,1096,1096,1096.0,1096.0,0.0,-3.0,0.0,1096.0,1096.0,0.0,1634046399.399745,0.0005359649658203,21.539100885391232
6346,0,1,0,0,3,2,1096,2211110130,1130,64,1116,17,59861,29483,4,0,0,43,15,2211110130,17,59861,11123,11320,1130,1150,1130.0,1132.0,2.6666666666666665,5.111111111111111,36.0,1130.0,1130.0,0.0,2192,1096,1096,1096.0,1096.0,0.0,-3.0,0.0,1096.0,1096.0,0.0,1634046399.399745,0.0,21.539100885391232
6347,0,1,0,0,3,2,1096,2211110130,1130,64,1116,17,59861,29483,4,0,0,43,15,2211110130,17,59861,11123,12450,1130,1150,1130.0,1131.8181818181818,2.8460498941515744,6.100000000000124,33.05785123966942,1130.0,1130.0,0.0,3288,1096,1096,1096.0,1096.0,0.0,-3.0,0.0,1096.0,1096.0,0.0,1634046399.399745,0.0,21.539100885391232
6348,0,1,0,0,3,2,1096,2211110130,1130,64,1116,17,59861,29483,4,0,0,43,15,2211110130,17,59861,11123,13580,1130,1150,1130.0,1131.6666666666667,3.015113445777593,7.090909090908916,30.555555555555568,1130.0,1130.0,0.0,4384,1096,1096,1096.0,1096.0,0.0,-3.0,0.0,1096.0,1096.0,0.0,1634046399.399745,0.0,21.539100885391232
6349,0,1,0,0,3,2,1096,2211110130,1130,64,1116,17,59861,29483,4,0,0,43,15,2211110130,17,59861,11123,14710,1130,1150,1130.0,1131.5384615384614,3.1754264805429995,8.083333333333577,28.40236686390534,1130.0,1130.0,0.0,5480,1096,1096,1096.0,1096.0,0.0,-3.0,0.0,1096.0,1096.0,0.0,1634046399.400361,0.0006160736083984,21.53971695899963
6350,0,1,0,0,3,2,1096,2211110130,1130,64,1116,17,59861,29483,4,0,0,43,15,2211110130,17,59861,11123,15840,1130,1150,1130.0,1131.428571428571,3.3282011773514317,9.07692307692333,26.530612244897952,1130.0,1130.0,0.0,6576,1096,1096,1096.0,1096.0,0.0,-3.0,0.0,1096.0,1096.0,0.0,1634046399.400361,0.0,21.53971695899963
6351,0,1,0,0,3,2,1096,2211110130,1130,64,1116,17,59861,29483,4,0,0,43,15,2211110130,17,59861,11123,16970,1130,1150,1130.0,1131.3333333333333,3.474396144861561,10.071428571428772,24.888888888888903,1130.0,1130.0,0.0,7672,1096,1096,1096.0,1096.0,0.0,-3.0,0.0,1096.0,1096.0,0.0,1634046399.400361,0.0,21.53971695899963
6352,0,1,0,0,3,2,1096,2211110130,1130,64,1116,17,59861,29483,4,0,0,43,15,2211110130,17,59861,11123,18100,1130,1150,1130.0,1131.25,3.614784456460256,11.066666666666666,23.4375,1130.0,1130.0,0.0,8768,1096,1096,1096.0,1096.0,0.0,-3.0,0.0,1096.0,1096.0,0.0,1634046399.400361,0.0,21.53971695899963
6353,0,1,0,0,3,2,1096,2211110130,1130,64,1116,17,59861,29483,4,0,0,43,15,2211110130,17,59861,11123,19230,1130,1150,1130.0,1131.1764705882354,3.749999999999957,12.06249999999979,22.14532871972318,1130.0,1130.0,0.0,9864,1096,1096,1096.0,1096.0,0.0,-3.0,0.0,1096.0,1096.0,0.0,1634046399.40089,0.0005290508270263,21.540246009826657
6354,0,1,0,0,3,2,1096,2211110130,1130,64,1116,17,59861,29483,4,0,0,43,15,2211110130,17,59861,11123,20360,1130,1150,1130.0,1131.111111111111,3.880570000581343,13.058823529411846,20.98765432098766,1130.0,1130.0,0.0,10960,1096,1096,1096.0,1096.0,0.0,-3.0,0.0,1096.0,1096.0,0.0,1634046399.40089,0.0,21.540246009826657
6355,0,1,0,0,3,2,1096,2211110130,1130,64,1116,17,59861,29483,4,0,0,43,15,2211110130,17,59861,11123,21490,1130,1150,1130.0,1131.0526315789473,4.006938426723828,14.055555555555864,19.944598337950133,1130.0,1130.0,0.0,12056,1096,1096,1096.0,1096.0,0.0,-3.0,0.0,1096.0,1096.0,0.0,1634046399.40089,0.0,21.540246009826657
6356,0,1,0,0,3,2,1096,2211110130,1130,64,1116,17,59861,29483,4,0,0,43,15,2211110130,17,59861,11123,22620,1130,1150,1130.0,1131.0,4.129483209670112,15.05263157894737,19.0,1130.0,1130.0,0.0,13152,1096,1096,1096.0,1096.0,0.0,-3.0,0.0,1096.0,1096.0,0.0,1634046399.40089,0.0,21.540246009826657
6357,0,1,0,0,3,2,1096,2211110130,1130,64,1116,17,59861,29483,4,0,0,43,15,2211110130,17,59861,11123,1130,1130,1130,1130.0,1130.0,0.0,-3.0,0.0,1130.0,1130.0,0.0,14248,1096,1096,1096.0,1096.0,0.0,-3.0,0.0,1096.0,1096.0,0.0,1634046399.401431,0.0005409717559814,21.540786981582638
6358,0,1,0,0,3,2,1096,2211110130,1130,64,1116,17,59861,29483,4,0,0,43,15,2211110130,17,59861,11123,2260,1130,1130,1130.0,1130.0,0.0,-3.0,0.0,1130.0,1130.0,0.0,15344,1096,1096,1096.0,1096.0,0.0,-3.0,0.0,1096.0,1096.0,0.0,1634046399.401431,0.0,21.540786981582638
6359,0,1,0,0,3,2,1096,2211110130,1130,64,1116,17,59861,29483,4,0,0,43,15,2211110130,17,59861,11123,3390,1130,1130,1130.0,1130.0,0.0,-3.0,0.0,1130.0,1130.0,0.0,16440,1096,1096,1096.0,1096.0,0.0,-3.0,0.0,1096.0,1096.0,0.0,1634046399.401431,0.0,21.540786981582638
6360,0,1,0,0,3,2,1096,2211110130,1130,64,1116,17,59861,29483,4,0,0,43,15,2211110130,17,59861,11123,4520,1130,1130,1130.0,1130.0,0.0,-3.0,0.0,1130.0,1130.0,0.0,17536,1096,1096,1096.0,1096.0,0.0,-3.0,0.0,1096.0,1096.0,0.0,1634046399.401431,0.0,21.540786981582638
6361,0,1,0,0,3,2,1096,2211110130,1130,64,1116,17,59861,29483,4,0,0,43,15,2211110130,17,59861,11123,5650,1130,1130,1130.0,1130.0,0.0,-3.0,0.0,1130.0,1130.0,0.0,18632,1096,1096,1096.0,1096.0,0.0,-3.0,0.0,1096.0,1096.0,0.0,1634046399.401951,0.0005199909210205,21.54130697250366
6362,0,1,0,0,3,2,1096,2211110130,1130,64,1116,17,59861,29483,4,0,0,43,15,2211110130,17,59861,11123,6780,1130,1130,1130.0,1130.0,0.0,-3.0,0.0,1130.0,1130.0,0.0,19728,1096,1096,1096.0,1096.0,0.0,-3.0,0.0,1096.0,1096.0,0.0,1634046399.401951,0.0,21.54130697250366
6363,0,1,0,0,3,2,1096,2211110130,1130,64,1116,17,59861,29483,4,0,0,43,15,2211110130,17,59861,11123,7910,1130,1130,1130.0,1130.0,0.0,-3.0,0.0,1130.0,1130.0,0.0,20824,1096,1096,1096.0,1096.0,0.0,-3.0,0.0,1096.0,1096.0,0.0,1634046399.401951,0.0,21.54130697250366
6364,0,1,0,0,3,2,1096,2211110130,1130,64,1116,17,59861,29483,4,0,0,43,15,2211110130,17,59861,11123,9040,1130,1130,1130.0,1130.0,0.0,-3.0,0.0,1130.0,1130.0,0.0,21920,1096,1096,1096.0,1096.0,0.0,-3.0,0.0,1096.0,1096.0,0.0,1634046399.403031,0.00108003616333,21.54238700866699
6365,0,1,0,0,3,2,1096,2211110130,1130,64,1116,17,59861,29483,4,0,0,43,15,2211110130,17,59861,11123,10170,1130,1130,1130.0,1130.0,0.0,-3.0,0.0,1130.0,1130.0,0.0,1096,1096,1096,1096.0,1096.0,0.0,-3.0,0.0,1096.0,1096.0,0.0,1634046399.403031,0.0,21.54238700866699
6366,0,1,0,0,3,2,1116,2211110130,1150,64,1136,17,59861,29483,4,0,0,43,15,2211110130,17,59861,11123,11320,1130,1150,1130.0,1132.0,2.6666666666666665,5.111111111111111,36.0,1130.0,1130.0,0.0,2212,1096,1116,1106.0,1106.0,0.0,-2.0,100.0,1111.0,1101.0,10.0,1634046399.403031,0.0,21.54238700866699
6367,0,1,0,0,3,2,1096,2211110130,1130,64,1116,17,59861,29483,4,0,0,43,15,2211110130,17,59861,11123,12450,1130,1150,1130.0,1131.8181818181818,2.846049894151573,6.100000000000124,33.05785123966942,1130.0,1130.0,0.0,3308,1096,1116,1096.0,1102.6666666666667,0.7071067811865236,-1.5000000000000222,88.88888888888887,1106.0,1096.0,10.0,1634046399.403519,0.0004878044128417,21.54287481307983
6368,0,1,0,0,3,2,1096,2211110130,1130,64,1116,17,59861,29483,4,0,0,43,15,2211110130,17,59861,11123,13580,1130,1150,1130.0,1131.6666666666667,3.0151134457775943,7.090909090908921,30.55555555555556,1130.0,1130.0,0.0,4404,1096,1116,1096.0,1101.0,1.1547005383792517,-0.6666666666666665,75.0,1101.0,1096.0,5.0,1634046399.403519,0.0,21.54287481307983
6369,0,1,0,0,3,2,1096,2211110130,1130,64,1116,17,59861,29483,4,0,0,43,15,2211110130,17,59861,11123,14710,1130,1150,1130.0,1131.5384615384614,3.175426480543,8.08333333333358,28.402366863905332,1130.0,1130.0,0.0,5500,1096,1116,1096.0,1100.0,1.5,0.25,64.0,1096.0,1096.0,0.0,1634046399.403519,0.0,21.54287481307983
6370,0,1,0,0,3,2,1096,2211110130,1130,64,1116,17,59861,29483,4,0,0,43,15,2211110130,17,59861,11123,15840,1130,1150,1130.0,1131.428571428571,3.328201177351432,9.07692307692333,26.530612244897952,1130.0,1130.0,0.0,6596,1096,1116,1096.0,1099.3333333333333,1.7888543819998608,1.2000000000000697,55.55555555555558,1096.0,1096.0,0.0,1634046399.403519,0.0,21.54287481307983
6371,0,1,0,0,3,2,1096,2211110130,1130,64,1116,17,59861,29483,4,0,0,43,15,2211110130,17,59861,11123,16970,1130,1150,1130.0,1131.3333333333333,3.474396144861562,10.071428571428774,24.8888888888889,1130.0,1130.0,0.0,7692,1096,1116,1096.0,1098.857142857143,2.041241452319301,2.166666666666627,48.9795918367347,1096.0,1096.0,0.0,1634046399.40436,0.0008411407470703,21.5437159538269
6372,0,1,0,0,3,2,142,2211110130,176,64,162,17,59861,29483,4,0,0,43,15,2211110130,17,59861,11123,17146,176,1150,1130.0,1071.625,-3.612049441859014,11.054610043755558,53499.609375,1130.0,1130.0,0.0,7834,142,1116,1096.0,979.25,-2.265827541421589,3.137999408254915,100183.9375,1096.0,1096.0,0.0,1634046399.40436,0.0,21.5437159538269
6373,0,1,0,0,3,2,60,2211110130,94,64,80,17,59861,29483,4,0,0,43,15,2211110130,17,59861,11123,17240,94,1150,1130.0,1014.1176470588236,-2.3813664074978487,3.691349469679354,103266.10380622838,1130.0,1130.0,0.0,7894,60,1116,1096.0,877.1111111111111,-1.3433034472811147,-0.1817843755690349,172511.20987654323,1096.0,1096.0,0.0,1634046399.40436,0.0,21.5437159538269
6374,0,1,0,0,3,2,1096,2211110130,1130,64,1116,17,59861,29483,4,0,0,43,15,2211110130,17,59861,11123,18370,94,1150,1130.0,1020.5555555555557,-2.4829121150819216,4.186196468175796,98233.69135802468,1130.0,1130.0,0.0,8990,60,1116,1096.0,899.0,-1.5070587806180236,0.2857119880403282,159572.2,1096.0,1096.0,0.0,1634046399.40436,0.0,21.5437159538269
6375,0,1,0,0,3,2,1096,2211110130,1130,64,1116,17,59861,29483,4,0,0,43,15,2211110130,17,59861,11123,19500,94,1150,1130.0,1026.3157894736842,-2.580653732429945,4.6820236017622765,93660.74238227148,1130.0,1130.0,0.0,10086,60,1116,1096.0,916.9090909090908,-1.657064419384001,0.7611322324888548,148272.9917355372,1096.0,1096.0,0.0,1634046399.40436,0.0,21.5437159538269
6376,0,1,0,0,3,2,1096,2211110130,1130,64,1116,17,59861,29483,4,0,0,43,15,2211110130,17,59861,11123,20630,94,1150,1130.0,1031.5,-2.674977940313891,5.178667576157201,89488.35,1130.0,1130.0,0.0,11182,60,1116,1096.0,931.8333333333334,-1.7961105577849472,1.2421008806580902,138366.97222222222,1096.0,1096.0,0.0,1634046399.40496,0.0005998611450195,21.54431581497192
6377,0,1,0,0,3,2,173,2211110130,207,64,193,17,59861,29483,4,0,0,43,15,2211110130,17,59861,11123,207,207,207,207.0,207.0,0.0,-3.0,0.0,207.0,207.0,0.0,11355,60,1116,1096.0,873.4615384615385,-1.288656593292095,-0.3202184446415494,168610.55621301773,1096.0,1096.0,0.0,1634046399.40496,0.0,21.54431581497192
6378,0,1,0,0,3,2,1096,2211110130,1130,64,1116,17,59861,29483,4,0,0,43,15,2211110130,17,59861,11123,1337,207,1130,668.5,668.5,0.0,-2.0,212982.25,899.25,437.75,461.5,12451,60,1116,1096.0,889.3571428571429,-1.4033132742406074,-0.0109275153548478,159851.65816326533,1096.0,1096.0,0.0,1634046399.414531,0.0095710754394531,21.553886890411373
6379,0,1,0,0,3,2,1096,2211110130,1130,64,1116,17,59861,29483,4,0,0,43,15,2211110130,17,59861,11123,2467,207,1130,1130.0,822.3333333333334,-0.7071067811865478,-1.5,189317.5555555556,1130.0,668.5,461.5,13547,60,1116,1096.0,903.1333333333332,-1.5107711147550962,0.3028954503442671,151851.8488888889,1096.0,1096.0,0.0,1634046399.41755,0.003019094467163,21.556905984878536
6380,0,1,0,0,3,2,1096,2211110130,1130,64,1116,17,59861,29483,4,0,0,43,15,2211110130,17,59861,11123,3597,207,1130,1130.0,899.25,-1.1547005383792517,-0.6666666666666665,159736.6875,1130.0,899.25,230.75,14643,60,1116,1096.0,915.1875,-1.6121492587591215,0.6202057252217368,144540.65234375,1096.0,1096.0,0.0,1634046399.41755,0.0,21.556905984878536
6381,0,1,0,0,3,2,1096,2211110130,1130,64,1116,17,59861,29483,4,0,0,43,15,2211110130,17,59861,11123,4727,207,1130,1130.0,945.4,-1.4999999999999991,0.2499999999999982,136308.64,1130.0,1130.0,0.0,15739,60,1116,1096.0,925.8235294117648,-1.708313958803357,0.9402567749484314,137848.26297577855,1096.0,1096.0,0.0,1634046399.418119,0.0005688667297363,21.557474851608273
6382,0,1,0,0,3,2,1096,2211110130,1130,64,1116,17,59861,29483,4,0,0,43,15,2211110130,17,59861,11123,5857,207,1130,1130.0,976.1666666666666,-1.7888543819998308,1.1999999999999975,118323.47222222223,1130.0,1130.0,0.0,16835,60,1116,1096.0,935.2777777777778,-1.799950296572346,1.2625009544154056,131709.53395061727,1096.0,1096.0,0.0,1634046399.418119,0.0,21.557474851608273
6383,0,1,0,0,3,2,561,2211110130,595,64,581,17,59861,29483,4,0,0,43,15,2211110130,17,59861,11123,6452,207,1130,1130.0,921.7142857142856,-1.2313786714939117,-0.1678376553698393,119210.48979591831,1130.0,862.5,267.5,17396,60,1116,1096.0,915.578947368421,-1.5989242159819863,0.7296567115376651,131762.243767313,1096.0,1096.0,0.0,1634046399.418119,0.0,21.557474851608273
6384,0,1,0,0,3,2,1096,2211110130,1130,64,1116,17,59861,29483,4,0,0,43,15,2211110130,17,59861,11123,7582,207,1130,1130.0,947.75,-1.4370721787849772,0.3968636128626404,109054.1875,1130.0,996.25,133.75,18492,60,1116,1096.0,924.6,-1.68006004287281,1.000479388643332,126720.34,1096.0,1096.0,0.0,1634046399.418119,0.0,21.557474851608273
6385,0,1,0,0,3,2,1096,2211110130,1130,64,1116,17,59861,29483,4,0,0,43,15,2211110130,17,59861,11123,8712,207,1130,1130.0,968.0,-1.6209806472267143,0.9777761385534832,100217.55555555556,1130.0,1130.0,0.0,1096,1096,1096,1096.0,1096.0,0.0,-3.0,0.0,1096.0,1096.0,0.0,1634046399.418718,0.0005991458892822,21.558073997497555
6386,0,1,0,0,3,2,1096,2211110130,1130,64,1116,17,59861,29483,4,0,0,43,15,2211110130,17,59861,11123,9842,207,1130,1130.0,984.2,-1.7884769047215388,1.5690111923768466,92557.76,1130.0,1130.0,0.0,2192,1096,1096,1096.0,1096.0,0.0,-3.0,0.0,1096.0,1096.0,0.0,1634046399.418718,0.0,21.558073997497555
6387,0,1,0,0,3,2,1096,2211110130,1130,64,1116,17,59861,29483,4,0,0,43,15,2211110130,17,59861,11123,10972,207,1130,1130.0,997.4545454545456,-1.9430933977709328,2.1672236170209267,85900.24793388428,1130.0,1130.0,0.0,3288,1096,1096,1096.0,1096.0,0.0,-3.0,0.0,1096.0,1096.0,0.0,1634046399.418718,0.0,21.558073997497555
6388,0,1,0,0,2,3,52,3232270721,86,47,72,17,29483,59861,4,0,0,43,15,2211110130,17,59861,11123,11058,86,1130,1130.0,921.5,-1.4005249671489015,0.1990942278467833,142201.91666666666,1130.0,996.25,133.75,3340,52,1096,1096.0,835.0,-1.1547005383792517,-0.6666666666666665,204363.0,1096.0,835.0,261.0,1634046399.419142,0.0004239082336425,21.558497905731198
6389,0,1,0,0,3,2,1096,2211110130,1130,64,1116,17,59861,29483,4,0,0,43,15,2211110130,17,59861,11123,12188,86,1130,1130.0,937.5384615384615,-1.5249594405145848,0.5717324319564336,134350.0946745562,1130.0,1130.0,0.0,4436,52,1096,1096.0,887.2,-1.5000000000000002,0.2500000000000009,174389.75999999998,1096.0,1096.0,0.0,1634046399.420155,0.0010130405426025,21.5595109462738
6390,0,1,0,0,3,2,505,2211110130,539,64,525,17,59861,29483,4,0,0,43,15,2211110130,17,59861,11123,12727,86,1130,1130.0,909.0714285714286,-1.259542229900012,-0.0566918297984599,135288.49489795917,1130.0,728.75,401.25,4941,52,1096,1096.0,823.5,-1.015313126927262,-0.6506510415523237,165613.25,1096.0,652.75,443.25,1634046399.420155,0.0,21.5595109462738
6391,0,1,0,0,3,2,1096,2211110130,1130,64,1116,17,59861,29483,4,0,0,43,15,2211110130,17,59861,11123,13857,86,1130,1130.0,923.8,-1.3655740718165217,0.2303099973479478,129306.29333333332,1130.0,862.5,267.5,6037,52,1096,1096.0,862.4285714285714,-1.2514006986385895,-0.1035403842458633,151046.81632653062,1096.0,800.5,295.5,1634046399.420155,0.0,21.5595109462738
6392,0,1,0,0,3,2,1096,2211110130,1130,64,1116,17,59861,29483,4,0,0,43,15,2211110130,17,59861,11123,14987,86,1130,1130.0,936.6875,-1.4653495516501158,0.5223752031313058,123715.96484375,1130.0,996.25,133.75,7133,52,1096,1096.0,891.625,-1.4571895409968936,0.4707466913077187,138132.984375,1096.0,948.25,147.75,1634046399.420708,0.0005528926849365,21.560063838958737
6393,0,1,0,0,3,2,1096,2211110130,1130,64,1116,17,59861,29483,4,0,0,43,15,2211110130,17,59861,11123,16117,86,1130,1130.0,948.0588235294116,-1.5597831466247187,0.8183836749712783,118507.46712802768,1130.0,1130.0,0.0,8229,52,1096,1096.0,914.3333333333334,-1.6413479823544044,1.061012211056246,126910.22222222222,1096.0,1096.0,0.0,1634046399.420708,0.0,21.560063838958737
6394,0,1,0,0,3,2,1116,2211110130,1150,64,1136,17,59861,29483,4,0,0,43,15,2211110130,17,59861,11123,17267,86,1150,1130.0,959.2777777777778,-1.6478695623255482,1.112170800274571,114063.42283950617,1130.0,1130.0,0.0,9345,52,1116,1096.0,934.5,-1.806328580557912,1.6519564970391365,117879.45,1096.0,1096.0,0.0,1634046399.433239,0.012531042098999,21.572594881057736
6395,0,1,0,0,3,2,1096,2211110130,1130,64,1116,17,59861,29483,4,0,0,43,15,2211110130,17,59861,11123,18397,86,1150,1130.0,968.2631578947368,-1.7336867691763918,1.4137837093767427,109513.35180055404,1130.0,1130.0,0.0,10441,52,1116,1096.0,949.181818181818,-1.9614450139212776,2.259073284530496,109318.69421487604,1096.0,1096.0,0.0,1634046399.433239,0.0,21.572594881057736
6396,0,1,0,0,3,2,1096,2211110130,1130,64,1116,17,59861,29483,4,0,0,43,15,2211110130,17,59861,11123,19527,86,1150,1130.0,976.35,-1.8159214909416677,1.717461164436484,105280.2275,1130.0,1130.0,0.0,11537,52,1116,1096.0,961.4166666666666,-2.106136701285402,2.871050091816419,101855.4097222222,1096.0,1096.0,0.0,1634046399.434081,0.0008420944213867,21.573436975479122
6397,0,1,0,0,3,2,1002,2211110130,1036,64,1022,17,59861,29483,4,0,0,43,15,2211110130,17,59861,11123,1036,1036,1036,1036.0,1036.0,0.0,-3.0,0.0,1036.0,1036.0,0.0,12539,52,1116,1096.0,964.5384615384615,-2.2184001635951427,3.4342001975083782,94137.32544378696,1096.0,1096.0,0.0,1634046399.434561,0.0004799365997314,21.573916912078854
6398,0,1,0,0,3,2,408,2211110130,442,64,428,17,59861,29483,4,0,0,43,15,2211110130,17,59861,11123,1478,442,1036,739.0,739.0,0.0,-2.0,88209.0,887.5,590.5,297.0,12947,52,1116,1096.0,924.7857142857144,-1.6597324671030598,1.239590140378219,107956.8826530612,1096.0,1025.5,70.5,1634046399.434561,0.0,21.573916912078854
6399,0,1,0,0,3,2,408,2211110130,442,64,428,17,59861,29483,4,0,0,43,15,2211110130,17,59861,11123,1920,442,1036,442.0,640.0,0.7071067811865476,-1.5,78408.0,739.0,442.0,297.0,13355,52,1116,1096.0,890.3333333333334,-1.292494705629016,0.1117465381493021,117377.2888888889,1096.0,753.5,342.5,1634046399.434561,0.0,21.573916912078854
6400,0,1,0,0,3,2,408,2211110130,442,64,428,17,59861,29483,4,0,0,43,15,2211110130,17,59861,11123,2362,442,1036,442.0,590.5,1.1547005383792517,-0.6666666666666665,66156.75,590.5,442.0,148.5,13763,52,1116,1096.0,860.1875,-1.0238384632094086,-0.5462173356378237,123672.77734375,1096.0,480.75,615.25,1634046399.434561,0.0,21.573916912078854
6401,0,1,0,0,3,2,56,2211110130,90,64,76,17,59861,29483,4,0,0,43,15,2211110130,17,59861,11123,2452,90,1036,442.0,490.4,0.6901892715269153,-0.356488764220213,93005.44,442.0,442.0,0.0,13819,52,1116,1096.0,812.8823529411765,-0.8554719144550403,-0.9165194954651884,152202.33910034603,1096.0,408.0,688.0,1634046399.449739,0.0151779651641845,21.58909487724304
6402,0,1,0,0,2,3,60,3232270721,94,47,80,17,29483,59861,4,0,0,43,15,2211110130,17,59861,11123,2546,90,1036,442.0,424.3333333333333,0.8275922554772849,-0.2231718787643224,99328.55555555556,442.0,181.0,261.0,13879,52,1116,1096.0,771.0555555555555,-0.6897389262915921,-1.2300977386775545,173487.8302469136,1096.0,408.0,688.0,1634046399.452152,0.0024130344390869,21.591507911682125
6403,0,1,0,0,3,2,1096,2211110130,1130,64,1116,17,59861,29483,4,0,0,43,15,2211110130,17,59861,11123,3676,90,1130,442.0,525.1428571428571,0.4868698363353798,-1.176556228500205,146114.1224489796,739.0,268.0,471.0,14975,52,1116,1096.0,788.1578947368421,-0.7747025924912503,-1.1072192023542513,169621.71191135736,1096.0,408.0,688.0,1634046399.452362,0.0002100467681884,21.591717958450314
6404,0,1,0,0,3,2,1096,2211110130,1130,64,1116,17,59861,29483,4,0,0,43,15,2211110130,17,59861,11123,4806,90,1130,442.0,600.75,0.188247713898196,-1.541861282949197,167864.9375,1059.5,355.0,704.5,16071,52,1116,1096.0,803.55,-0.8545240672246968,-0.9773651941667896,165642.04750000002,1096.0,408.0,688.0,1634046399.453229,0.0008668899536132,21.592584848403927
6405,0,1,0,0,3,2,1096,2211110130,1130,64,1116,17,59861,29483,4,0,0,43,15,2211110130,17,59861,11123,5936,90,1130,442.0,659.5555555555555,-0.0460733140776286,-1.64587479438055,176878.02469135803,1130.0,442.0,688.0,1096,1096,1096,1096.0,1096.0,0.0,-3.0,0.0,1096.0,1096.0,0.0,1634046399.461745,0.0085160732269287,21.601100921630856
6406,0,1,0,0,3,2,1096,2211110130,1130,64,1116,17,59861,29483,4,0,0,43,15,2211110130,17,59861,11123,7066,90,1130,739.0,706.6,-0.2381916771667599,-1.6271530879246312,179108.84000000003,1130.0,442.0,688.0,2192,1096,1096,1096.0,1096.0,0.0,-3.0,0.0,1096.0,1096.0,0.0,1634046399.461745,0.0,21.601100921630856
6407,0,1,0,0,3,2,481,2211110130,515,64,501,17,59861,29483,4,0,0,43,15,2211110130,17,59861,11123,7581,90,1130,515.0,689.1818181818181,-0.1240747288060264,-1.5723614726198012,165860.1487603306,1130.0,442.0,688.0,2673,481,1096,1096.0,891.0,-0.7071067811865476,-1.5,84050.0,1096.0,788.5,307.5,1634046399.462538,0.0007929801940917,21.601893901824948
6408,0,1,0,0,2,3,60,3232270721,94,47,80,17,29483,59861,4,0,0,43,15,2211110130,17,59861,11123,7675,90,1130,478.5,639.5833333333334,0.020036217651535,-1.6248440406646398,179098.5763888889,1130.0,355.0,775.0,2733,60,1096,788.5,683.25,-0.3247705096414932,-1.5794069611723731,192517.6875,1096.0,375.75,720.25,1634046399.46999,0.0074520111083984,21.609345912933346
6409,0,1,0,0,3,2,408,2211110130,442,64,428,17,59861,29483,4,0,0,43,15,2211110130,17,59861,11123,8117,90,1130,442.0,624.3846153846154,0.1229942204898913,-1.5448374660783772,168093.77514792897,1130.0,442.0,688.0,3141,60,1096,481.0,628.2,0.021953498902613,-1.5302634689888583,166136.16,1096.0,408.0,688.0,1634046399.471397,0.0014069080352783,21.610752820968624
6410,0,1,0,0,2,3,60,3232270721,94,47,80,17,29483,59861,4,0,0,43,15,2211110130,17,59861,11123,8211,90,1130,442.0,586.5,0.2344837650124729,-1.5289222879817237,174745.25,1106.5,181.0,925.5,3201,60,1096,444.5,533.5,0.3005774142719557,-1.50661398048992,183287.25,942.25,147.0,795.25,1634046399.488709,0.0173120498657226,21.628064870834347
6411,0,1,0,0,3,2,1096,2211110130,1130,64,1116,17,59861,29483,4,0,0,43,15,2211110130,17,59861,11123,9341,90,1130,442.0,622.7333333333333,0.0894564610020852,-1.6242060597391592,181475.5288888889,1130.0,268.0,862.0,4297,60,1096,481.0,613.8571428571429,-0.0241130006980896,-1.6873984691835016,195846.97959183677,1096.0,234.0,862.0,1634046399.493127,0.004418134689331,21.632483005523678
6412,0,1,0,0,3,2,1096,2211110130,1130,64,1116,17,59861,29483,4,0,0,43,15,2211110130,17,59861,11123,10471,90,1130,478.5,654.4375,-0.037714232326646,-1.6625289046215614,185210.62109375,1130.0,355.0,775.0,5393,60,1096,788.5,674.125,-0.2705437118727544,-1.6521144458840502,196791.609375,1096.0,321.0,775.0,1634046399.493127,0.0,21.632483005523678
6413,0,1,0,0,3,2,1096,2211110130,1130,64,1116,17,59861,29483,4,0,0,43,15,2211110130,17,59861,11123,11601,90,1130,515.0,682.4117647058823,-0.1511200674882367,-1.6628586310689364,186836.83044982704,1130.0,442.0,688.0,6489,60,1096,1096.0,721.0,-0.4715169829989658,-1.5200515844310336,192504.0,1096.0,408.0,688.0,1634046399.493961,0.0008339881896972,21.633316993713375
6414,0,1,0,0,3,2,1096,2211110130,1130,64,1116,17,59861,29483,4,0,0,43,15,2211110130,17,59861,11123,12731,90,1130,775.5,707.2777777777778,-0.2536670631225163,-1.6366408714115217,186968.4228395062,1130.0,442.0,688.0,7585,60,1096,1096.0,758.5,-0.6429296515628956,-1.336440880535361,185909.85,1096.0,426.25,669.75,1634046399.493961,0.0,21.633316993713375
6415,0,1,0,0,3,2,1096,2211110130,1130,64,1116,17,59861,29483,4,0,0,43,15,2211110130,17,59861,11123,13861,90,1130,1036.0,729.5263157894736,-0.3474594352679451,-1.5911662362784391,186037.93351800556,1130.0,442.0,688.0,8681,60,1096,1096.0,789.1818181818181,-0.793576269992457,-1.1221490541422154,178422.69421487607,1096.0,444.5,651.5,1634046399.493961,0.0,21.633316993713375
6416,0,1,0,0,3,2,1096,2211110130,1130,64,1116,17,59861,29483,4,0,0,43,15,2211110130,17,59861,11123,14991,90,1130,1083.0,749.55,-0.4340567911292128,-1.5312897481593288,184354.04750000004,1130.0,442.0,688.0,9777,60,1096,1096.0,814.75,-0.9288082298192886,-0.8881258226364137,170745.1875,1096.0,462.75,633.25,1634046399.493961,0.0,21.633316993713375
6417,0,1,0,0,3,2,348,2211110130,382,64,368,17,59861,29483,4,0,0,43,15,2211110130,17,59861,11123,382,382,382,382.0,382.0,0.0,-3.0,0.0,382.0,382.0,0.0,10125,60,1096,1096.0,778.8461538461538,-0.689152419912102,-1.263588151858978,173079.976331361,1096.0,408.0,688.0,1634046399.493961,0.0,21.633316993713375
6418,0,1,0,0,3,2,416,2211110130,450,64,436,17,59861,29483,4,0,0,43,15,2211110130,17,59861,11123,832,382,450,416.0,416.0,0.0,-2.0,1156.0,433.0,399.0,34.0,10541,60,1096,1096.0,752.9285714285714,-0.5203882210738142,-1.429524085133533,169449.49489795914,1096.0,410.0,686.0,1634046399.509888,0.0159268379211425,21.649243831634518
6419,0,1,0,0,2,3,60,3232270721,94,47,80,17,29483,59861,4,0,0,43,15,2211110130,17,59861,11123,926,94,450,382.0,308.6666666666667,-0.6055206924762369,-1.5,23811.55555555556,416.0,238.0,178.0,10601,60,1096,1096.0,706.7333333333333,-0.3667503388460429,-1.5993668597576396,188028.86222222223,1096.0,378.0,718.0,1634046399.521611,0.0117230415344238,21.66096687316894
6420,0,1,0,0,3,2,60,2211110130,94,64,80,17,59861,29483,4,0,0,43,15,2211110130,17,59861,11123,1020,94,450,238.0,255.0,0.0647188425214324,-1.914178733440646,26499.0,399.0,94.0,305.0,10661,60,1096,788.5,666.3125,-0.2281487761731147,-1.708441999247458,200784.71484375,1096.0,276.0,820.0,1634046399.527229,0.0056180953979492,21.66658496856689
6421,0,1,0,0,3,2,1096,2211110130,1130,64,1116,17,59861,29483,4,0,0,43,15,2211110130,17,59861,11123,2150,94,1130,382.0,430.0,0.9804165498074188,-0.4275697184256048,143699.2,450.0,94.0,356.0,11757,60,1096,1096.0,691.5882352941177,-0.3348896790899814,-1.6577994403932974,199195.65397923876,1096.0,348.0,748.0,1634046399.533384,0.0061550140380859,21.672739982604977
6422,0,1,0,0,3,2,1096,2211110130,1130,64,1116,17,59861,29483,4,0,0,43,15,2211110130,17,59861,11123,3280,94,1130,416.0,546.6666666666666,0.4220795627198467,-1.5050171907075294,187804.88888888888,960.0,166.0,794.0,12853,60,1096,1096.0,714.0555555555555,-0.43228059323963,-1.5895425834238792,196710.49691358025,1096.0,363.0,733.0,1634046399.533384,0.0,21.672739982604977
6423,0,1,0,0,3,2,1096,2211110130,1130,64,1116,17,59861,29483,4,0,0,43,15,2211110130,17,59861,11123,4410,94,1130,450.0,630.0,0.0719346671823934,-1.75660505276803,202642.2857142857,1130.0,238.0,892.0,13949,60,1096,1096.0,734.1578947368421,-0.5220646446311238,-1.5081925558841571,193631.1855955679,1096.0,378.0,718.0,1634046399.534094,0.0007100105285644,21.67344999313354
6424,0,1,0,0,3,2,1096,2211110130,1130,64,1116,17,59861,29483,4,0,0,43,15,2211110130,17,59861,11123,5540,94,1130,790.0,692.5,-0.1863214193209258,-1.7587250992168288,204655.75,1130.0,310.0,820.0,15045,60,1096,1096.0,752.25,-0.60553839838724,-1.41684632552969,190168.7875,1096.0,393.0,703.0,1634046399.534094,0.0,21.67344999313354
6425,0,1,0,0,3,2,1096,2211110130,1130,64,1116,17,59861,29483,4,0,0,43,15,2211110130,17,59861,11123,6670,94,1130,1130.0,741.1111111111111,-0.3936985963597225,-1.6530748121739771,200820.54320987652,1130.0,382.0,748.0,1096,1096,1096,1096.0,1096.0,0.0,-3.0,0.0,1096.0,1096.0,0.0,1634046399.534094,0.0,21.67344999313354
6426,0,1,0,0,3,2,1116,2211110130,1150,64,1136,17,59861,29483,4,0,0,43,15,2211110130,17,59861,11123,7820,94,1150,1130.0,782.0,-0.5671886717097221,-1.4933503310133194,195785.6,1130.0,399.0,731.0,2212,1096,1116,1106.0,1106.0,0.0,-2.0,100.0,1111.0,1101.0,10.0,1634046399.536692,0.0025978088378906,21.676047801971432
6427,0,1,0,0,3,2,476,2211110130,510,64,496,17,59861,29483,4,0,0,43,15,2211110130,17,59861,11123,8330,94,1150,1130.0,757.2727272727273,-0.4155629451209323,-1.5519950803195377,184101.28925619836,1130.0,416.0,714.0,2688,476,1116,1096.0,896.0,-0.7047042291017759,-1.5000000000000002,88266.66666666667,1106.0,786.0,320.0,1634046399.536692,0.0,21.676047801971432
6428,0,1,0,0,3,2,408,2211110130,442,64,428,17,59861,29483,4,0,0,43,15,2211110130,17,59861,11123,8772,94,1150,820.0,731.0,-0.2536432673676874,-1.613953580603389,176352.33333333334,1130.0,427.0,703.0,3096,408,1116,786.0,774.0,-0.0142487891952609,-1.977444846190612,110852.0,1101.0,459.0,642.0,1634046399.536692,0.0,21.676047801971432
6429,0,1,0,0,2,3,60,3232270721,94,47,80,17,29483,59861,4,0,0,43,15,2211110130,17,59861,11123,8866,94,1150,510.0,682.0,-0.1065903658185092,-1.694157477278472,191598.7692307692,1130.0,382.0,748.0,3156,60,1116,476.0,631.2,0.0373971351250369,-1.5411186905977332,170248.96000000002,1096.0,408.0,688.0,1634046399.557928,0.0212361812591552,21.697283983230587
6430,0,1,0,0,3,2,1096,2211110130,1130,64,1116,17,59861,29483,4,0,0,43,15,2211110130,17,59861,11123,9996,94,1150,820.0,714.0,-0.2423864797651488,-1.6652129795451007,191225.14285714287,1130.0,397.0,733.0,4252,60,1116,786.0,708.6666666666666,-0.3015035920707318,-1.5292717729450958,171879.55555555556,1096.0,425.0,671.0,1634046399.562891,0.0049629211425781,21.702246904373165
6431,0,1,0,0,3,2,1096,2211110130,1130,64,1116,17,59861,29483,4,0,0,43,15,2211110130,17,59861,11123,11126,94,1150,1130.0,741.7333333333333,-0.3630033839047703,-1.6040735103435266,189244.7288888889,1130.0,412.0,718.0,5348,60,1116,1096.0,764.0,-0.5602683829347177,-1.3329853347305067,165696.0,1096.0,442.0,654.0,1634046399.562891,0.0,21.702246904373165
6432,0,1,0,0,3,2,1096,2211110130,1130,64,1116,17,59861,29483,4,0,0,43,15,2211110130,17,59861,11123,12256,94,1150,1130.0,766.0,-0.4719099360396517,-1.5207899828368092,186250.0,1130.0,427.0,703.0,6444,60,1116,1096.0,805.5,-0.7731365852539196,-1.056605936625161,157039.75,1096.0,459.0,637.0,1634046399.563515,0.0006239414215087,21.702870845794674
6433,0,1,0,0,3,2,797,2211110130,831,64,817,17,59861,29483,4,0,0,43,15,2211110130,17,59861,11123,13087,94,1150,1130.0,769.8235294117648,-0.5126213805512254,-1.414277841043243,175528.0276816609,1130.0,442.0,688.0,7241,60,1116,1096.0,804.5555555555555,-0.8123903034367836,-0.8221576246750448,139598.02469135803,1096.0,476.0,620.0,1634046399.563515,0.0,21.702870845794674
6434,0,1,0,0,2,3,56,3232270721,90,47,76,17,29483,59861,4,0,0,43,15,2211110130,17,59861,11123,13177,90,1150,980.5,732.0555555555555,-0.3799544576278545,-1.570329016613223,190025.60802469132,1130.0,397.0,733.0,7297,56,1116,946.5,729.7,-0.543060747863392,-1.334504638615492,176068.41,1096.0,425.0,671.0,1634046399.574306,0.0107910633087158,21.71366190910339
6435,0,1,0,0,2,3,60,3232270721,94,47,80,17,29483,59861,4,0,0,43,15,2211110130,17,59861,11123,13271,90,1150,831.0,698.4736842105264,-0.25952968889403,-1.6755708769731392,200323.61772853188,1130.0,238.0,892.0,7357,56,1116,797.0,668.8181818181819,-0.3147589048692658,-1.607378483930281,197128.14876033057,1096.0,234.0,862.0,1634046399.57436,5.3882598876953125e-05,21.713715791702267
6436,0,1,0,0,3,2,408,2211110130,442,64,428,17,59861,29483,4,0,0,43,15,2211110130,17,59861,11123,13713,90,1150,670.5,685.65,-0.1822646955454469,-1.6711160721396534,193431.9275,1130.0,310.0,820.0,7765,56,1116,636.5,647.0833333333334,-0.1821546411985022,-1.6053487098958517,185897.2430555556,1096.0,321.0,775.0,1634046399.587137,0.0127770900726318,21.7264928817749
6437,0,1,0,0,3,2,1096,2211110130,1130,64,1116,17,59861,29483,4,0,0,43,15,2211110130,17,59861,11123,1130,1130,1130,1130.0,1130.0,0.0,-3.0,0.0,1130.0,1130.0,0.0,8861,56,1116,797.0,681.6153846153846,-0.322093033153474,-1.557715287835956,185907.00591715975,1096.0,408.0,688.0,1634046399.59109,0.0039529800415039,21.730445861816403
6438,0,1,0,0,3,2,1096,2211110130,1130,64,1116,17,59861,29483,4,0,0,43,15,2211110130,17,59861,11123,2260,1130,1130,1130.0,1130.0,0.0,-3.0,0.0,1130.0,1130.0,0.0,9957,56,1116,946.5,711.2142857142857,-0.446646230834147,-1.4762038206561752,184017.16836734692,1096.0,408.0,688.0,1634046399.59109,0.0,21.730445861816403
6439,0,1,0,0,3,2,1096,2211110130,1130,64,1116,17,59861,29483,4,0,0,43,15,2211110130,17,59861,11123,3390,1130,1130,1130.0,1130.0,0.0,-3.0,0.0,1130.0,1130.0,0.0,11053,56,1116,1096.0,736.8666666666667,-0.5592591816067365,-1.3716671320098062,180961.98222222223,1096.0,408.0,688.0,1634046399.59109,0.0,21.730445861816403
6440,0,1,0,0,3,2,1018,2211110130,1052,64,1038,17,59861,29483,4,0,0,43,15,2211110130,17,59861,11123,4442,1052,1130,1130.0,1110.5,-1.1547005383792517,-0.6666666666666665,1140.75,1130.0,1110.5,19.5,12071,56,1116,1057.0,754.4375,-0.6619858064392499,-1.240519871749985,174282.87109375,1096.0,408.0,688.0,1634046399.597074,0.0059840679168701,21.736429929733273
6441,0,1,0,0,2,3,60,3232270721,94,47,80,17,29483,59861,4,0,0,43,15,2211110130,17,59861,11123,4536,94,1130,1130.0,907.2,-1.4799780440592205,0.221644391878848,166236.16,1130.0,1052.0,78.0,12131,56,1116,1018.0,713.5882352941177,-0.4992923329514225,-1.4806202750791877,190729.53633217997,1096.0,408.0,688.0,1634046399.610416,0.0133419036865234,21.749771833419796
6442,0,1,0,0,2,3,60,3232270721,94,47,80,17,29483,59861,4,0,0,43,15,2211110130,17,59861,11123,4630,94,1130,1091.0,771.6666666666666,-0.6968853792922642,-1.5007356193474402,230376.55555555556,1130.0,333.5,796.5,12191,56,1116,907.5,677.2777777777778,-0.3584835676957824,-1.6352691348861652,202547.08950617284,1096.0,147.0,949.0,1634046399.629095,0.018679141998291,21.768450975418087
6443,0,1,0,0,2,3,52,3232270721,86,47,72,17,29483,59861,4,0,0,43,15,2211110130,17,59861,11123,4716,86,1130,1052.0,673.7142857142857,-0.2812069180733361,-1.9112419176131925,255033.63265306124,1130.0,94.0,1036.0,12243,52,1116,797.0,644.3684210526316,-0.2358392875170036,-1.7311425745995108,211381.18005540167,1096.0,60.0,1036.0,1634046399.62915,5.4836273193359375e-05,21.76850581169128
6444,0,1,0,0,3,2,1096,2211110130,1130,64,1116,17,59861,29483,4,0,0,43,15,2211110130,17,59861,11123,5846,86,1130,1091.0,730.75,-0.5090416913075949,-1.7312374850850338,245925.9375,1130.0,94.0,1036.0,13339,52,1116,907.5,666.95,-0.3255371959964382,-1.6879856657241343,210500.7475,1096.0,60.0,1036.0,1634046399.629296,0.0001461505889892,21.76865196228027
6445,0,1,0,0,3,2,1096,2211110130,1130,64,1116,17,59861,29483,4,0,0,43,15,2211110130,17,59861,11123,6976,86,1130,1130.0,775.1111111111111,-0.6997880460298183,-1.5005196177781444,234344.0987654321,1130.0,94.0,1036.0,1096,1096,1096,1096.0,1096.0,0.0,-3.0,0.0,1096.0,1096.0,0.0,1634046399.629296,0.0,21.76865196228027
6446,0,1,0,0,3,2,1096,2211110130,1130,64,1116,17,59861,29483,4,0,0,43,15,2211110130,17,59861,11123,8106,86,1130,1130.0,810.6,-0.8655384494098766,-1.2408178754540813,222244.84,1130.0,333.5,796.5,2192,1096,1096,1096.0,1096.0,0.0,-3.0,0.0,1096.0,1096.0,0.0,1634046399.62996,0.0006639957427978,21.769315958023068
6447,0,1,0,0,3,2,1096,2211110130,1130,64,1116,17,59861,29483,4,0,0,43,15,2211110130,17,59861,11123,9236,86,1130,1130.0,839.6363636363636,-1.0132385382667632,-0.963002963539162,210471.86776859508,1130.0,573.0,557.0,3288,1096,1096,1096.0,1096.0,0.0,-3.0,0.0,1096.0,1096.0,0.0,1634046399.62996,0.0,21.769315958023068
6448,0,1,0,0,3,2,1096,2211110130,1130,64,1116,17,59861,29483,4,0,0,43,15,2211110130,17,59861,11123,10366,86,1130,1130.0,863.8333333333334,-1.1472458215906296,-0.6731147633777321,199372.97222222225,1130.0,812.5,317.5,4384,1096,1096,1096.0,1096.0,0.0,-3.0,0.0,1096.0,1096.0,0.0,1634046399.62996,0.0,21.769315958023068
6449,0,1,0,0,3,2,806,2211110130,840,64,826,17,59861,29483,4,0,0,43,15,2211110130,17,59861,11123,11206,86,1130,1130.0,862.0,-1.18089271923496,-0.5006052614987047,184076.92307692303,1130.0,840.0,290.0,5190,806,1096,1096.0,1038.0,-1.5,0.25,13456.0,1096.0,1096.0,0.0,1634046399.630638,0.0006778240203857,21.769993782043453
6450,0,1,0,0,2,3,32,3232270721,66,47,52,17,29483,59861,4,0,0,43,15,2211110130,17,59861,11123,11272,66,1130,1130.0,805.1428571428571,-0.8763372925112066,-1.1567505472421502,212954.1224489796,1130.0,280.5,849.5,5222,32,1096,1096.0,870.3333333333334,-1.5319238127798094,0.6489083078097666,151773.8888888889,1096.0,878.5,217.5,1634046399.647461,0.0168230533599853,21.78681683540344
6451,0,1,0,0,3,2,56,2211110130,90,64,76,17,59861,29483,4,0,0,43,15,2211110130,17,59861,11123,11362,66,1130,1130.0,757.4666666666667,-0.6473300118559623,-1.5209448501787952,230579.44888888893,1130.0,94.0,1036.0,5278,32,1096,1096.0,754.0,-0.8182299485106537,-1.1957984706343283,211292.57142857145,1096.0,431.0,665.0,1634046399.647774,0.0003130435943603,21.7871298789978
6452,0,1,0,0,3,2,60,2211110130,94,64,80,17,59861,29483,4,0,0,43,15,2211110130,17,59861,11123,11456,66,1130,1091.0,716.0,-0.4644257676763302,-1.73319951900365,241960.5,1130.0,94.0,1036.0,5338,32,1096,951.0,667.25,-0.4218100176170073,-1.7287053440448064,237559.9375,1096.0,59.0,1037.0,1634046399.647774,0.0,21.7871298789978
6453,0,1,0,0,3,2,408,2211110130,442,64,428,17,59861,29483,4,0,0,43,15,2211110130,17,59861,11123,11898,66,1130,1052.0,699.8823529411765,-0.3762923661020661,-1.7527806703194455,231883.98615916955,1130.0,94.0,1036.0,5746,32,1096,806.0,638.4444444444445,-0.2607438685635334,-1.7323107237300648,217802.46913580247,1096.0,60.0,1036.0,1634046399.648392,0.0006179809570312,21.78774785995483
6454,0,1,0,0,3,2,1096,2211110130,1130,64,1116,17,59861,29483,4,0,0,43,15,2211110130,17,59861,11123,13028,66,1130,1091.0,723.7777777777778,-0.4724198882913145,-1.6733482782849936,228708.39506172843,1130.0,94.0,1036.0,6842,32,1096,951.0,684.2,-0.4404113938347484,-1.6173892619260268,214864.36,1096.0,147.0,949.0,1634046399.657428,0.0090360641479492,21.79678392410278
6455,0,1,0,0,3,2,1096,2211110130,1130,64,1116,17,59861,29483,4,0,0,43,15,2211110130,17,59861,11123,14158,66,1130,1130.0,745.1578947368421,-0.5612370990752321,-1.582889677233884,224899.08033241,1130.0,94.0,1036.0,7938,32,1096,1096.0,721.6363636363636,-0.5960393027994086,-1.4614315799616764,209346.04958677685,1096.0,234.0,862.0,1634046399.657428,0.0,21.79678392410278
6456,0,1,0,0,3,2,1096,2211110130,1130,64,1116,17,59861,29483,4,0,0,43,15,2211110130,17,59861,11123,15288,66,1130,1130.0,764.4,-0.6439658324224359,-1.4839336685903983,220689.04,1130.0,94.0,1036.0,9034,32,1096,1096.0,752.8333333333334,-0.7341731970413897,-1.2796871615577214,202606.30555555556,1096.0,321.0,775.0,1634046399.65818,0.0007519721984863,21.797535896301266
6457,0,1,0,0,3,2,734,2211110130,768,64,754,17,59861,29483,4,0,0,43,15,2211110130,17,59861,11123,768,768,768,768.0,768.0,0.0,-3.0,0.0,768.0,768.0,0.0,9768,32,1096,1096.0,751.3846153846154,-0.7539544980602142,-1.1469988125501092,187046.3905325444,1096.0,408.0,688.0,1634046399.65818,0.0,21.797535896301266
6458,0,1,0,0,2,3,60,3232270721,94,47,80,17,29483,59861,4,0,0,43,15,2211110130,17,59861,11123,862,94,768,431.0,431.0,0.0,-2.0,113569.0,599.5,262.5,337.0,9828,32,1096,951.0,702.0,-0.5338394696798985,-1.4901702327025916,205390.85714285716,1096.0,147.0,949.0,1634046399.664014,0.0058341026306152,21.80336999893188
6459,0,1,0,0,3,2,408,2211110130,442,64,428,17,59861,29483,4,0,0,43,15,2211110130,17,59861,11123,1304,94,768,442.0,434.6666666666667,-0.0399508187338558,-1.4999999999999998,75739.55555555555,605.0,268.0,337.0,10236,32,1096,806.0,682.4,-0.4169372029456511,-1.5419214851697898,197076.3733333333,1096.0,234.0,862.0,1634046399.670264,0.0062499046325683,21.80961990356445
6460,0,1,0,0,3,2,1096,2211110130,1130,64,1116,17,59861,29483,4,0,0,43,15,2211110130,17,59861,11123,2434,94,1130,605.0,608.5,0.0224144943603832,-1.3276977963469585,147458.75,858.5,355.0,503.5,11332,32,1096,951.0,708.25,-0.5222795663218346,-1.4506916044346194,194782.4375,1096.0,321.0,775.0,1634046399.679595,0.0093309879302978,21.818950891494747
6461,0,1,0,0,3,2,1096,2211110130,1130,64,1116,17,59861,29483,4,0,0,43,15,2211110130,17,59861,11123,3564,94,1130,768.0,712.8,-0.3433621396192556,-1.36938399267481,161480.96000000002,1130.0,442.0,688.0,12428,32,1096,1096.0,731.0588235294117,-0.6192353966456925,-1.3447874416322712,191648.5259515571,1096.0,408.0,688.0,1634046399.679595,0.0,21.818950891494747
6462,0,1,0,0,3,2,1116,2211110130,1150,64,1136,17,59861,29483,4,0,0,43,15,2211110130,17,59861,11123,4714,94,1150,949.0,785.6666666666666,-0.6223281991446431,-1.1473125688241117,161115.22222222225,1130.0,523.5,606.5,13544,32,1116,1096.0,752.4444444444445,-0.7073773728868409,-1.229852229604075,188776.24691358025,1096.0,408.0,688.0,1634046399.681083,0.0014879703521728,21.82043886184692
6463,0,1,0,0,3,2,1096,2211110130,1130,64,1116,17,59861,29483,4,0,0,43,15,2211110130,17,59861,11123,5844,94,1150,1130.0,834.8571428571429,-0.8605147139714852,-0.8059556112216777,152616.97959183672,1130.0,605.0,525.0,14640,32,1116,1096.0,770.5263157894736,-0.791713969615075,-1.1045742801241352,184725.82825484764,1096.0,408.0,688.0,1634046399.681974,0.0008909702301025,21.821329832077023
6464,0,1,0,0,3,2,1096,2211110130,1130,64,1116,17,59861,29483,4,0,0,43,15,2211110130,17,59861,11123,6974,94,1150,1130.0,871.75,-1.063735254760318,-0.4111868389253987,143067.4375,1130.0,686.5,443.5,15736,32,1116,1096.0,786.8,-0.8710429982984658,-0.9726276691985044,180521.36,1096.0,408.0,688.0,1634046399.685239,0.0032651424407958,21.82459497451782
6465,0,1,0,0,3,2,1096,2211110130,1130,64,1116,17,59861,29483,4,0,0,43,15,2211110130,17,59861,11123,8104,94,1150,1130.0,900.4444444444445,-1.2426910300538443,0.0132799781949839,133758.02469135803,1130.0,768.0,362.0,1096,1096,1096,1096.0,1096.0,0.0,-3.0,0.0,1096.0,1096.0,0.0,1634046399.689042,0.003803014755249,21.828397989273068
6466,0,1,0,0,3,2,659,2211110130,693,64,679,17,59861,29483,4,0,0,43,15,2211110130,17,59861,11123,8797,94,1150,1130.0,879.7,-1.0927753089723005,-0.1234111370437025,124255.21,1130.0,711.75,418.25,1755,659,1096,877.5,877.5,0.0,-2.0,47742.25,986.75,768.25,218.5,1634046399.689042,0.0,21.828397989273068
6467,0,1,0,0,3,2,408,2211110130,442,64,428,17,59861,29483,4,0,0,43,15,2211110130,17,59861,11123,9239,94,1150,1130.0,839.9090909090909,-0.7723394193653738,-0.7812203915908285,128792.44628099172,1130.0,567.5,562.5,2163,408,1096,659.0,721.0,0.3167729856354059,-1.5000000000000002,80812.66666666667,877.5,533.5,344.0,1634046399.697644,0.0086019039154052,21.836999893188473
6468,0,1,0,0,2,3,60,3232270721,94,47,80,17,29483,59861,4,0,0,43,15,2211110130,17,59861,11123,9333,94,1150,949.0,777.75,-0.5770577180149232,-1.193722404638891,160561.02083333334,1130.0,442.0,688.0,2223,60,1096,533.5,555.75,0.1566534850308261,-1.2011171691150642,142532.1875,768.25,321.0,447.25,1634046399.699085,0.0014410018920898,21.838440895080563
6469,0,1,0,0,3,2,1104,2211110130,1138,64,1124,17,59861,29483,4,0,0,43,15,2211110130,17,59861,11123,10471,94,1150,1130.0,805.4615384615385,-0.7009545884023923,-1.0467696640506172,157425.325443787,1130.0,442.0,688.0,3327,60,1104,659.0,665.4,-0.2289543379147648,-1.401175714877947,162118.24,1096.0,408.0,688.0,1634046399.712164,0.0130789279937744,21.851519823074337
6470,0,1,0,0,3,2,1096,2211110130,1130,64,1116,17,59861,29483,4,0,0,43,15,2211110130,17,59861,11123,11601,94,1150,1130.0,828.6428571428571,-0.8153939561127709,-0.8781201326037493,153166.51530612246,1130.0,504.75,625.25,4423,60,1104,877.5,737.1666666666666,-0.5293391642647458,-1.2393680762750332,160850.80555555556,1096.0,470.75,625.25,1634046399.712164,0.0,21.851519823074337
6471,0,1,0,0,3,2,1096,2211110130,1130,64,1116,17,59861,29483,4,0,0,43,15,2211110130,17,59861,11123,12731,94,1150,1130.0,848.7333333333333,-0.9209735162615216,-0.6955823032592674,148606.19555555555,1130.0,567.5,562.5,5519,60,1104,1096.0,788.4285714285714,-0.7710133508684054,-0.9451223141567148,153638.81632653062,1096.0,533.5,562.5,1634046399.712164,0.0,21.851519823074337
6472,0,1,0,0,3,2,575,2211110130,609,64,595,17,59861,29483,4,0,0,43,15,2211110130,17,59861,11123,13340,94,1150,1130.0,833.75,-0.8146206022635862,-0.7851629769107427,142685.8125,1130.0,567.25,562.75,6094,60,1104,877.5,761.75,-0.5890902685712386,-1.0020942908503043,139416.1875,1096.0,533.25,562.75,1634046399.712164,0.0,21.851519823074337
6473,0,1,0,0,2,3,60,3232270721,94,47,80,17,29483,59861,4,0,0,43,15,2211110130,17,59861,11123,13434,94,1150,1130.0,790.2352941176471,-0.6524725645105458,-1.13217900542739,164589.00346020763,1130.0,442.0,688.0,6154,60,1104,659.0,683.7777777777778,-0.3461956369957648,-1.4084832745657203,172562.8395061728,1096.0,408.0,688.0,1634046399.718888,0.0067241191864013,21.85824394226074
6474,0,1,0,0,2,3,52,3232270721,86,48,72,17,10001,59861,4,0,0,43,15,2211110130,17,59861,11123,13520,86,1150,949.0,751.1111111111111,-0.5069856221632867,-1.370810324986038,181467.09876543208,1130.0,442.0,688.0,6206,52,1104,617.0,620.6,-0.1322033896065463,-1.6000331307238749,191229.44,1096.0,147.0,949.0,1634046399.730938,0.012049913406372,21.87029385566711
6475,0,1,0,0,2,3,60,3232270721,94,47,80,17,29483,59861,4,0,0,43,15,2211110130,17,59861,11123,13614,86,1150,768.0,716.5263157894736,-0.3755195163230125,-1.534813001805505,193446.14404432132,1130.0,268.0,862.0,6266,52,1104,575.0,569.6363636363636,0.0516775816739346,-1.6640675563406768,199817.86776859505,1096.0,60.0,1036.0,1634046399.735503,0.0045650005340576,21.87485885620117
6476,0,1,0,0,3,2,1096,2211110130,1130,64,1116,17,59861,29483,4,0,0,43,15,2211110130,17,59861,11123,14744,86,1150,949.0,737.2,-0.4607208178012302,-1.4721803681994206,191894.46,1130.0,355.0,775.0,7362,52,1104,617.0,613.5,-0.1146387186014201,-1.6877657069649028,204330.5833333333,1096.0,60.0,1036.0,1634046399.745461,0.0099580287933349,21.884816884994503
6477,0,1,0,0,3,2,1096,2211110130,1130,64,1116,17,59861,29483,4,0,0,43,15,2211110130,17,59861,11123,1130,1130,1130,1130.0,1130.0,0.0,-3.0,0.0,1130.0,1130.0,0.0,8458,52,1104,659.0,650.6153846153846,-0.2585832543444331,-1.6547965209962263,205143.46745562128,1096.0,60.0,1036.0,1634046399.745461,0.0,21.884816884994503
6478,0,1,0,0,3,2,1096,2211110130,1130,64,1116,17,59861,29483,4,0,0,43,15,2211110130,17,59861,11123,2260,1130,1130,1130.0,1130.0,0.0,-3.0,0.0,1130.0,1130.0,0.0,9554,52,1104,877.5,682.4285714285714,-0.385935000196044,-1.585704175510071,203647.387755102,1096.0,147.0,949.0,1634046399.745461,0.0,21.884816884994503
6479,0,1,0,0,3,2,1096,2211110130,1130,64,1116,17,59861,29483,4,0,0,43,15,2211110130,17,59861,11123,3390,1130,1130,1130.0,1130.0,0.0,-3.0,0.0,1130.0,1130.0,0.0,10650,52,1104,1096.0,710.0,-0.5005476001132141,-1.492225766720895,200713.46666666667,1096.0,234.0,862.0,1634046399.746061,0.0006000995635986,21.885416984558102
6480,0,1,0,0,3,2,1096,2211110130,1130,64,1116,17,59861,29483,4,0,0,43,15,2211110130,17,59861,11123,4520,1130,1130,1130.0,1130.0,0.0,-3.0,0.0,1130.0,1130.0,0.0,11746,52,1104,1096.0,734.125,-0.6050895109618919,-1.3815298267069185,196899.109375,1096.0,321.0,775.0,1634046399.746061,0.0,21.885416984558102
6481,0,1,0,0,3,2,635,2211110130,669,64,655,17,59861,29483,4,0,0,43,15,2211110130,17,59861,11123,5189,669,1130,1130.0,1037.8,-1.4999999999999996,0.2499999999999986,34003.36,1130.0,1130.0,0.0,12381,52,1104,1096.0,728.2941176470588,-0.5811129840573214,-1.3227985205732105,185860.79584775088,1096.0,408.0,688.0,1634046399.746061,0.0,21.885416984558102
6482,0,1,0,0,3,2,408,2211110130,442,64,428,17,59861,29483,4,0,0,43,15,2211110130,17,59861,11123,5631,442,1130,1130.0,938.5,-0.8773350280043912,-1.0251652005524987,77638.58333333333,1130.0,784.25,345.75,12789,52,1104,877.5,710.5,-0.4696187994338879,-1.399465310963606,180917.91666666663,1096.0,408.0,688.0,1634046399.746721,0.0006599426269531,21.886076927185055
6483,0,1,0,0,2,3,60,3232270721,94,47,80,17,29483,59861,4,0,0,43,15,2211110130,17,59861,11123,5725,94,1130,1130.0,817.8571428571429,-0.7432028069704751,-0.991089932923717,153875.55102040814,1130.0,555.5,574.5,12849,52,1104,659.0,676.2631578947369,-0.3423365297966418,-1.549702546591397,192494.82548476453,1096.0,234.0,862.0,1634046399.75171,0.0049889087677001,21.891065835952755
6484,0,1,0,0,2,3,56,3232270721,90,47,76,17,29483,59861,4,0,0,43,15,2211110130,17,59861,11123,5815,90,1130,899.5,726.875,-0.4038831376727088,-1.5265927811286149,192585.359375,1130.0,355.0,775.0,12905,52,1104,647.0,645.25,-0.2289505098530978,-1.6472888133751291,201144.5875,1096.0,60.0,1036.0,1634046399.770441,0.0187311172485351,21.90979695320129
6485,0,1,0,0,2,3,60,3232270721,94,47,80,17,29483,59861,4,0,0,43,15,2211110130,17,59861,11123,5909,90,1130,669.0,656.5555555555555,-0.1416107415772387,-1.7330539547881771,210745.5802469136,1130.0,94.0,1036.0,60,60,60,60.0,60.0,0.0,-3.0,0.0,60.0,60.0,0.0,1634046399.770493,5.197525024414063e-05,21.909848928451535
6486,0,1,0,0,3,2,60,2211110130,94,64,80,17,59861,29483,4,0,0,43,15,2211110130,17,59861,11123,6003,90,1130,555.5,600.3,0.067340716202716,-1.7802335301754606,218153.21,1130.0,94.0,1036.0,120,60,60,60.0,60.0,0.0,-3.0,0.0,60.0,60.0,0.0,1634046399.770534,4.100799560546875e-05,21.90988993644714
6487,0,1,0,0,3,2,1096,2211110130,1130,64,1116,17,59861,29483,4,0,0,43,15,2211110130,17,59861,11123,7133,90,1130,669.0,648.4545454545455,-0.1185836267563157,-1.7929986675695573,221509.70247933883,1130.0,94.0,1036.0,1216,60,1096,60.0,405.3333333333333,0.7071067811865478,-1.5,238510.22222222225,578.0,60.0,518.0,1634046399.791278,0.0207438468933105,21.93063378334045
6488,0,1,0,0,3,2,1096,2211110130,1130,64,1116,17,59861,29483,4,0,0,43,15,2211110130,17,59861,11123,8263,90,1130,899.5,688.5833333333334,-0.2763864386641204,-1.7435523075036234,220764.07638888888,1130.0,94.0,1036.0,2312,60,1096,578.0,578.0,0.0,-2.0,268324.0,1096.0,60.0,1036.0,1634046399.793027,0.001749038696289,21.93238282203674
6489,0,1,0,0,3,2,1096,2211110130,1130,64,1116,17,59861,29483,4,0,0,43,15,2211110130,17,59861,11123,9393,90,1130,1130.0,722.5384615384615,-0.4142558410653857,-1.6559584995762044,217617.6331360947,1130.0,94.0,1036.0,3408,60,1096,1096.0,681.6,-0.4082482904638631,-1.8333333333333333,257591.04000000004,1096.0,60.0,1036.0,1634046399.793027,0.0,21.93238282203674
6490,0,1,0,0,3,2,464,2211110130,498,64,484,17,59861,29483,4,0,0,43,15,2211110130,17,59861,11123,9891,90,1130,899.5,706.5,-0.3219189985795243,-1.6480920335413196,205417.5357142857,1130.0,181.0,949.0,3872,60,1096,780.0,645.3333333333334,-0.2121521058739531,-1.775497820730246,221235.5555555556,1096.0,161.0,935.0,1634046399.793027,0.0,21.93238282203674
6491,0,1,0,0,3,2,408,2211110130,442,64,428,17,59861,29483,4,0,0,43,15,2211110130,17,59861,11123,10333,90,1130,669.0,688.8666666666667,-0.2168626374150133,-1.6507018910465068,196076.1155555556,1130.0,268.0,862.0,4280,60,1096,464.0,611.4285714285714,-0.0092260220144774,-1.6961446273540737,196527.6734693877,1096.0,234.0,862.0,1634046399.793027,0.0,21.93238282203674
6492,0,1,0,0,2,3,60,3232270721,94,47,80,17,29483,59861,4,0,0,43,15,2211110130,17,59861,11123,10427,90,1130,583.5,651.6875,-0.0858379615133322,-1.7195099248675187,204555.71484375,1130.0,94.0,1036.0,4340,60,1096,436.0,542.5,0.22697654435424,-1.6805965023888372,205219.75,1096.0,60.0,1036.0,1634046399.804581,0.0115540027618408,21.94393682479858
6493,0,1,0,0,3,2,1096,2211110130,1130,64,1116,17,59861,29483,4,0,0,43,15,2211110130,17,59861,11123,11557,90,1130,669.0,679.8235294117648,-0.1977392339137529,-1.7031683244700682,205189.20415224915,1130.0,94.0,1036.0,5436,60,1096,464.0,604.0,-0.0190992555951361,-1.774254113045162,212675.5555555556,1096.0,60.0,1036.0,1634046399.81445,0.00986909866333,21.95380592346191
6494,0,1,0,0,3,2,1096,2211110130,1130,64,1116,17,59861,29483,4,0,0,43,15,2211110130,17,59861,11123,12687,90,1130,899.5,704.8333333333334,-0.2990817301413656,-1.6636098180436023,204423.1388888889,1130.0,181.0,949.0,6532,60,1096,780.0,653.2,-0.2170189439252474,-1.7490230306555634,213193.76,1096.0,147.0,949.0,1634046399.815601,0.0011510848999023,21.954957008361813
6495,0,1,0,0,3,2,1096,2211110130,1130,64,1116,17,59861,29483,4,0,0,43,15,2211110130,17,59861,11123,13817,90,1130,1130.0,727.2105263157895,-0.3919163243606079,-1.6070826179616562,202677.32409972305,1130.0,268.0,862.0,7628,60,1096,1096.0,693.4545454545455,-0.3839719095404446,-1.6602865696758071,210016.79338842977,1096.0,234.0,862.0,1634046399.817373,0.0017719268798828,21.956728935241696
6496,0,1,0,0,3,2,1096,2211110130,1130,64,1116,17,59861,29483,4,0,0,43,15,2211110130,17,59861,11123,14947,90,1130,1130.0,747.35,-0.4777551582927319,-1.5377829049388505,200249.8275,1130.0,355.0,775.0,8724,60,1096,1096.0,727.0,-0.529380844531589,-1.533682403621267,204893.66666666663,1096.0,321.0,775.0,1634046399.81814,0.0007669925689697,21.957495927810665
6497,0,1,0,0,3,2,1116,2211110130,1150,64,1136,17,59861,29483,4,0,0,43,15,2211110130,17,59861,11123,1150,1150,1150,1150.0,1150.0,0.0,-3.0,0.0,1150.0,1150.0,0.0,9840,60,1116,1096.0,756.9230769230769,-0.6575906125861222,-1.3844419794600658,199877.301775148,1096.0,408.0,688.0,1634046399.828972,0.0108320713043212,21.968327999114987
6498,0,1,0,0,3,2,1096,2211110130,1130,64,1116,17,59861,29483,4,0,0,43,15,2211110130,17,59861,11123,2280,1130,1150,1140.0,1140.0,0.0,-2.0,100.0,1145.0,1135.0,10.0,10936,60,1116,1096.0,781.1428571428571,-0.7750948925295702,-1.216894903435081,193226.1224489796,1096.0,422.0,674.0,1634046399.828972,0.0,21.968327999114987
6499,0,1,0,0,3,2,491,2211110130,525,64,511,17,59861,29483,4,0,0,43,15,2211110130,17,59861,11123,2805,525,1150,1130.0,935.0,-0.7045857353865614,-1.5000000000000002,84116.66666666667,1140.0,827.5,312.5,11427,60,1116,1096.0,761.8,-0.6541482476982927,-1.3117232490212516,185582.42666666672,1096.0,436.0,660.0,1634046399.828972,0.0,21.968327999114987
6500,0,1,0,0,2,3,60,3232270721,94,47,80,17,29483,59861,4,0,0,43,15,2211110130,17,59861,11123,2899,94,1150,827.5,724.75,-0.3333988427972468,-1.5669148244151083,195702.6875,1135.0,417.25,717.75,11487,60,1116,1096.0,717.9375,-0.4800592342474608,-1.5506637522388618,202842.30859375,1096.0,321.0,775.0,1634046399.841371,0.0123989582061767,21.980726957321163
6501,0,1,0,0,2,3,52,3232270721,86,47,72,17,29483,59861,4,0,0,43,15,2211110130,17,59861,11123,2985,86,1150,525.0,597.0,0.1138162296801335,-1.754622689032428,221842.4,1130.0,94.0,1036.0,11539,52,1116,1096.0,678.7647058823529,-0.33263312475004,-1.696906521954105,215462.5328719723,1096.0,60.0,1036.0,1634046399.841425,5.3882598876953125e-05,21.98078083992004
6502,0,1,0,0,3,2,408,2211110130,442,64,428,17,59861,29483,4,0,0,43,15,2211110130,17,59861,11123,3427,86,1150,483.5,571.1666666666666,0.2926309442023925,-1.506939833212792,188205.47222222225,978.75,181.0,797.75,11947,52,1116,793.5,663.7222222222222,-0.2453346883258191,-1.7029971408780655,207339.08950617287,1096.0,147.0,949.0,1634046399.847029,0.0056040287017822,21.986384868621823
6503,0,1,0,0,3,2,56,2211110130,90,64,76,17,59861,29483,4,0,0,43,15,2211110130,17,59861,11123,3517,86,1150,442.0,502.4285714285714,0.5327011905846516,-1.3408185092497762,189668.5306122449,827.5,92.0,735.5,12003,52,1116,491.0,631.7368421052631,-0.1316324074314291,-1.7649735769079058,214841.6675900277,1096.0,60.0,1036.0,1634046399.881364,0.0343351364135742,22.020720005035397
6504,0,1,0,0,3,2,1096,2211110130,1130,64,1116,17,59861,29483,4,0,0,43,15,2211110130,17,59861,11123,4647,86,1150,483.5,580.875,0.2063410488216945,-1.6801701197613963,209036.859375,1130.0,93.0,1037.0,13099,52,1116,793.5,654.95,-0.22561692354564,-1.7404796101973063,214337.7475,1096.0,60.0,1036.0,1634046399.881364,0.0,22.020720005035397
6505,0,1,0,0,3,2,1096,2211110130,1130,64,1116,17,59861,29483,4,0,0,43,15,2211110130,17,59861,11123,5777,86,1150,525.0,641.8888888888889,-0.0375814641098697,-1.7638661120480317,215592.09876543208,1130.0,94.0,1036.0,1096,1096,1096,1096.0,1096.0,0.0,-3.0,0.0,1096.0,1096.0,0.0,1634046399.881916,0.0005519390106201,22.021271944046017
6506,0,1,0,0,3,2,1096,2211110130,1130,64,1116,17,59861,29483,4,0,0,43,15,2211110130,17,59861,11123,6907,86,1150,827.5,690.7,-0.23420329675458,-1.7319742408435974,215475.61,1130.0,181.0,949.0,2192,1096,1096,1096.0,1096.0,0.0,-3.0,0.0,1096.0,1096.0,0.0,1634046399.881916,0.0,22.021271944046017
6507,0,1,0,0,3,2,548,2211110130,582,64,568,17,59861,29483,4,0,0,43,15,2211110130,17,59861,11123,7489,86,1150,582.0,680.8181818181819,-0.1783195707045851,-1.6375098021562196,196863.4214876033,1130.0,268.0,862.0,2740,548,1096,1096.0,913.3333333333334,-0.707106781186548,-1.4999999999999996,66734.22222222222,1096.0,822.0,274.0,1634046399.881916,0.0,22.021271944046017
6508,0,1,0,0,3,2,408,2211110130,442,64,428,17,59861,29483,4,0,0,43,15,2211110130,17,59861,11123,7931,86,1150,553.5,660.9166666666666,-0.0550090316732797,-1.5980117084642351,184814.90972222225,1130.0,355.0,775.0,3148,408,1096,822.0,787.0,-0.0741080753931995,-1.901807185325941,97931.0,1096.0,513.0,583.0,1634046399.881916,0.0,22.021271944046017
6509,0,1,0,0,2,3,60,3232270721,94,47,80,17,29483,59861,4,0,0,43,15,2211110130,17,59861,11123,8025,86,1150,525.0,617.3076923076923,0.0862556164378642,-1.630925930778099,193419.2899408284,1130.0,94.0,1036.0,3208,60,1096,548.0,641.6,-0.0688938076138386,-1.4721570404000568,162909.44,1096.0,408.0,688.0,1634046399.891302,0.0093860626220703,22.030658006668087
6510,0,1,0,0,3,2,60,2211110130,94,64,80,17,59861,29483,4,0,0,43,15,2211110130,17,59861,11123,8119,86,1150,483.5,579.9285714285714,0.2138308422020853,-1.617588292193242,197767.20918367343,1130.0,94.0,1036.0,3268,60,1096,478.0,544.6666666666666,0.2238640095789505,-1.525150488066508,182738.22222222225,959.0,147.0,812.0,1634046399.897215,0.0059127807617187,22.036570787429806
6511,0,1,0,0,3,2,1096,2211110130,1130,64,1116,17,59861,29483,4,0,0,43,15,2211110130,17,59861,11123,9249,86,1150,525.0,616.6,0.0678131557704996,-1.694589820040342,203409.84,1130.0,94.0,1036.0,4364,60,1096,548.0,623.4285714285714,-0.086266289526578,-1.6567092447655891,193853.387755102,1096.0,234.0,862.0,1634046399.897215,0.0,22.036570787429806
6512,0,1,0,0,3,2,1096,2211110130,1130,64,1116,17,59861,29483,4,0,0,43,15,2211110130,17,59861,11123,10379,86,1150,553.5,648.6875,-0.0596912359605399,-1.7193266405402183,206140.83984375,1130.0,94.0,1036.0,5460,60,1096,822.0,682.5,-0.3257461406191639,-1.5949006923895694,194047.75,1096.0,321.0,775.0,1634046399.903731,0.0065162181854248,22.04308700561523
6513,0,1,0,0,3,2,1096,2211110130,1130,64,1116,17,59861,29483,4,0,0,43,15,2211110130,17,59861,11123,11509,86,1150,582.0,677.0,-0.1731720137435058,-1.7091578561633722,206840.4705882353,1130.0,94.0,1036.0,6556,60,1096,1096.0,728.4444444444445,-0.5229232810287974,-1.4442036332010209,189374.02469135803,1096.0,408.0,688.0,1634046399.903731,0.0,22.04308700561523
6514,0,1,0,0,3,2,1096,2211110130,1130,64,1116,17,59861,29483,4,0,0,43,15,2211110130,17,59861,11123,12639,86,1150,856.0,702.1666666666666,-0.275694469602059,-1.6745402845651227,206116.47222222225,1130.0,181.0,949.0,7652,60,1096,1096.0,765.2,-0.6921233602802982,-1.245462235727176,182595.36,1096.0,443.0,653.0,1634046399.903731,0.0,22.04308700561523
6515,0,1,0,0,3,2,396,2211110130,430,64,416,17,59861,29483,4,0,0,43,15,2211110130,17,59861,11123,13069,86,1150,582.0,687.8421052631579,-0.1909793123450401,-1.6757926063400246,198961.71191135733,1130.0,262.0,868.0,8048,60,1096,1096.0,731.6363636363636,-0.4794558193414267,-1.4448231330908168,177260.95867768594,1096.0,402.0,694.0,1634046399.903731,0.0,22.04308700561523
6516,0,1,0,0,3,2,408,2211110130,442,64,428,17,59861,29483,4,0,0,43,15,2211110130,17,59861,11123,13511,86,1150,553.5,675.55,-0.1161926560037778,-1.6603012236372665,191884.4475,1130.0,346.0,784.0,8456,60,1096,822.0,704.6666666666666,-0.3098382318280249,-1.5340587115713418,170490.22222222222,1096.0,405.0,691.0,1634046399.903731,0.0,22.04308700561523
6517,0,1,0,0,3,2,1096,2211110130,1130,64,1116,17,59861,29483,4,0,0,43,15,2211110130,17,59861,11123,1130,1130,1130,1130.0,1130.0,0.0,-3.0,0.0,1130.0,1130.0,0.0,9552,60,1096,1096.0,734.7692307692307,-0.4454983598701373,-1.448379413902632,168249.56213017754,1096.0,408.0,688.0,1634046399.904511,0.0007798671722412,22.043866872787472
6518,0,1,0,0,3,2,1096,2211110130,1130,64,1116,17,59861,29483,4,0,0,43,15,2211110130,17,59861,11123,2260,1130,1130,1130.0,1130.0,0.0,-3.0,0.0,1130.0,1130.0,0.0,10648,60,1096,1096.0,760.5714285714286,-0.5669952496423831,-1.3352320266659483,164886.5306122449,1096.0,408.0,688.0,1634046399.906167,0.0016560554504394,22.04552292823791
6519,0,1,0,0,3,2,1096,2211110130,1130,64,1116,17,59861,29483,4,0,0,43,15,2211110130,17,59861,11123,3390,1130,1130,1130.0,1130.0,0.0,-3.0,0.0,1130.0,1130.0,0.0,11744,60,1096,1096.0,782.9333333333333,-0.6774462430881745,-1.2031529235997036,160894.86222222223,1096.0,408.0,688.0,1634046399.906167,0.0,22.04552292823791
6520,0,1,0,0,3,2,1096,2211110130,1130,64,1116,17,59861,29483,4,0,0,43,15,2211110130,17,59861,11123,4520,1130,1130,1130.0,1130.0,0.0,-3.0,0.0,1130.0,1130.0,0.0,12840,60,1096,1096.0,802.5,-0.7790399109168019,-1.057476634749023,156581.75,1096.0,408.0,688.0,1634046399.906167,0.0,22.04552292823791
6521,0,1,0,0,3,2,1096,2211110130,1130,64,1116,17,59861,29483,4,0,0,43,15,2211110130,17,59861,11123,5650,1130,1130,1130.0,1130.0,0.0,-3.0,0.0,1130.0,1130.0,0.0,13936,60,1096,1096.0,819.7647058823529,-0.8733683165106727,-0.901707083456285,152140.17993079586,1096.0,408.0,688.0,1634046399.906887,0.0007200241088867,22.046242952346798
6522,0,1,0,0,3,2,574,2211110130,608,64,594,17,59861,29483,4,0,0,43,15,2211110130,17,59861,11123,6258,608,1130,1130.0,1043.0,-1.7888543819998317,1.2000000000000002,37845.0,1130.0,1130.0,0.0,14510,60,1096,1096.0,806.1111111111111,-0.7774781319838788,-0.9821546919001064,146857.0987654321,1096.0,443.0,653.0,1634046399.906887,0.0,22.046242952346798
6523,0,1,0,0,2,3,60,3232270721,94,47,80,17,29483,59861,4,0,0,43,15,2211110130,17,59861,11123,6352,94,1130,1130.0,907.4285714285714,-1.3511604614786117,0.2131084521309545,142716.24489795917,1130.0,869.0,261.0,14570,60,1096,1096.0,766.8421052631579,-0.6394130306923298,-1.235402871818042,166884.7645429363,1096.0,408.0,688.0,1634046399.908747,0.0018599033355712,22.04810285568237
6524,0,1,0,0,3,2,52,2211110130,86,64,72,17,59861,29483,4,0,0,43,15,2211110130,17,59861,11123,6438,86,1130,1130.0,804.75,-0.7988291509752762,-1.1647900590265203,198676.9375,1130.0,479.5,650.5,14622,52,1096,1096.0,731.1,-0.5121051609871912,-1.4255810073988897,182812.99,1096.0,405.0,691.0,1634046399.921442,0.0126950740814208,22.06079792976379
6525,0,1,0,0,3,2,408,2211110130,442,64,428,17,59861,29483,4,0,0,43,15,2211110130,17,59861,11123,6880,86,1130,1130.0,764.4444444444445,-0.5474333573185454,-1.4093883504746354,189598.02469135803,1130.0,442.0,688.0,408,408,408,408.0,408.0,0.0,-3.0,0.0,408.0,408.0,0.0,1634046399.933301,0.0118589401245117,22.072656869888302
6526,0,1,0,0,2,3,60,3232270721,94,47,80,17,29483,59861,4,0,0,43,15,2211110130,17,59861,11123,6974,86,1130,869.0,697.4,-0.2892340952498171,-1.6887622413819223,211092.84,1130.0,181.0,949.0,468,60,408,234.0,234.0,0.0,-2.0,30276.0,321.0,147.0,174.0,1634046399.941532,0.0082309246063232,22.080887794494625
6527,0,1,0,0,3,2,1096,2211110130,1130,64,1116,17,59861,29483,4,0,0,43,15,2211110130,17,59861,11123,8104,86,1130,1130.0,736.7272727272727,-0.4518459018709753,-1.57944525501011,207368.92561983468,1130.0,268.0,862.0,1564,60,1096,408.0,521.3333333333334,0.3766675336035382,-1.5000000000000004,185304.8888888889,752.0,234.0,518.0,1634046399.955323,0.0137910842895507,22.094678878784176
6528,0,1,0,0,3,2,1096,2211110130,1130,64,1116,17,59861,29483,4,0,0,43,15,2211110130,17,59861,11123,9234,86,1130,1130.0,769.5,-0.5944504355189953,-1.435980933447451,201902.75,1130.0,355.0,775.0,2660,60,1096,752.0,665.0,-0.2173703793443629,-1.715628269693377,200899.0,1096.0,321.0,775.0,1634046399.958809,0.0034859180450439,22.09816479682922
6529,0,1,0,0,3,2,1096,2211110130,1130,64,1116,17,59861,29483,4,0,0,43,15,2211110130,17,59861,11123,10364,86,1130,1130.0,797.2307692307693,-0.7221501095596738,-1.2702731563834952,195599.71597633135,1130.0,442.0,688.0,3756,60,1096,1096.0,751.2,-0.5960310217014525,-1.4309581812273606,190440.96,1096.0,408.0,688.0,1634046399.958809,0.0,22.09816479682922
6530,0,1,0,0,3,2,796,2211110130,830,64,816,17,59861,29483,4,0,0,43,15,2211110130,17,59861,11123,11194,86,1130,1130.0,799.5714285714286,-0.7654110833417294,-1.1220438631667753,181699.5306122449,1130.0,483.5,646.5,4552,60,1096,946.0,758.6666666666666,-0.7071523669967249,-1.0728545774202851,158979.55555555553,1096.0,505.0,591.0,1634046399.958809,0.0,22.09816479682922
6531,0,1,0,0,2,3,60,3232270721,94,47,80,17,29483,59861,4,0,0,43,15,2211110130,17,59861,11123,11288,86,1130,1130.0,752.5333333333333,-0.5604630861499856,-1.4524651589780604,200562.38222222228,1130.0,268.0,862.0,4612,60,1096,796.0,658.8571428571429,-0.3162252223737254,-1.6205731629629354,196039.8367346939,1096.0,234.0,862.0,1634046399.959956,0.0011470317840576,22.099311828613278
6532,0,1,0,0,3,2,1116,2211110130,1150,64,1136,17,59861,29483,4,0,0,43,15,2211110130,17,59861,11123,12438,86,1150,1130.0,777.375,-0.6617610159461972,-1.3312199793592714,197283.859375,1130.0,355.0,775.0,5728,60,1116,946.0,716.0,-0.5318845925742104,-1.4533142959600829,194392.0,1096.0,321.0,775.0,1634046399.973273,0.0133171081542968,22.112628936767575
6533,0,1,0,0,2,3,56,3232270721,90,47,76,17,29483,59861,4,0,0,43,15,2211110130,17,59861,11123,12528,86,1150,1130.0,736.9411764705883,-0.4914789408298108,-1.5642159497701829,211837.23183391,1130.0,94.0,1036.0,5784,56,1116,796.0,642.6666666666666,-0.245280271898488,-1.7369191763387442,215815.11111111112,1096.0,60.0,1036.0,1634046399.977357,0.0040838718414306,22.116712808609005
6534,0,1,0,0,2,3,60,3232270721,94,47,80,17,29483,59861,4,0,0,43,15,2211110130,17,59861,11123,12622,86,1150,980.0,701.2222222222222,-0.3467804444494136,-1.709318053746033,221757.83950617287,1130.0,94.0,1036.0,5844,56,1116,602.0,584.4,-0.0227353868142347,-1.8260946966191305,224788.64,1096.0,60.0,1036.0,1634046399.977411,5.412101745605469e-05,22.11676692962646
6535,0,1,0,0,3,2,1096,2211110130,1130,64,1116,17,59861,29483,4,0,0,43,15,2211110130,17,59861,11123,13752,86,1150,1130.0,723.7894736842105,-0.4384586631528147,-1.6415640585681432,219253.4293628809,1130.0,94.0,1036.0,6940,56,1116,796.0,630.9090909090909,-0.2016357483284763,-1.8007423456382772,225984.26446280992,1096.0,60.0,1036.0,1634046399.979646,0.002234935760498,22.11900186538696
6536,0,1,0,0,2,3,60,3232270721,94,47,80,17,29483,59861,4,0,0,43,15,2211110130,17,59861,11123,13846,86,1150,980.0,692.3,-0.3119289944278388,-1.7536292725310136,227130.91,1130.0,94.0,1036.0,7000,56,1116,602.0,583.3333333333334,-0.0191026147484497,-1.859161970399689,232050.22222222225,1096.0,60.0,1036.0,1634046399.995285,0.0156390666961669,22.134640932083126
6537,0,1,0,0,3,2,1096,2211110130,1130,64,1116,17,59861,29483,4,0,0,43,15,2211110130,17,59861,11123,1130,1130,1130,1130.0,1130.0,0.0,-3.0,0.0,1130.0,1130.0,0.0,8096,56,1116,796.0,622.7692307692307,-0.1710158957837531,-1.840471564683156,232862.48520710057,1096.0,60.0,1036.0,1634046399.997344,0.002058982849121,22.136699914932247
6538,0,1,0,0,3,2,1096,2211110130,1130,64,1116,17,59861,29483,4,0,0,43,15,2211110130,17,59861,11123,2260,1130,1130,1130.0,1130.0,0.0,-3.0,0.0,1130.0,1130.0,0.0,9192,56,1116,946.0,656.5714285714286,-0.303791398285275,-1.7838087063987746,231083.1020408164,1096.0,60.0,1036.0,1634046399.997344,0.0,22.136699914932247
6539,0,1,0,0,3,2,1096,2211110130,1130,64,1116,17,59861,29483,4,0,0,43,15,2211110130,17,59861,11123,3390,1130,1130,1130.0,1130.0,0.0,-3.0,0.0,1130.0,1130.0,0.0,10288,56,1116,1096.0,685.8666666666667,-0.4222419114435046,-1.7018205288356405,227692.5155555556,1096.0,60.0,1036.0,1634046399.997344,0.0,22.136699914932247
6540,0,1,0,0,3,2,1096,2211110130,1130,64,1116,17,59861,29483,4,0,0,43,15,2211110130,17,59861,11123,4520,1130,1130,1130.0,1130.0,0.0,-3.0,0.0,1130.0,1130.0,0.0,11384,56,1116,1096.0,711.5,-0.5295717471393426,-1.602106933224999,223317.75,1096.0,60.0,1036.0,1634046399.99798,0.0006361007690429,22.13733601570129
6541,0,1,0,0,3,2,508,2211110130,542,64,528,17,59861,29483,4,0,0,43,15,2211110130,17,59861,11123,5062,542,1130,1130.0,1012.4,-1.4999999999999998,0.2499999999999991,55319.04,1130.0,1130.0,0.0,11892,56,1116,1096.0,699.5294117647059,-0.4641943138866268,-1.59665114131213,212474.13148788927,1096.0,60.0,1036.0,1634046399.99798,0.0,22.13733601570129
6542,0,1,0,0,3,2,408,2211110130,442,64,428,17,59861,29483,4,0,0,43,15,2211110130,17,59861,11123,5504,442,1130,1130.0,917.3333333333334,-0.735998959485909,-1.4184670264114552,91287.55555555556,1130.0,689.0,441.0,12300,56,1116,946.0,683.3333333333334,-0.3696521197874025,-1.629015425280211,205129.3333333333,1096.0,147.0,949.0,1634046399.99798,0.0,22.13733601570129
6543,0,1,0,0,3,2,60,2211110130,94,64,80,17,59861,29483,4,0,0,43,15,2211110130,17,59861,11123,5598,94,1130,1130.0,799.7142857142857,-0.5961954783379224,-1.261559749700407,161251.91836734695,1130.0,492.0,638.0,12360,56,1116,796.0,650.5263157894736,-0.2450949301562879,-1.7291784608710326,213706.459833795,1096.0,60.0,1036.0,1634046400.013094,0.0151138305664062,22.152449846267697
6544,0,1,0,0,2,3,60,3232270721,94,47,80,17,29483,59861,4,0,0,43,15,2211110130,17,59861,11123,5692,94,1130,836.0,711.5,-0.2921985926544744,-1.6286783170923889,195567.75,1130.0,355.0,775.0,12420,56,1116,652.0,621.0,-0.134338112018116,-1.7880930729141449,219585.4,1096.0,60.0,1036.0,1634046400.01423,0.0011360645294189,22.153585910797116
6545,0,1,0,0,3,2,408,2211110130,442,64,428,17,59861,29483,4,0,0,43,15,2211110130,17,59861,11123,6134,94,1130,542.0,681.5555555555555,-0.1084292497772585,-1.6194992463142286,181011.35802469132,1130.0,442.0,688.0,408,408,408,408.0,408.0,0.0,-3.0,0.0,408.0,408.0,0.0,1634046400.024142,0.0099120140075683,22.163497924804684
6546,0,1,0,0,3,2,1096,2211110130,1130,64,1116,17,59861,29483,4,0,0,43,15,2211110130,17,59861,11123,7264,94,1130,836.0,726.4,-0.2978669681445553,-1.57528773657903,181009.44,1130.0,442.0,688.0,1504,408,1096,752.0,752.0,0.0,-2.0,118336.0,924.0,580.0,344.0,1634046400.024782,0.0006399154663085,22.164137840270993
6547,0,1,0,0,3,2,1096,2211110130,1130,64,1116,17,59861,29483,4,0,0,43,15,2211110130,17,59861,11123,8394,94,1130,1130.0,763.0909090909091,-0.4596154413952667,-1.4703224127012249,178016.26446280992,1130.0,442.0,688.0,2600,408,1096,1096.0,866.6666666666666,-0.7071067811865471,-1.5000000000000009,105187.55555555556,1096.0,752.0,344.0,1634046400.024782,0.0,22.164137840270993
6548,0,1,0,0,3,2,1096,2211110130,1130,64,1116,17,59861,29483,4,0,0,43,15,2211110130,17,59861,11123,9524,94,1130,1130.0,793.6666666666666,-0.6016626775482122,-1.328749438692473,173465.22222222225,1130.0,442.0,688.0,3696,408,1096,1096.0,924.0,-1.1547005383792517,-0.6666666666666665,88752.0,1096.0,924.0,172.0,1634046400.024782,0.0,22.164137840270993
6549,0,1,0,0,3,2,966,2211110130,1000,64,986,17,59861,29483,4,0,0,43,15,2211110130,17,59861,11123,10524,94,1130,1130.0,809.5384615384615,-0.7165977830533384,-1.147345898391552,163144.71005917157,1130.0,442.0,688.0,4662,408,1096,1096.0,932.4,-1.3769727539298993,0.0610866481597605,71283.84000000001,1096.0,966.0,130.0,1634046400.025482,0.0006999969482421,22.164837837219235
6550,0,1,0,0,2,3,52,3232270721,86,47,72,17,29483,59861,4,0,0,43,15,2211110130,17,59861,11123,10610,86,1130,1065.0,757.8571428571429,-0.5213577833351497,-1.4510102495338817,186213.97959183677,1130.0,442.0,688.0,4714,52,1096,1031.0,785.6666666666666,-0.86225413848824,-0.975736409465826,167056.55555555556,1096.0,547.5,548.5,1634046400.04798,0.0224981307983398,22.187335968017575
6551,0,1,0,0,3,2,1096,2211110130,1130,64,1116,17,59861,29483,4,0,0,43,15,2211110130,17,59861,11123,11740,86,1130,1130.0,782.6666666666666,-0.6322322347835894,-1.3283940968241974,182416.8888888889,1130.0,442.0,688.0,5810,52,1096,1096.0,830.0,-1.0963799805271848,-0.511302018693836,154984.0,1096.0,687.0,409.0,1634046400.059241,0.011260986328125,22.1985969543457
6552,0,1,0,0,3,2,1096,2211110130,1130,64,1116,17,59861,29483,4,0,0,43,15,2211110130,17,59861,11123,12870,86,1130,1130.0,804.375,-0.7340897220556399,-1.1918461043869693,178084.609375,1130.0,442.0,688.0,6906,52,1096,1096.0,863.25,-1.2992478842325843,-0.0140633074448568,143349.9375,1096.0,826.5,269.5,1634046400.060409,0.0011680126190185,22.199764966964718
6553,0,1,0,0,3,2,1096,2211110130,1130,64,1116,17,59861,29483,4,0,0,43,15,2211110130,17,59861,11123,14000,86,1130,1130.0,823.5294117647059,-0.828554963121463,-1.0449594009473495,173479.3079584775,1130.0,442.0,688.0,8002,52,1096,1096.0,889.1111111111111,-1.4799259195510983,0.5022895005809773,132772.54320987657,1096.0,966.0,130.0,1634046400.060409,0.0,22.199764966964718
6554,0,1,0,0,3,2,1096,2211110130,1130,64,1116,17,59861,29483,4,0,0,43,15,2211110130,17,59861,11123,15130,86,1130,1130.0,840.5555555555555,-0.9168471547648164,-0.890192196689156,168769.69135802472,1130.0,467.0,663.0,9098,52,1096,1096.0,909.8,-1.6439586742753034,1.0307376022204051,123347.56,1096.0,998.5,97.5,1634046400.060409,0.0,22.199764966964718
6555,0,1,0,0,3,2,1096,2211110130,1130,64,1116,17,59861,29483,4,0,0,43,15,2211110130,17,59861,11123,16260,86,1130,1130.0,855.7894736842105,-0.9999033246519464,-0.7292820941248244,164064.37673130195,1130.0,492.0,638.0,10194,52,1096,1096.0,926.7272727272727,-1.794984622160689,1.56731866652415,114999.47107438016,1096.0,1031.0,65.0,1634046400.061138,0.0007288455963134,22.20049381256103
6556,0,1,0,0,3,2,658,2211110130,692,64,678,17,59861,29483,4,0,0,43,15,2211110130,17,59861,11123,16952,86,1130,1130.0,847.6,-0.954965424835694,-0.728400307637783,157135.43999999997,1130.0,517.0,613.0,10852,52,1096,1096.0,904.3333333333334,-1.578467755497788,1.082966120468412,110932.55555555552,1096.0,889.0,207.0,1634046400.061138,0.0,22.20049381256103
6557,0,1,0,0,3,2,56,2211110130,90,64,76,17,59861,29483,4,0,0,43,15,2211110130,17,59861,11123,90,90,90,90.0,90.0,0.0,-3.0,0.0,90.0,90.0,0.0,10908,52,1096,1096.0,839.0769230769231,-1.171754829867632,-0.2886308266907744,153500.07100591718,1096.0,658.0,438.0,1634046400.06246,0.0013220310211181,22.20181584358215
6558,0,1,0,0,3,2,408,2211110130,442,64,428,17,59861,29483,4,0,0,43,15,2211110130,17,59861,11123,532,90,442,266.0,266.0,0.0,-2.0,30976.0,354.0,178.0,176.0,11316,52,1096,1096.0,808.2857142857143,-0.9324233544912046,-0.7521086642033312,154861.0612244898,1096.0,470.5,625.5,1634046400.06246,0.0,22.20181584358215
6559,0,1,0,0,2,3,60,3232270721,94,47,80,17,29483,59861,4,0,0,43,15,2211110130,17,59861,11123,626,90,442,94.0,208.66666666666663,0.7067951202245192,-1.4999999999999996,27224.888888888887,268.0,92.0,176.0,11376,52,1096,1096.0,758.4,-0.7107723300584424,-1.2049797652525644,179377.17333333334,1096.0,408.0,688.0,1634046400.066847,0.0043871402740478,22.206202983856198
6560,0,1,0,0,3,2,1096,2211110130,1130,64,1116,17,59861,29483,4,0,0,43,15,2211110130,17,59861,11123,1756,90,1130,268.0,439.0,0.8093560462813357,-1.0077398532512167,179579.0,614.0,93.0,521.0,12472,52,1096,1096.0,779.5,-0.8110477316677853,-1.053802441142606,174844.25,1096.0,408.0,688.0,1634046400.073907,0.0070598125457763,22.213262796401974
6561,0,1,0,0,3,2,1096,2211110130,1130,64,1116,17,59861,29483,4,0,0,43,15,2211110130,17,59861,11123,2886,90,1130,442.0,577.2,0.2071544701374441,-1.769443639312971,220060.16,1130.0,94.0,1036.0,13568,52,1096,1096.0,798.1176470588235,-0.9043907241229184,-0.8933332185867311,170105.16262975775,1096.0,408.0,688.0,1634046400.074391,0.0004839897155761,22.21374678611755
6562,0,1,0,0,3,2,1096,2211110130,1130,64,1116,17,59861,29483,4,0,0,43,15,2211110130,17,59861,11123,4016,90,1130,786.0,669.3333333333334,-0.1605074531781218,-1.823513566674962,225826.22222222225,1130.0,181.0,949.0,14664,52,1096,1096.0,814.6666666666666,-0.9919012963119196,-0.7257308051512084,165310.66666666666,1096.0,470.5,625.5,1634046400.075021,0.0006301403045654,22.214376926422116
6563,0,1,0,0,3,2,1096,2211110130,1130,64,1116,17,59861,29483,4,0,0,43,15,2211110130,17,59861,11123,5146,90,1130,1130.0,735.1428571428571,-0.4318822664016841,-1.675757150248187,219550.69387755095,1130.0,268.0,862.0,15760,52,1096,1096.0,829.4736842105264,-1.074434023921042,-0.5525352483514947,160556.56509695295,1096.0,533.0,563.0,1634046400.075021,0.0,22.214376926422116
6564,0,1,0,0,3,2,951,2211110130,985,64,971,17,59861,29483,4,0,0,43,15,2211110130,17,59861,11123,6131,90,1130,1057.5,766.375,-0.6265764871752902,-1.4303210695865445,198934.984375,1130.0,355.0,775.0,16711,52,1096,1096.0,835.55,-1.1398604818727371,-0.377462814698414,153230.24750000003,1096.0,595.5,500.5,1634046400.075021,0.0,22.214376926422116
6565,0,1,0,0,2,3,60,3232270721,94,47,80,17,29483,59861,4,0,0,43,15,2211110130,17,59861,11123,6225,90,1130,985.0,691.6666666666666,-0.3179069964306183,-1.7651029961716411,221481.77777777775,1130.0,94.0,1036.0,60,60,60,60.0,60.0,0.0,-3.0,0.0,60.0,60.0,0.0,1634046400.083463,0.0084419250488281,22.222818851470944
6566,0,1,0,0,3,2,408,2211110130,442,64,428,17,59861,29483,4,0,0,43,15,2211110130,17,59861,11123,6667,90,1130,713.5,666.7,-0.1725954246163129,-1.7490645812431356,204943.61,1130.0,181.0,949.0,468,60,408,234.0,234.0,0.0,-2.0,30276.0,321.0,147.0,174.0,1634046400.107765,0.0243020057678222,22.247120857238766
6567,0,1,0,0,3,2,1116,2211110130,1150,64,1136,17,59861,29483,4,0,0,43,15,2211110130,17,59861,11123,7817,90,1150,985.0,710.6363636363636,-0.337655478537446,-1.6784513050489085,205616.4132231405,1130.0,268.0,862.0,1584,60,1116,408.0,528.0,0.3892955772280436,-1.5,193056.0,762.0,234.0,528.0,1634046400.107765,0.0,22.247120857238766
6568,0,1,0,0,2,3,60,3232270721,94,47,80,17,29483,59861,4,0,0,43,15,2211110130,17,59861,11123,7911,90,1150,713.5,659.25,-0.1451678366954197,-1.799948301045962,217527.85416666663,1130.0,94.0,1036.0,1644,60,1116,234.0,411.0,0.8234353463838993,-0.9924567689157748,185859.0,585.0,60.0,525.0,1634046400.119305,0.0115399360656738,22.25866079330444
6569,0,1,0,0,3,2,1096,2211110130,1130,64,1116,17,59861,29483,4,0,0,43,15,2211110130,17,59861,11123,9041,90,1150,985.0,695.4615384615385,-0.2892141722878215,-1.747803779738302,216530.24852071004,1130.0,94.0,1036.0,2740,60,1116,408.0,548.0,0.2128417955076414,-1.7694099706135833,223763.2,1096.0,60.0,1036.0,1634046400.122757,0.0034520626068115,22.26211285591125
6570,0,1,0,0,3,2,1096,2211110130,1130,64,1116,17,59861,29483,4,0,0,43,15,2211110130,17,59861,11123,10171,90,1150,1057.5,726.5,-0.4165347162559847,-1.664348737970197,213587.82142857145,1130.0,181.0,949.0,3836,60,1116,752.0,639.3333333333334,-0.156710716856812,-1.8259569090851344,228178.22222222225,1096.0,147.0,949.0,1634046400.123389,0.0006320476531982,22.26274490356445
6571,0,1,0,0,3,2,1104,2211110130,1138,64,1124,17,59861,29483,4,0,0,43,15,2211110130,17,59861,11123,11309,90,1150,1130.0,753.9333333333333,-0.5306455938846629,-1.5600482756544611,209884.8622222222,1130.0,268.0,862.0,4940,60,1116,1096.0,705.7142857142857,-0.4283793275148796,-1.680044805290634,222019.91836734692,1100.0,234.0,866.0,1634046400.123389,0.0,22.26274490356445
6572,0,1,0,0,3,2,1096,2211110130,1130,64,1116,17,59861,29483,4,0,0,43,15,2211110130,17,59861,11123,12439,90,1150,1130.0,777.4375,-0.6352208458435195,-1.4402418407204165,205053.74609375,1130.0,355.0,775.0,6036,60,1116,1096.0,754.5,-0.647946479265202,-1.4477009968066183,210927.75,1098.0,321.0,777.0,1634046400.123389,0.0,22.26274490356445
6573,0,1,0,0,3,2,1096,2211110130,1130,64,1116,17,59861,29483,4,0,0,43,15,2211110130,17,59861,11123,13569,90,1150,1130.0,798.1764705882352,-0.7316639858429534,-1.30931352154247,199873.4394463668,1130.0,442.0,688.0,7132,60,1116,1096.0,792.4444444444445,-0.8344003176655566,-1.171378852486095,199009.5802469136,1096.0,408.0,688.0,1634046400.123998,0.0006089210510253,22.263353824615475
6574,0,1,0,0,3,2,646,2211110130,680,64,666,17,59861,29483,4,0,0,43,15,2211110130,17,59861,11123,14249,90,1150,1130.0,791.6111111111111,-0.704376243408551,-1.26723478082368,189502.12654320983,1130.0,442.0,688.0,7778,60,1116,1096.0,777.8,-0.7662890912572818,-1.1224943830784104,181038.76,1096.0,467.5,628.5,1634046400.123998,0.0,22.263353824615475
6575,0,1,0,0,3,2,60,2211110130,94,64,80,17,59861,29483,4,0,0,43,15,2211110130,17,59861,11123,14343,90,1150,1130.0,754.8947368421053,-0.5480402721995473,-1.4984945613155989,203793.98891966755,1130.0,268.0,862.0,7838,60,1116,1096.0,712.5454545454545,-0.4926252672962103,-1.5404200568972508,207162.24793388436,1096.0,234.0,862.0,1634046400.12522,0.0012221336364746,22.26457595825195
6576,0,1,0,0,2,3,60,3232270721,94,47,80,17,29483,59861,4,0,0,43,15,2211110130,17,59861,11123,14437,90,1150,1057.5,721.85,-0.4136040618225615,-1.651685536042824,214351.4275,1130.0,94.0,1036.0,7898,60,1116,871.0,658.1666666666666,-0.2791927993849358,-1.74268011460815,222426.30555555556,1096.0,60.0,1036.0,1634046400.136012,0.0107920169830322,22.275367975234982
6577,0,1,0,0,3,2,408,2211110130,442,64,428,17,59861,29483,4,0,0,43,15,2211110130,17,59861,11123,442,442,442,442.0,442.0,0.0,-3.0,0.0,442.0,442.0,0.0,8306,60,1116,646.0,638.9230769230769,-0.167818850117828,-1.7269575274184663,209760.37869822487,1096.0,60.0,1036.0,1634046400.138683,0.0026710033416748,22.278038978576657
6578,0,1,0,0,3,2,1096,2211110130,1130,64,1116,17,59861,29483,4,0,0,43,15,2211110130,17,59861,11123,1572,442,1130,786.0,786.0,0.0,-2.0,118336.0,958.0,614.0,344.0,9402,60,1116,871.0,671.5714285714286,-0.300317237577331,-1.6782879536328998,208634.38775510204,1096.0,147.0,949.0,1634046400.147507,0.0088238716125488,22.286862850189205
6579,0,1,0,0,3,2,1096,2211110130,1130,64,1116,17,59861,29483,4,0,0,43,15,2211110130,17,59861,11123,2702,442,1130,1130.0,900.6666666666666,-0.7071067811865471,-1.5000000000000009,105187.55555555556,1130.0,786.0,344.0,10498,60,1116,1096.0,699.8666666666667,-0.4185831302527993,-1.6017714840418291,205934.1155555556,1096.0,234.0,862.0,1634046400.147507,0.0,22.286862850189205
6580,0,1,0,0,3,2,1096,2211110130,1130,64,1116,17,59861,29483,4,0,0,43,15,2211110130,17,59861,11123,3832,442,1130,1130.0,958.0,-1.1547005383792517,-0.6666666666666665,88752.0,1130.0,958.0,172.0,11594,60,1116,1096.0,724.625,-0.5257787369035755,-1.5058681100071265,202257.859375,1096.0,321.0,775.0,1634046400.148633,0.0011260509490966,22.287988901138302
6581,0,1,0,0,3,2,869,2211110130,903,64,889,17,59861,29483,4,0,0,43,15,2211110130,17,59861,11123,4735,442,1130,1130.0,947.0,-1.1561513618082675,-0.3227600304772342,71485.6,1130.0,903.0,227.0,12463,60,1116,1096.0,733.1176470588235,-0.593183212998051,-1.3870759084948063,191514.33910034603,1096.0,408.0,688.0,1634046400.148633,0.0,22.287988901138302
6582,0,1,0,0,3,2,1096,2211110130,1130,64,1116,17,59861,29483,4,0,0,43,15,2211110130,17,59861,11123,5865,442,1130,1130.0,977.5,-1.4314783835282865,0.411517996056133,64222.583333333336,1130.0,959.75,170.25,13559,60,1116,1096.0,753.2777777777778,-0.6840492977530552,-1.273935953009503,187783.9783950617,1096.0,408.0,688.0,1634046400.170796,0.022162914276123,22.310151815414425
6583,0,1,0,0,3,2,1096,2211110130,1130,64,1116,17,59861,29483,4,0,0,43,15,2211110130,17,59861,11123,6995,442,1130,1130.0,999.2857142857144,-1.6695083008477518,1.1766337285250206,57895.63265306124,1130.0,1016.5,113.5,14655,60,1116,1096.0,771.3157894736842,-0.7688787762798782,-1.1520382622747165,183757.2686980609,1096.0,408.0,688.0,1634046400.170796,0.0,22.310151815414425
6584,0,1,0,0,2,3,60,3232270721,94,47,80,17,29483,59861,4,0,0,43,15,2211110130,17,59861,11123,7089,94,1130,1130.0,886.125,-1.2181459872828484,-0.1402893772873037,140296.109375,1130.0,787.75,342.25,14715,60,1116,1096.0,735.75,-0.6134750110139233,-1.4066541267059034,198602.9875,1096.0,321.0,775.0,1634046400.170927,0.0001311302185058,22.31028294563293
6585,0,1,0,0,3,2,1096,2211110130,1130,64,1116,17,59861,29483,4,0,0,43,15,2211110130,17,59861,11123,8219,94,1130,1130.0,913.2222222222222,-1.3970732810708113,0.3425694304425959,130581.72839506174,1130.0,903.0,227.0,1096,1096,1096,1096.0,1096.0,0.0,-3.0,0.0,1096.0,1096.0,0.0,1634046400.171588,0.0006608963012695,22.3109438419342
6586,0,1,0,0,3,2,1096,2211110130,1130,64,1116,17,59861,29483,4,0,0,43,15,2211110130,17,59861,11123,9349,94,1130,1130.0,934.9,-1.5592217053738529,0.8396217043662282,121752.88999999998,1130.0,959.75,170.25,2192,1096,1096,1096.0,1096.0,0.0,-3.0,0.0,1096.0,1096.0,0.0,1634046400.171588,0.0,22.3109438419342
6587,0,1,0,0,3,2,1096,2211110130,1130,64,1116,17,59861,29483,4,0,0,43,15,2211110130,17,59861,11123,10479,94,1130,1130.0,952.6363636363636,-1.7082813829628225,1.3461574137415315,113830.2314049587,1130.0,1016.5,113.5,3288,1096,1096,1096.0,1096.0,0.0,-3.0,0.0,1096.0,1096.0,0.0,1634046400.171588,0.0,22.3109438419342
6588,0,1,0,0,3,2,327,2211110130,361,64,347,17,59861,29483,4,0,0,43,15,2211110130,17,59861,11123,10840,94,1130,1130.0,903.3333333333334,-1.219757632091405,-0.1775262801574162,131083.05555555556,1130.0,787.75,342.25,3615,327,1096,1096.0,903.75,-1.1547005383792517,-0.6666666666666665,110880.1875,1096.0,903.75,192.25,1634046400.171588,0.0,22.3109438419342
6589,0,1,0,0,3,2,408,2211110130,442,64,428,17,59861,29483,4,0,0,43,15,2211110130,17,59861,11123,11282,94,1130,1130.0,867.8461538461538,-0.9250599619400895,-0.8070457038548065,136111.82248520709,1130.0,442.0,688.0,4023,327,1096,1096.0,804.6,-0.4238951261808976,-1.7993087424776986,128027.04,1096.0,408.0,688.0,1634046400.180155,0.0085670948028564,22.319510936737057
6590,0,1,0,0,2,3,56,3232270721,90,47,76,17,29483,59861,4,0,0,43,15,2211110130,17,59861,11123,11372,90,1130,1130.0,812.2857142857143,-0.7185136185594077,-1.1993682180876952,166520.06122448976,1130.0,442.0,688.0,4079,56,1096,752.0,679.8333333333334,-0.1904058642404398,-1.715567447023474,184522.80555555556,1096.0,347.25,748.75,1634046400.188877,0.0087220668792724,22.32823300361633
6591,0,1,0,0,2,3,60,3232270721,94,47,80,17,29483,59861,4,0,0,43,15,2211110130,17,59861,11123,11466,90,1130,1130.0,764.4,-0.5323220297668859,-1.4790832244251235,187521.3066666667,1130.0,401.5,728.5,4139,56,1096,408.0,591.2857142857143,0.0887524576612847,-1.7703806341440924,205206.4897959184,1096.0,193.5,902.5,1634046400.188932,5.4836273193359375e-05,22.328287839889523
6592,0,1,0,0,2,3,60,3232270721,94,47,80,17,29483,59861,4,0,0,43,15,2211110130,17,59861,11123,11560,90,1130,1016.5,722.5,-0.3727403916842433,-1.6550191014993794,202135.375,1130.0,294.25,835.75,4199,56,1096,367.5,524.875,0.3179424673646073,-1.6939828816706293,210428.359375,1096.0,60.0,1036.0,1634046400.205205,0.016273021697998,22.34456086158752
6593,0,1,0,0,3,2,1096,2211110130,1130,64,1116,17,59861,29483,4,0,0,43,15,2211110130,17,59861,11123,12690,90,1130,1130.0,746.4705882352941,-0.4744436770127528,-1.574320342246936,199438.48442906572,1130.0,361.0,769.0,5295,56,1096,408.0,588.3333333333334,0.0582619959821324,-1.8269832609508292,219263.11111111112,1096.0,60.0,1036.0,1634046400.213286,0.0080809593200683,22.35264182090759
6594,0,1,0,0,3,2,1096,2211110130,1130,64,1116,17,59861,29483,4,0,0,43,15,2211110130,17,59861,11123,13820,90,1130,1130.0,767.7777777777778,-0.5680286239364766,-1.4802556941410705,196076.50617283952,1130.0,381.25,748.75,6391,56,1096,752.0,639.1,-0.1472559100596693,-1.826404354957032,220532.09,1096.0,126.75,969.25,1634046400.213286,0.0,22.35264182090759
6595,0,1,0,0,3,2,1096,2211110130,1130,64,1116,17,59861,29483,4,0,0,43,15,2211110130,17,59861,11123,14950,90,1130,1130.0,786.8421052631579,-0.6549103775770835,-1.3760729016863062,192298.76454293623,1130.0,401.5,728.5,7487,56,1096,1096.0,680.6363636363636,-0.3188614621534364,-1.7560263969678322,217736.41322314047,1096.0,193.5,902.5,1634046400.213286,0.0,22.35264182090759
6596,0,1,0,0,3,2,1096,2211110130,1130,64,1116,17,59861,29483,4,0,0,43,15,2211110130,17,59861,11123,16080,90,1130,1130.0,804.0,-0.736162211584153,-1.2640482172886427,188277.3,1130.0,421.75,708.25,8583,56,1096,1096.0,715.25,-0.4672762762895361,-1.6446151242498726,212770.85416666663,1096.0,260.25,835.75,1634046400.213888,0.0006020069122314,22.35324382781982
6597,0,1,0,0,3,2,885,2211110130,919,64,905,17,59861,29483,4,0,0,43,15,2211110130,17,59861,11123,919,919,919,919.0,919.0,0.0,-3.0,0.0,919.0,919.0,0.0,9468,56,1096,1096.0,728.3076923076923,-0.5625586060390151,-1.499363471121563,198449.90532544375,1096.0,327.0,769.0,1634046400.213888,0.0,22.35324382781982
6598,0,1,0,0,3,2,32,2211110130,66,64,52,17,59861,29483,4,0,0,43,15,2211110130,17,59861,11123,985,66,919,492.5,492.5,0.0,-2.0,181902.25,705.75,279.25,426.5,9500,32,1096,990.5,678.5714285714286,-0.3761874108448524,-1.6996165334145696,216432.95918367343,1096.0,126.75,969.25,1634046400.21556,0.0016720294952392,22.35491585731506
6599,0,1,0,0,2,3,52,3232270721,86,48,72,17,10001,59861,4,0,0,43,15,2211110130,17,59861,11123,1071,66,919,86.0,357.0,0.7057643131613339,-1.4999999999999998,157988.66666666666,502.5,76.0,426.5,9552,32,1096,885.0,636.8,-0.2162841532789019,-1.8129640375757448,226432.02666666676,1096.0,60.0,1036.0,1634046400.231858,0.0162980556488037,22.371213912963864
6600,0,1,0,0,3,2,408,2211110130,442,64,428,17,59861,29483,4,0,0,43,15,2211110130,17,59861,11123,1513,66,919,264.0,378.25,0.6204886354427444,-1.219020738064504,119846.1875,561.25,81.0,480.25,9960,32,1096,646.5,622.5,-0.1336376112500019,-1.78811877044251,215347.375,1096.0,60.0,1036.0,1634046400.233663,0.0018050670623779,22.37301898002624
6601,0,1,0,0,2,3,60,3232270721,94,47,80,17,29483,59861,4,0,0,43,15,2211110130,17,59861,11123,1607,66,919,94.0,321.4,0.9680163015993624,-0.672840366132895,108804.63999999998,442.0,86.0,356.0,10020,32,1096,408.0,589.4117647058823,-0.0110767096027686,-1.8206210003842904,220197.18339100343,1096.0,60.0,1036.0,1634046400.238081,0.0044178962707519,22.377436876296994
6602,0,1,0,0,2,3,52,3232270721,86,47,72,17,29483,59861,4,0,0,43,15,2211110130,17,59861,11123,1693,66,919,90.0,282.1666666666667,1.245191396425924,-0.0454882384202095,98366.80555555556,355.0,86.0,269.0,10072,32,1096,408.0,559.5555555555555,0.0978001622260215,-1.8212843999223616,223117.6913580247,1096.0,60.0,1036.0,1634046400.254973,0.0168919563293457,22.39432883262634
6603,0,1,0,0,3,2,60,2211110130,94,64,80,17,59861,29483,4,0,0,43,15,2211110130,17,59861,11123,1787,66,919,94.0,255.28571428571428,1.4830374837818614,0.6274112840278305,88649.91836734695,268.0,86.0,182.0,10132,32,1096,408.0,533.2631578947369,0.1971499704111803,-1.7995801717627768,223817.87811634352,1096.0,60.0,1036.0,1634046400.255029,5.602836608886719e-05,22.394384860992428
6604,0,1,0,0,3,2,1096,2211110130,1130,64,1116,17,59861,29483,4,0,0,43,15,2211110130,17,59861,11123,2917,66,1130,94.0,364.625,0.98384869151785,-0.748414935583765,161254.234375,561.25,86.0,475.25,11228,32,1096,408.0,561.4,0.0874705665868175,-1.8426282498123403,227668.94000000003,1096.0,60.0,1036.0,1634046400.26048,0.005450963973999,22.399835824966427
6605,0,1,0,0,3,2,1116,2211110130,1150,64,1136,17,59861,29483,4,0,0,43,15,2211110130,17,59861,11123,4067,66,1150,94.0,451.8888888888889,0.610070407733839,-1.435622634917793,204256.987654321,919.0,86.0,833.0,1116,1116,1116,1116.0,1116.0,0.0,-3.0,0.0,1116.0,1116.0,0.0,1634046400.263762,0.0032820701599121,22.40311789512634
6606,0,1,0,0,3,2,1096,2211110130,1130,64,1116,17,59861,29483,4,0,0,43,15,2211110130,17,59861,11123,5197,66,1150,268.0,519.7,0.3343866081050893,-1.739092561216156,225216.41,1077.25,88.0,989.25,2212,1096,1116,1106.0,1106.0,0.0,-2.0,100.0,1111.0,1101.0,10.0,1634046400.263762,0.0,22.40311789512634
6607,0,1,0,0,3,2,1096,2211110130,1130,64,1116,17,59861,29483,4,0,0,43,15,2211110130,17,59861,11123,6327,66,1150,442.0,575.1818181818181,0.1205823424651802,-1.8582353044649704,235524.51239669425,1130.0,90.0,1040.0,3308,1096,1116,1096.0,1102.6666666666667,0.7071067811865236,-1.5000000000000222,88.88888888888887,1106.0,1096.0,10.0,1634046400.263762,0.0,22.40311789512634
6608,0,1,0,0,3,2,1096,2211110130,1130,64,1116,17,59861,29483,4,0,0,43,15,2211110130,17,59861,11123,7457,66,1150,680.5,621.4166666666666,-0.0549746778350899,-1.8822049005405856,239411.7430555556,1130.0,92.0,1038.0,4404,1096,1116,1096.0,1101.0,1.1547005383792517,-0.6666666666666665,75.0,1101.0,1096.0,5.0,1634046400.264473,0.0007109642028808,22.40382885932922
6609,0,1,0,0,3,2,989,2211110130,1023,64,1009,17,59861,29483,4,0,0,43,15,2211110130,17,59861,11123,8480,66,1150,919.0,652.3076923076923,-0.2010710972331985,-1.8415161000839075,232446.5207100592,1130.0,94.0,1036.0,5393,989,1116,1096.0,1078.6,-1.3858770221059915,0.1213792519846483,2067.04,1096.0,1096.0,0.0,1634046400.264473,0.0,22.40382885932922
6610,0,1,0,0,3,2,408,2211110130,442,64,428,17,59861,29483,4,0,0,43,15,2211110130,17,59861,11123,8922,66,1150,680.5,637.2857142857143,-0.1145891330258152,-1.8036269239373277,218776.77551020405,1130.0,94.0,1036.0,5801,408,1116,1096.0,966.8333333333334,-1.68847844712101,0.999842541639147,64181.47222222223,1096.0,1015.75,80.25,1634046400.265004,0.0005309581756591,22.40435981750488
6611,0,1,0,0,2,3,60,3232270721,94,47,80,17,29483,59861,4,0,0,43,15,2211110130,17,59861,11123,9016,66,1150,442.0,601.0666666666667,0.0247195714659598,-1.831548806015998,222557.12888888887,1130.0,94.0,1036.0,5861,60,1116,1096.0,837.2857142857143,-1.096578479616838,-0.5312135363750472,155708.20408163266,1096.0,698.5,397.5,1634046400.272387,0.007383108139038,22.411742925643917
6612,0,1,0,0,3,2,56,2211110130,90,64,76,17,59861,29483,4,0,0,43,15,2211110130,17,59861,11123,9106,66,1150,442.0,569.125,0.1470358076083537,-1.8208191522461863,223951.359375,1130.0,93.0,1037.0,5917,56,1116,1042.5,739.625,-0.6358270046064013,-1.434414209102667,203007.984375,1096.0,321.0,775.0,1634046400.281428,0.0090410709381103,22.420783996582028
6613,0,1,0,0,3,2,1096,2211110130,1130,64,1116,17,59861,29483,4,0,0,43,15,2211110130,17,59861,11123,10236,66,1150,442.0,602.1176470588235,0.0222297485419458,-1.854060749046766,228193.98615916955,1130.0,94.0,1036.0,7013,56,1116,1096.0,779.2222222222222,-0.8215507356794699,-1.1647160576203972,192995.06172839509,1096.0,408.0,688.0,1634046400.281428,0.0,22.420783996582028
6614,0,1,0,0,3,2,1096,2211110130,1130,64,1116,17,59861,29483,4,0,0,43,15,2211110130,17,59861,11123,11366,66,1150,680.5,631.4444444444445,-0.0888746003248313,-1.8551798937375368,230137.5802469136,1130.0,94.0,1036.0,8109,56,1116,1096.0,810.9,-0.9846159052033322,-0.8683484954975547,182726.89,1096.0,553.25,542.75,1634046400.281428,0.0,22.420783996582028
6615,0,1,0,0,3,2,1096,2211110130,1130,64,1116,17,59861,29483,4,0,0,43,15,2211110130,17,59861,11123,12496,66,1150,919.0,657.6842105263158,-0.1892310673467281,-1.833393834713609,230418.5318559557,1130.0,94.0,1036.0,9205,56,1116,1096.0,836.8181818181819,-1.1310102800909247,-0.5550977241020503,172832.87603305787,1096.0,698.5,397.5,1634046400.282115,0.0006868839263916,22.42147088050842
6616,0,1,0,0,3,2,1096,2211110130,1130,64,1116,17,59861,29483,4,0,0,43,15,2211110130,17,59861,11123,13626,66,1150,971.0,681.3,-0.2809471651512777,-1.794719471107446,229494.01,1130.0,94.0,1036.0,10301,56,1116,1096.0,858.4166666666666,-1.264582283929229,-0.2304872362893193,163561.57638888888,1096.0,843.75,252.25,1634046400.282115,0.0,22.42147088050842
6617,0,1,0,0,3,2,1096,2211110130,1130,64,1116,17,59861,29483,4,0,0,43,15,2211110130,17,59861,11123,1130,1130,1130,1130.0,1130.0,0.0,-3.0,0.0,1130.0,1130.0,0.0,11397,56,1116,1096.0,876.6923076923077,-1.3879536703690407,0.102130607109697,154987.90532544383,1096.0,989.0,107.0,1634046400.282115,0.0,22.42147088050842
6618,0,1,0,0,3,2,1096,2211110130,1130,64,1116,17,59861,29483,4,0,0,43,15,2211110130,17,59861,11123,2260,1130,1130,1130.0,1130.0,0.0,-3.0,0.0,1130.0,1130.0,0.0,12493,56,1116,1096.0,892.3571428571429,-1.5029929691032509,0.4406037913374709,147107.37244897956,1096.0,1015.75,80.25,1634046400.282803,0.0006880760192871,22.422158956527706
6619,0,1,0,0,3,2,1096,2211110130,1130,64,1116,17,59861,29483,4,0,0,43,15,2211110130,17,59861,11123,3390,1130,1130,1130.0,1130.0,0.0,-3.0,0.0,1130.0,1130.0,0.0,13589,56,1116,1096.0,905.9333333333332,-1.6110806312219532,0.7834877601576657,139880.59555555554,1096.0,1042.5,53.5,1634046400.282803,0.0,22.422158956527706
6620,0,1,0,0,3,2,1096,2211110130,1130,64,1116,17,59861,29483,4,0,0,43,15,2211110130,17,59861,11123,4520,1130,1130,1130.0,1130.0,0.0,-3.0,0.0,1130.0,1130.0,0.0,14685,56,1116,1096.0,917.8125,-1.713266826486579,1.1297768770212135,133254.77734375,1096.0,1069.25,26.75,1634046400.282803,0.0,22.422158956527706
6621,0,1,0,0,3,2,1096,2211110130,1130,64,1116,17,59861,29483,4,0,0,43,15,2211110130,17,59861,11123,5650,1130,1130,1130.0,1130.0,0.0,-3.0,0.0,1130.0,1130.0,0.0,15781,56,1116,1096.0,928.2941176470588,-1.8103701105657732,1.4787495375693576,127174.0899653979,1096.0,1096.0,0.0,1634046400.283422,0.0006189346313476,22.422777891159054
6622,0,1,0,0,3,2,1096,2211110130,1130,64,1116,17,59861,29483,4,0,0,43,15,2211110130,17,59861,11123,6780,1130,1130,1130.0,1130.0,0.0,-3.0,0.0,1130.0,1130.0,0.0,16877,56,1116,1096.0,937.6111111111112,-1.9030416978765357,1.8298745300622192,121584.57098765433,1096.0,1096.0,0.0,1634046400.283422,0.0,22.422777891159054
6623,0,1,0,0,3,2,1096,2211110130,1130,64,1116,17,59861,29483,4,0,0,43,15,2211110130,17,59861,11123,7910,1130,1130,1130.0,1130.0,0.0,-3.0,0.0,1130.0,1130.0,0.0,17973,56,1116,1096.0,945.9473684210526,-1.9918087982341768,2.182752141308125,116436.26038781166,1096.0,1096.0,0.0,1634046400.283422,0.0,22.422777891159054
6624,0,1,0,0,3,2,1096,2211110130,1130,64,1116,17,59861,29483,4,0,0,43,15,2211110130,17,59861,11123,9040,1130,1130,1130.0,1130.0,0.0,-3.0,0.0,1130.0,1130.0,0.0,19069,56,1116,1096.0,953.45,-2.0771047097509063,2.537075845902942,111683.94749999998,1096.0,1096.0,0.0,1634046400.28393,0.0005080699920654,22.42328596115112
6625,0,1,0,0,3,2,1096,2211110130,1130,64,1116,17,59861,29483,4,0,0,43,15,2211110130,17,59861,11123,10170,1130,1130,1130.0,1130.0,0.0,-3.0,0.0,1130.0,1130.0,0.0,1096,1096,1096,1096.0,1096.0,0.0,-3.0,0.0,1096.0,1096.0,0.0,1634046400.28393,0.0,22.42328596115112
6626,0,1,0,0,3,2,1096,2211110130,1130,64,1116,17,59861,29483,4,0,0,43,15,2211110130,17,59861,11123,11300,1130,1130,1130.0,1130.0,0.0,-3.0,0.0,1130.0,1130.0,0.0,2192,1096,1096,1096.0,1096.0,0.0,-3.0,0.0,1096.0,1096.0,0.0,1634046400.28393,0.0,22.42328596115112
6627,0,1,0,0,3,2,1096,2211110130,1130,64,1116,17,59861,29483,4,0,0,43,15,2211110130,17,59861,11123,12430,1130,1130,1130.0,1130.0,0.0,-3.0,0.0,1130.0,1130.0,0.0,3288,1096,1096,1096.0,1096.0,0.0,-3.0,0.0,1096.0,1096.0,0.0,1634046400.28393,0.0,22.42328596115112
6628,0,1,0,0,3,2,1096,2211110130,1130,64,1116,17,59861,29483,4,0,0,43,15,2211110130,17,59861,11123,13560,1130,1130,1130.0,1130.0,0.0,-3.0,0.0,1130.0,1130.0,0.0,4384,1096,1096,1096.0,1096.0,0.0,-3.0,0.0,1096.0,1096.0,0.0,1634046400.284412,0.0004818439483642,22.423767805099484
6629,0,1,0,0,3,2,1096,2211110130,1130,64,1116,17,59861,29483,4,0,0,43,15,2211110130,17,59861,11123,14690,1130,1130,1130.0,1130.0,0.0,-3.0,0.0,1130.0,1130.0,0.0,5480,1096,1096,1096.0,1096.0,0.0,-3.0,0.0,1096.0,1096.0,0.0,1634046400.284412,0.0,22.423767805099484
6630,0,1,0,0,3,2,1096,2211110130,1130,64,1116,17,59861,29483,4,0,0,43,15,2211110130,17,59861,11123,15820,1130,1130,1130.0,1130.0,0.0,-3.0,0.0,1130.0,1130.0,0.0,6576,1096,1096,1096.0,1096.0,0.0,-3.0,0.0,1096.0,1096.0,0.0,1634046400.285267,0.0008552074432373,22.42462301254272
6631,0,1,0,0,3,2,1096,2211110130,1130,64,1116,17,59861,29483,4,0,0,43,15,2211110130,17,59861,11123,16950,1130,1130,1130.0,1130.0,0.0,-3.0,0.0,1130.0,1130.0,0.0,7672,1096,1096,1096.0,1096.0,0.0,-3.0,0.0,1096.0,1096.0,0.0,1634046400.285267,0.0,22.42462301254272
6632,0,1,0,0,3,2,1096,2211110130,1130,64,1116,17,59861,29483,4,0,0,43,15,2211110130,17,59861,11123,18080,1130,1130,1130.0,1130.0,0.0,-3.0,0.0,1130.0,1130.0,0.0,8768,1096,1096,1096.0,1096.0,0.0,-3.0,0.0,1096.0,1096.0,0.0,1634046400.285267,0.0,22.42462301254272
6633,0,1,0,0,2,3,60,3232270721,94,47,80,17,29483,59861,4,0,0,43,15,2211110130,17,59861,11123,18174,94,1130,1130.0,1069.0588235294117,-3.749999999999999,12.062499999999998,59421.23183391004,1130.0,1130.0,0.0,8828,60,1096,1096.0,980.8888888888888,-2.474873734152917,4.125000000000001,106004.54320987656,1096.0,1096.0,0.0,1634046400.291885,0.006617784500122,22.431240797042843
6634,0,1,0,0,3,2,1116,2211110130,1150,64,1136,17,59861,29483,4,0,0,43,15,2211110130,17,59861,11123,19324,94,1150,1130.0,1073.5555555555557,-3.878117093396442,13.047088435632755,56463.80246913581,1130.0,1130.0,0.0,9944,60,1116,1096.0,994.4,-2.664816701336019,5.105438403123671,97047.04,1096.0,1096.0,0.0,1634046400.292056,0.0001711845397949,22.431411981582638
6635,0,1,0,0,3,2,1096,2211110130,1130,64,1116,17,59861,29483,4,0,0,43,15,2211110130,17,59861,11123,20454,94,1150,1130.0,1076.5263157894738,-4.004420723481372,14.043068933092917,53650.8808864266,1130.0,1130.0,0.0,11040,60,1116,1096.0,1003.6363636363636,-2.844113394324101,6.093560994871309,89077.68595041322,1096.0,1096.0,0.0,1634046400.292056,0.0,22.431411981582638
6636,0,1,0,0,3,2,1096,2211110130,1130,64,1116,17,59861,29483,4,0,0,43,15,2211110130,17,59861,11123,21584,94,1150,1130.0,1079.2,-4.126902377109574,15.039394113983295,51104.16,1130.0,1130.0,0.0,12136,60,1116,1096.0,1011.3333333333334,-3.013094503731087,7.083707449494318,82306.22222222223,1096.0,1096.0,0.0,1634046400.292056,0.0,22.431411981582638
6637,0,1,0,0,3,2,1096,2211110130,1130,64,1116,17,59861,29483,4,0,0,43,15,2211110130,17,59861,11123,1130,1130,1130,1130.0,1130.0,0.0,-3.0,0.0,1130.0,1130.0,0.0,13232,60,1116,1096.0,1017.8461538461538,-3.173328600481707,8.075371862370883,76483.97633136093,1096.0,1096.0,0.0,1634046400.29276,0.0007038116455078,22.432115793228146
6638,0,1,0,0,3,2,1096,2211110130,1130,64,1116,17,59861,29483,4,0,0,43,15,2211110130,17,59861,11123,2260,1130,1130,1130.0,1130.0,0.0,-3.0,0.0,1130.0,1130.0,0.0,14328,60,1116,1096.0,1023.4285714285714,-3.3260274145041477,9.068203973225348,71425.95918367348,1096.0,1096.0,0.0,1634046400.29276,0.0,22.432115793228146
6639,0,1,0,0,3,2,1096,2211110130,1130,64,1116,17,59861,29483,4,0,0,43,15,2211110130,17,59861,11123,3390,1130,1130,1130.0,1130.0,0.0,-3.0,0.0,1130.0,1130.0,0.0,15424,60,1116,1096.0,1028.2666666666669,-3.472149200414124,10.061953585421172,66991.9288888889,1096.0,1096.0,0.0,1634046400.293705,0.0009450912475585,22.433060884475704
6640,0,1,0,0,3,2,1096,2211110130,1130,64,1116,17,59861,29483,4,0,0,43,15,2211110130,17,59861,11123,4520,1130,1130,1130.0,1130.0,0.0,-3.0,0.0,1130.0,1130.0,0.0,16520,60,1116,1096.0,1032.5,-3.612466745270548,11.056437214953894,63073.75,1096.0,1096.0,0.0,1634046400.293705,0.0,22.433060884475704
6641,0,1,0,0,3,2,1096,2211110130,1130,64,1116,17,59861,29483,4,0,0,43,15,2211110130,17,59861,11123,5650,1130,1130,1130.0,1130.0,0.0,-3.0,0.0,1130.0,1130.0,0.0,17616,60,1116,1096.0,1036.235294117647,-3.7476137006394223,12.051517244761015,59586.76816608997,1096.0,1096.0,0.0,1634046400.293705,0.0,22.433060884475704
6642,0,1,0,0,3,2,1096,2211110130,1130,64,1116,17,59861,29483,4,0,0,43,15,2211110130,17,59861,11123,6780,1130,1130,1130.0,1130.0,0.0,-3.0,0.0,1130.0,1130.0,0.0,18712,60,1116,1096.0,1039.5555555555557,-3.878117093396444,13.047088435632762,56463.80246913579,1096.0,1096.0,0.0,1634046400.293705,0.0,22.433060884475704
6643,0,1,0,0,3,2,1096,2211110130,1130,64,1116,17,59861,29483,4,0,0,43,15,2211110130,17,59861,11123,7910,1130,1130,1130.0,1130.0,0.0,-3.0,0.0,1130.0,1130.0,0.0,19808,60,1116,1096.0,1042.5263157894738,-4.004420723481373,14.043068933092911,53650.88088642659,1096.0,1096.0,0.0,1634046400.294233,0.0005280971527099,22.433588981628414
6644,0,1,0,0,3,2,1096,2211110130,1130,64,1116,17,59861,29483,4,0,0,43,15,2211110130,17,59861,11123,9040,1130,1130,1130.0,1130.0,0.0,-3.0,0.0,1130.0,1130.0,0.0,20904,60,1116,1096.0,1045.2,-4.126902377109574,15.039394113983292,51104.16,1096.0,1096.0,0.0,1634046400.294233,0.0,22.433588981628414
6645,0,1,0,0,3,2,1096,2211110130,1130,64,1116,17,59861,29483,4,0,0,43,15,2211110130,17,59861,11123,10170,1130,1130,1130.0,1130.0,0.0,-3.0,0.0,1130.0,1130.0,0.0,1096,1096,1096,1096.0,1096.0,0.0,-3.0,0.0,1096.0,1096.0,0.0,1634046400.29588,0.0016469955444335,22.435235977172848
6646,0,1,0,0,3,2,1096,2211110130,1130,64,1116,17,59861,29483,4,0,0,43,15,2211110130,17,59861,11123,11300,1130,1130,1130.0,1130.0,0.0,-3.0,0.0,1130.0,1130.0,0.0,2192,1096,1096,1096.0,1096.0,0.0,-3.0,0.0,1096.0,1096.0,0.0,1634046400.29588,0.0,22.435235977172848
6647,0,1,0,0,3,2,1096,2211110130,1130,64,1116,17,59861,29483,4,0,0,43,15,2211110130,17,59861,11123,12430,1130,1130,1130.0,1130.0,0.0,-3.0,0.0,1130.0,1130.0,0.0,3288,1096,1096,1096.0,1096.0,0.0,-3.0,0.0,1096.0,1096.0,0.0,1634046400.29588,0.0,22.435235977172848
6648,0,1,0,0,3,2,1096,2211110130,1130,64,1116,17,59861,29483,4,0,0,43,15,2211110130,17,59861,11123,13560,1130,1130,1130.0,1130.0,0.0,-3.0,0.0,1130.0,1130.0,0.0,4384,1096,1096,1096.0,1096.0,0.0,-3.0,0.0,1096.0,1096.0,0.0,1634046400.29588,0.0,22.435235977172848
6649,0,1,0,0,3,2,1096,2211110130,1130,64,1116,17,59861,29483,4,0,0,43,15,2211110130,17,59861,11123,14690,1130,1130,1130.0,1130.0,0.0,-3.0,0.0,1130.0,1130.0,0.0,5480,1096,1096,1096.0,1096.0,0.0,-3.0,0.0,1096.0,1096.0,0.0,1634046400.296384,0.0005040168762207,22.43573999404907
6650,0,1,0,0,3,2,1096,2211110130,1130,64,1116,17,59861,29483,4,0,0,43,15,2211110130,17,59861,11123,15820,1130,1130,1130.0,1130.0,0.0,-3.0,0.0,1130.0,1130.0,0.0,6576,1096,1096,1096.0,1096.0,0.0,-3.0,0.0,1096.0,1096.0,0.0,1634046400.296384,0.0,22.43573999404907
6651,0,1,0,0,3,2,1096,2211110130,1130,64,1116,17,59861,29483,4,0,0,43,15,2211110130,17,59861,11123,16950,1130,1130,1130.0,1130.0,0.0,-3.0,0.0,1130.0,1130.0,0.0,7672,1096,1096,1096.0,1096.0,0.0,-3.0,0.0,1096.0,1096.0,0.0,1634046400.296384,0.0,22.43573999404907
6652,0,1,0,0,3,2,1096,2211110130,1130,64,1116,17,59861,29483,4,0,0,43,15,2211110130,17,59861,11123,18080,1130,1130,1130.0,1130.0,0.0,-3.0,0.0,1130.0,1130.0,0.0,8768,1096,1096,1096.0,1096.0,0.0,-3.0,0.0,1096.0,1096.0,0.0,1634046400.302099,0.0057148933410644,22.441454887390133
6653,0,1,0,0,3,2,1096,2211110130,1130,64,1116,17,59861,29483,4,0,0,43,15,2211110130,17,59861,11123,19210,1130,1130,1130.0,1130.0,0.0,-3.0,0.0,1130.0,1130.0,0.0,9864,1096,1096,1096.0,1096.0,0.0,-3.0,0.0,1096.0,1096.0,0.0,1634046400.302099,0.0,22.441454887390133
6654,0,1,0,0,3,2,1096,2211110130,1130,64,1116,17,59861,29483,4,0,0,43,15,2211110130,17,59861,11123,20340,1130,1130,1130.0,1130.0,0.0,-3.0,0.0,1130.0,1130.0,0.0,10960,1096,1096,1096.0,1096.0,0.0,-3.0,0.0,1096.0,1096.0,0.0,1634046400.302686,0.000586986541748,22.44204187393188
6655,0,1,0,0,3,2,1096,2211110130,1130,64,1116,17,59861,29483,4,0,0,43,15,2211110130,17,59861,11123,21470,1130,1130,1130.0,1130.0,0.0,-3.0,0.0,1130.0,1130.0,0.0,12056,1096,1096,1096.0,1096.0,0.0,-3.0,0.0,1096.0,1096.0,0.0,1634046400.302686,0.0,22.44204187393188
6656,0,1,0,0,3,2,1096,2211110130,1130,64,1116,17,59861,29483,4,0,0,43,15,2211110130,17,59861,11123,22600,1130,1130,1130.0,1130.0,0.0,-3.0,0.0,1130.0,1130.0,0.0,13152,1096,1096,1096.0,1096.0,0.0,-3.0,0.0,1096.0,1096.0,0.0,1634046400.302686,0.0,22.44204187393188
6657,0,1,0,0,3,2,1096,2211110130,1130,64,1116,17,59861,29483,4,0,0,43,15,2211110130,17,59861,11123,1130,1130,1130,1130.0,1130.0,0.0,-3.0,0.0,1130.0,1130.0,0.0,14248,1096,1096,1096.0,1096.0,0.0,-3.0,0.0,1096.0,1096.0,0.0,1634046400.302686,0.0,22.44204187393188
6658,0,1,0,0,3,2,1096,2211110130,1130,64,1116,17,59861,29483,4,0,0,43,15,2211110130,17,59861,11123,2260,1130,1130,1130.0,1130.0,0.0,-3.0,0.0,1130.0,1130.0,0.0,15344,1096,1096,1096.0,1096.0,0.0,-3.0,0.0,1096.0,1096.0,0.0,1634046400.302686,0.0,22.44204187393188
6659,0,1,0,0,3,2,1096,2211110130,1130,64,1116,17,59861,29483,4,0,0,43,15,2211110130,17,59861,11123,3390,1130,1130,1130.0,1130.0,0.0,-3.0,0.0,1130.0,1130.0,0.0,16440,1096,1096,1096.0,1096.0,0.0,-3.0,0.0,1096.0,1096.0,0.0,1634046400.302686,0.0,22.44204187393188
6660,0,1,0,0,3,2,1116,2211110130,1150,64,1136,17,59861,29483,4,0,0,43,15,2211110130,17,59861,11123,4540,1130,1150,1130.0,1135.0,1.1547005383792517,-0.6666666666666665,75.0,1135.0,1130.0,5.0,17556,1096,1116,1096.0,1097.25,3.614784456460256,11.066666666666666,23.4375,1096.0,1096.0,0.0,1634046400.302686,0.0,22.44204187393188
6661,0,1,0,0,3,2,1096,2211110130,1130,64,1116,17,59861,29483,4,0,0,43,15,2211110130,17,59861,11123,5670,1130,1150,1130.0,1134.0,1.5,0.25,64.0,1130.0,1130.0,0.0,18652,1096,1116,1096.0,1097.1764705882354,3.749999999999957,12.06249999999979,22.14532871972318,1096.0,1096.0,0.0,1634046400.302686,0.0,22.44204187393188
6662,0,1,0,0,3,2,1096,2211110130,1130,64,1116,17,59861,29483,4,0,0,43,15,2211110130,17,59861,11123,6800,1130,1150,1130.0,1133.3333333333333,1.788854381999862,1.2000000000000703,55.55555555555557,1130.0,1130.0,0.0,19748,1096,1116,1096.0,1097.111111111111,3.880570000581343,13.058823529411846,20.98765432098766,1096.0,1096.0,0.0,1634046400.302686,0.0,22.44204187393188
6663,0,1,0,0,3,2,1096,2211110130,1130,64,1116,17,59861,29483,4,0,0,43,15,2211110130,17,59861,11123,7930,1130,1150,1130.0,1132.857142857143,2.041241452319301,2.166666666666627,48.9795918367347,1130.0,1130.0,0.0,20844,1096,1116,1096.0,1097.0526315789473,4.006938426723828,14.055555555555864,19.944598337950133,1096.0,1096.0,0.0,1634046400.302686,0.0,22.44204187393188
6664,0,1,0,0,3,2,1096,2211110130,1130,64,1116,17,59861,29483,4,0,0,43,15,2211110130,17,59861,11123,9060,1130,1150,1130.0,1132.5,2.2677868380553634,3.1428571428571432,43.75,1130.0,1130.0,0.0,21940,1096,1116,1096.0,1097.0,4.129483209670112,15.05263157894737,19.0,1096.0,1096.0,0.0,1634046400.302686,0.0,22.44204187393188
6665,0,1,0,0,3,2,1096,2211110130,1130,64,1116,17,59861,29483,4,0,0,43,15,2211110130,17,59861,11123,10190,1130,1150,1130.0,1132.2222222222222,2.4748737341529403,4.125000000000078,39.50617283950618,1130.0,1130.0,0.0,1096,1096,1096,1096.0,1096.0,0.0,-3.0,0.0,1096.0,1096.0,0.0,1634046400.302686,0.0,22.44204187393188
6666,0,1,0,0,3,2,1096,2211110130,1130,64,1116,17,59861,29483,4,0,0,43,15,2211110130,17,59861,11123,11320,1130,1150,1130.0,1132.0,2.6666666666666665,5.111111111111111,36.0,1130.0,1130.0,0.0,2192,1096,1096,1096.0,1096.0,0.0,-3.0,0.0,1096.0,1096.0,0.0,1634046400.302686,0.0,22.44204187393188
6667,0,1,0,0,3,2,1096,2211110130,1130,64,1116,17,59861,29483,4,0,0,43,15,2211110130,17,59861,11123,12450,1130,1150,1130.0,1131.8181818181818,2.8460498941515744,6.100000000000124,33.05785123966942,1130.0,1130.0,0.0,3288,1096,1096,1096.0,1096.0,0.0,-3.0,0.0,1096.0,1096.0,0.0,1634046400.303161,0.0004749298095703,22.44251680374145
6668,0,1,0,0,3,2,1096,2211110130,1130,64,1116,17,59861,29483,4,0,0,43,15,2211110130,17,59861,11123,13580,1130,1150,1130.0,1131.6666666666667,3.015113445777593,7.090909090908916,30.555555555555568,1130.0,1130.0,0.0,4384,1096,1096,1096.0,1096.0,0.0,-3.0,0.0,1096.0,1096.0,0.0,1634046400.303161,0.0,22.44251680374145
6669,0,1,0,0,3,2,1096,2211110130,1130,64,1116,17,59861,29483,4,0,0,43,15,2211110130,17,59861,11123,14710,1130,1150,1130.0,1131.5384615384614,3.1754264805429995,8.083333333333577,28.40236686390534,1130.0,1130.0,0.0,5480,1096,1096,1096.0,1096.0,0.0,-3.0,0.0,1096.0,1096.0,0.0,1634046400.303161,0.0,22.44251680374145
6670,0,1,0,0,3,2,1096,2211110130,1130,64,1116,17,59861,29483,4,0,0,43,15,2211110130,17,59861,11123,15840,1130,1150,1130.0,1131.428571428571,3.3282011773514317,9.07692307692333,26.530612244897952,1130.0,1130.0,0.0,6576,1096,1096,1096.0,1096.0,0.0,-3.0,0.0,1096.0,1096.0,0.0,1634046400.303161,0.0,22.44251680374145
6671,0,1,0,0,3,2,1096,2211110130,1130,64,1116,17,59861,29483,4,0,0,43,15,2211110130,17,59861,11123,16970,1130,1150,1130.0,1131.3333333333333,3.474396144861561,10.071428571428772,24.888888888888903,1130.0,1130.0,0.0,7672,1096,1096,1096.0,1096.0,0.0,-3.0,0.0,1096.0,1096.0,0.0,1634046400.303161,0.0,22.44251680374145
6672,0,1,0,0,3,2,1096,2211110130,1130,64,1116,17,59861,29483,4,0,0,43,15,2211110130,17,59861,11123,18100,1130,1150,1130.0,1131.25,3.614784456460256,11.066666666666666,23.4375,1130.0,1130.0,0.0,8768,1096,1096,1096.0,1096.0,0.0,-3.0,0.0,1096.0,1096.0,0.0,1634046400.303699,0.0005381107330322,22.443054914474484
6673,0,1,0,0,3,2,1096,2211110130,1130,64,1116,17,59861,29483,4,0,0,43,15,2211110130,17,59861,11123,19230,1130,1150,1130.0,1131.1764705882354,3.749999999999957,12.06249999999979,22.14532871972318,1130.0,1130.0,0.0,9864,1096,1096,1096.0,1096.0,0.0,-3.0,0.0,1096.0,1096.0,0.0,1634046400.303699,0.0,22.443054914474484
6674,0,1,0,0,3,2,1096,2211110130,1130,64,1116,17,59861,29483,4,0,0,43,15,2211110130,17,59861,11123,20360,1130,1150,1130.0,1131.111111111111,3.880570000581343,13.058823529411846,20.98765432098766,1130.0,1130.0,0.0,10960,1096,1096,1096.0,1096.0,0.0,-3.0,0.0,1096.0,1096.0,0.0,1634046400.303699,0.0,22.443054914474484
6675,0,1,0,0,3,2,1096,2211110130,1130,64,1116,17,59861,29483,4,0,0,43,15,2211110130,17,59861,11123,21490,1130,1150,1130.0,1131.0526315789473,4.006938426723828,14.055555555555864,19.944598337950133,1130.0,1130.0,0.0,12056,1096,1096,1096.0,1096.0,0.0,-3.0,0.0,1096.0,1096.0,0.0,1634046400.303699,0.0,22.443054914474484
6676,0,1,0,0,3,2,1096,2211110130,1130,64,1116,17,59861,29483,4,0,0,43,15,2211110130,17,59861,11123,22620,1130,1150,1130.0,1131.0,4.129483209670112,15.05263157894737,19.0,1130.0,1130.0,0.0,13152,1096,1096,1096.0,1096.0,0.0,-3.0,0.0,1096.0,1096.0,0.0,1634046400.304181,0.0004820823669433,22.443536996841427
6677,0,1,0,0,3,2,1096,2211110130,1130,64,1116,17,59861,29483,4,0,0,43,15,2211110130,17,59861,11123,1130,1130,1130,1130.0,1130.0,0.0,-3.0,0.0,1130.0,1130.0,0.0,14248,1096,1096,1096.0,1096.0,0.0,-3.0,0.0,1096.0,1096.0,0.0,1634046400.304181,0.0,22.443536996841427
6678,0,1,0,0,3,2,1096,2211110130,1130,64,1116,17,59861,29483,4,0,0,43,15,2211110130,17,59861,11123,2260,1130,1130,1130.0,1130.0,0.0,-3.0,0.0,1130.0,1130.0,0.0,15344,1096,1096,1096.0,1096.0,0.0,-3.0,0.0,1096.0,1096.0,0.0,1634046400.304181,0.0,22.443536996841427
6679,0,1,0,0,3,2,1096,2211110130,1130,64,1116,17,59861,29483,4,0,0,43,15,2211110130,17,59861,11123,3390,1130,1130,1130.0,1130.0,0.0,-3.0,0.0,1130.0,1130.0,0.0,16440,1096,1096,1096.0,1096.0,0.0,-3.0,0.0,1096.0,1096.0,0.0,1634046400.304722,0.0005409717559814,22.44407796859741
6680,0,1,0,0,3,2,1096,2211110130,1130,64,1116,17,59861,29483,4,0,0,43,15,2211110130,17,59861,11123,4520,1130,1130,1130.0,1130.0,0.0,-3.0,0.0,1130.0,1130.0,0.0,17536,1096,1096,1096.0,1096.0,0.0,-3.0,0.0,1096.0,1096.0,0.0,1634046400.304722,0.0,22.44407796859741
6681,0,1,0,0,3,2,1096,2211110130,1130,64,1116,17,59861,29483,4,0,0,43,15,2211110130,17,59861,11123,5650,1130,1130,1130.0,1130.0,0.0,-3.0,0.0,1130.0,1130.0,0.0,18632,1096,1096,1096.0,1096.0,0.0,-3.0,0.0,1096.0,1096.0,0.0,1634046400.304722,0.0,22.44407796859741
6682,0,1,0,0,3,2,1096,2211110130,1130,64,1116,17,59861,29483,4,0,0,43,15,2211110130,17,59861,11123,6780,1130,1130,1130.0,1130.0,0.0,-3.0,0.0,1130.0,1130.0,0.0,19728,1096,1096,1096.0,1096.0,0.0,-3.0,0.0,1096.0,1096.0,0.0,1634046400.304722,0.0,22.44407796859741
6683,0,1,0,0,3,2,1096,2211110130,1130,64,1116,17,59861,29483,4,0,0,43,15,2211110130,17,59861,11123,7910,1130,1130,1130.0,1130.0,0.0,-3.0,0.0,1130.0,1130.0,0.0,20824,1096,1096,1096.0,1096.0,0.0,-3.0,0.0,1096.0,1096.0,0.0,1634046400.305219,0.0004968643188476,22.444574832916256
6684,0,1,0,0,3,2,1096,2211110130,1130,64,1116,17,59861,29483,4,0,0,43,15,2211110130,17,59861,11123,9040,1130,1130,1130.0,1130.0,0.0,-3.0,0.0,1130.0,1130.0,0.0,21920,1096,1096,1096.0,1096.0,0.0,-3.0,0.0,1096.0,1096.0,0.0,1634046400.305219,0.0,22.444574832916256
6685,0,1,0,0,3,2,1096,2211110130,1130,64,1116,17,59861,29483,4,0,0,43,15,2211110130,17,59861,11123,10170,1130,1130,1130.0,1130.0,0.0,-3.0,0.0,1130.0,1130.0,0.0,1096,1096,1096,1096.0,1096.0,0.0,-3.0,0.0,1096.0,1096.0,0.0,1634046400.313357,0.0081381797790527,22.45271301269531
6686,0,1,0,0,3,2,1116,2211110130,1150,64,1136,17,59861,29483,4,0,0,43,15,2211110130,17,59861,11123,11320,1130,1150,1130.0,1132.0,2.6666666666666665,5.111111111111111,36.0,1130.0,1130.0,0.0,2212,1096,1116,1106.0,1106.0,0.0,-2.0,100.0,1111.0,1101.0,10.0,1634046400.313357,0.0,22.45271301269531
6687,0,1,0,0,3,2,1096,2211110130,1130,64,1116,17,59861,29483,4,0,0,43,15,2211110130,17,59861,11123,12450,1130,1150,1130.0,1131.8181818181818,2.846049894151573,6.100000000000124,33.05785123966942,1130.0,1130.0,0.0,3308,1096,1116,1096.0,1102.6666666666667,0.7071067811865236,-1.5000000000000222,88.88888888888887,1106.0,1096.0,10.0,1634046400.313357,0.0,22.45271301269531
6688,0,1,0,0,3,2,1096,2211110130,1130,64,1116,17,59861,29483,4,0,0,43,15,2211110130,17,59861,11123,13580,1130,1150,1130.0,1131.6666666666667,3.0151134457775943,7.090909090908921,30.55555555555556,1130.0,1130.0,0.0,4404,1096,1116,1096.0,1101.0,1.1547005383792517,-0.6666666666666665,75.0,1101.0,1096.0,5.0,1634046400.313853,0.0004959106445312,22.45320892333984
6689,0,1,0,0,3,2,1096,2211110130,1130,64,1116,17,59861,29483,4,0,0,43,15,2211110130,17,59861,11123,14710,1130,1150,1130.0,1131.5384615384614,3.175426480543,8.08333333333358,28.402366863905332,1130.0,1130.0,0.0,5500,1096,1116,1096.0,1100.0,1.5,0.25,64.0,1096.0,1096.0,0.0,1634046400.313853,0.0,22.45320892333984
6690,0,1,0,0,3,2,1096,2211110130,1130,64,1116,17,59861,29483,4,0,0,43,15,2211110130,17,59861,11123,15840,1130,1150,1130.0,1131.428571428571,3.328201177351432,9.07692307692333,26.530612244897952,1130.0,1130.0,0.0,6596,1096,1116,1096.0,1099.3333333333333,1.7888543819998608,1.2000000000000697,55.55555555555558,1096.0,1096.0,0.0,1634046400.313853,0.0,22.45320892333984
6691,0,1,0,0,3,2,1096,2211110130,1130,64,1116,17,59861,29483,4,0,0,43,15,2211110130,17,59861,11123,16970,1130,1150,1130.0,1131.3333333333333,3.474396144861562,10.071428571428774,24.8888888888889,1130.0,1130.0,0.0,7692,1096,1116,1096.0,1098.857142857143,2.041241452319301,2.166666666666627,48.9795918367347,1096.0,1096.0,0.0,1634046400.313853,0.0,22.45320892333984
6692,0,1,0,0,3,2,1096,2211110130,1130,64,1116,17,59861,29483,4,0,0,43,15,2211110130,17,59861,11123,18100,1130,1150,1130.0,1131.25,3.614784456460256,11.066666666666666,23.4375,1130.0,1130.0,0.0,8788,1096,1116,1096.0,1098.5,2.2677868380553634,3.1428571428571432,43.75,1096.0,1096.0,0.0,1634046400.314349,0.0004959106445312,22.45370483398437
6693,0,1,0,0,3,2,1096,2211110130,1130,64,1116,17,59861,29483,4,0,0,43,15,2211110130,17,59861,11123,19230,1130,1150,1130.0,1131.1764705882354,3.749999999999957,12.06249999999979,22.14532871972318,1130.0,1130.0,0.0,9884,1096,1116,1096.0,1098.2222222222222,2.4748737341529403,4.125000000000078,39.50617283950618,1096.0,1096.0,0.0,1634046400.314349,0.0,22.45370483398437
6694,0,1,0,0,3,2,1096,2211110130,1130,64,1116,17,59861,29483,4,0,0,43,15,2211110130,17,59861,11123,20360,1130,1150,1130.0,1131.111111111111,3.880570000581343,13.058823529411846,20.98765432098766,1130.0,1130.0,0.0,10980,1096,1116,1096.0,1098.0,2.6666666666666665,5.111111111111111,36.0,1096.0,1096.0,0.0,1634046400.314349,0.0,22.45370483398437
6695,0,1,0,0,3,2,1096,2211110130,1130,64,1116,17,59861,29483,4,0,0,43,15,2211110130,17,59861,11123,21490,1130,1150,1130.0,1131.0526315789473,4.006938426723828,14.055555555555864,19.944598337950133,1130.0,1130.0,0.0,12076,1096,1116,1096.0,1097.8181818181818,2.8460498941515744,6.100000000000124,33.05785123966942,1096.0,1096.0,0.0,1634046400.3149,0.0005509853363037,22.454255819320675
6696,0,1,0,0,3,2,1096,2211110130,1130,64,1116,17,59861,29483,4,0,0,43,15,2211110130,17,59861,11123,22620,1130,1150,1130.0,1131.0,4.129483209670112,15.05263157894737,19.0,1130.0,1130.0,0.0,13172,1096,1116,1096.0,1097.6666666666667,3.015113445777593,7.090909090908916,30.555555555555568,1096.0,1096.0,0.0,1634046400.3149,0.0,22.454255819320675
6697,0,1,0,0,3,2,1096,2211110130,1130,64,1116,17,59861,29483,4,0,0,43,15,2211110130,17,59861,11123,1130,1130,1130,1130.0,1130.0,0.0,-3.0,0.0,1130.0,1130.0,0.0,14268,1096,1116,1096.0,1097.5384615384614,3.1754264805429995,8.083333333333577,28.40236686390534,1096.0,1096.0,0.0,1634046400.3149,0.0,22.454255819320675
6698,0,1,0,0,3,2,1096,2211110130,1130,64,1116,17,59861,29483,4,0,0,43,15,2211110130,17,59861,11123,2260,1130,1130,1130.0,1130.0,0.0,-3.0,0.0,1130.0,1130.0,0.0,15364,1096,1116,1096.0,1097.428571428571,3.3282011773514317,9.07692307692333,26.530612244897952,1096.0,1096.0,0.0,1634046400.3149,0.0,22.454255819320675
6699,0,1,0,0,3,2,1096,2211110130,1130,64,1116,17,59861,29483,4,0,0,43,15,2211110130,17,59861,11123,3390,1130,1130,1130.0,1130.0,0.0,-3.0,0.0,1130.0,1130.0,0.0,16460,1096,1116,1096.0,1097.3333333333333,3.474396144861561,10.071428571428772,24.888888888888903,1096.0,1096.0,0.0,1634046400.315349,0.0004491806030273,22.454704999923703
6700,0,1,0,0,3,2,1096,2211110130,1130,64,1116,17,59861,29483,4,0,0,43,15,2211110130,17,59861,11123,4520,1130,1130,1130.0,1130.0,0.0,-3.0,0.0,1130.0,1130.0,0.0,17556,1096,1116,1096.0,1097.25,3.614784456460256,11.066666666666666,23.4375,1096.0,1096.0,0.0,1634046400.315349,0.0,22.454704999923703
6701,0,1,0,0,3,2,1096,2211110130,1130,64,1116,17,59861,29483,4,0,0,43,15,2211110130,17,59861,11123,5650,1130,1130,1130.0,1130.0,0.0,-3.0,0.0,1130.0,1130.0,0.0,18652,1096,1116,1096.0,1097.1764705882354,3.749999999999957,12.06249999999979,22.14532871972318,1096.0,1096.0,0.0,1634046400.315349,0.0,22.454704999923703
6702,0,1,0,0,3,2,1096,2211110130,1130,64,1116,17,59861,29483,4,0,0,43,15,2211110130,17,59861,11123,6780,1130,1130,1130.0,1130.0,0.0,-3.0,0.0,1130.0,1130.0,0.0,19748,1096,1116,1096.0,1097.111111111111,3.880570000581343,13.058823529411846,20.98765432098766,1096.0,1096.0,0.0,1634046400.315349,0.0,22.454704999923703
6703,0,1,0,0,3,2,1096,2211110130,1130,64,1116,17,59861,29483,4,0,0,43,15,2211110130,17,59861,11123,7910,1130,1130,1130.0,1130.0,0.0,-3.0,0.0,1130.0,1130.0,0.0,20844,1096,1116,1096.0,1097.0526315789473,4.006938426723828,14.055555555555864,19.944598337950133,1096.0,1096.0,0.0,1634046400.316997,0.00164794921875,22.456352949142453
6704,0,1,0,0,3,2,1096,2211110130,1130,64,1116,17,59861,29483,4,0,0,43,15,2211110130,17,59861,11123,9040,1130,1130,1130.0,1130.0,0.0,-3.0,0.0,1130.0,1130.0,0.0,21940,1096,1116,1096.0,1097.0,4.129483209670112,15.05263157894737,19.0,1096.0,1096.0,0.0,1634046400.316997,0.0,22.456352949142453
6705,0,1,0,0,3,2,1096,2211110130,1130,64,1116,17,59861,29483,4,0,0,43,15,2211110130,17,59861,11123,10170,1130,1130,1130.0,1130.0,0.0,-3.0,0.0,1130.0,1130.0,0.0,1096,1096,1096,1096.0,1096.0,0.0,-3.0,0.0,1096.0,1096.0,0.0,1634046400.316997,0.0,22.456352949142453
6706,0,1,0,0,3,2,1096,2211110130,1130,64,1116,17,59861,29483,4,0,0,43,15,2211110130,17,59861,11123,11300,1130,1130,1130.0,1130.0,0.0,-3.0,0.0,1130.0,1130.0,0.0,2192,1096,1096,1096.0,1096.0,0.0,-3.0,0.0,1096.0,1096.0,0.0,1634046400.316997,0.0,22.456352949142453
6707,0,1,0,0,3,2,1096,2211110130,1130,64,1116,17,59861,29483,4,0,0,43,15,2211110130,17,59861,11123,12430,1130,1130,1130.0,1130.0,0.0,-3.0,0.0,1130.0,1130.0,0.0,3288,1096,1096,1096.0,1096.0,0.0,-3.0,0.0,1096.0,1096.0,0.0,1634046400.31749,0.000493049621582,22.456845998764035
6708,0,1,0,0,3,2,1096,2211110130,1130,64,1116,17,59861,29483,4,0,0,43,15,2211110130,17,59861,11123,13560,1130,1130,1130.0,1130.0,0.0,-3.0,0.0,1130.0,1130.0,0.0,4384,1096,1096,1096.0,1096.0,0.0,-3.0,0.0,1096.0,1096.0,0.0,1634046400.31749,0.0,22.456845998764035
6709,0,1,0,0,3,2,1096,2211110130,1130,64,1116,17,59861,29483,4,0,0,43,15,2211110130,17,59861,11123,14690,1130,1130,1130.0,1130.0,0.0,-3.0,0.0,1130.0,1130.0,0.0,5480,1096,1096,1096.0,1096.0,0.0,-3.0,0.0,1096.0,1096.0,0.0,1634046400.31749,0.0,22.456845998764035
6710,0,1,0,0,3,2,1096,2211110130,1130,64,1116,17,59861,29483,4,0,0,43,15,2211110130,17,59861,11123,15820,1130,1130,1130.0,1130.0,0.0,-3.0,0.0,1130.0,1130.0,0.0,6576,1096,1096,1096.0,1096.0,0.0,-3.0,0.0,1096.0,1096.0,0.0,1634046400.318219,0.0007288455963134,22.457574844360348
6711,0,1,0,0,3,2,1096,2211110130,1130,64,1116,17,59861,29483,4,0,0,43,15,2211110130,17,59861,11123,16950,1130,1130,1130.0,1130.0,0.0,-3.0,0.0,1130.0,1130.0,0.0,7672,1096,1096,1096.0,1096.0,0.0,-3.0,0.0,1096.0,1096.0,0.0,1634046400.322397,0.0041780471801757,22.461752891540524
6712,0,1,0,0,3,2,1116,2211110130,1150,64,1136,17,59861,29483,4,0,0,43,15,2211110130,17,59861,11123,18100,1130,1150,1130.0,1131.25,3.614784456460256,11.066666666666666,23.4375,1130.0,1130.0,0.0,8788,1096,1116,1096.0,1098.5,2.2677868380553634,3.1428571428571432,43.75,1096.0,1096.0,0.0,1634046400.327032,0.0046350955963134,22.466387987136837
6713,0,1,0,0,3,2,1104,2211110130,1138,64,1124,17,59861,29483,4,0,0,43,15,2211110130,17,59861,11123,19238,1130,1150,1130.0,1131.6470588235295,3.075143641644019,8.214268322376197,24.581314878892734,1130.0,1130.0,0.0,9892,1096,1116,1096.0,1099.111111111111,1.9366543662388396,2.2326450694197533,41.876543209876544,1096.0,1096.0,0.0,1634046400.327032,0.0,22.466387987136837
6714,0,1,0,0,3,2,1096,2211110130,1130,64,1116,17,59861,29483,4,0,0,43,15,2211110130,17,59861,11123,20368,1130,1150,1130.0,1131.5555555555557,3.1900238637694507,8.969842979676034,23.35802469135803,1130.0,1130.0,0.0,10988,1096,1116,1096.0,1098.8,2.110481627411209,2.968509495359989,38.56,1096.0,1096.0,0.0,1634046400.327702,0.0006699562072753,22.467057943344113
6715,0,1,0,0,3,2,1096,2211110130,1130,64,1116,17,59861,29483,4,0,0,43,15,2211110130,17,59861,11123,21498,1130,1150,1130.0,1131.4736842105262,3.301003461141167,9.726171013158725,22.24930747922437,1130.0,1130.0,0.0,12084,1096,1116,1096.0,1098.5454545454545,2.272034312614044,3.709876543209941,35.70247933884297,1096.0,1096.0,0.0,1634046400.327702,0.0,22.467057943344113
6716,0,1,0,0,3,2,1096,2211110130,1130,64,1116,17,59861,29483,4,0,0,43,15,2211110130,17,59861,11123,22628,1130,1150,1130.0,1131.4,3.408448663757781,10.48313064572733,21.24,1130.0,1130.0,0.0,13180,1096,1116,1096.0,1098.3333333333333,2.4235070560324763,4.455185065044141,33.22222222222223,1096.0,1096.0,0.0,1634046400.327702,0.0,22.467057943344113
6717,0,1,0,0,3,2,1096,2211110130,1130,64,1116,17,59861,29483,4,0,0,43,15,2211110130,17,59861,11123,1130,1130,1130,1130.0,1130.0,0.0,-3.0,0.0,1130.0,1130.0,0.0,14276,1096,1116,1096.0,1098.1538461538462,2.5665229367943567,5.203413146936283,31.053254437869818,1096.0,1096.0,0.0,1634046400.328222,0.0005199909210205,22.467577934265133
6718,0,1,0,0,3,2,1096,2211110130,1130,64,1116,17,59861,29483,4,0,0,43,15,2211110130,17,59861,11123,2260,1130,1130,1130.0,1130.0,0.0,-3.0,0.0,1130.0,1130.0,0.0,15372,1096,1116,1096.0,1098.0,2.702319503845106,5.953863898500577,29.142857142857142,1096.0,1096.0,0.0,1634046400.328222,0.0,22.467577934265133
6719,0,1,0,0,3,2,1096,2211110130,1130,64,1116,17,59861,29483,4,0,0,43,15,2211110130,17,59861,11123,3390,1130,1130,1130.0,1130.0,0.0,-3.0,0.0,1130.0,1130.0,0.0,16468,1096,1116,1096.0,1097.8666666666666,2.831864298098316,6.706045799887486,27.448888888888877,1096.0,1096.0,0.0,1634046400.328222,0.0,22.467577934265133
6720,0,1,0,0,3,2,1096,2211110130,1130,64,1116,17,59861,29483,4,0,0,43,15,2211110130,17,59861,11123,4520,1130,1130,1130.0,1130.0,0.0,-3.0,0.0,1130.0,1130.0,0.0,17564,1096,1116,1096.0,1097.75,2.9559297674478704,7.459602264479605,25.9375,1096.0,1096.0,0.0,1634046400.328222,0.0,22.467577934265133
6721,0,1,0,0,3,2,1096,2211110130,1130,64,1116,17,59861,29483,4,0,0,43,15,2211110130,17,59861,11123,5650,1130,1130,1130.0,1130.0,0.0,-3.0,0.0,1130.0,1130.0,0.0,18660,1096,1116,1096.0,1097.6470588235295,3.075143641644019,8.214268322376197,24.581314878892734,1096.0,1096.0,0.0,1634046400.32874,0.0005178451538085,22.46809577941894
6722,0,1,0,0,3,2,1096,2211110130,1130,64,1116,17,59861,29483,4,0,0,43,15,2211110130,17,59861,11123,6780,1130,1130,1130.0,1130.0,0.0,-3.0,0.0,1130.0,1130.0,0.0,19756,1096,1116,1096.0,1097.5555555555557,3.1900238637694507,8.969842979676036,23.35802469135803,1096.0,1096.0,0.0,1634046400.32874,0.0,22.46809577941894
6723,0,1,0,0,3,2,1096,2211110130,1130,64,1116,17,59861,29483,4,0,0,43,15,2211110130,17,59861,11123,7910,1130,1130,1130.0,1130.0,0.0,-3.0,0.0,1130.0,1130.0,0.0,20852,1096,1116,1096.0,1097.4736842105262,3.301003461141168,9.72617101315873,22.24930747922437,1096.0,1096.0,0.0,1634046400.32874,0.0,22.46809577941894
6724,0,1,0,0,3,2,1096,2211110130,1130,64,1116,17,59861,29483,4,0,0,43,15,2211110130,17,59861,11123,9040,1130,1130,1130.0,1130.0,0.0,-3.0,0.0,1130.0,1130.0,0.0,21948,1096,1116,1096.0,1097.4,3.4084486637577807,10.48313064572733,21.24,1096.0,1096.0,0.0,1634046400.329259,0.0005190372467041,22.468614816665646
6725,0,1,0,0,3,2,1096,2211110130,1130,64,1116,17,59861,29483,4,0,0,43,15,2211110130,17,59861,11123,10170,1130,1130,1130.0,1130.0,0.0,-3.0,0.0,1130.0,1130.0,0.0,1096,1096,1096,1096.0,1096.0,0.0,-3.0,0.0,1096.0,1096.0,0.0,1634046400.329259,0.0,22.468614816665646
6726,0,1,0,0,3,2,1096,2211110130,1130,64,1116,17,59861,29483,4,0,0,43,15,2211110130,17,59861,11123,11300,1130,1130,1130.0,1130.0,0.0,-3.0,0.0,1130.0,1130.0,0.0,2192,1096,1096,1096.0,1096.0,0.0,-3.0,0.0,1096.0,1096.0,0.0,1634046400.329259,0.0,22.468614816665646
6727,0,1,0,0,3,2,1096,2211110130,1130,64,1116,17,59861,29483,4,0,0,43,15,2211110130,17,59861,11123,12430,1130,1130,1130.0,1130.0,0.0,-3.0,0.0,1130.0,1130.0,0.0,3288,1096,1096,1096.0,1096.0,0.0,-3.0,0.0,1096.0,1096.0,0.0,1634046400.329259,0.0,22.468614816665646
6728,0,1,0,0,3,2,1096,2211110130,1130,64,1116,17,59861,29483,4,0,0,43,15,2211110130,17,59861,11123,13560,1130,1130,1130.0,1130.0,0.0,-3.0,0.0,1130.0,1130.0,0.0,4384,1096,1096,1096.0,1096.0,0.0,-3.0,0.0,1096.0,1096.0,0.0,1634046400.329754,0.0004951953887939,22.46911001205444
6729,0,1,0,0,3,2,1096,2211110130,1130,64,1116,17,59861,29483,4,0,0,43,15,2211110130,17,59861,11123,14690,1130,1130,1130.0,1130.0,0.0,-3.0,0.0,1130.0,1130.0,0.0,5480,1096,1096,1096.0,1096.0,0.0,-3.0,0.0,1096.0,1096.0,0.0,1634046400.329754,0.0,22.46911001205444
6730,0,1,0,0,3,2,1096,2211110130,1130,64,1116,17,59861,29483,4,0,0,43,15,2211110130,17,59861,11123,15820,1130,1130,1130.0,1130.0,0.0,-3.0,0.0,1130.0,1130.0,0.0,6576,1096,1096,1096.0,1096.0,0.0,-3.0,0.0,1096.0,1096.0,0.0,1634046400.329754,0.0,22.46911001205444
6731,0,1,0,0,2,3,60,3232270721,94,47,80,17,29483,59861,4,0,0,43,15,2211110130,17,59861,11123,15914,94,1130,1130.0,1060.9333333333334,-3.474396144861517,10.071428571428577,66782.86222222222,1130.0,1130.0,0.0,6636,60,1096,1096.0,948.0,-2.0412414523193148,2.166666666666667,131424.0,1096.0,1096.0,0.0,1634046400.330084,0.0003299713134765,22.469439983367916
6732,0,1,0,0,3,2,1096,2211110130,1130,64,1116,17,59861,29483,4,0,0,43,15,2211110130,17,59861,11123,17044,94,1130,1130.0,1065.25,-3.614784456460256,11.066666666666666,62888.4375,1130.0,1130.0,0.0,7732,60,1096,1096.0,966.5,-2.2677868380553634,3.1428571428571432,117391.75,1096.0,1096.0,0.0,1634046400.330265,0.000180959701538,22.469620943069454
6733,0,1,0,0,3,2,1096,2211110130,1130,64,1116,17,59861,29483,4,0,0,43,15,2211110130,17,59861,11123,18174,94,1130,1130.0,1069.0588235294117,-3.749999999999999,12.062499999999991,59421.231833910046,1130.0,1130.0,0.0,8828,60,1096,1096.0,980.8888888888888,-2.474873734152917,4.124999999999999,106004.54320987656,1096.0,1096.0,0.0,1634046400.330265,0.0,22.469620943069454
6734,0,1,0,0,3,2,1096,2211110130,1130,64,1116,17,59861,29483,4,0,0,43,15,2211110130,17,59861,11123,19304,94,1130,1130.0,1072.4444444444443,-3.8805700005813257,13.058823529411756,56314.91358024691,1130.0,1130.0,0.0,9924,60,1096,1096.0,992.4,-2.666666666666667,5.111111111111114,96596.63999999998,1096.0,1096.0,0.0,1634046400.330265,0.0,22.469620943069454
6735,0,1,0,0,3,2,1096,2211110130,1130,64,1116,17,59861,29483,4,0,0,43,15,2211110130,17,59861,11123,20434,94,1130,1130.0,1075.4736842105262,-4.006938426723766,14.055555555555546,53516.144044321336,1130.0,1130.0,0.0,11020,60,1096,1096.0,1001.818181818182,-2.8460498941515424,6.100000000000003,88702.14876033057,1096.0,1096.0,0.0,1634046400.330265,0.0,22.469620943069454
6736,0,1,0,0,3,2,1096,2211110130,1130,64,1116,17,59861,29483,4,0,0,43,15,2211110130,17,59861,11123,21564,94,1130,1130.0,1078.2,-4.129483209670113,15.052631578947372,50981.56,1130.0,1130.0,0.0,12116,60,1096,1096.0,1009.6666666666666,-3.0151134457776347,7.090909090909088,81987.8888888889,1096.0,1096.0,0.0,1634046400.330955,0.0006899833679199,22.470310926437374
6737,0,1,0,0,3,2,1096,2211110130,1130,64,1116,17,59861,29483,4,0,0,43,15,2211110130,17,59861,11123,1130,1130,1130,1130.0,1130.0,0.0,-3.0,0.0,1130.0,1130.0,0.0,13212,60,1096,1096.0,1016.3076923076924,-3.175426480542942,8.083333333333337,76210.3668639053,1096.0,1096.0,0.0,1634046400.330955,0.0,22.470310926437374
6738,0,1,0,0,3,2,1096,2211110130,1130,64,1116,17,59861,29483,4,0,0,43,15,2211110130,17,59861,11123,2260,1130,1130,1130.0,1130.0,0.0,-3.0,0.0,1130.0,1130.0,0.0,14308,60,1096,1096.0,1022.0,-3.328201177351375,9.076923076923077,71188.0,1096.0,1096.0,0.0,1634046400.330955,0.0,22.470310926437374
6739,0,1,0,0,3,2,1116,2211110130,1150,64,1136,17,59861,29483,4,0,0,43,15,2211110130,17,59861,11123,3410,1130,1150,1130.0,1136.6666666666667,0.7071067811865238,-1.5000000000000222,88.88888888888887,1140.0,1130.0,10.0,15424,60,1116,1096.0,1028.2666666666669,-3.472149200414124,10.061953585421172,66991.9288888889,1096.0,1096.0,0.0,1634046400.331777,0.0008220672607421,22.471132993698117
6740,0,1,0,0,3,2,583,2211110130,617,64,603,17,59861,29483,4,0,0,43,15,2211110130,17,59861,11123,4027,617,1150,1130.0,1006.75,-1.1501089749010935,-0.6700791351354303,50701.6875,1135.0,1001.75,133.25,16007,60,1116,1096.0,1000.4375,-2.7447153116186542,6.183596661744813,74421.87109375,1096.0,1096.0,0.0,1634046400.331777,0.0,22.471132993698117
6741,0,1,0,0,3,2,408,2211110130,442,64,428,17,59861,29483,4,0,0,43,15,2211110130,17,59861,11123,4469,442,1150,1130.0,893.8,-0.5069247521816735,-1.6155835919625057,91592.16,1130.0,617.0,513.0,16415,60,1116,1096.0,965.5882352941176,-2.0654869812937258,2.8406000730249232,89475.65397923875,1096.0,1096.0,0.0,1634046400.331777,0.0,22.471132993698117
6742,0,1,0,0,3,2,408,2211110130,442,64,428,17,59861,29483,4,0,0,43,15,2211110130,17,59861,11123,4911,442,1150,873.5,818.5,-0.088780391768132,-1.8935445149725116,104677.25,1130.0,485.75,644.25,16823,60,1116,1096.0,934.6111111111112,-1.6382393381705846,1.1766318489173182,100817.68209876544,1096.0,1096.0,0.0,1634046400.337571,0.005793809890747,22.476926803588864
6743,0,1,0,0,3,2,1096,2211110130,1130,64,1116,17,59861,29483,4,0,0,43,15,2211110130,17,59861,11123,6041,442,1150,1130.0,863.0,-0.3677898859741098,-1.7750341568690515,101604.85714285714,1130.0,529.5,600.5,17919,60,1116,1096.0,943.1052631578948,-1.7239507521691064,1.4787671884584608,96810.19944598338,1096.0,1096.0,0.0,1634046400.350921,0.0133500099182128,22.490276813507077
6744,0,1,0,0,3,2,1096,2211110130,1130,64,1116,17,59861,29483,4,0,0,43,15,2211110130,17,59861,11123,7171,442,1150,1130.0,896.375,-0.5906936859883358,-1.5644250339228023,96701.484375,1130.0,573.25,556.75,19015,60,1116,1096.0,950.75,-1.8060750941007009,1.7830872926033523,93080.0875,1096.0,1096.0,0.0,1634046400.350921,0.0,22.490276813507077
6745,0,1,0,0,3,2,873,2211110130,907,64,893,17,59861,29483,4,0,0,43,15,2211110130,17,59861,11123,8078,442,1150,1130.0,897.5555555555555,-0.6384773906463648,-1.3752110535506108,85968.02469135802,1130.0,617.0,513.0,873,873,873,873.0,873.0,0.0,-3.0,0.0,873.0,873.0,0.0,1634046400.352074,0.0011529922485351,22.49142980575561
6746,0,1,0,0,3,2,1096,2211110130,1130,64,1116,17,59861,29483,4,0,0,43,15,2211110130,17,59861,11123,9208,442,1150,1130.0,920.8,-0.8046574545498852,-1.1372758505280829,82233.95999999999,1130.0,689.5,440.5,1969,873,1096,984.5,984.5,0.0,-2.0,12432.25,1040.25,928.75,111.5,1634046400.352074,0.0,22.49142980575561
6747,0,1,0,0,3,2,1096,2211110130,1130,64,1116,17,59861,29483,4,0,0,43,15,2211110130,17,59861,11123,10338,442,1150,1130.0,939.818181818182,-0.9523699354080368,-0.8763321905012815,78375.05785123966,1130.0,762.0,368.0,3065,873,1096,1096.0,1021.6666666666666,-0.7071067811865466,-1.5000000000000009,11050.888888888889,1096.0,984.5,111.5,1634046400.353221,0.0011470317840576,22.49257683753967
6748,0,1,0,0,3,2,1096,2211110130,1130,64,1116,17,59861,29483,4,0,0,43,15,2211110130,17,59861,11123,11468,442,1150,1130.0,955.6666666666666,-1.0861109667673987,-0.6002342183554941,74606.72222222222,1130.0,834.5,295.5,4161,873,1096,1096.0,1040.25,-1.1547005383792517,-0.6666666666666665,9324.1875,1096.0,1040.25,55.75,1634046400.353221,0.0,22.49257683753967
6749,0,1,0,0,3,2,1096,2211110130,1130,64,1116,17,59861,29483,4,0,0,43,15,2211110130,17,59861,11123,12598,442,1150,1130.0,969.0769230769232,-1.208884201537243,-0.3136289309579481,71025.76331360945,1130.0,907.0,223.0,5257,873,1096,1096.0,1051.4,-1.500000000000004,0.2500000000000089,7956.639999999998,1096.0,1096.0,0.0,1634046400.353221,0.0,22.49257683753967
6750,0,1,0,0,3,2,743,2211110130,777,64,763,17,59861,29483,4,0,0,43,15,2211110130,17,59861,11123,13375,442,1150,1130.0,955.3571428571428,-1.058576751902811,-0.5281460202177972,68399.51530612244,1130.0,809.5,320.5,6000,743,1096,1096.0,1000.0,-0.923441447137732,-0.8989396165428678,19840.33333333333,1096.0,928.75,167.25,1634046400.353221,0.0,22.49257683753967
6751,0,1,0,0,2,3,60,3232270721,94,47,80,17,29483,59861,4,0,0,43,15,2211110130,17,59861,11123,13469,94,1150,1130.0,897.9333333333333,-1.1275556835059588,-0.0370340463215277,110004.4622222222,1130.0,697.0,433.0,6060,60,1096,1096.0,865.7142857142857,-1.5350982076269388,0.9452322336076416,125201.91836734697,1096.0,808.0,288.0,1634046400.362424,0.0092029571533203,22.50177979469299
6752,0,1,0,0,3,2,60,2211110130,94,64,80,17,59861,29483,4,0,0,43,15,2211110130,17,59861,11123,13563,94,1150,1130.0,847.6875,-0.9379853567063564,-0.6058287195402938,140998.83984375,1130.0,573.25,556.75,6120,60,1096,984.5,765.0,-0.9034296983549164,-0.920954229121286,180555.25,1096.0,572.25,523.75,1634046400.373065,0.0106410980224609,22.51242089271545
6753,0,1,0,0,3,2,408,2211110130,442,64,428,17,59861,29483,4,0,0,43,15,2211110130,17,59861,11123,14005,94,1150,1130.0,823.8235294117648,-0.7583642705029975,-0.9096879568024908,141816.61591695502,1130.0,442.0,688.0,6528,60,1096,873.0,725.3333333333334,-0.6389275755755224,-1.2269626275854235,173081.11111111112,1096.0,408.0,688.0,1634046400.376325,0.0032598972320556,22.515680789947506
6754,0,1,0,0,2,3,56,3232270721,90,47,76,17,29483,59861,4,0,0,43,15,2211110130,17,59861,11123,14095,90,1150,1018.5,783.0555555555555,-0.6169648419175044,-1.1896914928191045,162192.38580246913,1130.0,442.0,688.0,6584,56,1096,808.0,658.4,-0.3652630816762227,-1.5932978353638814,196093.64,1096.0,147.0,949.0,1634046400.379345,0.0030200481414794,22.518700838088986
6755,0,1,0,0,3,2,1096,2211110130,1130,64,1116,17,59861,29483,4,0,0,43,15,2211110130,17,59861,11123,15225,90,1150,1130.0,801.3157894736842,-0.701206246091731,-1.0845257974735911,159657.7950138504,1130.0,442.0,688.0,7680,56,1096,873.0,698.1818181818181,-0.5197471413017232,-1.46744843396136,194092.8760330579,1096.0,234.0,862.0,1634046400.381647,0.0023021697998046,22.52100300788879
6756,0,1,0,0,3,2,1096,2211110130,1130,64,1116,17,59861,29483,4,0,0,43,15,2211110130,17,59861,11123,16355,90,1150,1130.0,817.75,-0.7803814885436018,-0.9705755855410144,156806.4875,1130.0,442.0,688.0,8776,56,1096,984.5,731.3333333333334,-0.657136290584217,-1.3111208588869263,190007.72222222225,1096.0,321.0,775.0,1634046400.385274,0.0036268234252929,22.524629831314083
6757,0,1,0,0,3,2,1096,2211110130,1130,64,1116,17,59861,29483,4,0,0,43,15,2211110130,17,59861,11123,1130,1130,1130,1130.0,1130.0,0.0,-3.0,0.0,1130.0,1130.0,0.0,9872,56,1096,1096.0,759.3846153846154,-0.7813083378529788,-1.1343738516950514,184834.2366863905,1096.0,408.0,688.0,1634046400.388283,0.0030090808868408,22.527638912200924
6758,0,1,0,0,3,2,1096,2211110130,1130,64,1116,17,59861,29483,4,0,0,43,15,2211110130,17,59861,11123,2260,1130,1130,1130.0,1130.0,0.0,-3.0,0.0,1130.0,1130.0,0.0,10968,56,1096,1096.0,783.4285714285714,-0.8949934368828675,-0.9433301850511916,179147.24489795923,1096.0,491.75,604.25,1634046400.389059,0.0007760524749755,22.5284149646759
6759,0,1,0,0,3,2,1096,2211110130,1130,64,1116,17,59861,29483,4,0,0,43,15,2211110130,17,59861,11123,3390,1130,1130,1130.0,1130.0,0.0,-3.0,0.0,1130.0,1130.0,0.0,12064,56,1096,1096.0,804.2666666666667,-1.000163089884657,-0.7419068461598104,173283.26222222217,1096.0,575.5,520.5,1634046400.389059,0.0,22.5284149646759
6760,0,1,0,0,3,2,1096,2211110130,1130,64,1116,17,59861,29483,4,0,0,43,15,2211110130,17,59861,11123,4520,1130,1130,1130.0,1130.0,0.0,-3.0,0.0,1130.0,1130.0,0.0,13160,56,1096,1096.0,822.5,-1.0982793806689044,-0.5327181668028818,167439.875,1096.0,659.25,436.75,1634046400.389059,0.0,22.5284149646759
6761,0,1,0,0,3,2,399,2211110130,433,64,419,17,59861,29483,4,0,0,43,15,2211110130,17,59861,11123,4953,433,1130,1130.0,990.6,-1.5000000000000009,0.2500000000000013,77729.43999999999,1130.0,1130.0,0.0,13559,56,1096,1096.0,797.5882352941177,-0.9152756938529308,-0.8577230107196714,167520.0069204152,1096.0,408.0,688.0,1634046400.389059,0.0,22.5284149646759
6762,0,1,0,0,2,3,60,3232270721,94,47,80,17,29483,59861,4,0,0,43,15,2211110130,17,59861,11123,5047,94,1130,1130.0,841.1666666666666,-0.8742815994740989,-1.0335616507409624,176426.1388888889,1130.0,607.25,522.75,13619,56,1096,1096.0,756.6111111111111,-0.7252608809609785,-1.2297787013285164,186758.45987654323,1096.0,401.25,694.75,1634046400.395813,0.006753921508789,22.53516888618469
6763,0,1,0,0,2,3,60,3232270721,94,47,80,17,29483,59861,4,0,0,43,15,2211110130,17,59861,11123,5141,94,1130,1130.0,734.4285714285714,-0.4236511004468464,-1.6885121741435276,219580.53061224488,1130.0,263.5,866.5,13679,56,1096,1096.0,719.9473684210526,-0.5662450115766792,-1.4729054562842243,201125.2077562327,1096.0,229.5,866.5,1634046400.415001,0.0191879272460937,22.554356813430783
6764,0,1,0,0,3,2,1096,2211110130,1130,64,1116,17,59861,29483,4,0,0,43,15,2211110130,17,59861,11123,6271,94,1130,1130.0,783.875,-0.643202388216675,-1.4585489006898291,209247.609375,1130.0,348.25,781.75,14775,56,1096,1096.0,738.75,-0.6482946541946818,-1.3753954418465768,197786.1875,1096.0,314.25,781.75,1634046400.424682,0.0096809864044189,22.5640377998352
6765,0,1,0,0,3,2,1096,2211110130,1130,64,1116,17,59861,29483,4,0,0,43,15,2211110130,17,59861,11123,7401,94,1130,1130.0,822.3333333333334,-0.8296193260149763,-1.1843344619398255,197830.22222222225,1130.0,433.0,697.0,1096,1096,1096,1096.0,1096.0,0.0,-3.0,0.0,1096.0,1096.0,0.0,1634046400.425145,0.0004630088806152,22.564500808715817
6766,0,1,0,0,3,2,1096,2211110130,1130,64,1116,17,59861,29483,4,0,0,43,15,2211110130,17,59861,11123,8531,94,1130,1130.0,853.1,-0.99319728888527,-0.8843742980250915,186566.49,1130.0,607.25,522.75,2192,1096,1096,1096.0,1096.0,0.0,-3.0,0.0,1096.0,1096.0,0.0,1634046400.425145,0.0,22.564500808715817
6767,0,1,0,0,3,2,1096,2211110130,1130,64,1116,17,59861,29483,4,0,0,43,15,2211110130,17,59861,11123,9661,94,1130,1130.0,878.2727272727273,-1.1400112592239204,-0.5681188550550833,175942.5619834711,1130.0,781.5,348.5,3288,1096,1096,1096.0,1096.0,0.0,-3.0,0.0,1096.0,1096.0,0.0,1634046400.425145,0.0,22.564500808715817
6768,0,1,0,0,3,2,1096,2211110130,1130,64,1116,17,59861,29483,4,0,0,43,15,2211110130,17,59861,11123,10791,94,1130,1130.0,899.25,-1.2739488506936794,-0.2408978977756035,166121.1875,1130.0,955.75,174.25,4384,1096,1096,1096.0,1096.0,0.0,-3.0,0.0,1096.0,1096.0,0.0,1634046400.425894,0.0007491111755371,22.565249919891354
6769,0,1,0,0,3,2,890,2211110130,924,64,910,17,59861,29483,4,0,0,43,15,2211110130,17,59861,11123,11715,94,1130,1130.0,901.1538461538462,-1.339968182621658,0.0132469004646518,153386.13017751474,1130.0,924.0,206.0,5274,890,1096,1096.0,1054.8,-1.4999999999999984,0.2499999999999964,6789.76,1096.0,1096.0,0.0,1634046400.425894,0.0,22.565249919891354
6770,0,1,0,0,3,2,1116,2211110130,1150,64,1136,17,59861,29483,4,0,0,43,15,2211110130,17,59861,11123,12865,94,1150,1130.0,918.9285714285714,-1.4522773639686877,0.3352273117175222,146537.20918367346,1130.0,975.5,154.5,6390,890,1116,1096.0,1065.0,-1.7528922595361336,1.1407087648830956,6178.333333333333,1096.0,1096.0,0.0,1634046400.429402,0.0035080909729003,22.568758010864254
6771,0,1,0,0,2,3,60,3232270721,94,47,80,17,29483,59861,4,0,0,43,15,2211110130,17,59861,11123,12959,94,1150,1130.0,863.9333333333333,-1.1047378816608528,-0.6298807820565338,179110.72888888887,1130.0,678.5,451.5,6450,60,1116,1096.0,921.4285714285714,-1.8833256849923388,1.7734101755805618,128972.2448979592,1096.0,993.0,103.0,1634046400.436208,0.0068058967590332,22.575563907623287
6772,0,1,0,0,3,2,408,2211110130,442,64,428,17,59861,29483,4,0,0,43,15,2211110130,17,59861,11123,13401,94,1150,1130.0,837.5625,-0.9171027608386688,-0.9491624781988248,178347.62109375,1130.0,439.75,690.25,6858,60,1116,1096.0,857.25,-1.2319688379890383,-0.1218389177968801,141682.9375,1096.0,769.5,326.5,1634046400.447273,0.0110650062561035,22.58662891387939
6773,0,1,0,0,2,3,60,3232270721,94,47,80,17,29483,59861,4,0,0,43,15,2211110130,17,59861,11123,13495,94,1150,1130.0,793.8235294117648,-0.7133153724124649,-1.3228508223744726,198466.1453287197,1130.0,433.0,697.0,6918,60,1116,1096.0,768.6666666666666,-0.7789482562744021,-1.18410325619517,188716.44444444444,1096.0,408.0,688.0,1634046400.450409,0.0031359195709228,22.589764833450314
6774,0,1,0,0,3,2,1096,2211110130,1130,64,1116,17,59861,29483,4,0,0,43,15,2211110130,17,59861,11123,14625,94,1150,1130.0,812.5,-0.803162555669057,-1.186839657110139,193370.02777777775,1130.0,435.25,694.75,8014,60,1116,1096.0,801.4,-0.94193743312556,-0.902425204155735,179488.03999999998,1096.0,528.5,567.5,1634046400.462937,0.0125281810760498,22.602293014526364
6775,0,1,0,0,3,2,1096,2211110130,1130,64,1116,17,59861,29483,4,0,0,43,15,2211110130,17,59861,11123,15755,94,1150,1130.0,829.2105263157895,-0.8873192367142095,-1.04406111236911,188219.0083102493,1130.0,437.5,692.5,9110,60,1116,1096.0,828.1818181818181,-1.088058689592316,-0.6021537047860357,170343.6033057851,1096.0,649.0,447.0,1634046400.462937,0.0,22.602293014526364
6776,0,1,0,0,3,2,1096,2211110130,1130,64,1116,17,59861,29483,4,0,0,43,15,2211110130,17,59861,11123,16885,94,1150,1130.0,844.25,-0.9666258563424684,-0.89593967771295,183105.5875,1130.0,439.75,690.25,10206,60,1116,1096.0,850.5,-1.2212222140697735,-0.2894229633322216,161627.41666666666,1096.0,769.5,326.5,1634046400.462937,0.0,22.602293014526364
6777,0,1,0,0,3,2,1096,2211110130,1130,64,1116,17,59861,29483,4,0,0,43,15,2211110130,17,59861,11123,1130,1130,1130,1130.0,1130.0,0.0,-3.0,0.0,1130.0,1130.0,0.0,11302,60,1116,1096.0,869.3846153846154,-1.34409147257947,0.032060622061798,153474.08284023666,1096.0,890.0,206.0,1634046400.463651,0.00071382522583,22.603006839752194
6778,0,1,0,0,3,2,1096,2211110130,1130,64,1116,17,59861,29483,4,0,0,43,15,2211110130,17,59861,11123,2260,1130,1130,1130.0,1130.0,0.0,-3.0,0.0,1130.0,1130.0,0.0,12398,60,1116,1096.0,885.5714285714286,-1.458563309079142,0.3599267698699684,145917.8163265306,1096.0,941.5,154.5,1634046400.463651,0.0,22.603006839752194
6779,0,1,0,0,3,2,438,2211110130,472,64,458,17,59861,29483,4,0,0,43,15,2211110130,17,59861,11123,2732,472,1130,1130.0,910.6666666666666,-0.7071067811865469,-1.5000000000000004,96214.22222222223,1130.0,801.0,329.0,12836,60,1116,1096.0,855.7333333333333,-1.1955638939306394,-0.2634683137851046,148654.3288888889,1096.0,664.0,432.0,1634046400.463651,0.0,22.603006839752194
6780,0,1,0,0,2,3,52,3232270721,86,47,72,17,29483,59861,4,0,0,43,15,2211110130,17,59861,11123,2818,86,1130,801.0,704.5,-0.2664530632721131,-1.6530034733763252,199674.75,1130.0,375.5,754.5,12888,52,1116,1096.0,805.5,-0.9364128720723622,-0.8968987505486803,177214.25,1096.0,430.5,665.5,1634046400.468012,0.0043611526489257,22.60736799240112
6781,0,1,0,0,3,2,56,2211110130,90,64,76,17,59861,29483,4,0,0,43,15,2211110130,17,59861,11123,2908,86,1130,472.0,581.6,0.1703848209156015,-1.7630520501435163,220157.44,1130.0,90.0,1040.0,12944,52,1116,1096.0,761.4117647058823,-0.7299182079925899,-1.2870081676472331,197890.2422145329,1096.0,408.0,688.0,1634046400.483839,0.015826940536499,22.62319493293762
6782,0,1,0,0,3,2,408,2211110130,442,64,428,17,59861,29483,4,0,0,43,15,2211110130,17,59861,11123,3350,86,1130,457.0,558.3333333333334,0.3388742258414002,-1.5010449327827986,186171.22222222225,965.5,178.0,787.5,13352,52,1116,1096.0,741.7777777777778,-0.6080514429176367,-1.404424988518127,193449.7283950617,1096.0,408.0,688.0,1634046400.483839,0.0,22.62319493293762
6783,0,1,0,0,2,3,60,3232270721,94,47,80,17,29483,59861,4,0,0,43,15,2211110130,17,59861,11123,3444,86,1130,442.0,492.0,0.5776877881513136,-1.3075648861099578,185976.0,801.0,92.0,709.0,13412,52,1116,1096.0,705.8947368421053,-0.4629219338735849,-1.58959682345571,206444.83102493075,1096.0,234.0,862.0,1634046400.486704,0.0028650760650634,22.626060009002682
6784,0,1,0,0,3,2,60,2211110130,94,64,80,17,59861,29483,4,0,0,43,15,2211110130,17,59861,11123,3538,86,1130,268.0,442.25,0.7808144622713805,-1.0398483001946257,180054.4375,636.5,93.0,543.5,13472,52,1116,993.0,673.6,-0.3365317962697651,-1.711278929321247,215938.64,1096.0,60.0,1036.0,1634046400.499722,0.0130178928375244,22.639077901840206
6785,0,1,0,0,3,2,1096,2211110130,1130,64,1116,17,59861,29483,4,0,0,43,15,2211110130,17,59861,11123,4668,86,1130,442.0,518.6666666666666,0.4395469906093378,-1.562977144456702,206764.44444444444,1130.0,94.0,1036.0,1096,1096,1096,1096.0,1096.0,0.0,-3.0,0.0,1096.0,1096.0,0.0,1634046400.499722,0.0,22.639077901840206
6786,0,1,0,0,3,2,1096,2211110130,1130,64,1116,17,59861,29483,4,0,0,43,15,2211110130,17,59861,11123,5798,86,1130,457.0,579.8,0.1894711406816587,-1.7666172372955211,219723.56,1130.0,94.0,1036.0,2192,1096,1096,1096.0,1096.0,0.0,-3.0,0.0,1096.0,1096.0,0.0,1634046400.500772,0.0010499954223632,22.64012789726257
6787,0,1,0,0,3,2,1096,2211110130,1130,64,1116,17,59861,29483,4,0,0,43,15,2211110130,17,59861,11123,6928,86,1130,472.0,629.8181818181819,-0.0091069258075623,-1.8266593112294731,224766.8760330578,1130.0,94.0,1036.0,3288,1096,1096,1096.0,1096.0,0.0,-3.0,0.0,1096.0,1096.0,0.0,1634046400.500772,0.0,22.64012789726257
6788,0,1,0,0,3,2,848,2211110130,882,64,868,17,59861,29483,4,0,0,43,15,2211110130,17,59861,11123,7810,86,1130,677.0,650.8333333333334,-0.1327659105869239,-1.7589723660324807,210894.3055555556,1130.0,94.0,1036.0,4136,848,1096,1096.0,1034.0,-1.1547005383792517,-0.6666666666666665,11532.0,1096.0,1034.0,62.0,1634046400.500772,0.0,22.64012789726257
6789,0,1,0,0,2,3,60,3232270721,94,47,80,17,29483,59861,4,0,0,43,15,2211110130,17,59861,11123,7904,86,1130,472.0,608.0,0.0274888527574434,-1.798129389359613,216688.0,1130.0,94.0,1036.0,4196,60,1096,1096.0,839.2,-1.307205635261543,-0.0555470780710112,161013.75999999998,1096.0,848.0,248.0,1634046400.504299,0.0035269260406494,22.64365482330322
6790,0,1,0,0,3,2,408,2211110130,442,64,428,17,59861,29483,4,0,0,43,15,2211110130,17,59861,11123,8346,86,1130,457.0,596.1428571428571,0.1035319301837849,-1.7208171883123535,203037.9795918368,1130.0,94.0,1036.0,4604,60,1096,972.0,767.3333333333334,-0.7636721827002109,-1.0336412606452208,160002.22222222222,1096.0,518.0,578.0,1634046400.51134,0.0070409774780273,22.650695800781246
6791,0,1,0,0,3,2,1096,2211110130,1130,64,1116,17,59861,29483,4,0,0,43,15,2211110130,17,59861,11123,9476,86,1130,472.0,631.7333333333333,-0.0337927808645647,-1.7540260758751594,207235.66222222225,1130.0,94.0,1036.0,5700,60,1096,1096.0,814.2857142857143,-0.9964909600915826,-0.6235876825958537,150371.91836734695,1096.0,628.0,468.0,1634046400.516832,0.0054922103881835,22.65618801116943
6792,0,1,0,0,3,2,1096,2211110130,1130,64,1116,17,59861,29483,4,0,0,43,15,2211110130,17,59861,11123,10606,86,1130,677.0,662.875,-0.1550583934641914,-1.7469548663303194,208830.484375,1130.0,94.0,1036.0,6796,60,1096,1096.0,849.5,-1.1976554507996933,-0.1725171013641309,140255.75,1096.0,738.0,358.0,1634046400.516832,0.0,22.65618801116943
6793,0,1,0,0,3,2,1096,2211110130,1130,64,1116,17,59861,29483,4,0,0,43,15,2211110130,17,59861,11123,11736,86,1130,882.0,690.3529411764706,-0.2639241055256744,-1.71223002404696,208626.93425605533,1130.0,94.0,1036.0,7892,60,1096,1096.0,876.8888888888889,-1.376314369934342,0.302122998881571,130672.987654321,1096.0,848.0,248.0,1634046400.517593,0.000760793685913,22.656948804855343
6794,0,1,0,0,3,2,1096,2211110130,1130,64,1116,17,59861,29483,4,0,0,43,15,2211110130,17,59861,11123,12866,86,1130,1006.0,714.7777777777778,-0.3629546115097821,-1.6577275187975296,207178.28395061727,1130.0,181.0,949.0,8988,60,1096,1096.0,898.8,-1.5381204691652357,0.791518415150771,121926.56,1096.0,910.0,186.0,1634046400.517593,0.0,22.656948804855343
6795,0,1,0,0,3,2,1096,2211110130,1130,64,1116,17,59861,29483,4,0,0,43,15,2211110130,17,59861,11123,13996,86,1130,1130.0,736.6315789473684,-0.4540045700078877,-1.5886035115712402,204870.7590027701,1130.0,268.0,862.0,10084,60,1096,1096.0,916.7272727272727,-1.6867917044673109,1.2907524787670832,114056.19834710743,1096.0,972.0,124.0,1634046400.517593,0.0,22.656948804855343
6796,0,1,0,0,3,2,894,2211110130,928,64,914,17,59861,29483,4,0,0,43,15,2211110130,17,59861,11123,14924,86,1130,1029.0,746.2,-0.52038417889769,-1.4966377468796264,196366.76,1130.0,355.0,775.0,10978,60,1096,1096.0,914.8333333333334,-1.743259606332402,1.6362503223364442,104590.9722222222,1096.0,882.5,213.5,1634046400.517593,0.0,22.656948804855343
6797,0,1,0,0,2,3,60,3232270721,94,47,80,17,29483,59861,4,0,0,43,15,2211110130,17,59861,11123,94,94,94,94.0,94.0,0.0,-3.0,0.0,94.0,94.0,0.0,11038,60,1096,1096.0,849.0769230769231,-1.2750532707890938,-0.0568907264747569,148432.37869822487,1096.0,848.0,248.0,1634046400.522013,0.0044200420379638,22.661368846893307
6798,0,1,0,0,3,2,416,2211110130,450,64,436,17,59861,29483,4,0,0,43,15,2211110130,17,59861,11123,544,94,450,272.0,272.0,0.0,-2.0,31684.0,361.0,183.0,178.0,11454,60,1096,1096.0,818.1428571428571,-1.0220196697798567,-0.5867464117765779,150269.97959183672,1096.0,524.0,572.0,1634046400.532857,0.0108439922332763,22.672212839126583
6799,0,1,0,0,3,2,1096,2211110130,1130,64,1116,17,59861,29483,4,0,0,43,15,2211110130,17,59861,11123,1674,94,1130,450.0,558.0,0.3610652511425467,-1.5,184714.66666666663,790.0,272.0,518.0,12550,60,1096,1096.0,836.6666666666666,-1.1259151705775423,-0.3590637402199426,145055.8222222222,1096.0,632.0,464.0,1634046400.539061,0.0062041282653808,22.678416967391964
6800,0,1,0,0,3,2,1096,2211110130,1130,64,1116,17,59861,29483,4,0,0,43,15,2211110130,17,59861,11123,2804,94,1130,790.0,701.0,-0.2281522558905263,-1.7018192542724044,199883.0,1130.0,361.0,769.0,13646,60,1096,1096.0,852.875,-1.223311018384627,-0.1242386483603468,139930.484375,1096.0,740.0,356.0,1634046400.539061,0.0,22.678416967391964
6801,0,1,0,0,3,2,1096,2211110130,1130,64,1116,17,59861,29483,4,0,0,43,15,2211110130,17,59861,11123,3934,94,1130,1130.0,786.8,-0.6055033508897074,-1.4110181778824125,189352.96,1130.0,450.0,680.0,14742,60,1096,1096.0,867.1764705882352,-1.3151737028636976,0.1161004944180756,134971.79238754325,1096.0,848.0,248.0,1634046400.539581,0.0005199909210205,22.678936958312985
6802,0,1,0,0,3,2,1096,2211110130,1130,64,1116,17,59861,29483,4,0,0,43,15,2211110130,17,59861,11123,5064,94,1130,1130.0,844.0,-0.8931361518987341,-0.9817877052822804,174153.33333333334,1130.0,620.0,510.0,15838,60,1096,1096.0,879.8888888888889,-1.4022658590534416,0.3607831797086196,130220.65432098768,1096.0,859.5,236.5,1634046400.539581,0.0,22.678936958312985
6803,0,1,0,0,3,2,364,2211110130,398,64,384,17,59861,29483,4,0,0,43,15,2211110130,17,59861,11123,5462,94,1130,1130.0,780.2857142857143,-0.4818808414892982,-1.5077495710473372,173631.34693877553,1130.0,424.0,706.0,16202,60,1096,1096.0,852.7368421052631,-1.1583073800287875,-0.281165364818817,136637.14127423824,1096.0,632.0,464.0,1634046400.539581,0.0,22.678936958312985
6804,0,1,0,0,3,2,1116,2211110130,1150,64,1136,17,59861,29483,4,0,0,43,15,2211110130,17,59861,11123,6612,94,1150,1130.0,826.5,-0.695672476408828,-1.264740819014522,166877.75,1130.0,437.0,693.0,17318,60,1116,1096.0,865.9,-1.2340812383612394,-0.0940436502963999,133097.38999999998,1096.0,740.0,356.0,1634046400.540349,0.0007679462432861,22.67970490455627
6805,0,1,0,0,2,3,60,3232270721,94,47,80,17,29483,59861,4,0,0,43,15,2211110130,17,59861,11123,6706,94,1150,1130.0,745.1111111111111,-0.3999286663200684,-1.6397557802373812,201328.987654321,1130.0,398.0,732.0,60,60,60,60.0,60.0,0.0,-3.0,0.0,60.0,60.0,0.0,1634046400.555637,0.0152878761291503,22.69499278068542
6806,0,1,0,0,3,2,408,2211110130,442,64,428,17,59861,29483,4,0,0,43,15,2211110130,17,59861,11123,7148,94,1150,790.0,714.8,-0.2187887829807062,-1.68420869366325,189464.96,1130.0,409.0,721.0,468,60,408,234.0,234.0,0.0,-2.0,30276.0,321.0,147.0,174.0,1634046400.571822,0.0161850452423095,22.71117782592773
6807,0,1,0,0,2,3,60,3232270721,94,47,80,17,29483,59861,4,0,0,43,15,2211110130,17,59861,11123,7242,94,1150,450.0,658.3636363636364,-0.0370813433530771,-1.7573795166866917,204091.5041322314,1130.0,246.0,884.0,528,60,408,60.0,176.0,0.7071067811865476,-1.5,26912.0,234.0,60.0,174.0,1634046400.573573,0.0017511844635009,22.712929010391232
6808,0,1,0,0,3,2,1096,2211110130,1130,64,1116,17,59861,29483,4,0,0,43,15,2211110130,17,59861,11123,8372,94,1150,790.0,697.6666666666666,-0.2008286623518996,-1.737333671239781,204075.8888888889,1130.0,322.0,808.0,1624,60,1096,234.0,406.0,0.8117587838515856,-1.0051628355158138,178884.0,580.0,60.0,520.0,1634046400.580805,0.0072319507598876,22.72016096115112
6809,0,1,0,0,3,2,1096,2211110130,1130,64,1116,17,59861,29483,4,0,0,43,15,2211110130,17,59861,11123,9502,94,1150,1130.0,730.9230769230769,-0.3426724916762538,-1.6715817488549352,201649.60946745565,1130.0,398.0,732.0,2720,60,1096,408.0,544.0,0.2086335827709203,-1.769752916353344,219283.2,1096.0,60.0,1036.0,1634046400.580805,0.0,22.72016096115112
6810,0,1,0,0,3,2,1096,2211110130,1130,64,1116,17,59861,29483,4,0,0,43,15,2211110130,17,59861,11123,10632,94,1150,1130.0,759.4285714285714,-0.4684440465551268,-1.5763757110955243,197809.38775510204,1130.0,409.0,721.0,3816,60,1096,752.0,636.0,-0.1593041753593395,-1.824694925543368,225056.0,1096.0,147.0,949.0,1634046400.580805,0.0,22.72016096115112
6811,0,1,0,0,3,2,897,2211110130,931,64,917,17,59861,29483,4,0,0,43,15,2211110130,17,59861,11123,11563,94,1150,1130.0,770.8666666666667,-0.5530623866625805,-1.4484569785642027,186453.7155555556,1130.0,420.0,710.0,4713,60,1096,897.0,673.2857142857143,-0.3832664403990258,-1.6378295611722975,201246.48979591837,1096.0,234.0,862.0,1634046400.581401,0.0005960464477539,22.720757007598873
6812,0,1,0,0,2,3,56,3232270721,90,47,76,17,29483,59861,4,0,0,43,15,2211110130,17,59861,11123,11653,90,1150,1030.5,728.3125,-0.3923607866074959,-1.6334495071533917,201963.21484375,1130.0,322.0,808.0,4769,56,1096,652.5,596.125,-0.0866843204626213,-1.8214950067339863,217767.109375,1096.0,60.0,1036.0,1634046400.592182,0.0107808113098144,22.731537818908688
6813,0,1,0,0,2,3,60,3232270721,94,47,80,17,29483,59861,4,0,0,43,15,2211110130,17,59861,11123,11747,90,1150,931.0,691.0,-0.252472475593504,-1.7466560886710998,212358.58823529413,1130.0,94.0,1036.0,4829,56,1096,408.0,536.5555555555555,0.1427265797002762,-1.8292998398278493,221958.9135802469,1096.0,60.0,1036.0,1634046400.59225,6.818771362304688e-05,22.73160600662231
6814,0,1,0,0,3,2,60,2211110130,94,64,80,17,59861,29483,4,0,0,43,15,2211110130,17,59861,11123,11841,90,1150,690.5,657.8333333333334,-0.1295631035073155,-1.809688029450105,219261.36111111112,1130.0,94.0,1036.0,4889,56,1096,234.0,488.9,0.3309683285638184,-1.750667677341546,220202.49,1046.25,60.0,986.25,1634046400.602739,0.0104889869689941,22.742094993591305
6815,0,1,0,0,3,2,1096,2211110130,1130,64,1116,17,59861,29483,4,0,0,43,15,2211110130,17,59861,11123,12971,90,1150,931.0,682.6842105263158,-0.228500068648913,-1.781725096892247,218837.47922437676,1130.0,94.0,1036.0,5985,56,1096,408.0,544.0909090909091,0.1180453079073079,-1.866284352538891,230644.44628099172,1096.0,60.0,1036.0,1634046400.602739,0.0,22.742094993591305
6816,0,1,0,0,3,2,1096,2211110130,1130,64,1116,17,59861,29483,4,0,0,43,15,2211110130,17,59861,11123,14101,90,1150,1030.5,705.05,-0.3190977601855657,-1.7375117979641068,217399.9475,1130.0,94.0,1036.0,7081,56,1096,652.5,590.0833333333334,-0.0570291395505111,-1.8884286326037392,234692.40972222225,1096.0,60.0,1036.0,1634046400.602739,0.0,22.742094993591305
6817,0,1,0,0,3,2,1096,2211110130,1130,64,1116,17,59861,29483,4,0,0,43,15,2211110130,17,59861,11123,1130,1130,1130,1130.0,1130.0,0.0,-3.0,0.0,1130.0,1130.0,0.0,8177,56,1096,897.0,629.0,-0.206511623098994,-1.8559938018008368,234813.2307692308,1096.0,60.0,1036.0,1634046400.603366,0.000626802444458,22.742721796035763
6818,0,1,0,0,3,2,1085,2211110130,1119,64,1105,17,59861,29483,4,0,0,43,15,2211110130,17,59861,11123,2249,1119,1130,1124.5,1124.5,0.0,-2.0,30.25,1127.25,1121.75,5.5,9262,56,1096,991.0,661.5714285714286,-0.3380476388147293,-1.788760567259847,231832.53061224488,1096.0,60.0,1036.0,1634046400.603366,0.0,22.742721796035763
6819,0,1,0,0,3,2,408,2211110130,442,64,428,17,59861,29483,4,0,0,43,15,2211110130,17,59861,11123,2691,442,1130,1119.0,897.0,-0.706487027690881,-1.5000000000000002,103532.66666666669,1124.5,780.5,344.0,9670,56,1096,897.0,644.6666666666666,-0.2428566322075056,-1.7860235367119055,220377.82222222225,1096.0,60.0,1036.0,1634046400.61985,0.0164840221405029,22.759205818176266
6820,0,1,0,0,2,3,60,3232270721,94,47,80,17,29483,59861,4,0,0,43,15,2211110130,17,59861,11123,2785,94,1130,780.5,696.25,-0.2196060272848721,-1.7122228397629846,198551.1875,1121.75,355.0,766.75,9730,56,1096,652.5,608.125,-0.1033649239581332,-1.8487940327569292,226633.609375,1096.0,60.0,1036.0,1634046400.623417,0.0035669803619384,22.762772798538204
6821,0,1,0,0,2,3,60,3232270721,94,47,80,17,29483,59861,4,0,0,43,15,2211110130,17,59861,11123,2879,94,1130,442.0,575.8,0.2067747792393081,-1.7690328847591148,216873.76,1119.0,94.0,1025.0,9790,56,1096,408.0,575.8823529411765,0.018969529457676,-1.869024943679704,229935.63321799308,1096.0,60.0,1036.0,1634046400.641405,0.0179882049560546,22.78076100349426
6822,0,1,0,0,3,2,1096,2211110130,1130,64,1116,17,59861,29483,4,0,0,43,15,2211110130,17,59861,11123,4009,94,1130,780.5,668.1666666666666,-0.1602182394708944,-1.8234333137545384,223386.13888888888,1127.25,181.0,946.25,10886,56,1096,652.5,604.7777777777778,-0.0924443679722869,-1.868421794839218,231355.50617283952,1096.0,60.0,1036.0,1634046400.646655,0.0052499771118164,22.786010980606076
6823,0,1,0,0,3,2,1096,2211110130,1130,64,1116,17,59861,29483,4,0,0,43,15,2211110130,17,59861,11123,5139,94,1130,1119.0,734.1428571428571,-0.4313541908208197,-1.6762038433444564,217590.97959183672,1130.0,268.0,862.0,11982,56,1096,897.0,630.6315789473684,-0.1930058160837229,-1.8451522523514856,231210.4432132964,1096.0,60.0,1036.0,1634046400.646655,0.0,22.786010980606076
6824,0,1,0,0,3,2,1096,2211110130,1130,64,1116,17,59861,29483,4,0,0,43,15,2211110130,17,59861,11123,6269,94,1130,1124.5,783.625,-0.6503303062774647,-1.4437705233295668,207531.484375,1130.0,355.0,775.0,13078,56,1096,991.0,653.9,-0.2848659084364316,-1.805194430605694,229936.89,1096.0,60.0,1036.0,1634046400.646655,0.0,22.786010980606076
6825,0,1,0,0,3,2,1096,2211110130,1130,64,1116,17,59861,29483,4,0,0,43,15,2211110130,17,59861,11123,7399,94,1130,1130.0,822.1111111111111,-0.8364353412570437,-1.1674235325815427,196321.8765432099,1130.0,442.0,688.0,1096,1096,1096,1096.0,1096.0,0.0,-3.0,0.0,1096.0,1096.0,0.0,1634046400.64731,0.0006549358367919,22.786665916442868
6826,0,1,0,0,3,2,1096,2211110130,1130,64,1116,17,59861,29483,4,0,0,43,15,2211110130,17,59861,11123,8529,94,1130,1130.0,852.9,-0.9998418234590926,-0.8654908754800408,185221.29,1130.0,611.25,518.75,2192,1096,1096,1096.0,1096.0,0.0,-3.0,0.0,1096.0,1096.0,0.0,1634046400.64731,0.0,22.786665916442868
6827,0,1,0,0,3,2,794,2211110130,828,64,814,17,59861,29483,4,0,0,43,15,2211110130,17,59861,11123,9357,94,1130,1130.0,850.6363636363636,-1.0316378496355845,-0.6764099616355899,168434.23140495864,1130.0,635.0,495.0,2986,794,1096,1096.0,995.3333333333334,-0.7071067811865482,-1.4999999999999991,20267.555555555555,1096.0,945.0,151.0,1634046400.648069,0.0007588863372802,22.787424802780148
6828,0,1,0,0,3,2,408,2211110130,442,64,428,17,59861,29483,4,0,0,43,15,2211110130,17,59861,11123,9799,94,1130,1124.5,816.5833333333334,-0.7893108856101385,-1.058762513071428,167153.7430555556,1130.0,442.0,688.0,3394,408,1096,945.0,848.5,-0.6125166232526148,-1.2304668966925758,79880.75,1096.0,697.5,398.5,1634046400.662115,0.0140461921691894,22.801470994949337
6829,0,1,0,0,2,3,60,3232270721,94,47,80,17,29483,59861,4,0,0,43,15,2211110130,17,59861,11123,9893,94,1130,1119.0,761.0,-0.5582059223244109,-1.4411096579306142,191369.84615384616,1130.0,442.0,688.0,3454,60,1096,794.0,690.8,-0.422356767467058,-1.360988246754664,163381.76,1096.0,408.0,688.0,1634046400.671402,0.009286880493164,22.8107578754425
6830,0,1,0,0,2,3,52,3232270721,86,47,72,17,29483,59861,4,0,0,43,15,2211110130,17,59861,11123,9979,86,1130,973.5,712.7857142857143,-0.3710051371088385,-1.654863533337698,207920.59693877556,1130.0,181.0,949.0,3506,52,1096,601.0,584.3333333333334,-0.0459777976928237,-1.673795888417467,192827.22222222225,1020.5,147.0,873.5,1634046400.671457,5.507469177246094e-05,22.810812950134274
6831,0,1,0,0,3,2,1096,2211110130,1130,64,1116,17,59861,29483,4,0,0,43,15,2211110130,17,59861,11123,11109,86,1130,1119.0,740.6,-0.4863540085431142,-1.562136072928343,204890.10666666663,1130.0,268.0,862.0,4602,52,1096,794.0,657.4285714285714,-0.3178582427383287,-1.6171652266744418,197337.95918367343,1096.0,234.0,862.0,1634046400.688846,0.0173890590667724,22.828202009201046
6832,0,1,0,0,3,2,1096,2211110130,1130,64,1116,17,59861,29483,4,0,0,43,15,2211110130,17,59861,11123,12239,86,1130,1124.5,764.9375,-0.5914308662838804,-1.4525703286251757,200969.18359375,1130.0,355.0,775.0,5698,52,1096,945.0,712.25,-0.5379072314681563,-1.446330930335492,193708.4375,1096.0,321.0,775.0,1634046400.690494,0.00164794921875,22.829849958419796
6833,0,1,0,0,3,2,1096,2211110130,1130,64,1116,17,59861,29483,4,0,0,43,15,2211110130,17,59861,11123,13369,86,1130,1130.0,786.4117647058823,-0.6882114874641598,-1.330677335272149,196525.7716262976,1130.0,442.0,688.0,6794,52,1096,1096.0,754.8888888888889,-0.72435438860655,-1.2173147826801054,186729.8765432099,1096.0,408.0,688.0,1634046400.690494,0.0,22.829849958419796
6834,0,1,0,0,3,2,1096,2211110130,1130,64,1116,17,59861,29483,4,0,0,43,15,2211110130,17,59861,11123,14499,86,1130,1130.0,805.5,-0.7781496769060741,-1.1994925211043428,191801.8055555556,1130.0,442.0,688.0,7890,52,1096,1096.0,789.0,-0.8874535795788476,-0.954886074430156,178529.0,1096.0,504.5,591.5,1634046400.690494,0.0,22.829849958419796
6835,0,1,0,0,3,2,200,2211110130,234,64,220,17,59861,29483,4,0,0,43,15,2211110130,17,59861,11123,14733,86,1130,1130.0,775.421052631579,-0.6112989782222902,-1.4487610106393964,197992.3490304709,1130.0,338.0,792.0,8090,52,1096,1096.0,735.4545454545455,-0.5823972416867262,-1.4508964750112776,190970.24793388427,1096.0,304.0,792.0,1634046400.691316,0.000821828842163,22.83067178726196
6836,0,1,0,0,3,2,56,2211110130,90,64,76,17,59861,29483,4,0,0,43,15,2211110130,17,59861,11123,14823,86,1130,1124.5,741.15,-0.4723611697415896,-1.6205289580329454,210408.3275,1130.0,199.0,931.0,8146,52,1096,945.0,678.8333333333334,-0.3606374577343161,-1.6975601115967758,210321.63888888888,1096.0,165.0,931.0,1634046400.701137,0.0098211765289306,22.84049296379089
6837,0,1,0,0,3,2,408,2211110130,442,64,428,17,59861,29483,4,0,0,43,15,2211110130,17,59861,11123,442,442,442,442.0,442.0,0.0,-3.0,0.0,442.0,442.0,0.0,8554,52,1096,794.0,658.0,-0.2378350952677627,-1.7088315173992543,199351.38461538465,1096.0,200.0,896.0,1634046400.701137,0.0,22.84049296379089
6838,0,1,0,0,2,3,60,3232270721,94,47,80,17,29483,59861,4,0,0,43,15,2211110130,17,59861,11123,536,94,442,268.0,268.0,0.0,-2.0,30276.0,355.0,181.0,174.0,8614,52,1096,601.0,615.2857142857143,-0.0848132173603252,-1.7821858647527782,208830.63265306124,1096.0,95.0,1001.0,1634046400.703597,0.0024600028991699,22.84295296669006
6839,0,1,0,0,2,3,60,3232270721,94,47,80,17,29483,59861,4,0,0,43,15,2211110130,17,59861,11123,630,94,442,94.0,210.0,0.7071067811865476,-1.5,26912.0,268.0,94.0,174.0,8674,52,1096,408.0,578.2666666666667,0.0490464383430303,-1.8030454391207744,214094.32888888885,1096.0,60.0,1036.0,1634046400.721845,0.0182478427886962,22.861200809478756
6840,0,1,0,0,3,2,60,2211110130,94,64,80,17,59861,29483,4,0,0,43,15,2211110130,17,59861,11123,724,94,442,94.0,181.0,1.1547005383792517,-0.6666666666666665,22707.0,181.0,94.0,87.0,8734,52,1096,408.0,545.875,0.1680414904442686,-1.7882309146617108,216451.734375,1096.0,60.0,1036.0,1634046400.722692,0.0008471012115478,22.862047910690304
6841,0,1,0,0,3,2,1096,2211110130,1130,64,1116,17,59861,29483,4,0,0,43,15,2211110130,17,59861,11123,1854,94,1130,94.0,370.8,1.1454034124634815,-0.3424161373246619,162261.76,442.0,94.0,348.0,9830,52,1096,408.0,578.2352941176471,0.0413679637126117,-1.829837193943609,220474.29757785465,1096.0,60.0,1036.0,1634046400.722692,0.0,22.862047910690304
6842,0,1,0,0,3,2,1096,2211110130,1130,64,1116,17,59861,29483,4,0,0,43,15,2211110130,17,59861,11123,2984,94,1130,268.0,497.3333333333333,0.5163876025149761,-1.5620300128950404,215271.5555555556,958.0,94.0,864.0,10926,52,1096,601.0,607.0,-0.0710877070169289,-1.83704182115966,222291.66666666663,1096.0,60.0,1036.0,1634046400.726461,0.0037689208984375,22.86581683158874
6843,0,1,0,0,3,2,1116,2211110130,1150,64,1136,17,59861,29483,4,0,0,43,15,2211110130,17,59861,11123,4134,94,1150,442.0,590.5714285714286,0.1468857361993593,-1.8519152987252128,236678.5306122449,1130.0,94.0,1036.0,12042,52,1116,794.0,633.7894736842105,-0.1712903102986533,-1.8199655292731276,223510.27146814408,1096.0,60.0,1036.0,1634046400.729861,0.0034000873565673,22.86921691894531
6844,0,1,0,0,3,2,1096,2211110130,1130,64,1116,17,59861,29483,4,0,0,43,15,2211110130,17,59861,11123,5264,94,1150,786.0,658.0,-0.121741524265215,-1.8761382760174008,238920.0,1130.0,94.0,1036.0,13138,52,1116,945.0,656.9,-0.2639121402712768,-1.785169819994669,222482.59,1096.0,60.0,1036.0,1634046400.729861,0.0,22.86921691894531
6845,0,1,0,0,3,2,854,2211110130,888,64,874,17,59861,29483,4,0,0,43,15,2211110130,17,59861,11123,6152,94,1150,888.0,683.5555555555555,-0.2757031672727016,-1.7466754871579522,217598.024691358,1130.0,94.0,1036.0,854,854,854,854.0,854.0,0.0,-3.0,0.0,854.0,854.0,0.0,1634046400.729861,0.0,22.86921691894531
6846,0,1,0,0,2,3,52,3232270721,86,48,72,17,10001,59861,4,0,0,43,15,2211110130,17,59861,11123,6238,86,1150,665.0,623.8,-0.0499939441115555,-1.8462823237000827,227974.76,1130.0,94.0,1036.0,906,52,854,453.0,453.0,0.0,-2.0,160801.0,653.5,252.5,401.0,1634046400.733036,0.0031750202178955,22.872391939163204
6847,0,1,0,0,3,2,416,2211110130,450,64,436,17,59861,29483,4,0,0,43,15,2211110130,17,59861,11123,6688,86,1150,450.0,608.0,0.0470697426398955,-1.759701862176442,209746.18181818185,1130.0,94.0,1036.0,1322,52,854,416.0,440.6666666666667,0.1124205923188945,-1.5000000000000002,107504.88888888888,635.0,234.0,401.0,1634046400.746516,0.0134799480438232,22.885871887207028
6848,0,1,0,0,2,3,60,3232270721,94,47,80,17,29483,59861,4,0,0,43,15,2211110130,17,59861,11123,6782,86,1150,446.0,565.1666666666666,0.206353196134936,-1.7381162680593347,212448.97222222225,1130.0,94.0,1036.0,1382,52,854,238.0,345.5,0.5882508490335547,-1.258503746989753,107798.75,525.5,58.0,467.5,1634046400.750085,0.0035691261291503,22.889441013336178
6849,0,1,0,0,3,2,1096,2211110130,1130,64,1116,17,59861,29483,4,0,0,43,15,2211110130,17,59861,11123,7912,86,1150,450.0,608.6153846153846,0.0382864708525214,-1.803896174908978,218760.23668639048,1130.0,94.0,1036.0,2478,52,1096,416.0,495.6,0.2484901357576271,-1.5775267729343154,176359.03999999998,854.0,60.0,794.0,1634046400.760496,0.0104107856750488,22.899851799011227
6850,0,1,0,0,2,3,60,3232270721,94,47,80,17,29483,59861,4,0,0,43,15,2211110130,17,59861,11123,8006,86,1150,446.0,571.8571428571429,0.1764070386454724,-1.7874772609340686,220699.69387755104,1130.0,94.0,1036.0,2538,52,1096,238.0,423.0,0.5500931641402543,-1.372581687758344,173319.66666666666,744.5,60.0,684.5,1634046400.761419,0.0009231567382812,22.900774955749508
6851,0,1,0,0,3,2,1096,2211110130,1130,64,1116,17,59861,29483,4,0,0,43,15,2211110130,17,59861,11123,9136,86,1150,450.0,609.0666666666667,0.0322761838939358,-1.8343689703969135,225370.06222222224,1130.0,94.0,1036.0,3634,52,1096,416.0,519.1428571428571,0.1935254592629417,-1.7278912000997717,204020.40816326533,975.0,60.0,915.0,1634046400.762312,0.0008928775787353,22.901667833328244
6852,0,1,0,0,3,2,1096,2211110130,1130,64,1116,17,59861,29483,4,0,0,43,15,2211110130,17,59861,11123,10266,86,1150,669.0,641.625,-0.0937523045628778,-1.837837613320474,227185.109375,1130.0,94.0,1036.0,4730,52,1096,635.0,591.25,-0.0729286302725697,-1.7975788256019718,214913.9375,1096.0,60.0,1036.0,1634046400.762312,0.0,22.901667833328244
6853,0,1,0,0,3,2,1096,2211110130,1130,64,1116,17,59861,29483,4,0,0,43,15,2211110130,17,59861,11123,11396,86,1150,888.0,670.3529411764706,-0.2060854429168537,-1.811863748304117,227025.9930795848,1130.0,94.0,1036.0,5826,52,1096,854.0,647.3333333333334,-0.2857167267356456,-1.7391876128292487,216197.3333333333,1096.0,60.0,1036.0,1634046400.762894,0.0005819797515869,22.90224981307983
6854,0,1,0,0,3,2,1096,2211110130,1130,64,1116,17,59861,29483,4,0,0,43,15,2211110130,17,59861,11123,12526,86,1150,1009.0,695.8888888888889,-0.3077139878680076,-1.7650228028915975,225498.8765432099,1130.0,94.0,1036.0,6922,52,1096,975.0,692.2,-0.4642245633296679,-1.614242119454018,212694.76,1096.0,149.0,947.0,1634046400.762894,0.0,22.90224981307983
6855,0,1,0,0,3,2,590,2211110130,624,64,610,17,59861,29483,4,0,0,43,15,2211110130,17,59861,11123,13150,86,1150,888.0,692.1052631578947,-0.2912285737924062,-1.7094533092289177,213888.1994459834,1130.0,94.0,1036.0,7512,52,1096,854.0,682.9090909090909,-0.4215193400204501,-1.5271354617104933,194222.0826446281,1096.0,238.0,858.0,1634046400.762894,0.0,22.90224981307983
6856,0,1,0,0,3,2,408,2211110130,442,64,428,17,59861,29483,4,0,0,43,15,2211110130,17,59861,11123,13592,86,1150,756.0,679.6,-0.2180695857100983,-1.7043767463838304,206165.04000000004,1130.0,94.0,1036.0,7920,52,1096,722.0,660.0,-0.2811981931638089,-1.5557388695529877,183810.0,1096.0,321.0,775.0,1634046400.779304,0.0164101123809814,22.918659925460812
6857,0,1,0,0,3,2,1096,2211110130,1130,64,1116,17,59861,29483,4,0,0,43,15,2211110130,17,59861,11123,1130,1130,1130,1130.0,1130.0,0.0,-3.0,0.0,1130.0,1130.0,0.0,9016,52,1096,854.0,693.5384615384615,-0.415177794553551,-1.481376174392978,183168.7100591716,1096.0,408.0,688.0,1634046400.794231,0.0149269104003906,22.933586835861203
6858,0,1,0,0,2,3,56,3232270721,90,47,76,17,29483,59861,4,0,0,43,15,2211110130,17,59861,11123,1220,90,1130,610.0,610.0,0.0,-2.0,270400.0,870.0,350.0,520.0,9072,52,1096,722.0,648.0,-0.2482977790948415,-1.642672593050909,197044.0,1096.0,147.0,949.0,1634046400.796309,0.0020780563354492,22.93566489219665
6859,0,1,0,0,2,3,60,3232270721,94,47,80,17,29483,59861,4,0,0,43,15,2211110130,17,59861,11123,1314,90,1130,94.0,438.0,0.7070713425338421,-1.4999999999999998,239434.66666666663,612.0,92.0,520.0,9132,52,1096,590.0,608.8,-0.1031699218137171,-1.7261490917352411,205420.69333333333,1096.0,60.0,1036.0,1634046400.796364,5.507469177246094e-05,22.935719966888424
6860,0,1,0,0,3,2,1096,2211110130,1130,64,1116,17,59861,29483,4,0,0,43,15,2211110130,17,59861,11123,2444,90,1130,612.0,611.0,-2.2274691495062288e-05,-1.9999703004664693,269363.0,1130.0,93.0,1037.0,10228,52,1096,722.0,639.25,-0.2202727169396361,-1.7034340960198686,206489.9375,1096.0,60.0,1036.0,1634046400.798317,0.0019528865814208,22.937672853469845
6861,0,1,0,0,3,2,1096,2211110130,1130,64,1116,17,59861,29483,4,0,0,43,15,2211110130,17,59861,11123,3574,90,1130,1130.0,714.8,-0.4082672355030085,-1.8332920839046392,258588.16,1130.0,94.0,1036.0,11324,52,1096,854.0,666.1176470588235,-0.3260640919731902,-1.6560502349304915,205893.39792387537,1096.0,60.0,1036.0,1634046400.798973,0.0006561279296875,22.938328981399533
6862,0,1,0,0,3,2,609,2211110130,643,64,629,17,59861,29483,4,0,0,43,15,2211110130,17,59861,11123,4217,90,1130,886.5,702.8333333333334,-0.3684034782059053,-1.6510126407624477,216206.13888888885,1130.0,231.25,898.75,11933,52,1096,731.5,662.9444444444445,-0.3136164715121666,-1.5888142951365658,194626.0524691358,1096.0,147.0,949.0,1634046400.798973,0.0,22.938328981399533
6863,0,1,0,0,3,2,408,2211110130,442,64,428,17,59861,29483,4,0,0,43,15,2211110130,17,59861,11123,4659,90,1130,643.0,665.5714285714286,-0.1476378136819544,-1.6341209974231408,193650.2448979592,1130.0,268.0,862.0,12341,52,1096,609.0,649.5263157894736,-0.2316667446187992,-1.5895784420131105,187623.4072022161,1096.0,234.0,862.0,1634046400.826454,0.0274808406829834,22.965809822082516
6864,0,1,0,0,3,2,1096,2211110130,1130,64,1116,17,59861,29483,4,0,0,43,15,2211110130,17,59861,11123,5789,90,1130,886.5,723.625,-0.3808633646078148,-1.5449253728866186,193035.484375,1130.0,355.0,775.0,13437,52,1096,731.5,671.85,-0.3199254461799756,-1.5549599178236997,187710.8275,1096.0,321.0,775.0,1634046400.826944,0.0004901885986328,22.96630001068115
6865,0,1,0,0,3,2,1096,2211110130,1130,64,1116,17,59861,29483,4,0,0,43,15,2211110130,17,59861,11123,6919,90,1130,1130.0,768.7777777777778,-0.5746035165044444,-1.374872869959165,187897.28395061727,1130.0,442.0,688.0,1096,1096,1096,1096.0,1096.0,0.0,-3.0,0.0,1096.0,1096.0,0.0,1634046400.826944,0.0,22.96630001068115
6866,0,1,0,0,3,2,1096,2211110130,1130,64,1116,17,59861,29483,4,0,0,43,15,2211110130,17,59861,11123,8049,90,1130,1130.0,804.9,-0.7418100247397378,-1.160439637653646,180850.89,1130.0,492.25,637.75,2192,1096,1096,1096.0,1096.0,0.0,-3.0,0.0,1096.0,1096.0,0.0,1634046400.826944,0.0,22.96630001068115
6867,0,1,0,0,3,2,1096,2211110130,1130,64,1116,17,59861,29483,4,0,0,43,15,2211110130,17,59861,11123,9179,90,1130,1130.0,834.4545454545455,-0.8899742332657814,-0.91907052113711,173144.61157024794,1130.0,542.5,587.5,3288,1096,1096,1096.0,1096.0,0.0,-3.0,0.0,1096.0,1096.0,0.0,1634046400.827685,0.0007410049438476,22.967041015624996
6868,0,1,0,0,3,2,1096,2211110130,1130,64,1116,17,59861,29483,4,0,0,43,15,2211110130,17,59861,11123,10309,90,1130,1130.0,859.0833333333334,-1.0237871112938692,-0.6601387631930353,165388.24305555553,1130.0,592.75,537.25,4384,1096,1096,1096.0,1096.0,0.0,-3.0,0.0,1096.0,1096.0,0.0,1634046400.827685,0.0,22.967041015624996
6869,0,1,0,0,2,3,60,3232270721,94,47,80,17,29483,59861,4,0,0,43,15,2211110130,17,59861,11123,10403,90,1130,1130.0,800.2307692307693,-0.7420100318562188,-1.238956946737948,194229.5621301775,1130.0,442.0,688.0,4444,60,1096,1096.0,888.8,-1.4999999999999996,0.2499999999999986,171727.36000000002,1096.0,1096.0,0.0,1634046400.833411,0.0057258605957031,22.9727668762207
6870,0,1,0,0,3,2,442,2211110130,476,64,462,17,59861,29483,4,0,0,43,15,2211110130,17,59861,11123,10879,90,1130,1130.0,777.0714285714286,-0.5967799795751653,-1.3644697530843448,187328.63775510204,1130.0,450.5,679.5,4886,60,1096,1096.0,814.3333333333334,-0.9240218079814664,-0.8973575252515871,170832.55555555556,1096.0,605.5,490.5,1634046400.840225,0.0068140029907226,22.979580879211422
6871,0,1,0,0,3,2,60,2211110130,94,64,80,17,59861,29483,4,0,0,43,15,2211110130,17,59861,11123,10973,90,1130,1130.0,731.5333333333333,-0.4178206281678374,-1.5916959780241318,203872.1155555556,1130.0,268.0,862.0,4946,60,1096,1096.0,706.5714285714286,-0.4591581923853383,-1.634359426303427,216103.67346938772,1096.0,251.0,845.0,1634046400.840225,0.0,22.979580879211422
6872,0,1,0,0,3,2,1096,2211110130,1130,64,1116,17,59861,29483,4,0,0,43,15,2211110130,17,59861,11123,12103,90,1130,1130.0,756.4375,-0.524818382740132,-1.4966024784977492,200433.37109375,1130.0,355.0,775.0,6042,60,1096,1096.0,755.25,-0.6767958303886451,-1.3915748256062987,205677.9375,1096.0,346.5,749.5,1634046400.853204,0.0129790306091308,22.992559909820553
6873,0,1,0,0,3,2,1096,2211110130,1130,64,1116,17,59861,29483,4,0,0,43,15,2211110130,17,59861,11123,13233,90,1130,1130.0,778.4117647058823,-0.623007548716277,-1.3873376066852197,196369.06574394464,1130.0,442.0,688.0,7138,60,1096,1096.0,793.1111111111111,-0.8622292297558702,-1.1062164260959395,194292.5432098765,1096.0,442.0,654.0,1634046400.855549,0.0023450851440429,22.994904994964596
6874,0,1,0,0,3,2,1096,2211110130,1130,64,1116,17,59861,29483,4,0,0,43,15,2211110130,17,59861,11123,14363,90,1130,1130.0,797.9444444444445,-0.7139791569358094,-1.2674839298898692,191945.60802469135,1130.0,450.5,679.5,8234,60,1096,1096.0,823.4,-1.025333582836067,-0.7959618198342362,183120.04,1096.0,605.5,490.5,1634046400.856467,0.000917911529541,22.995822906494137
6875,0,1,0,0,3,2,480,2211110130,514,64,500,17,59861,29483,4,0,0,43,15,2211110130,17,59861,11123,14877,90,1130,1130.0,783.0,-0.6208763029277645,-1.3328833153967556,185863.26315789475,1130.0,459.0,671.0,8714,60,1096,1096.0,792.1818181818181,-0.8136660814970388,-1.0708532396000443,176218.51239669425,1096.0,461.0,635.0,1634046400.8571,0.0006330013275146,22.99645590782165
6876,0,1,0,0,3,2,1116,2211110130,1150,64,1136,17,59861,29483,4,0,0,43,15,2211110130,17,59861,11123,16027,90,1150,1130.0,801.35,-0.7010855777350278,-1.229363803892881,182967.8275,1130.0,467.5,662.5,9830,60,1116,1096.0,819.1666666666666,-0.946694654018558,-0.8353756457211752,169543.6388888889,1096.0,470.5,625.5,1634046400.863462,0.006361961364746,23.002817869186398
6877,0,1,0,0,2,3,60,3232270721,94,47,80,17,29483,59861,4,0,0,43,15,2211110130,17,59861,11123,94,94,94,94.0,94.0,0.0,-3.0,0.0,94.0,94.0,0.0,9890,60,1116,1096.0,760.7692307692307,-0.6825694115004526,-1.3336374825200976,197424.94674556216,1096.0,442.0,654.0,1634046400.869425,0.0059630870819091,23.008780956268307
6878,0,1,0,0,3,2,408,2211110130,442,64,428,17,59861,29483,4,0,0,43,15,2211110130,17,59861,11123,536,94,442,268.0,268.0,0.0,-2.0,30276.0,355.0,181.0,174.0,10298,60,1116,1096.0,735.5714285714286,-0.5275522702276633,-1.4679991705146218,191577.2448979592,1096.0,416.5,679.5,1634046400.874158,0.0047328472137451,23.013513803482052
6879,0,1,0,0,2,3,52,3232270721,86,47,72,17,29483,59861,4,0,0,43,15,2211110130,17,59861,11123,622,86,442,94.0,207.33333333333331,0.7058747686471649,-1.5000000000000009,27544.88888888889,268.0,90.0,178.0,10350,52,1116,1096.0,690.0,-0.3594284094288438,-1.6525150100472774,207880.0,1096.0,234.0,862.0,1634046400.88449,0.0103321075439453,23.023845911025997
6880,0,1,0,0,3,2,1096,2211110130,1130,64,1116,17,59861,29483,4,0,0,43,15,2211110130,17,59861,11123,1752,86,1130,268.0,438.0,0.8068770070569964,-1.010312693087089,180280.0,614.0,92.0,522.0,11446,52,1116,1096.0,715.375,-0.46851774361479,-1.5683760210197204,204545.859375,1096.0,321.0,775.0,1634046400.885132,0.0006420612335205,23.024487972259518
6881,0,1,0,0,3,2,1096,2211110130,1130,64,1116,17,59861,29483,4,0,0,43,15,2211110130,17,59861,11123,2882,86,1130,442.0,576.4,0.2056277821717038,-1.769079447190631,220842.24,1130.0,94.0,1036.0,12542,52,1116,1096.0,737.7647058823529,-0.5682530886920816,-1.4688021676551255,200534.53287197236,1096.0,408.0,688.0,1634046400.885132,0.0,23.024487972259518
6882,0,1,0,0,3,2,1096,2211110130,1130,64,1116,17,59861,29483,4,0,0,43,15,2211110130,17,59861,11123,4012,86,1130,786.0,668.6666666666666,-0.1617496194897335,-1.8222586973094632,226600.88888888888,1130.0,181.0,949.0,13638,52,1116,1096.0,757.6666666666666,-0.6603785428599412,-1.3577715958389924,196127.22222222225,1096.0,416.5,679.5,1634046400.886144,0.001011848449707,23.025499820709225
6883,0,1,0,0,3,2,1096,2211110130,1130,64,1116,17,59861,29483,4,0,0,43,15,2211110130,17,59861,11123,5142,86,1130,1130.0,734.5714285714286,-0.4330013432510904,-1.6739823289169846,220289.95918367343,1130.0,268.0,862.0,14734,52,1116,1096.0,775.4736842105264,-0.7461884216087319,-1.238004135068739,191512.3545706371,1096.0,425.0,671.0,1634046400.886144,0.0,23.025499820709225
6884,0,1,0,0,3,2,1096,2211110130,1130,64,1116,17,59861,29483,4,0,0,43,15,2211110130,17,59861,11123,6272,86,1130,1130.0,784.0,-0.6520384859328419,-1.440665141454031,209856.0,1130.0,355.0,775.0,15830,52,1116,1096.0,791.5,-0.826669020876181,-1.111422155604658,186816.75,1096.0,433.5,662.5,1634046400.886144,0.0,23.025499820709225
6885,0,1,0,0,3,2,504,2211110130,538,64,524,17,59861,29483,4,0,0,43,15,2211110130,17,59861,11123,6810,86,1130,1130.0,756.6666666666666,-0.4920883155843963,-1.4879244096823252,192515.55555555556,1130.0,442.0,688.0,504,504,504,504.0,504.0,0.0,-3.0,0.0,504.0,504.0,0.0,1634046400.886144,0.0,23.025499820709225
6886,0,1,0,0,3,2,408,2211110130,442,64,428,17,59861,29483,4,0,0,43,15,2211110130,17,59861,11123,7252,86,1130,834.0,725.2,-0.2996147212747242,-1.5717172994639674,182175.36,1130.0,442.0,688.0,912,408,504,456.0,456.0,0.0,-2.0,2304.0,480.0,432.0,48.0,1634046400.894689,0.0085451602935791,23.034044981002804
6887,0,1,0,0,2,3,60,3232270721,94,47,80,17,29483,59861,4,0,0,43,15,2211110130,17,59861,11123,7346,86,1130,538.0,667.8181818181819,-0.1093515075222109,-1.696825200767805,198540.694214876,1130.0,268.0,862.0,972,60,504,408.0,324.0,-0.5751618256050494,-1.5,36384.0,456.0,234.0,222.0,1634046400.902273,0.0075838565826416,23.041628837585446
6888,0,1,0,0,3,2,56,2211110130,90,64,76,17,59861,29483,4,0,0,43,15,2211110130,17,59861,11123,7436,86,1130,490.0,619.6666666666666,0.0543978630133653,-1.7347708059582485,207499.8888888889,1130.0,94.0,1036.0,1028,56,504,234.0,257.0,0.0834450972755507,-1.88914868225873,40755.0,432.0,59.0,373.0,1634046400.904555,0.0022821426391601,23.043910980224606
6889,0,1,0,0,2,3,60,3232270721,94,47,80,17,29483,59861,4,0,0,43,15,2211110130,17,59861,11123,7530,86,1130,442.0,579.2307692307693,0.198430299787337,-1.7171702062389842,211159.10059171595,1130.0,94.0,1036.0,1088,56,504,60.0,217.6,0.4798258283684937,-1.6779656681892188,38813.44,408.0,60.0,348.0,1634046400.919653,0.0150978565216064,23.059008836746212
6890,0,1,0,0,3,2,1096,2211110130,1130,64,1116,17,59861,29483,4,0,0,43,15,2211110130,17,59861,11123,8660,86,1130,490.0,618.5714285714286,0.0421374681334571,-1.780303698458733,216196.24489795917,1130.0,94.0,1036.0,2184,56,1096,234.0,364.0,0.990394828097669,-0.3147490918126325,139509.33333333334,480.0,60.0,420.0,1634046400.927408,0.0077550411224365,23.06676387786865
6891,0,1,0,0,3,2,1096,2211110130,1130,64,1116,17,59861,29483,4,0,0,43,15,2211110130,17,59861,11123,9790,86,1130,538.0,652.6666666666666,-0.0930261676924533,-1.78989906019721,218057.9555555556,1130.0,94.0,1036.0,3280,56,1096,408.0,468.57142857142856,0.5147973886612391,-1.3560261701523568,185190.5306122449,800.0,60.0,740.0,1634046400.927408,0.0,23.06676387786865
6892,0,1,0,0,3,2,1096,2211110130,1130,64,1116,17,59861,29483,4,0,0,43,15,2211110130,17,59861,11123,10920,86,1130,834.0,682.5,-0.2125417991022236,-1.764405989641222,217779.75,1130.0,94.0,1036.0,4376,56,1096,456.0,547.0,0.1941500700577691,-1.6820503926421595,205099.0,1096.0,60.0,1036.0,1634046400.927408,0.0,23.06676387786865
6893,0,1,0,0,3,2,590,2211110130,624,64,610,17,59861,29483,4,0,0,43,15,2211110130,17,59861,11123,11544,86,1130,624.0,679.0588235294117,-0.1961139001455494,-1.6958947962357396,205158.6435986159,1130.0,94.0,1036.0,4966,56,1096,504.0,551.7777777777778,0.1721776865102705,-1.5287143818323756,182492.83950617284,1096.0,60.0,1036.0,1634046400.928045,0.0006370544433593,23.067400932312008
6894,0,1,0,0,3,2,408,2211110130,442,64,428,17,59861,29483,4,0,0,43,15,2211110130,17,59861,11123,11986,86,1130,581.0,665.8888888888889,-0.1166537630229875,-1.674881099588022,196709.5432098765,1130.0,181.0,949.0,5374,56,1096,456.0,537.4,0.2799374614018919,-1.368071648150069,166104.04,969.5,147.0,822.5,1634046400.9345,0.0064549446105957,23.073855876922604
6895,0,1,0,0,2,3,60,3232270721,94,47,80,17,29483,59861,4,0,0,43,15,2211110130,17,59861,11123,12080,86,1130,538.0,635.7894736842105,-0.0126978931138229,-1.710476886303122,202663.9556786704,1130.0,94.0,1036.0,5434,56,1096,408.0,494.0,0.4219202944090519,-1.3061966334108066,169839.27272727274,843.0,60.0,783.0,1634046400.938354,0.0038540363311767,23.07770991325378
6896,0,1,0,0,3,2,60,2211110130,94,64,80,17,59861,29483,4,0,0,43,15,2211110130,17,59861,11123,12174,86,1130,490.0,608.7,0.0825765710786847,-1.7203335611709578,206473.71,1130.0,94.0,1036.0,5494,56,1096,408.0,457.8333333333333,0.5526022222685584,-1.2017801621261448,170074.30555555556,716.5,60.0,656.5,1634046400.939256,0.0009019374847412,23.078611850738522
6897,0,1,0,0,3,2,1104,2211110130,1138,64,1124,17,59861,29483,4,0,0,43,15,2211110130,17,59861,11123,1138,1138,1138,1138.0,1138.0,0.0,-3.0,0.0,1138.0,1138.0,0.0,6598,56,1104,408.0,507.5384615384616,0.3544199542696523,-1.4794026930657498,186638.86390532544,1096.0,60.0,1036.0,1634046400.949072,0.0098159313201904,23.088427782058712
6898,0,1,0,0,3,2,1096,2211110130,1130,64,1116,17,59861,29483,4,0,0,43,15,2211110130,17,59861,11123,2268,1130,1138,1134.0,1134.0,0.0,-2.0,16.0,1136.0,1132.0,4.0,7694,56,1104,456.0,549.5714285714286,0.1870734601082196,-1.6260112091366323,196275.5306122449,1096.0,60.0,1036.0,1634046400.949072,0.0,23.088427782058712
6899,0,1,0,0,3,2,1096,2211110130,1130,64,1116,17,59861,29483,4,0,0,43,15,2211110130,17,59861,11123,3398,1130,1138,1130.0,1132.6666666666667,0.7071067811864872,-1.5000000000000566,14.222222222222223,1134.0,1130.0,4.0,8790,56,1104,504.0,586.0,0.0437025017435178,-1.6941796186704647,201769.06666666668,1096.0,60.0,1036.0,1634046400.949882,0.0008101463317871,23.0892379283905
6900,0,1,0,0,3,2,1096,2211110130,1130,64,1116,17,59861,29483,4,0,0,43,15,2211110130,17,59861,11123,4528,1130,1138,1130.0,1132.0,1.1547005383792517,-0.6666666666666665,12.0,1132.0,1130.0,2.0,9886,56,1104,547.0,617.875,-0.0819614872868904,-1.712619904830066,204398.734375,1096.0,60.0,1036.0,1634046400.949882,0.0,23.0892379283905
6901,0,1,0,0,3,2,1096,2211110130,1130,64,1116,17,59861,29483,4,0,0,43,15,2211110130,17,59861,11123,5658,1130,1138,1130.0,1131.6,1.500000000000085,0.2500000000001701,10.240000000000002,1130.0,1130.0,0.0,10982,56,1104,590.0,646.0,-0.1941079471797057,-1.6976256121794284,205031.5294117647,1096.0,60.0,1036.0,1634046400.949882,0.0,23.0892379283905
6902,0,1,0,0,3,2,363,2211110130,397,64,383,17,59861,29483,4,0,0,43,15,2211110130,17,59861,11123,6055,397,1138,1130.0,1009.1666666666666,-1.7883942010533258,1.1991840020461204,74958.13888888889,1130.0,1130.0,0.0,11345,56,1104,547.0,630.2777777777778,-0.1016292348305536,-1.6917359496737645,197843.08950617284,1096.0,135.75,960.25,1634046400.949882,0.0,23.0892379283905
6903,0,1,0,0,2,3,60,3232270721,94,47,80,17,29483,59861,4,0,0,43,15,2211110130,17,59861,11123,6149,94,1138,1130.0,878.4285714285714,-1.0759254601500874,-0.6746023897171813,166804.5306122449,1130.0,763.5,366.5,11405,56,1104,504.0,600.2631578947369,0.0014169768680235,-1.7221786702710966,203646.0886426593,1096.0,60.0,1036.0,1634046400.955509,0.0056269168853759,23.094864845275875
6904,0,1,0,0,3,2,1096,2211110130,1130,64,1116,17,59861,29483,4,0,0,43,15,2211110130,17,59861,11123,7279,94,1138,1130.0,909.875,-1.2814879505114918,-0.1827885095739492,152876.109375,1130.0,946.75,183.25,12501,56,1104,547.0,625.05,-0.0974497024980988,-1.728538750327327,205137.1475,1096.0,60.0,1036.0,1634046400.969396,0.0138871669769287,23.108752012252804
6905,0,1,0,0,3,2,1096,2211110130,1130,64,1116,17,59861,29483,4,0,0,43,15,2211110130,17,59861,11123,8409,94,1138,1130.0,934.3333333333334,-1.4639041879090466,0.3268896633509386,140675.55555555556,1130.0,1130.0,0.0,1096,1096,1096,1096.0,1096.0,0.0,-3.0,0.0,1096.0,1096.0,0.0,1634046400.969396,0.0,23.108752012252804
6906,0,1,0,0,3,2,1096,2211110130,1130,64,1116,17,59861,29483,4,0,0,43,15,2211110130,17,59861,11123,9539,94,1138,1130.0,953.9,-1.6291320557596385,0.8478252276068932,130053.69,1130.0,1130.0,0.0,2192,1096,1096,1096.0,1096.0,0.0,-3.0,0.0,1096.0,1096.0,0.0,1634046400.969396,0.0,23.108752012252804
6907,0,1,0,0,3,2,1096,2211110130,1130,64,1116,17,59861,29483,4,0,0,43,15,2211110130,17,59861,11123,10669,94,1138,1130.0,969.9090909090908,-1.7810171669065582,1.3763116524623698,120793.53719008264,1130.0,1130.0,0.0,3288,1096,1096,1096.0,1096.0,0.0,-3.0,0.0,1096.0,1096.0,0.0,1634046400.970133,0.0007369518280029,23.109488964080807
6908,0,1,0,0,3,2,805,2211110130,839,64,825,17,59861,29483,4,0,0,43,15,2211110130,17,59861,11123,11508,94,1138,1130.0,959.0,-1.7348788613058657,1.4326463556682834,112036.5,1130.0,1057.25,72.75,4093,805,1096,1096.0,1023.25,-1.1547005383792517,-0.6666666666666665,15877.6875,1096.0,1023.25,72.75,1634046400.970133,0.0,23.109488964080807
6909,0,1,0,0,2,3,60,3232270721,94,47,80,17,29483,59861,4,0,0,43,15,2211110130,17,59861,11123,11602,94,1138,1130.0,892.4615384615385,-1.2640875151914694,-0.1678561135868315,156546.7100591716,1130.0,839.0,291.0,4153,60,1096,1096.0,830.6,-1.2412962777933996,-0.1699346424359324,161158.24,1096.0,805.0,291.0,1634046400.990124,0.0199909210205078,23.129479885101315
6910,0,1,0,0,3,2,408,2211110130,442,64,428,17,59861,29483,4,0,0,43,15,2211110130,17,59861,11123,12044,94,1138,1130.0,860.2857142857143,-1.009059966837073,-0.6934445567361047,158823.48979591837,1130.0,541.25,588.75,4561,60,1096,950.5,760.1666666666666,-0.7174879847357253,-1.0651138475994066,159102.80555555556,1096.0,507.25,588.75,1634046400.991969,0.0018451213836669,23.131325006484982
6911,0,1,0,0,3,2,1116,2211110130,1150,64,1136,17,59861,29483,4,0,0,43,15,2211110130,17,59861,11123,13194,94,1150,1130.0,879.6,-1.1126784318390377,-0.469247335806199,153457.83999999997,1130.0,640.5,489.5,5677,60,1116,1096.0,811.0,-0.9441779035194964,-0.6904474101237379,151878.0,1096.0,606.5,489.5,1634046400.998336,0.0063669681549072,23.13769197463989
6912,0,1,0,0,2,3,56,3232270721,90,47,76,17,29483,59861,4,0,0,43,15,2211110130,17,59861,11123,13284,90,1150,1130.0,830.25,-0.8698433586158285,-1.0220666866876316,180398.0625,1130.0,430.75,699.25,5733,56,1116,950.5,716.625,-0.5399162220955228,-1.4486546571811494,195239.734375,1096.0,321.0,775.0,1634046401.004993,0.0066568851470947,23.144348859786984
6913,0,1,0,0,2,3,60,3232270721,94,47,80,17,29483,59861,4,0,0,43,15,2211110130,17,59861,11123,13378,90,1150,1130.0,786.9411764705883,-0.6736777693716302,-1.3668793388160028,199796.8788927336,1130.0,397.0,733.0,5793,56,1116,805.0,643.6666666666666,-0.2504538643730579,-1.7381302601466817,216129.77777777775,1096.0,60.0,1036.0,1634046401.005048,5.507469177246094e-05,23.144403934478756
6914,0,1,0,0,3,2,1096,2211110130,1130,64,1116,17,59861,29483,4,0,0,43,15,2211110130,17,59861,11123,14508,90,1150,1130.0,806.0,-0.7640498862767359,-1.237641586389272,194872.11111111112,1130.0,408.25,721.75,6889,56,1116,950.5,688.9,-0.4313320987482996,-1.6262298016231065,212931.29000000004,1096.0,147.0,949.0,1634046401.02864,0.0235919952392578,23.167995929718014
6915,0,1,0,0,3,2,1096,2211110130,1130,64,1116,17,59861,29483,4,0,0,43,15,2211110130,17,59861,11123,15638,90,1150,1130.0,823.0526315789474,-0.8485778655516311,-1.1011537115760932,189849.944598338,1130.0,419.5,710.5,7985,56,1116,1096.0,725.9090909090909,-0.5877026939463245,-1.4724439602171469,207270.6280991735,1096.0,234.0,862.0,1634046401.02864,0.0,23.167995929718014
6916,0,1,0,0,3,2,1096,2211110130,1130,64,1116,17,59861,29483,4,0,0,43,15,2211110130,17,59861,11123,16768,90,1150,1130.0,838.4,-0.9281374721664812,-0.9589596651587602,184832.74,1130.0,430.75,699.25,9081,56,1116,1096.0,756.75,-0.7263214646582853,-1.292451986735834,200460.85416666663,1096.0,321.0,775.0,1634046401.029345,0.0007050037384033,23.168700933456417
6917,0,1,0,0,3,2,180,2211110130,214,64,200,17,59861,29483,4,0,0,43,15,2211110130,17,59861,11123,214,214,214,214.0,214.0,0.0,-3.0,0.0,214.0,214.0,0.0,9261,56,1116,1096.0,712.3846153846154,-0.4938679689236281,-1.598302803445432,208660.23668639056,1096.0,180.0,916.0,1634046401.029345,0.0,23.168700933456417
6918,0,1,0,0,2,3,60,3232270721,94,47,80,17,29483,59861,4,0,0,43,15,2211110130,17,59861,11123,308,94,214,154.0,154.0,0.0,-2.0,3600.0,184.0,124.0,60.0,9321,56,1116,950.5,665.7857142857143,-0.3098736720698908,-1.768800509187206,221984.88265306127,1096.0,90.0,1006.0,1634046401.039754,0.010408878326416,23.179109811782833
6919,0,1,0,0,3,2,408,2211110130,442,64,428,17,59861,29483,4,0,0,43,15,2211110130,17,59861,11123,750,94,442,214.0,250.0,0.3586178293295232,-1.5,20832.0,328.0,154.0,174.0,9729,56,1116,805.0,648.6,-0.2109311471905613,-1.76531325225929,211320.7733333333,1096.0,120.0,976.0,1634046401.045587,0.0058331489562988,23.184942960739132
6920,0,1,0,0,2,3,60,3232270721,94,47,80,17,29483,59861,4,0,0,43,15,2211110130,17,59861,11123,844,94,442,154.0,211.0,0.795205085757657,-1.023278843040487,20187.0,271.0,94.0,177.0,9789,56,1116,606.5,611.8125,-0.0764199950761595,-1.8204562730582596,218413.02734375,1096.0,60.0,1036.0,1634046401.0554,0.0098128318786621,23.194755792617794
6921,0,1,0,0,3,2,60,2211110130,94,64,80,17,59861,29483,4,0,0,43,15,2211110130,17,59861,11123,938,94,442,94.0,187.6,1.1292116921300348,-0.3721729722734261,18339.84,214.0,94.0,120.0,9849,56,1116,408.0,579.3529411764706,0.0425929789966798,-1.8359851665991749,222423.169550173,1096.0,60.0,1036.0,1634046401.060754,0.0053541660308837,23.200109958648678
6922,0,1,0,0,3,2,1096,2211110130,1130,64,1116,17,59861,29483,4,0,0,43,15,2211110130,17,59861,11123,2068,94,1130,154.0,344.6666666666667,1.407115802369845,0.4046392459977594,138632.88888888888,385.0,94.0,291.0,10945,56,1116,606.5,608.0555555555555,-0.0701143605796116,-1.8429993684393864,224071.60802469135,1096.0,60.0,1036.0,1634046401.061351,0.0005970001220703,23.20070695877075
6923,0,1,0,0,3,2,1096,2211110130,1130,64,1116,17,59861,29483,4,0,0,43,15,2211110130,17,59861,11123,3198,94,1130,214.0,456.8571428571428,0.7542768182017026,-1.2370450986270327,194348.4081632653,786.0,94.0,692.0,12041,56,1116,805.0,633.7368421052631,-0.1716624937223421,-1.825694536203297,224149.87811634352,1096.0,60.0,1036.0,1634046401.061351,0.0,23.20070695877075
6924,0,1,0,0,3,2,1096,2211110130,1130,64,1116,17,59861,29483,4,0,0,43,15,2211110130,17,59861,11123,4328,94,1130,328.0,541.0,0.3754545770996308,-1.7239382061027522,219615.0,1130.0,94.0,1036.0,13137,56,1116,950.5,656.85,-0.264289686270581,-1.7905786663987364,223092.5275,1096.0,60.0,1036.0,1634046401.061351,0.0,23.20070695877075
6925,0,1,0,0,3,2,1096,2211110130,1130,64,1116,17,59861,29483,4,0,0,43,15,2211110130,17,59861,11123,5458,94,1130,442.0,606.4444444444445,0.1065919493412651,-1.877758982617989,229477.1358024692,1130.0,94.0,1036.0,1096,1096,1096,1096.0,1096.0,0.0,-3.0,0.0,1096.0,1096.0,0.0,1634046401.062028,0.0006768703460693,23.201383829116818
6926,0,1,0,0,3,2,380,2211110130,414,64,400,17,59861,29483,4,0,0,43,15,2211110130,17,59861,11123,5872,94,1130,428.0,587.2,0.2283781631185006,-1.7614616523059428,209862.56000000008,1130.0,124.0,1006.0,1476,380,1096,738.0,738.0,0.0,-2.0,128164.0,917.0,559.0,358.0,1634046401.062028,0.0,23.201383829116818
6927,0,1,0,0,3,2,408,2211110130,442,64,428,17,59861,29483,4,0,0,43,15,2211110130,17,59861,11123,6314,94,1130,442.0,574.0,0.3232642078270285,-1.6275970833965656,192526.54545454544,1130.0,154.0,976.0,1884,380,1096,408.0,628.0,0.7033165389173305,-1.5,109642.66666666669,752.0,394.0,358.0,1634046401.070077,0.0080490112304687,23.209432840347286
6928,0,1,0,0,2,3,60,3232270721,94,47,80,17,29483,59861,4,0,0,43,15,2211110130,17,59861,11123,6408,94,1130,428.0,534.0,0.4581193016615988,-1.5277679874932748,194082.66666666663,1130.0,94.0,1036.0,1944,60,1096,394.0,486.0,0.6862395465968562,-0.894525886349502,142724.0,580.0,300.0,280.0,1634046401.090159,0.0200819969177246,23.22951483726501
6929,0,1,0,0,2,3,52,3232270721,86,47,72,17,29483,59861,4,0,0,43,15,2211110130,17,59861,11123,6494,86,1130,414.0,499.5384615384616,0.5793520049615893,-1.403914428748814,193404.40236686388,1130.0,94.0,1036.0,1996,52,1096,380.0,399.2,0.9391092521745368,-0.4695576024103722,144316.15999999997,408.0,60.0,348.0,1634046401.090213,5.412101745605469e-05,23.229568958282467
6930,0,1,0,0,3,2,1096,2211110130,1130,64,1116,17,59861,29483,4,0,0,43,15,2211110130,17,59861,11123,7624,86,1130,428.0,544.5714285714286,0.3823998278425529,-1.637935283847041,205953.38775510204,1130.0,94.0,1036.0,3092,52,1096,394.0,515.3333333333334,0.3975820579290312,-1.5007734497804108,187698.22222222225,924.0,140.0,784.0,1634046401.095883,0.0056698322296142,23.23523879051208
6931,0,1,0,0,3,2,1096,2211110130,1130,64,1116,17,59861,29483,4,0,0,43,15,2211110130,17,59861,11123,8754,86,1130,442.0,583.6,0.2196094426704497,-1.7628801102826543,213548.37333333335,1130.0,94.0,1036.0,4188,52,1096,408.0,598.2857142857143,0.0527934195324744,-1.7393305843515277,202170.77551020408,1096.0,220.0,876.0,1634046401.095883,0.0,23.23523879051208
6932,0,1,0,0,3,2,1096,2211110130,1130,64,1116,17,59861,29483,4,0,0,43,15,2211110130,17,59861,11123,9884,86,1130,442.0,617.75,0.0804382272423685,-1.8221326035085448,217694.9375,1130.0,94.0,1036.0,5284,52,1096,752.0,660.5,-0.2030050975046463,-1.7345630982919855,203993.75,1096.0,300.0,796.0,1634046401.097893,0.0020101070404052,23.237248897552487
6933,0,1,0,0,3,2,1096,2211110130,1130,64,1116,17,59861,29483,4,0,0,43,15,2211110130,17,59861,11123,11014,86,1130,442.0,647.8823529411765,-0.0415027342744055,-1.838787188089424,219416.6920415225,1130.0,94.0,1036.0,6380,52,1096,1096.0,708.8888888888889,-0.4090569622252908,-1.6239792666728232,200059.65432098767,1096.0,380.0,716.0,1634046401.097893,0.0,23.237248897552487
6934,0,1,0,0,3,2,1096,2211110130,1130,64,1116,17,59861,29483,4,0,0,43,15,2211110130,17,59861,11123,12144,86,1130,786.0,674.6666666666666,-0.1503497016810497,-1.8262572938930128,219422.66666666663,1130.0,124.0,1006.0,7476,52,1096,1096.0,747.6,-0.5834372169153053,-1.457960568559876,193540.64,1096.0,387.0,709.0,1634046401.098481,0.0005879402160644,23.23783683776855
6935,0,1,0,0,3,2,622,2211110130,656,64,642,17,59861,29483,4,0,0,43,15,2211110130,17,59861,11123,12800,86,1130,656.0,673.6842105263158,-0.147989652969449,-1.7625596672838757,207891.47922437676,1130.0,154.0,976.0,8098,52,1096,1096.0,736.1818181818181,-0.5262063379666851,-1.3893965158004122,177249.78512396693,1096.0,394.0,702.0,1634046401.098481,0.0,23.23783683776855
6936,0,1,0,0,3,2,408,2211110130,442,64,428,17,59861,29483,4,0,0,43,15,2211110130,17,59861,11123,13242,86,1130,549.0,662.1,-0.0781727292389452,-1.7389474139138694,200046.59,1130.0,184.0,946.0,8506,52,1096,859.0,708.8333333333334,-0.3532495186191008,-1.494924273295146,170706.30555555556,1096.0,401.0,695.0,1634046401.098481,0.0,23.23783683776855
6937,0,1,0,0,3,2,56,2211110130,90,64,76,17,59861,29483,4,0,0,43,15,2211110130,17,59861,11123,90,90,90,90.0,90.0,0.0,-3.0,0.0,90.0,90.0,0.0,8562,52,1096,622.0,658.6153846153846,-0.1962390843469134,-1.6282333804821711,187837.15976331363,1096.0,380.0,716.0,1634046401.102825,0.0043439865112304,23.24218082427978
6938,0,1,0,0,2,3,60,3232270721,94,47,80,17,29483,59861,4,0,0,43,15,2211110130,17,59861,11123,184,90,94,92.0,92.0,0.0,-2.0,4.0,93.0,91.0,2.0,8622,52,1096,515.0,615.8571428571429,-0.0527697914864978,-1.6979870120758096,198187.693877551,1096.0,140.0,956.0,1634046401.107838,0.0050129890441894,23.24719381332397
6939,0,1,0,0,3,2,1096,2211110130,1130,64,1116,17,59861,29483,4,0,0,43,15,2211110130,17,59861,11123,1314,90,1130,94.0,438.0,0.7070713425338421,-1.4999999999999998,239434.66666666663,612.0,92.0,520.0,9718,52,1096,622.0,647.8666666666667,-0.1813671436116307,-1.6882227784790849,199319.7155555556,1096.0,220.0,876.0,1634046401.112941,0.0051031112670898,23.25229692459106
6940,0,1,0,0,3,2,1096,2211110130,1130,64,1116,17,59861,29483,4,0,0,43,15,2211110130,17,59861,11123,2444,90,1130,612.0,611.0,-2.2274691495062288e-05,-1.9999703004664693,269363.0,1130.0,93.0,1037.0,10814,52,1096,859.0,675.875,-0.2961615693065966,-1.6470192000062147,198629.234375,1096.0,300.0,796.0,1634046401.112941,0.0,23.25229692459106
6941,0,1,0,0,3,2,1096,2211110130,1130,64,1116,17,59861,29483,4,0,0,43,15,2211110130,17,59861,11123,3574,90,1130,1130.0,714.8,-0.4082672355030085,-1.8332920839046392,258588.16,1130.0,94.0,1036.0,11910,52,1096,1096.0,700.5882352941177,-0.4001517253286103,-1.5838259649419268,196717.06574394467,1096.0,380.0,716.0,1634046401.112941,0.0,23.25229692459106
6942,0,1,0,0,3,2,1076,2211110130,1110,64,1096,17,59861,29483,4,0,0,43,15,2211110130,17,59861,11123,4684,90,1130,1120.0,780.6666666666666,-0.7064582675427309,-1.499961573352684,237182.22222222225,1130.0,348.0,782.0,12986,52,1096,1086.0,721.4444444444445,-0.4961827430714363,-1.502887396895522,193183.02469135803,1096.0,387.0,709.0,1634046401.113667,0.0007259845733642,23.253022909164425
6943,0,1,0,0,2,3,60,3232270721,94,47,80,17,29483,59861,4,0,0,43,15,2211110130,17,59861,11123,4778,90,1130,1110.0,682.5714285714286,-0.2881984463365944,-1.916260576507721,261035.1020408164,1130.0,94.0,1036.0,13046,52,1096,1076.0,686.6315789473684,-0.3636311564852689,-1.6456938677340422,204830.3379501385,1096.0,220.0,876.0,1634046401.126613,0.0129458904266357,23.26596879959106
6944,0,1,0,0,3,2,408,2211110130,442,64,428,17,59861,29483,4,0,0,43,15,2211110130,17,59861,11123,5220,90,1130,776.0,652.5,-0.1245801765101399,-1.873799704034658,234735.75,1130.0,94.0,1036.0,13454,52,1096,849.0,672.7,-0.2810768023916987,-1.660334446489803,198276.51,1096.0,300.0,796.0,1634046401.132954,0.0063409805297851,23.272309780120846
6945,0,1,0,0,3,2,1096,2211110130,1130,64,1116,17,59861,29483,4,0,0,43,15,2211110130,17,59861,11123,6350,90,1130,1110.0,705.5555555555555,-0.3368578116157762,-1.784274716803807,231173.13580246916,1130.0,94.0,1036.0,1096,1096,1096,1096.0,1096.0,0.0,-3.0,0.0,1096.0,1096.0,0.0,1634046401.139914,0.0069601535797119,23.279269933700558
6946,0,1,0,0,3,2,1096,2211110130,1130,64,1116,17,59861,29483,4,0,0,43,15,2211110130,17,59861,11123,7480,90,1130,1120.0,748.0,-0.5148809179717277,-1.636596465947988,224269.6,1130.0,181.0,949.0,2192,1096,1096,1096.0,1096.0,0.0,-3.0,0.0,1096.0,1096.0,0.0,1634046401.139914,0.0,23.279269933700558
6947,0,1,0,0,3,2,1116,2211110130,1150,64,1136,17,59861,29483,4,0,0,43,15,2211110130,17,59861,11123,8630,90,1150,1130.0,784.5454545454545,-0.6683656806072646,-1.4559886497881158,217237.15702479336,1130.0,268.0,862.0,3308,1096,1116,1096.0,1102.6666666666667,0.7071067811865238,-1.5000000000000222,88.88888888888887,1106.0,1096.0,10.0,1634046401.142476,0.0025620460510253,23.281831979751583
6948,0,1,0,0,3,2,1096,2211110130,1130,64,1116,17,59861,29483,4,0,0,43,15,2211110130,17,59861,11123,9760,90,1150,1130.0,813.3333333333334,-0.8061041190709091,-1.2529826495747562,208250.22222222225,1130.0,355.0,775.0,4404,1096,1116,1096.0,1101.0,1.1547005383792517,-0.6666666666666665,75.0,1101.0,1096.0,5.0,1634046401.142476,0.0,23.281831979751583
6949,0,1,0,0,3,2,1096,2211110130,1130,64,1116,17,59861,29483,4,0,0,43,15,2211110130,17,59861,11123,10890,90,1150,1130.0,837.6923076923077,-0.9308619165776726,-1.0354452740088964,199351.28994082843,1130.0,442.0,688.0,5500,1096,1116,1096.0,1100.0,1.5,0.25,64.0,1096.0,1096.0,0.0,1634046401.142476,0.0,23.281831979751583
6950,0,1,0,0,3,2,1096,2211110130,1130,64,1116,17,59861,29483,4,0,0,43,15,2211110130,17,59861,11123,12020,90,1150,1130.0,858.5714285714286,-1.0453854614338671,-0.8076546497147152,190779.1020408164,1130.0,609.0,521.0,6596,1096,1116,1096.0,1099.3333333333333,1.7888543819998612,1.2000000000000703,55.55555555555557,1096.0,1096.0,0.0,1634046401.143092,0.0006158351898193,23.282447814941403
6951,0,1,0,0,3,2,370,2211110130,404,64,390,17,59861,29483,4,0,0,43,15,2211110130,17,59861,11123,12424,90,1150,1130.0,828.2666666666667,-0.8412931132968321,-1.1409696442594608,190917.79555555555,1130.0,423.0,707.0,6966,370,1116,1096.0,995.1428571428572,-2.0380724099320875,2.1599152251076186,65181.551020408166,1096.0,1096.0,0.0,1634046401.143092,0.0,23.282447814941403
6952,0,1,0,0,3,2,52,2211110130,86,64,72,17,59861,29483,4,0,0,43,15,2211110130,17,59861,11123,12510,86,1150,1130.0,781.875,-0.6369368603023096,-1.470056987592813,211268.234375,1130.0,326.5,803.5,7018,52,1116,1096.0,877.25,-1.291943757266095,-0.1410472648038694,154324.9375,1096.0,914.5,181.5,1634046401.158625,0.0155329704284667,23.29798078536987
6953,0,1,0,0,2,3,60,3232270721,94,47,80,17,29483,59861,4,0,0,43,15,2211110130,17,59861,11123,12604,86,1150,1130.0,741.4117647058823,-0.468140081425149,-1.6742341248717838,225037.06574394464,1130.0,94.0,1036.0,7078,52,1116,1096.0,786.4444444444445,-0.8102108105917227,-1.230399762872184,203142.9135802469,1096.0,370.0,726.0,1634046401.163491,0.0048661231994628,23.302846908569332
6954,0,1,0,0,3,2,408,2211110130,442,64,428,17,59861,29483,4,0,0,43,15,2211110130,17,59861,11123,13046,86,1150,1120.0,724.7777777777778,-0.3737685457827591,-1.7079184471647384,217238.7283950617,1130.0,171.5,958.5,7486,52,1116,1096.0,748.6,-0.576414627860911,-1.471881116940878,195718.44,1096.0,379.5,716.5,1634046401.171854,0.0083630084991455,23.311209917068478
6955,0,1,0,0,2,3,60,3232270721,94,47,80,17,29483,59861,4,0,0,43,15,2211110130,17,59861,11123,13140,86,1150,1110.0,691.578947368421,-0.2477238966695731,-1.8003571169407342,225644.03324099723,1130.0,94.0,1036.0,7546,52,1116,1096.0,686.0,-0.3364408807887063,-1.726912487019574,217113.45454545456,1096.0,215.0,881.0,1634046401.179092,0.0072379112243652,23.318447828292843
6956,0,1,0,0,3,2,60,2211110130,94,64,80,17,59861,29483,4,0,0,43,15,2211110130,17,59861,11123,13234,86,1150,776.0,661.7,-0.1360147004950926,-1.8534353174649636,231324.11,1130.0,94.0,1036.0,7606,52,1116,752.0,633.8333333333334,-0.143026078109778,-1.8403053037484447,228955.63888888888,1096.0,60.0,1036.0,1634046401.183298,0.0042061805725097,23.322654008865353
6957,0,1,0,0,3,2,1096,2211110130,1130,64,1116,17,59861,29483,4,0,0,43,15,2211110130,17,59861,11123,1130,1130,1130,1130.0,1130.0,0.0,-3.0,0.0,1130.0,1130.0,0.0,8702,52,1116,1096.0,669.3846153846154,-0.288239490405089,-1.7852585367854568,226510.3905325444,1096.0,60.0,1036.0,1634046401.183298,0.0,23.322654008865353
6958,0,1,0,0,3,2,1096,2211110130,1130,64,1116,17,59861,29483,4,0,0,43,15,2211110130,17,59861,11123,2260,1130,1130,1130.0,1130.0,0.0,-3.0,0.0,1130.0,1130.0,0.0,9798,52,1116,1096.0,699.8571428571429,-0.4163399884315877,-1.6995988498322454,222402.5510204081,1096.0,137.5,958.5,1634046401.18393,0.0006318092346191,23.323285818099972
6959,0,1,0,0,3,2,1096,2211110130,1130,64,1116,17,59861,29483,4,0,0,43,15,2211110130,17,59861,11123,3390,1130,1130,1130.0,1130.0,0.0,-3.0,0.0,1130.0,1130.0,0.0,10894,52,1116,1096.0,726.2666666666667,-0.5314644901539378,-1.5931747221129022,217340.1955555556,1096.0,215.0,881.0,1634046401.18393,0.0,23.323285818099972
6960,0,1,0,0,3,2,1034,2211110130,1068,64,1054,17,59861,29483,4,0,0,43,15,2211110130,17,59861,11123,4458,1068,1130,1130.0,1114.5,-1.1547005383792517,-0.6666666666666665,720.75,1130.0,1114.5,15.5,11928,52,1116,1096.0,745.5,-0.6343859850235765,-1.4690304330112671,209305.25,1096.0,292.5,803.5,1634046401.18393,0.0,23.323285818099972
6961,0,1,0,0,2,3,56,3232270721,90,47,76,17,29483,59861,4,0,0,43,15,2211110130,17,59861,11123,4548,90,1130,1130.0,909.6,-1.4874423935057095,0.232430219389101,168512.63999999998,1130.0,1068.0,62.0,11984,52,1116,1096.0,704.9411764705883,-0.4663818438704495,-1.6719593275925002,223313.4671280277,1096.0,60.0,1036.0,1634046401.210867,0.0269370079040527,23.350222826004025
6962,0,1,0,0,2,3,60,3232270721,94,47,80,17,29483,59861,4,0,0,43,15,2211110130,17,59861,11123,4642,90,1130,1099.0,773.6666666666666,-0.700696093533541,-1.5003147335237748,232816.55555555556,1130.0,337.5,792.5,12044,52,1116,1065.0,669.1111111111111,-0.3235244323303296,-1.7969832727784196,232731.65432098767,1096.0,60.0,1036.0,1634046401.210922,5.507469177246094e-05,23.350277900695797
6963,0,1,0,0,2,3,60,3232270721,94,47,80,17,29483,59861,4,0,0,43,15,2211110130,17,59861,11123,4736,90,1130,1068.0,676.5714285714286,-0.2839211774004899,-1.9132190849907444,256121.95918367343,1130.0,94.0,1036.0,12104,52,1116,1034.0,637.0526315789474,-0.199343968413298,-1.8703951451082084,238982.04986149585,1096.0,60.0,1036.0,1634046401.226295,0.0153729915618896,23.365650892257687
6964,0,1,0,0,3,2,1096,2211110130,1130,64,1116,17,59861,29483,4,0,0,43,15,2211110130,17,59861,11123,5866,90,1130,1099.0,733.25,-0.5117047317181311,-1.7319847864933486,246593.9375,1130.0,94.0,1036.0,13200,52,1116,1065.0,660.0,-0.2913321880818319,-1.828128821532314,237038.0,1096.0,60.0,1036.0,1634046401.226355,6.008148193359375e-05,23.36571097373962
6965,0,1,0,0,3,2,1096,2211110130,1130,64,1116,17,59861,29483,4,0,0,43,15,2211110130,17,59861,11123,6996,90,1130,1130.0,777.3333333333334,-0.7024305888505816,-1.5003091246201168,234741.3333333333,1130.0,94.0,1036.0,1096,1096,1096,1096.0,1096.0,0.0,-3.0,0.0,1096.0,1096.0,0.0,1634046401.226355,0.0,23.36571097373962
6966,0,1,0,0,3,2,1096,2211110130,1130,64,1116,17,59861,29483,4,0,0,43,15,2211110130,17,59861,11123,8126,90,1130,1130.0,812.6,-0.8681811809067169,-1.2398050567228385,222460.83999999997,1130.0,337.5,792.5,2192,1096,1096,1096.0,1096.0,0.0,-3.0,0.0,1096.0,1096.0,0.0,1634046401.227102,0.0007469654083251,23.366457939147946
6967,0,1,0,0,3,2,1096,2211110130,1130,64,1116,17,59861,29483,4,0,0,43,15,2211110130,17,59861,11123,9256,90,1130,1130.0,841.4545454545455,-1.015895175697434,-0.961283591455122,210562.9752066116,1130.0,581.0,549.0,3288,1096,1096,1096.0,1096.0,0.0,-3.0,0.0,1096.0,1096.0,0.0,1634046401.227102,0.0,23.366457939147946
6968,0,1,0,0,3,2,1096,2211110130,1130,64,1116,17,59861,29483,4,0,0,43,15,2211110130,17,59861,11123,10386,90,1130,1130.0,865.5,-1.1499255894826224,-0.6707515338511008,199376.0833333333,1130.0,824.5,305.5,4384,1096,1096,1096.0,1096.0,0.0,-3.0,0.0,1096.0,1096.0,0.0,1634046401.227102,0.0,23.366457939147946
6969,0,1,0,0,3,2,276,2211110130,310,64,296,17,59861,29483,4,0,0,43,15,2211110130,17,59861,11123,10696,90,1130,1130.0,822.7692307692307,-0.8688204223201127,-1.19281457052131,205950.48520710057,1130.0,310.0,820.0,4660,276,1096,1096.0,932.0,-1.5,0.25,107584.0,1096.0,1096.0,0.0,1634046401.227102,0.0,23.366457939147946
6970,0,1,0,0,3,2,408,2211110130,442,64,428,17,59861,29483,4,0,0,43,15,2211110130,17,59861,11123,11138,90,1130,1130.0,795.5714285714286,-0.6991718657423888,-1.390308990401528,200856.1020408164,1130.0,343.0,787.0,5068,276,1096,1096.0,844.6666666666666,-0.7430216452196268,-1.3987058844155205,127788.88888888888,1096.0,580.0,516.0,1634046401.227102,0.0,23.366457939147946
6971,0,1,0,0,2,3,52,3232270721,86,48,72,17,10001,59861,4,0,0,43,15,2211110130,17,59861,11123,11224,86,1130,1130.0,748.2666666666667,-0.5022737556299085,-1.645484812647641,218794.0622222222,1130.0,202.0,928.0,5120,52,1096,1096.0,731.4285714285714,-0.440182778921284,-1.6124739476681762,186470.5306122449,1096.0,342.0,754.0,1634046401.234042,0.0069398880004882,23.373397827148434
6972,0,1,0,0,2,3,60,3232270721,94,47,80,17,29483,59861,4,0,0,43,15,2211110130,17,59861,11123,11318,86,1130,1099.0,707.375,-0.3384988317128291,-1.795794796594626,230201.359375,1130.0,94.0,1036.0,5180,52,1096,752.0,647.5,-0.1507323062110932,-1.811911321805816,212469.75,1096.0,222.0,874.0,1634046401.238563,0.0045211315155029,23.377918958663937
6973,0,1,0,0,3,2,1096,2211110130,1130,64,1116,17,59861,29483,4,0,0,43,15,2211110130,17,59861,11123,12448,86,1130,1130.0,732.2352941176471,-0.4419787198948997,-1.7172612184236506,226548.6505190312,1130.0,94.0,1036.0,6276,52,1096,1096.0,697.3333333333334,-0.361011082738824,-1.7165530021487458,208728.88888888888,1096.0,276.0,820.0,1634046401.246302,0.0077388286590576,23.385657787322994
6974,0,1,0,0,3,2,1096,2211110130,1130,64,1116,17,59861,29483,4,0,0,43,15,2211110130,17,59861,11123,13578,86,1130,1130.0,754.3333333333334,-0.5369071699026522,-1.6257387080454129,222264.11111111112,1130.0,148.0,982.0,7372,52,1096,1096.0,737.2,-0.5378632785437139,-1.5632747538826868,202160.16,1096.0,309.0,787.0,1634046401.246302,0.0,23.385657787322994
6975,0,1,0,0,3,2,1096,2211110130,1130,64,1116,17,59861,29483,4,0,0,43,15,2211110130,17,59861,11123,14708,86,1130,1130.0,774.1052631578947,-0.6248237717353389,-1.5244031816885193,217602.7257617729,1130.0,202.0,928.0,8468,52,1096,1096.0,769.8181818181819,-0.6917972895810947,-1.376140679101687,194421.4214876033,1096.0,342.0,754.0,1634046401.246302,0.0,23.385657787322994
6976,0,1,0,0,3,2,1096,2211110130,1130,64,1116,17,59861,29483,4,0,0,43,15,2211110130,17,59861,11123,15838,86,1130,1130.0,791.9,-0.7068834337100827,-1.4154735770652465,212738.99,1130.0,256.0,874.0,9564,52,1096,1096.0,797.0,-0.8290085164662605,-1.1675080629184842,186347.0,1096.0,375.0,721.0,1634046401.247004,0.0007021427154541,23.38635993003845
6977,0,1,0,0,3,2,1083,2211110130,1117,64,1103,17,59861,29483,4,0,0,43,15,2211110130,17,59861,11123,1117,1117,1117,1117.0,1117.0,0.0,-3.0,0.0,1117.0,1117.0,0.0,10647,52,1096,1096.0,819.0,-0.953589805165414,-0.9434263307867848,177820.61538461538,1096.0,408.0,688.0,1634046401.247004,0.0,23.38635993003845
6978,0,1,0,0,3,2,408,2211110130,442,64,428,17,59861,29483,4,0,0,43,15,2211110130,17,59861,11123,1559,442,1117,779.5,779.5,0.0,-2.0,113906.25,948.25,610.75,337.5,11055,52,1096,1096.0,789.6428571428571,-0.7536777118752542,-1.2323104315436733,176323.0867346939,1096.0,408.0,688.0,1634046401.274253,0.0272488594055175,23.413608789443966
6979,0,1,0,0,2,3,60,3232270721,94,47,80,17,29483,59861,4,0,0,43,15,2211110130,17,59861,11123,1653,94,1117,442.0,551.0,0.3680794450650775,-1.5,180362.0,779.5,268.0,511.5,11115,52,1096,1096.0,741.0,-0.5576086182015995,-1.5200805805981357,197694.0,1096.0,342.0,754.0,1634046401.288774,0.0145211219787597,23.428129911422726
6980,0,1,0,0,3,2,60,2211110130,94,64,80,17,59861,29483,4,0,0,43,15,2211110130,17,59861,11123,1747,94,1117,268.0,436.75,0.8038628122079039,-1.0137891341186316,174430.6875,610.75,94.0,516.75,11175,52,1096,1089.5,698.4375,-0.3927622195178679,-1.6979343142917498,212511.62109375,1096.0,222.0,874.0,1634046401.297,0.0082259178161621,23.436355829238888
6981,0,1,0,0,3,2,408,2211110130,442,64,428,17,59861,29483,4,0,0,43,15,2211110130,17,59861,11123,2189,94,1117,442.0,437.8,0.8902715532832829,-0.5274501399411111,139548.96000000002,442.0,94.0,348.0,11583,52,1096,1083.0,681.3529411764706,-0.2932939782158844,-1.7218356331793128,204681.05190311416,1096.0,276.0,820.0,1634046401.297,0.0,23.436355829238888
6982,0,1,0,0,2,3,60,3232270721,94,47,80,17,29483,59861,4,0,0,43,15,2211110130,17,59861,11123,2283,94,1117,268.0,380.5,1.135671214625908,-0.0239242607169978,132707.25,442.0,94.0,348.0,11643,52,1096,745.5,646.8333333333334,-0.1704207554633553,-1.7940801988307005,213567.13888888888,1096.0,114.0,982.0,1634046401.306953,0.0099530220031738,23.446308851242062
6983,0,1,0,0,2,3,52,3232270721,86,47,72,17,29483,59861,4,0,0,43,15,2211110130,17,59861,11123,2369,86,1117,94.0,338.42857142857144,1.3493455455983954,0.5322071330964064,124369.10204081632,442.0,94.0,348.0,11695,52,1096,408.0,615.5263157894736,-0.061274331522169,-1.83001928532854,219969.0914127424,1096.0,60.0,1036.0,1634046401.30701,5.698204040527344e-05,23.446365833282467
6984,0,1,0,0,2,3,60,3232270721,94,47,80,17,29483,59861,4,0,0,43,15,2211110130,17,59861,11123,2463,86,1117,94.0,307.875,1.5457040443242862,1.1335188267491558,115357.609375,442.0,94.0,348.0,11755,52,1096,408.0,587.75,0.0385687829849383,-1.841037167846903,223629.5875,1096.0,60.0,1036.0,1634046401.324336,0.0173261165618896,23.463691949844357
6985,0,1,0,0,3,2,56,2211110130,90,64,76,17,59861,29483,4,0,0,43,15,2211110130,17,59861,11123,2553,86,1117,94.0,283.6666666666667,1.722588060942336,1.7508009028150149,107228.44444444442,442.0,94.0,348.0,56,56,56,56.0,56.0,0.0,-3.0,0.0,56.0,56.0,0.0,1634046401.328711,0.0043749809265136,23.46806693077087
6986,0,1,0,0,3,2,408,2211110130,442,64,428,17,59861,29483,4,0,0,43,15,2211110130,17,59861,11123,2995,86,1117,94.0,299.5,1.6154154006775847,1.7058900016830094,98761.85,442.0,94.0,348.0,464,56,408,232.0,232.0,0.0,-2.0,30976.0,320.0,144.0,176.0,1634046401.336094,0.0073828697204589,23.47544980049133
6987,0,1,0,0,2,3,60,3232270721,94,47,80,17,29483,59861,4,0,0,43,15,2211110130,17,59861,11123,3089,86,1117,94.0,280.8181818181818,1.7561077490083288,2.222196835536489,93273.60330578512,442.0,94.0,348.0,524,56,408,60.0,174.66666666666666,0.7067951202245192,-1.4999999999999996,27224.888888888887,234.0,58.0,176.0,1634046401.357527,0.0214331150054931,23.496882915496823
6988,0,1,0,0,3,2,52,2211110130,86,64,72,17,59861,29483,4,0,0,43,15,2211110130,17,59861,11123,3175,86,1117,94.0,264.5833333333333,1.8852340860245689,2.7386087063455973,88400.07638888889,442.0,93.0,349.0,576,52,408,58.0,144.0,1.153508230493627,-0.6675843477178938,23240.0,147.0,55.0,92.0,1634046401.360582,0.0030550956726074,23.49993801116943
6989,0,1,0,0,3,2,408,2211110130,442,64,428,17,59861,29483,4,0,0,43,15,2211110130,17,59861,11123,3617,86,1117,94.0,278.2307692307692,1.7604598316647166,2.5553615499283007,83835.10059171598,442.0,94.0,348.0,984,52,408,60.0,196.8,0.40758952089634,-1.832974725306916,29743.360000000004,408.0,56.0,352.0,1634046401.372442,0.0118598937988281,23.511797904968258
6990,0,1,0,0,3,2,1116,2211110130,1150,64,1136,17,59861,29483,4,0,0,43,15,2211110130,17,59861,11123,4767,86,1150,94.0,340.5,1.3673569281129854,0.5788860482402276,128253.82142857143,442.0,94.0,348.0,2100,52,1116,234.0,350.0,1.1619053591624715,0.0254169204992882,142137.33333333334,408.0,57.0,351.0,1634046401.380026,0.0075840950012207,23.51938199996948
6991,0,1,0,0,2,3,60,3232270721,94,47,80,17,29483,59861,4,0,0,43,15,2211110130,17,59861,11123,4861,86,1150,94.0,324.06666666666666,1.4682332140802612,0.8809719189602392,123484.32888888892,442.0,94.0,348.0,2160,52,1116,60.0,308.57142857142856,1.3820342104642844,0.6107271130067264,132129.95918367346,408.0,58.0,350.0,1634046401.393222,0.0131959915161132,23.532577991485592
6992,0,1,0,0,3,2,60,2211110130,94,64,80,17,59861,29483,4,0,0,43,15,2211110130,17,59861,11123,4955,86,1150,94.0,309.6875,1.5640471006782228,1.189377350762283,118867.96484375,442.0,94.0,348.0,2220,52,1116,60.0,277.5,1.5790914546574903,1.228851772438082,122371.75,408.0,59.0,349.0,1634046401.417218,0.0239958763122558,23.556573867797848
6993,0,1,0,0,3,2,408,2211110130,442,64,428,17,59861,29483,4,0,0,43,15,2211110130,17,59861,11123,5397,86,1150,94.0,317.47058823529414,1.525531418321321,1.231892297722859,112844.95501730104,442.0,94.0,348.0,2628,52,1116,60.0,292.0,1.5125264059698478,1.3409305681804886,110456.88888888888,408.0,60.0,348.0,1634046401.417218,0.0,23.556573867797848
6994,0,1,0,0,2,3,56,3232270721,90,47,76,17,29483,59861,4,0,0,43,15,2211110130,17,59861,11123,5487,86,1150,94.0,304.8333333333333,1.608268340180619,1.5105696492888132,109290.69444444444,442.0,94.0,348.0,2684,52,1116,60.0,268.4,1.6614646715233767,1.8530870474424617,104423.84,408.0,57.0,351.0,1634046401.426136,0.0089180469512939,23.565491914749142
6995,0,1,0,0,2,3,60,3232270721,94,47,80,17,29483,59861,4,0,0,43,15,2211110130,17,59861,11123,5581,86,1150,94.0,293.7368421052632,1.6887317990284052,1.796485571178268,105754.93074792248,442.0,94.0,348.0,2744,52,1116,60.0,249.45454545454547,1.802892755165289,2.3875801587043206,98520.06611570246,408.0,58.0,350.0,1634046401.440222,0.0140860080718994,23.57957792282104
6996,0,1,0,0,3,2,408,2211110130,442,64,428,17,59861,29483,4,0,0,43,15,2211110130,17,59861,11123,6023,86,1150,94.0,301.15,1.6411628296387597,1.791954369836688,101511.3275,442.0,94.0,348.0,3152,52,1116,60.0,262.6666666666667,1.7058219518203577,2.3331690235783915,92230.2222222222,408.0,59.0,349.0,1634046401.459882,0.0196599960327148,23.599237918853756
6997,0,1,0,0,2,3,60,3232270721,94,47,80,17,29483,59861,4,0,0,43,15,2211110130,17,59861,11123,94,94,94,94.0,94.0,0.0,-3.0,0.0,94.0,94.0,0.0,3212,52,1116,60.0,247.07692307692307,1.821248920520834,2.784108917211729,88052.07100591718,408.0,60.0,348.0,1634046401.469263,0.0093810558319091,23.608618974685665
6998,0,1,0,0,3,2,408,2211110130,442,64,428,17,59861,29483,4,0,0,43,15,2211110130,17,59861,11123,536,94,442,268.0,268.0,0.0,-2.0,30276.0,355.0,181.0,174.0,3620,52,1116,60.0,258.57142857142856,1.7248990587329291,2.698239708273179,83480.24489795917,408.0,60.0,348.0,1634046401.496919,0.0276558399200439,23.63627481460571
6999,0,1,0,0,2,3,60,3232270721,94,47,80,17,29483,59861,4,0,0,43,15,2211110130,17,59861,11123,630,94,442,94.0,210.0,0.7071067811865476,-1.5,26912.0,268.0,94.0,174.0,3680,52,1116,60.0,245.33333333333331,1.8215898346371728,3.0813935649311848,80368.35555555556,408.0,60.0,348.0,1634046401.533898,0.0369791984558105,23.67325401306152
7000,0,1,0,0,2,3,52,3232270721,86,47,72,17,29483,59861,4,0,0,43,15,2211110130,17,59861,11123,716,86,442,94.0,179.0,1.153090823479084,-0.6678805445104996,23067.0,181.0,92.0,89.0,3732,52,1116,60.0,233.25,1.9115303746043328,3.4605592295161927,77535.4375,408.0,59.0,349.0,1634046401.533953,5.4836273193359375e-05,23.673308849334713
7001,0,1,0,0,3,2,56,2211110130,90,64,76,17,59861,29483,4,0,0,43,15,2211110130,17,59861,11123,806,86,442,94.0,161.2,1.49832171523007,0.2477800218673649,19720.96,94.0,90.0,4.0,3788,52,1116,60.0,222.8235294117647,2.0004059531865384,3.855343510087203,74713.91003460209,408.0,56.0,352.0,1634046401.546682,0.0127289295196533,23.686037778854367
7002,0,1,0,0,3,2,60,2211110130,94,64,80,17,59861,29483,4,0,0,43,15,2211110130,17,59861,11123,900,86,442,94.0,150.0,1.7868312887535711,1.1964187386238736,17061.333333333332,94.0,91.0,3.0,3848,52,1116,60.0,213.77777777777777,2.087780077674112,4.262997969859632,71954.17283950618,408.0,57.0,351.0,1634046401.546682,0.0,23.686037778854367
7003,0,1,0,0,3,2,408,2211110130,442,64,428,17,59861,29483,4,0,0,43,15,2211110130,17,59861,11123,1342,86,442,94.0,191.7142857142857,0.94770948017764,-1.1003957524396752,25064.48979591837,268.0,92.0,176.0,4256,52,1116,60.0,224.0,1.9640509611995696,3.963192056729338,70048.0,408.0,58.0,350.0,1634046401.546682,0.0,23.686037778854367
7004,0,1,0,0,2,3,60,3232270721,94,47,80,17,29483,59861,4,0,0,43,15,2211110130,17,59861,11123,1436,86,442,94.0,179.5,1.1536383630210147,-0.6674628481516862,22975.75,181.0,93.0,88.0,4316,52,1116,60.0,215.8,2.040411420347449,4.315039273845104,67823.16,408.0,59.0,349.0,1634046401.564126,0.0174441337585449,23.70348191261291
7005,0,1,0,0,3,2,52,2211110130,86,64,72,17,59861,29483,4,0,0,43,15,2211110130,17,59861,11123,1522,86,442,94.0,169.11111111111111,1.3346642213233235,-0.2160200521778561,21286.32098765432,94.0,90.0,4.0,52,52,52,52.0,52.0,0.0,-3.0,0.0,52.0,52.0,0.0,1634046401.571976,0.0078499317169189,23.71133184432983
7006,0,1,0,0,3,2,408,2211110130,442,64,428,17,59861,29483,4,0,0,43,15,2211110130,17,59861,11123,1964,86,442,94.0,196.4,0.8717679601719205,-1.2384036144404893,25859.840000000004,355.0,91.0,264.0,460,52,408,230.0,230.0,0.0,-2.0,31684.0,319.0,141.0,178.0,1634046401.592514,0.0205380916595459,23.731869935989376
7007,0,1,0,0,2,3,60,3232270721,94,47,80,17,29483,59861,4,0,0,43,15,2211110130,17,59861,11123,2058,86,442,94.0,187.0909090909091,1.0194339694054462,-0.958960675461724,24375.537190082643,268.0,92.0,176.0,520,52,408,60.0,173.33333333333334,0.7058747686471649,-1.5000000000000009,27544.88888888889,234.0,56.0,178.0,1634046401.613674,0.0211598873138427,23.75302982330322
7008,0,1,0,0,2,3,56,3232270721,90,47,76,17,29483,59861,4,0,0,43,15,2211110130,17,59861,11123,2148,86,442,94.0,179.0,1.153494075256964,-0.6675795625415128,23064.33333333333,181.0,90.0,91.0,576,52,408,58.0,144.0,1.153508230493627,-0.6675843477178938,23240.0,147.0,55.0,92.0,1634046401.630165,0.0164911746978759,23.769520998001095
7009,0,1,0,0,3,2,408,2211110130,442,64,428,17,59861,29483,4,0,0,43,15,2211110130,17,59861,11123,2590,86,442,94.0,199.23076923076923,0.8324135924447699,-1.3057486561426326,26201.562130177517,442.0,90.0,352.0,984,52,408,60.0,196.8,0.4075895208963401,-1.8329747253069155,29743.36,408.0,56.0,352.0,1634046401.637286,0.0071208477020263,23.77664184570312
7010,0,1,0,0,2,3,60,3232270721,94,47,80,17,29483,59861,4,0,0,43,15,2211110130,17,59861,11123,2684,86,442,94.0,191.7142857142857,0.9477094801776402,-1.100395752439674,25064.489795918365,355.0,91.0,264.0,1044,52,408,60.0,174.0,0.7062521472913884,-1.499992444006013,27385.33333333333,321.0,57.0,264.0,1634046401.646432,0.009145975112915,23.785787820816036
7011,0,1,0,0,2,3,32,3232270721,66,47,52,17,29483,59861,4,0,0,43,15,2211110130,17,59861,11123,2750,66,442,94.0,183.33333333333331,1.048606823949589,-0.8897279882605882,24376.888888888887,268.0,90.0,178.0,1076,32,408,60.0,153.71428571428572,0.9385118971511212,-1.1035657243569903,25942.20408163265,234.0,54.0,180.0,1634046401.653418,0.0069861412048339,23.79277396202087
7012,0,1,0,0,3,2,60,2211110130,94,64,80,17,59861,29483,4,0,0,43,15,2211110130,17,59861,11123,2844,66,442,94.0,177.75,1.1478090527565543,-0.671247461281899,23320.9375,181.0,90.0,91.0,1136,32,408,60.0,142.0,1.1434790336399443,-0.6743340747944426,23660.0,147.0,55.0,92.0,1634046401.669514,0.0160958766937255,23.808869838714596
7013,0,1,0,0,3,2,408,2211110130,442,64,428,17,59861,29483,4,0,0,43,15,2211110130,17,59861,11123,3286,66,442,94.0,193.2941176470588,0.8981272892721508,-1.1846953870333117,25815.031141868512,442.0,90.0,352.0,1544,32,408,60.0,171.55555555555554,0.6993684042734982,-1.4993890619490842,28019.358024691363,408.0,56.0,352.0,1634046401.669514,0.0,23.808869838714596
7014,0,1,0,0,2,3,60,3232270721,94,47,80,17,29483,59861,4,0,0,43,15,2211110130,17,59861,11123,3380,66,442,94.0,187.77777777777777,0.986591562158228,-1.0176130998071649,24898.172839506173,355.0,91.0,264.0,1604,32,408,60.0,160.4,0.864740304463227,-1.2397294968556127,26337.439999999995,321.0,57.0,264.0,1634046401.687808,0.0182940959930419,23.827163934707638
7015,0,1,0,0,3,2,408,2211110130,442,64,428,17,59861,29483,4,0,0,43,15,2211110130,17,59861,11123,3822,66,442,94.0,201.1578947368421,0.7877730116952842,-1.372039108330972,26810.23822714681,442.0,92.0,350.0,2012,32,408,60.0,182.9090909090909,0.560552814889102,-1.6764140515033548,29009.71900826446,408.0,58.0,350.0,1634046401.694004,0.0061960220336914,23.83335995674133
7016,0,1,0,0,2,3,60,3232270721,94,47,80,17,29483,59861,4,0,0,43,15,2211110130,17,59861,11123,3916,66,442,94.0,195.8,0.8679835259878288,-1.2390082899151926,26015.16,442.0,93.0,349.0,2072,32,408,60.0,172.66666666666666,0.7005577633393928,-1.4993859640387064,27746.22222222222,408.0,59.0,349.0,1634046401.722892,0.0288879871368408,23.86224794387817
7017,0,1,0,0,2,3,52,3232270721,86,47,72,17,29483,59861,4,0,0,43,15,2211110130,17,59861,11123,86,86,86,86.0,86.0,0.0,-3.0,0.0,86.0,86.0,0.0,2124,32,408,60.0,163.3846153846154,0.826840164296776,-1.306416639850254,26645.77514792899,408.0,56.0,352.0,1634046401.722948,5.602836608886719e-05,23.86230397224426
7018,0,1,0,0,2,3,52,3232270721,86,48,72,17,10001,59861,4,0,0,43,15,2211110130,17,59861,11123,172,86,86,86.0,86.0,0.0,-3.0,0.0,86.0,86.0,0.0,2176,32,408,60.0,155.42857142857142,0.9422127427793666,-1.102168068492356,25565.38775510204,321.0,53.0,268.0,1634046401.73554,0.0125918388366699,23.87489581108093
7019,0,1,0,0,3,2,56,2211110130,90,64,76,17,59861,29483,4,0,0,43,15,2211110130,17,59861,11123,262,86,90,86.0,87.33333333333333,0.707106781186555,-1.4999999999999931,3.555555555555556,88.0,86.0,2.0,2232,32,408,60.0,148.8,1.0488188464423058,-0.8896785656342074,24476.16,234.0,54.0,180.0,1634046401.745346,0.0098061561584472,23.884701967239376
7020,0,1,0,0,3,2,408,2211110130,442,64,428,17,59861,29483,4,0,0,43,15,2211110130,17,59861,11123,704,86,442,88.0,176.0,1.1543099133965324,-0.6669703748502247,23588.0,178.0,86.0,92.0,2640,32,408,60.0,165.0,0.8037699289777152,-1.345946766814047,26883.0,408.0,55.0,353.0,1634046401.745346,0.0,23.884701967239376
7021,0,1,0,0,2,3,60,3232270721,94,47,80,17,29483,59861,4,0,0,43,15,2211110130,17,59861,11123,798,86,442,90.0,159.6,1.4983509201073832,0.2477845859411469,19946.24,94.0,86.0,8.0,2700,32,408,60.0,158.8235294117647,0.8982462500328643,-1.1847135155872872,25912.027681660897,408.0,56.0,352.0,1634046401.75916,0.0138139724731445,23.89851593971252
7022,0,1,0,0,3,2,416,2211110130,450,64,436,17,59861,29483,4,0,0,43,15,2211110130,17,59861,11123,1248,86,450,92.0,208.0,0.7068846945373686,-1.4983138638892088,28334.666666666668,355.0,87.0,268.0,3116,32,416,60.0,173.11111111111111,0.7028342867826151,-1.498624645256904,27942.765432098764,408.0,56.0,352.0,1634046401.773079,0.0139188766479492,23.91243481636047
7023,0,1,0,0,3,2,60,2211110130,94,64,80,17,59861,29483,4,0,0,43,15,2211110130,17,59861,11123,1342,86,450,94.0,191.7142857142857,0.9480968007731524,-1.0985171181211064,25878.20408163265,268.0,88.0,180.0,3176,32,416,60.0,167.1578947368421,0.788209797275175,-1.3710490806190967,27110.027700831022,408.0,56.0,352.0,1634046401.793851,0.0207719802856445,23.933206796646115
7024,0,1,0,0,2,3,60,3232270721,94,47,80,17,29483,59861,4,0,0,43,15,2211110130,17,59861,11123,1436,86,450,94.0,179.5,1.153868769158676,-0.6654971058829093,23687.75,181.0,89.0,92.0,3236,32,416,60.0,161.8,0.8683860332027977,-1.2379581112224918,26299.96,408.0,56.0,352.0,1634046401.81668,0.0228290557861328,23.956035852432247
7025,0,1,0,0,3,2,408,2211110130,442,64,428,17,59861,29483,4,0,0,43,15,2211110130,17,59861,11123,1878,86,450,94.0,208.66666666666663,0.7066674240438974,-1.4984477442236597,27861.33333333333,442.0,90.0,352.0,408,408,408,408.0,408.0,0.0,-3.0,0.0,408.0,408.0,0.0,1634046401.826669,0.0099890232086181,23.966024875640866
7026,0,1,0,0,2,3,56,3232270721,90,47,76,17,29483,59861,4,0,0,43,15,2211110130,17,59861,11123,1968,86,450,94.0,196.8,0.8724371096285796,-1.236659513559472,26342.56,355.0,90.0,265.0,464,56,408,232.0,232.0,0.0,-2.0,30976.0,320.0,144.0,176.0,1634046401.837043,0.0103740692138671,23.976398944854733
7027,0,1,0,0,2,3,60,3232270721,94,47,80,17,29483,59861,4,0,0,43,15,2211110130,17,59861,11123,2062,86,450,94.0,187.45454545454547,1.0200608515641996,-0.95703725445316,24821.15702479339,268.0,90.0,178.0,524,56,408,60.0,174.66666666666666,0.7067951202245192,-1.4999999999999996,27224.888888888887,234.0,58.0,176.0,1634046401.837098,5.4836273193359375e-05,23.976453781127926
7028,0,1,0,0,3,2,408,2211110130,442,64,428,17,59861,29483,4,0,0,43,15,2211110130,17,59861,11123,2504,86,450,94.0,208.66666666666663,0.7067248035715016,-1.4986739449994824,27702.22222222222,442.0,90.0,352.0,932,56,408,234.0,233.0,-0.0001958991769101,-1.9997388053616465,30627.0,408.0,59.0,349.0,1634046401.872905,0.0358071327209472,24.012260913848873
7029,0,1,0,0,2,3,60,3232270721,94,47,80,17,29483,59861,4,0,0,43,15,2211110130,17,59861,11123,2598,86,450,94.0,199.84615384615384,0.8328802465779467,-1.3043180082747157,26504.89940828403,442.0,90.0,352.0,992,56,408,60.0,198.4,0.4080247218367111,-1.8332100914923808,29290.24,408.0,60.0,348.0,1634046401.885396,0.0124909877777099,24.024751901626583
7030,0,1,0,0,3,2,408,2211110130,442,64,428,17,59861,29483,4,0,0,43,15,2211110130,17,59861,11123,3040,86,450,94.0,217.14285714285717,0.5959338276659696,-1.643228097029132,28500.97959183673,442.0,91.0,351.0,1400,56,408,234.0,233.33333333333331,-0.0001752444914178,-1.999765154641916,30510.22222222222,408.0,60.0,348.0,1634046401.896374,0.0109779834747314,24.035729885101315
7031,0,1,0,0,3,2,60,2211110130,94,64,80,17,59861,29483,4,0,0,43,15,2211110130,17,59861,11123,3134,86,450,94.0,208.9333333333333,0.7067120560872295,-1.498853320500173,27544.46222222222,442.0,92.0,350.0,1460,56,408,60.0,208.57142857142856,0.2885002847115487,-1.9165302685017664,29830.5306122449,408.0,60.0,348.0,1634046401.90422,0.0078461170196533,24.043576002120968
7032,0,1,0,0,2,3,52,3232270721,86,47,72,17,29483,59861,4,0,0,43,15,2211110130,17,59861,11123,3220,86,450,94.0,201.25,0.8084362097167539,-1.3444175389051458,26708.4375,442.0,90.0,352.0,1512,52,408,60.0,189.0,0.5157053708139004,-1.7330851443283657,28783.0,408.0,59.0,349.0,1634046401.921919,0.0176990032196044,24.061275005340573
7033,0,1,0,0,3,2,56,2211110130,90,64,76,17,59861,29483,4,0,0,43,15,2211110130,17,59861,11123,3310,86,450,94.0,194.7058823529412,0.9030906661084852,-1.1823892217832648,25822.56055363322,442.0,90.0,352.0,1568,52,408,60.0,174.22222222222223,0.7064145003080627,-1.4999930033388154,27331.95061728395,408.0,56.0,352.0,1634046401.930171,0.0082519054412841,24.069526910781857
7034,0,1,0,0,2,3,60,3232270721,94,47,80,17,29483,59861,4,0,0,43,15,2211110130,17,59861,11123,3404,86,450,94.0,189.11111111111111,0.9916121052686626,-1.0145446773766835,24920.098765432096,355.0,90.0,265.0,1628,52,408,60.0,162.8,0.8721132654137366,-1.2383052838650226,25772.959999999995,321.0,57.0,264.0,1634046401.939476,0.0093050003051757,24.078831911087033
7035,0,1,0,0,3,2,408,2211110130,442,64,428,17,59861,29483,4,0,0,43,15,2211110130,17,59861,11123,3846,86,450,94.0,202.42105263157896,0.7920427190957564,-1.3708792927722182,26797.29639889197,442.0,90.0,352.0,2036,52,408,60.0,185.0909090909091,0.5663507212769799,-1.678413344326773,28398.80991735537,408.0,58.0,350.0,1634046401.950334,0.0108580589294433,24.089689970016476
7036,0,1,0,0,2,3,60,3232270721,94,47,80,17,29483,59861,4,0,0,43,15,2211110130,17,59861,11123,3940,86,450,94.0,197.0,0.8722788676927536,-1.2372597609923697,26015.8,442.0,90.0,352.0,2096,52,408,60.0,174.66666666666666,0.706479984457926,-1.499989827426612,27227.55555555556,408.0,59.0,349.0,1634046401.956421,0.0060868263244628,24.09577679634094
7037,0,1,0,0,3,2,416,2211110130,450,64,436,17,59861,29483,4,0,0,43,15,2211110130,17,59861,11123,450,450,450,450.0,450.0,0.0,-3.0,0.0,450.0,450.0,0.0,2512,52,416,60.0,193.23076923076923,0.4742387528119158,-1.773790979147014,29268.63905325444,408.0,60.0,348.0,1634046401.972582,0.0161612033843994,24.11193799972534
7038,0,1,0,0,3,2,12,1054003247,46,64,32,17,59861,10001,4,0,0,43,15,2211110130,17,59861,11123,496,46,450,248.0,248.0,0.0,-2.0,40804.0,349.0,147.0,202.0,2524,12,416,60.0,180.28571428571428,0.5809495186472912,-1.6374829805863087,29356.489795918373,408.0,57.0,351.0,1634046402.01247,0.0398879051208496,24.151825904846188
7039,0,1,0,0,3,2,12,2342665647,46,64,32,17,59861,10001,4,0,0,43,15,2211110130,17,59861,11123,542,46,450,46.0,180.66666666666663,0.7071067811865479,-1.4999999999999996,36270.22222222223,248.0,46.0,202.0,2536,12,416,60.0,169.06666666666666,0.6812410456551884,-1.4952736082047369,29161.52888888889,408.0,56.0,352.0,1634046402.01247,0.0,24.151825904846188
7040,0,1,0,0,3,2,12,3338606794,46,64,32,17,59861,10001,4,0,0,43,15,2211110130,17,59861,11123,588,46,450,46.0,147.0,1.1547005383792517,-0.6666666666666665,30603.0,147.0,46.0,101.0,2548,12,416,60.0,159.25,0.7754409895618234,-1.3468339287839943,28784.4375,408.0,55.0,353.0,1634046402.01247,0.0,24.151825904846188
7041,0,1,0,0,3,2,60,2211110130,94,64,80,17,59861,29483,4,0,0,43,15,2211110130,17,59861,11123,682,46,450,46.0,136.4,1.4503781732616456,0.1774031480286249,24931.840000000004,94.0,46.0,48.0,2608,12,416,60.0,153.41176470588235,0.8686461969484313,-1.1900547258533738,27636.595155709343,408.0,56.0,352.0,1634046402.013219,0.0007491111755371,24.152575016021725
7042,0,1,0,0,3,2,408,2211110130,442,64,428,17,59861,29483,4,0,0,43,15,2211110130,17,59861,11123,1124,46,450,70.0,187.33333333333331,0.6816656835500889,-1.501588099593842,33747.555555555555,355.0,46.0,309.0,3016,12,416,60.0,167.55555555555554,0.677136973876865,-1.495562449805915,29502.024691358027,408.0,56.0,352.0,1634046402.013219,0.0,24.152575016021725
7043,0,1,0,0,2,3,60,3232270721,94,47,80,17,29483,59861,4,0,0,43,15,2211110130,17,59861,11123,1218,46,450,94.0,174.0,0.9064194431518282,-1.1183944881655448,29993.14285714286,268.0,46.0,222.0,3076,12,416,60.0,161.89473684210526,0.761693505795129,-1.371522634771262,28526.094182825487,408.0,56.0,352.0,1634046402.013412,0.0001928806304931,24.152767896652218
7044,0,1,0,0,2,3,56,3232270721,90,47,76,17,29483,59861,4,0,0,43,15,2211110130,17,59861,11123,1308,46,450,92.0,163.5,1.1030021736988929,-0.7048247573090771,27015.75,181.0,46.0,135.0,3132,12,416,60.0,156.6,0.8416561095848455,-1.2418833097053386,27632.44,408.0,56.0,352.0,1634046402.027371,0.0139589309692382,24.166726827621456
7045,0,1,0,0,2,3,60,3232270721,94,47,80,17,29483,59861,4,0,0,43,15,2211110130,17,59861,11123,1402,46,450,94.0,155.77777777777777,1.2743160230285275,-0.2763119955184243,24491.061728395063,94.0,46.0,48.0,60,60,60,60.0,60.0,0.0,-3.0,0.0,60.0,60.0,0.0,1634046402.027429,5.817413330078125e-05,24.166785001754757
7046,0,1,0,0,3,2,408,2211110130,442,64,428,17,59861,29483,4,0,0,43,15,2211110130,17,59861,11123,1844,46,450,94.0,184.4,0.8308030721808728,-1.2474866543897678,29415.04,355.0,57.0,298.0,468,60,408,234.0,234.0,0.0,-2.0,30276.0,321.0,147.0,174.0,1634046402.0636,0.0361709594726562,24.202955961227413
7047,0,1,0,0,2,3,60,3232270721,94,47,80,17,29483,59861,4,0,0,43,15,2211110130,17,59861,11123,1938,46,450,94.0,176.1818181818182,0.9735818216648604,-0.9794662308014424,27416.3305785124,268.0,68.0,200.0,528,60,408,60.0,176.0,0.7071067811865476,-1.5,26912.0,234.0,60.0,174.0,1634046402.066749,0.0031490325927734,24.206104993820187
7048,0,1,0,0,3,2,408,2211110130,442,64,428,17,59861,29483,4,0,0,43,15,2211110130,17,59861,11123,2380,46,450,94.0,198.33333333333331,0.6705471363114369,-1.496632347294248,30529.222222222223,442.0,79.0,363.0,936,60,408,234.0,234.0,0.0,-2.0,30276.0,408.0,60.0,348.0,1634046402.112752,0.0460028648376464,24.252107858657833
7049,0,1,0,0,2,3,60,3232270721,94,47,80,17,29483,59861,4,0,0,43,15,2211110130,17,59861,11123,2474,46,450,94.0,190.30769230769232,0.7940377070371342,-1.3098199404549942,28953.751479289946,442.0,90.0,352.0,996,60,408,60.0,199.2,0.4082482904638633,-1.8333333333333333,29064.96,408.0,60.0,348.0,1634046402.11888,0.0061280727386474,24.25823593139648
7050,0,1,0,0,3,2,60,2211110130,94,64,80,17,59861,29483,4,0,0,43,15,2211110130,17,59861,11123,2568,46,450,94.0,183.42857142857144,0.9070444190646266,-1.1120285512105128,27500.81632653061,355.0,91.0,264.0,1056,60,408,60.0,176.0,0.7071067811865476,-1.5,26912.0,321.0,60.0,261.0,1634046402.132894,0.0140140056610107,24.27224993705749
7051,0,1,0,0,3,2,408,2211110130,442,64,428,17,59861,29483,4,0,0,43,15,2211110130,17,59861,11123,3010,46,450,94.0,200.66666666666663,0.6727761605027895,-1.4955963056992656,29827.55555555555,442.0,92.0,350.0,1464,60,408,60.0,209.14285714285717,0.2886751345948129,-1.9166666666666663,29658.122448979597,408.0,60.0,348.0,1634046402.132894,0.0,24.27224993705749
7052,0,1,0,0,2,3,52,3232270721,86,47,72,17,29483,59861,4,0,0,43,15,2211110130,17,59861,11123,3096,46,450,94.0,193.5,0.7746480174777067,-1.3468369270073908,28733.75,442.0,89.0,353.0,1516,52,408,60.0,189.5,0.5156994199240887,-1.7330753030544888,28651.75,408.0,60.0,348.0,1634046402.135755,0.0028610229492187,24.27511096000671
7053,0,1,0,0,3,2,56,2211110130,90,64,76,17,59861,29483,4,0,0,43,15,2211110130,17,59861,11123,3186,46,450,94.0,187.41176470588235,0.8686461969484313,-1.1900547258533738,27636.595155709343,442.0,90.0,352.0,1572,52,408,60.0,174.66666666666666,0.7063749586479038,-1.4999864438487849,27228.444444444445,408.0,60.0,348.0,1634046402.144949,0.0091938972473144,24.284304857254025
7054,0,1,0,0,2,3,60,3232270721,94,47,80,17,29483,59861,4,0,0,43,15,2211110130,17,59861,11123,3280,46,450,94.0,182.22222222222223,0.9559185547234488,-1.0274180367948818,26559.061728395063,355.0,90.0,265.0,1632,52,408,60.0,163.2,0.8721086865341765,-1.238300406424007,25688.96,321.0,60.0,261.0,1634046402.16882,0.0238709449768066,24.30817580223083
7055,0,1,0,0,3,2,416,2211110130,450,64,436,17,59861,29483,4,0,0,43,15,2211110130,17,59861,11123,3730,46,450,94.0,196.31578947368425,0.7621119755197404,-1.370978876397924,28736.53185595568,442.0,90.0,352.0,2048,52,416,60.0,186.1818181818182,0.5668327587742003,-1.677193753126155,28635.239669421488,408.0,60.0,348.0,1634046402.194272,0.0254521369934082,24.33362793922424
7056,0,1,0,0,3,2,32,2211110130,66,64,52,17,59861,29483,4,0,0,43,15,2211110130,17,59861,11123,3796,46,450,94.0,189.8,0.8416640457049245,-1.2422208504036951,28106.36,442.0,89.0,353.0,2080,32,416,60.0,173.33333333333334,0.7010899739404075,-1.4980980365487289,28064.88888888889,408.0,59.0,349.0,1634046402.231248,0.0369758605957031,24.370603799819943
7057,0,1,0,0,3,2,408,2211110130,442,64,428,17,59861,29483,4,0,0,43,15,2211110130,17,59861,11123,442,442,442,442.0,442.0,0.0,-3.0,0.0,442.0,442.0,0.0,2488,32,416,60.0,191.3846153846154,0.469301909827145,-1.771249343191008,29816.236686390537,408.0,60.0,348.0,1634046402.231248,0.0,24.370603799819943
7058,0,1,0,0,2,3,52,3232270721,86,48,72,17,10001,59861,4,0,0,43,15,2211110130,17,59861,11123,528,86,442,264.0,264.0,0.0,-2.0,31684.0,353.0,175.0,178.0,2540,32,416,60.0,181.42857142857144,0.5913428894996526,-1.6418874544922706,28975.10204081633,408.0,57.0,351.0,1634046402.23714,0.0058920383453369,24.37649583816528
7059,0,1,0,0,2,3,56,3232270721,90,47,76,17,29483,59861,4,0,0,43,15,2211110130,17,59861,11123,618,86,442,90.0,206.0,0.7068021226681264,-1.5,27850.666666666668,266.0,88.0,178.0,2596,32,416,60.0,173.06666666666666,0.7022428864238891,-1.4984175220052829,28022.328888888893,408.0,56.0,352.0,1634046402.256944,0.0198040008544921,24.396299839019772
7060,0,1,0,0,2,3,60,3232270721,94,47,80,17,29483,59861,4,0,0,43,15,2211110130,17,59861,11123,712,86,442,92.0,178.0,1.153508230493627,-0.6675843477178938,23240.0,181.0,89.0,92.0,2656,32,416,60.0,166.0,0.8040341242362332,-1.3447255836480476,27020.0,408.0,56.0,352.0,1634046402.256999,5.507469177246094e-05,24.396354913711544
7061,0,1,0,0,3,2,60,2211110130,94,64,80,17,59861,29483,4,0,0,43,15,2211110130,17,59861,11123,806,86,442,94.0,161.2,1.49832171523007,0.2477800218673649,19720.96,94.0,90.0,4.0,2716,32,416,60.0,159.76470588235293,0.8985627239727892,-1.1834219070875498,26052.65051903114,408.0,56.0,352.0,1634046402.260797,0.0037980079650878,24.400152921676632
7062,0,1,0,0,3,2,408,2211110130,442,64,428,17,59861,29483,4,0,0,43,15,2211110130,17,59861,11123,1248,86,442,94.0,208.0,0.7062521472913884,-1.499992444006013,27385.33333333333,355.0,91.0,264.0,3124,32,416,60.0,173.55555555555554,0.70273496779473,-1.498572880929451,27838.46913580247,408.0,57.0,351.0,1634046402.260797,0.0,24.400152921676632
7063,0,1,0,0,3,2,1096,2211110130,1130,64,1116,17,59861,29483,4,0,0,43,15,2211110130,17,59861,11123,2378,86,1130,94.0,339.7142857142857,1.3612409956852871,0.5607608054765607,127565.06122448978,442.0,92.0,350.0,4220,32,1096,60.0,222.10526315789477,1.898904066899884,3.670745552808337,68800.62049861495,408.0,58.0,350.0,1634046402.293776,0.0329790115356445,24.433131933212277
7064,0,1,0,0,3,2,1096,2211110130,1130,64,1116,17,59861,29483,4,0,0,43,15,2211110130,17,59861,11123,3508,86,1130,268.0,438.5,0.808105482034772,-1.0090262151774507,179929.75,614.0,93.0,521.0,5316,32,1096,60.0,265.8,1.6208236011438977,1.7252949068437244,101635.96,408.0,59.0,349.0,1634046402.293776,0.0,24.433131933212277
7065,0,1,0,0,3,2,1096,2211110130,1130,64,1116,17,59861,29483,4,0,0,43,15,2211110130,17,59861,11123,4638,86,1130,442.0,515.3333333333334,0.4598343301465691,-1.5552952700029057,207164.44444444444,1130.0,94.0,1036.0,1096,1096,1096,1096.0,1096.0,0.0,-3.0,0.0,1096.0,1096.0,0.0,1634046402.296075,0.0022990703582763,24.435431003570553
7066,0,1,0,0,3,2,1116,2211110130,1150,64,1136,17,59861,29483,4,0,0,43,15,2211110130,17,59861,11123,5788,86,1150,442.0,578.8,0.2086630379600094,-1.7688038935872263,222700.16,1130.0,94.0,1036.0,2212,1096,1116,1106.0,1106.0,0.0,-2.0,100.0,1111.0,1101.0,10.0,1634046402.296075,0.0,24.435431003570553
7067,0,1,0,0,3,2,1096,2211110130,1130,64,1116,17,59861,29483,4,0,0,43,15,2211110130,17,59861,11123,6918,86,1150,442.0,628.9090909090909,0.007600977767445,-1.8355372569460568,227563.90082644628,1130.0,94.0,1036.0,3308,1096,1116,1096.0,1102.6666666666667,0.7071067811865236,-1.5000000000000222,88.88888888888887,1106.0,1096.0,10.0,1634046402.296672,0.0005970001220703,24.436028003692623
7068,0,1,0,0,3,2,1096,2211110130,1130,64,1116,17,59861,29483,4,0,0,43,15,2211110130,17,59861,11123,8048,86,1150,786.0,670.6666666666666,-0.1597453621359962,-1.82342828558126,227780.88888888885,1130.0,94.0,1036.0,4404,1096,1116,1096.0,1101.0,1.1547005383792517,-0.6666666666666665,75.0,1101.0,1096.0,5.0,1634046402.296672,0.0,24.436028003692623
7069,0,1,0,0,3,2,1096,2211110130,1130,64,1116,17,59861,29483,4,0,0,43,15,2211110130,17,59861,11123,9178,86,1150,1130.0,706.0,-0.3039815432342181,-1.7645647381980474,225240.61538461535,1130.0,94.0,1036.0,5500,1096,1116,1096.0,1100.0,1.5,0.25,64.0,1096.0,1096.0,0.0,1634046402.296672,0.0,24.436028003692623
7070,0,1,0,0,3,2,1096,2211110130,1130,64,1116,17,59861,29483,4,0,0,43,15,2211110130,17,59861,11123,10308,86,1150,1130.0,736.2857142857143,-0.4314065785241469,-1.675706557425234,221075.9183673469,1130.0,181.0,949.0,6596,1096,1116,1096.0,1099.3333333333333,1.7888543819998608,1.2000000000000697,55.55555555555558,1096.0,1096.0,0.0,1634046402.296672,0.0,24.436028003692623
7071,0,1,0,0,3,2,1096,2211110130,1130,64,1116,17,59861,29483,4,0,0,43,15,2211110130,17,59861,11123,11438,86,1150,1130.0,762.5333333333333,-0.546052679371434,-1.566459817769582,215982.64888888889,1130.0,268.0,862.0,7692,1096,1116,1096.0,1098.857142857143,2.041241452319301,2.166666666666627,48.9795918367347,1096.0,1096.0,0.0,1634046402.297152,0.0004799365997314,24.436507940292355
7072,0,1,0,0,3,2,1096,2211110130,1130,64,1116,17,59861,29483,4,0,0,43,15,2211110130,17,59861,11123,12568,86,1150,1130.0,785.5,-0.6506509753102186,-1.4427250024331286,210395.75,1130.0,355.0,775.0,8788,1096,1116,1096.0,1098.5,2.2677868380553634,3.1428571428571432,43.75,1096.0,1096.0,0.0,1634046402.297152,0.0,24.436507940292355
7073,0,1,0,0,3,2,1096,2211110130,1130,64,1116,17,59861,29483,4,0,0,43,15,2211110130,17,59861,11123,13698,86,1150,1130.0,805.7647058823529,-0.7471347361733487,-1.3083264028066397,204590.062283737,1130.0,442.0,688.0,9884,1096,1116,1096.0,1098.2222222222222,2.4748737341529403,4.125000000000078,39.50617283950618,1096.0,1096.0,0.0,1634046402.297152,0.0,24.436507940292355
7074,0,1,0,0,3,2,1096,2211110130,1130,64,1116,17,59861,29483,4,0,0,43,15,2211110130,17,59861,11123,14828,86,1150,1130.0,823.7777777777778,-0.8369217353133213,-1.1658513584199175,198739.95061728396,1130.0,442.0,688.0,10980,1096,1116,1096.0,1098.0,2.6666666666666665,5.111111111111111,36.0,1096.0,1096.0,0.0,1634046402.297152,0.0,24.436507940292355
7075,0,1,0,0,3,2,1096,2211110130,1130,64,1116,17,59861,29483,4,0,0,43,15,2211110130,17,59861,11123,15958,86,1150,1130.0,839.8947368421053,-0.9210823009959024,-1.017112901959595,192955.56786703604,1130.0,442.0,688.0,12076,1096,1116,1096.0,1097.8181818181818,2.8460498941515744,6.100000000000124,33.05785123966942,1096.0,1096.0,0.0,1634046402.297835,0.0006830692291259,24.43719100952148
7076,0,1,0,0,3,2,1096,2211110130,1130,64,1116,17,59861,29483,4,0,0,43,15,2211110130,17,59861,11123,17088,86,1150,1130.0,854.4,-1.0004442567462757,-0.8634192280405015,187305.44,1130.0,442.0,688.0,13172,1096,1116,1096.0,1097.6666666666667,3.015113445777593,7.090909090908916,30.555555555555568,1096.0,1096.0,0.0,1634046402.297835,0.0,24.43719100952148
7077,0,1,0,0,3,2,1096,2211110130,1130,64,1116,17,59861,29483,4,0,0,43,15,2211110130,17,59861,11123,1130,1130,1130,1130.0,1130.0,0.0,-3.0,0.0,1130.0,1130.0,0.0,14268,1096,1116,1096.0,1097.5384615384614,3.1754264805429995,8.083333333333577,28.40236686390534,1096.0,1096.0,0.0,1634046402.297835,0.0,24.43719100952148
7078,0,1,0,0,3,2,1096,2211110130,1130,64,1116,17,59861,29483,4,0,0,43,15,2211110130,17,59861,11123,2260,1130,1130,1130.0,1130.0,0.0,-3.0,0.0,1130.0,1130.0,0.0,15364,1096,1116,1096.0,1097.428571428571,3.3282011773514317,9.07692307692333,26.530612244897952,1096.0,1096.0,0.0,1634046402.297835,0.0,24.43719100952148
7079,0,1,0,0,3,2,1096,2211110130,1130,64,1116,17,59861,29483,4,0,0,43,15,2211110130,17,59861,11123,3390,1130,1130,1130.0,1130.0,0.0,-3.0,0.0,1130.0,1130.0,0.0,16460,1096,1116,1096.0,1097.3333333333333,3.474396144861561,10.071428571428772,24.888888888888903,1096.0,1096.0,0.0,1634046402.298309,0.0004739761352539,24.437664985656735
7080,0,1,0,0,3,2,1096,2211110130,1130,64,1116,17,59861,29483,4,0,0,43,15,2211110130,17,59861,11123,4520,1130,1130,1130.0,1130.0,0.0,-3.0,0.0,1130.0,1130.0,0.0,17556,1096,1116,1096.0,1097.25,3.614784456460256,11.066666666666666,23.4375,1096.0,1096.0,0.0,1634046402.298309,0.0,24.437664985656735
7081,0,1,0,0,3,2,1096,2211110130,1130,64,1116,17,59861,29483,4,0,0,43,15,2211110130,17,59861,11123,5650,1130,1130,1130.0,1130.0,0.0,-3.0,0.0,1130.0,1130.0,0.0,18652,1096,1116,1096.0,1097.1764705882354,3.749999999999957,12.06249999999979,22.14532871972318,1096.0,1096.0,0.0,1634046402.298309,0.0,24.437664985656735
7082,0,1,0,0,3,2,1096,2211110130,1130,64,1116,17,59861,29483,4,0,0,43,15,2211110130,17,59861,11123,6780,1130,1130,1130.0,1130.0,0.0,-3.0,0.0,1130.0,1130.0,0.0,19748,1096,1116,1096.0,1097.111111111111,3.880570000581343,13.058823529411846,20.98765432098766,1096.0,1096.0,0.0,1634046402.298309,0.0,24.437664985656735
7083,0,1,0,0,3,2,1096,2211110130,1130,64,1116,17,59861,29483,4,0,0,43,15,2211110130,17,59861,11123,7910,1130,1130,1130.0,1130.0,0.0,-3.0,0.0,1130.0,1130.0,0.0,20844,1096,1116,1096.0,1097.0526315789473,4.006938426723828,14.055555555555864,19.944598337950133,1096.0,1096.0,0.0,1634046402.298875,0.0005660057067871,24.438230991363522
7084,0,1,0,0,3,2,1096,2211110130,1130,64,1116,17,59861,29483,4,0,0,43,15,2211110130,17,59861,11123,9040,1130,1130,1130.0,1130.0,0.0,-3.0,0.0,1130.0,1130.0,0.0,21940,1096,1116,1096.0,1097.0,4.129483209670112,15.05263157894737,19.0,1096.0,1096.0,0.0,1634046402.298875,0.0,24.438230991363522
7085,0,1,0,0,3,2,1096,2211110130,1130,64,1116,17,59861,29483,4,0,0,43,15,2211110130,17,59861,11123,10170,1130,1130,1130.0,1130.0,0.0,-3.0,0.0,1130.0,1130.0,0.0,1096,1096,1096,1096.0,1096.0,0.0,-3.0,0.0,1096.0,1096.0,0.0,1634046402.298875,0.0,24.438230991363522
7086,0,1,0,0,3,2,1096,2211110130,1130,64,1116,17,59861,29483,4,0,0,43,15,2211110130,17,59861,11123,11300,1130,1130,1130.0,1130.0,0.0,-3.0,0.0,1130.0,1130.0,0.0,2192,1096,1096,1096.0,1096.0,0.0,-3.0,0.0,1096.0,1096.0,0.0,1634046402.298875,0.0,24.438230991363522
7087,0,1,0,0,3,2,1096,2211110130,1130,64,1116,17,59861,29483,4,0,0,43,15,2211110130,17,59861,11123,12430,1130,1130,1130.0,1130.0,0.0,-3.0,0.0,1130.0,1130.0,0.0,3288,1096,1096,1096.0,1096.0,0.0,-3.0,0.0,1096.0,1096.0,0.0,1634046402.299404,0.0005288124084472,24.43875980377197
7088,0,1,0,0,3,2,1096,2211110130,1130,64,1116,17,59861,29483,4,0,0,43,15,2211110130,17,59861,11123,13560,1130,1130,1130.0,1130.0,0.0,-3.0,0.0,1130.0,1130.0,0.0,4384,1096,1096,1096.0,1096.0,0.0,-3.0,0.0,1096.0,1096.0,0.0,1634046402.299404,0.0,24.43875980377197
7089,0,1,0,0,3,2,1096,2211110130,1130,64,1116,17,59861,29483,4,0,0,43,15,2211110130,17,59861,11123,14690,1130,1130,1130.0,1130.0,0.0,-3.0,0.0,1130.0,1130.0,0.0,5480,1096,1096,1096.0,1096.0,0.0,-3.0,0.0,1096.0,1096.0,0.0,1634046402.299404,0.0,24.43875980377197
7090,0,1,0,0,3,2,1096,2211110130,1130,64,1116,17,59861,29483,4,0,0,43,15,2211110130,17,59861,11123,15820,1130,1130,1130.0,1130.0,0.0,-3.0,0.0,1130.0,1130.0,0.0,6576,1096,1096,1096.0,1096.0,0.0,-3.0,0.0,1096.0,1096.0,0.0,1634046402.299404,0.0,24.43875980377197
7091,0,1,0,0,3,2,1096,2211110130,1130,64,1116,17,59861,29483,4,0,0,43,15,2211110130,17,59861,11123,16950,1130,1130,1130.0,1130.0,0.0,-3.0,0.0,1130.0,1130.0,0.0,7672,1096,1096,1096.0,1096.0,0.0,-3.0,0.0,1096.0,1096.0,0.0,1634046402.300001,0.0005970001220703,24.43935680389404
7092,0,1,0,0,3,2,1116,2211110130,1150,64,1136,17,59861,29483,4,0,0,43,15,2211110130,17,59861,11123,18100,1130,1150,1130.0,1131.25,3.614784456460256,11.066666666666666,23.4375,1130.0,1130.0,0.0,8788,1096,1116,1096.0,1098.5,2.2677868380553634,3.1428571428571432,43.75,1096.0,1096.0,0.0,1634046402.300001,0.0,24.43935680389404
7093,0,1,0,0,3,2,1096,2211110130,1130,64,1116,17,59861,29483,4,0,0,43,15,2211110130,17,59861,11123,19230,1130,1150,1130.0,1131.1764705882354,3.749999999999957,12.06249999999979,22.14532871972318,1130.0,1130.0,0.0,9884,1096,1116,1096.0,1098.2222222222222,2.4748737341529403,4.125000000000078,39.50617283950618,1096.0,1096.0,0.0,1634046402.300001,0.0,24.43935680389404
7094,0,1,0,0,3,2,1096,2211110130,1130,64,1116,17,59861,29483,4,0,0,43,15,2211110130,17,59861,11123,20360,1130,1150,1130.0,1131.111111111111,3.880570000581343,13.058823529411846,20.98765432098766,1130.0,1130.0,0.0,10980,1096,1116,1096.0,1098.0,2.6666666666666665,5.111111111111111,36.0,1096.0,1096.0,0.0,1634046402.300001,0.0,24.43935680389404
7095,0,1,0,0,3,2,1096,2211110130,1130,64,1116,17,59861,29483,4,0,0,43,15,2211110130,17,59861,11123,21490,1130,1150,1130.0,1131.0526315789473,4.006938426723828,14.055555555555864,19.944598337950133,1130.0,1130.0,0.0,12076,1096,1116,1096.0,1097.8181818181818,2.8460498941515744,6.100000000000124,33.05785123966942,1096.0,1096.0,0.0,1634046402.300512,0.0005111694335937,24.439867973327633
7096,0,1,0,0,3,2,1096,2211110130,1130,64,1116,17,59861,29483,4,0,0,43,15,2211110130,17,59861,11123,22620,1130,1150,1130.0,1131.0,4.129483209670112,15.05263157894737,19.0,1130.0,1130.0,0.0,13172,1096,1116,1096.0,1097.6666666666667,3.015113445777593,7.090909090908916,30.555555555555568,1096.0,1096.0,0.0,1634046402.300512,0.0,24.439867973327633
7097,0,1,0,0,3,2,1096,2211110130,1130,64,1116,17,59861,29483,4,0,0,43,15,2211110130,17,59861,11123,1130,1130,1130,1130.0,1130.0,0.0,-3.0,0.0,1130.0,1130.0,0.0,14268,1096,1116,1096.0,1097.5384615384614,3.1754264805429995,8.083333333333577,28.40236686390534,1096.0,1096.0,0.0,1634046402.300512,0.0,24.439867973327633
7098,0,1,0,0,3,2,1096,2211110130,1130,64,1116,17,59861,29483,4,0,0,43,15,2211110130,17,59861,11123,2260,1130,1130,1130.0,1130.0,0.0,-3.0,0.0,1130.0,1130.0,0.0,15364,1096,1116,1096.0,1097.428571428571,3.3282011773514317,9.07692307692333,26.530612244897952,1096.0,1096.0,0.0,1634046402.300512,0.0,24.439867973327633
7099,0,1,0,0,3,2,1096,2211110130,1130,64,1116,17,59861,29483,4,0,0,43,15,2211110130,17,59861,11123,3390,1130,1130,1130.0,1130.0,0.0,-3.0,0.0,1130.0,1130.0,0.0,16460,1096,1116,1096.0,1097.3333333333333,3.474396144861561,10.071428571428772,24.888888888888903,1096.0,1096.0,0.0,1634046402.301048,0.0005359649658203,24.440403938293453
7100,0,1,0,0,3,2,1096,2211110130,1130,64,1116,17,59861,29483,4,0,0,43,15,2211110130,17,59861,11123,4520,1130,1130,1130.0,1130.0,0.0,-3.0,0.0,1130.0,1130.0,0.0,17556,1096,1116,1096.0,1097.25,3.614784456460256,11.066666666666666,23.4375,1096.0,1096.0,0.0,1634046402.301048,0.0,24.440403938293453
7101,0,1,0,0,3,2,1096,2211110130,1130,64,1116,17,59861,29483,4,0,0,43,15,2211110130,17,59861,11123,5650,1130,1130,1130.0,1130.0,0.0,-3.0,0.0,1130.0,1130.0,0.0,18652,1096,1116,1096.0,1097.1764705882354,3.749999999999957,12.06249999999979,22.14532871972318,1096.0,1096.0,0.0,1634046402.301048,0.0,24.440403938293453
7102,0,1,0,0,3,2,1096,2211110130,1130,64,1116,17,59861,29483,4,0,0,43,15,2211110130,17,59861,11123,6780,1130,1130,1130.0,1130.0,0.0,-3.0,0.0,1130.0,1130.0,0.0,19748,1096,1116,1096.0,1097.111111111111,3.880570000581343,13.058823529411846,20.98765432098766,1096.0,1096.0,0.0,1634046402.301048,0.0,24.440403938293453
7103,0,1,0,0,3,2,1096,2211110130,1130,64,1116,17,59861,29483,4,0,0,43,15,2211110130,17,59861,11123,7910,1130,1130,1130.0,1130.0,0.0,-3.0,0.0,1130.0,1130.0,0.0,20844,1096,1116,1096.0,1097.0526315789473,4.006938426723828,14.055555555555864,19.944598337950133,1096.0,1096.0,0.0,1634046402.301572,0.0005240440368652,24.44092798233032
7104,0,1,0,0,3,2,1096,2211110130,1130,64,1116,17,59861,29483,4,0,0,43,15,2211110130,17,59861,11123,9040,1130,1130,1130.0,1130.0,0.0,-3.0,0.0,1130.0,1130.0,0.0,21940,1096,1116,1096.0,1097.0,4.129483209670112,15.05263157894737,19.0,1096.0,1096.0,0.0,1634046402.301572,0.0,24.44092798233032
7105,0,1,0,0,3,2,1096,2211110130,1130,64,1116,17,59861,29483,4,0,0,43,15,2211110130,17,59861,11123,10170,1130,1130,1130.0,1130.0,0.0,-3.0,0.0,1130.0,1130.0,0.0,1096,1096,1096,1096.0,1096.0,0.0,-3.0,0.0,1096.0,1096.0,0.0,1634046402.301572,0.0,24.44092798233032
7106,0,1,0,0,3,2,1096,2211110130,1130,64,1116,17,59861,29483,4,0,0,43,15,2211110130,17,59861,11123,11300,1130,1130,1130.0,1130.0,0.0,-3.0,0.0,1130.0,1130.0,0.0,2192,1096,1096,1096.0,1096.0,0.0,-3.0,0.0,1096.0,1096.0,0.0,1634046402.301572,0.0,24.44092798233032
7107,0,1,0,0,3,2,1096,2211110130,1130,64,1116,17,59861,29483,4,0,0,43,15,2211110130,17,59861,11123,12430,1130,1130,1130.0,1130.0,0.0,-3.0,0.0,1130.0,1130.0,0.0,3288,1096,1096,1096.0,1096.0,0.0,-3.0,0.0,1096.0,1096.0,0.0,1634046402.302183,0.0006108283996582,24.441538810729977
7108,0,1,0,0,3,2,1096,2211110130,1130,64,1116,17,59861,29483,4,0,0,43,15,2211110130,17,59861,11123,13560,1130,1130,1130.0,1130.0,0.0,-3.0,0.0,1130.0,1130.0,0.0,4384,1096,1096,1096.0,1096.0,0.0,-3.0,0.0,1096.0,1096.0,0.0,1634046402.302183,0.0,24.441538810729977
7109,0,1,0,0,3,2,1096,2211110130,1130,64,1116,17,59861,29483,4,0,0,43,15,2211110130,17,59861,11123,14690,1130,1130,1130.0,1130.0,0.0,-3.0,0.0,1130.0,1130.0,0.0,5480,1096,1096,1096.0,1096.0,0.0,-3.0,0.0,1096.0,1096.0,0.0,1634046402.302183,0.0,24.441538810729977
7110,0,1,0,0,3,2,1096,2211110130,1130,64,1116,17,59861,29483,4,0,0,43,15,2211110130,17,59861,11123,15820,1130,1130,1130.0,1130.0,0.0,-3.0,0.0,1130.0,1130.0,0.0,6576,1096,1096,1096.0,1096.0,0.0,-3.0,0.0,1096.0,1096.0,0.0,1634046402.302183,0.0,24.441538810729977
7111,0,1,0,0,3,2,1096,2211110130,1130,64,1116,17,59861,29483,4,0,0,43,15,2211110130,17,59861,11123,16950,1130,1130,1130.0,1130.0,0.0,-3.0,0.0,1130.0,1130.0,0.0,7672,1096,1096,1096.0,1096.0,0.0,-3.0,0.0,1096.0,1096.0,0.0,1634046402.302789,0.0006060600280761,24.442144870758053
7112,0,1,0,0,3,2,1096,2211110130,1130,64,1116,17,59861,29483,4,0,0,43,15,2211110130,17,59861,11123,18080,1130,1130,1130.0,1130.0,0.0,-3.0,0.0,1130.0,1130.0,0.0,8768,1096,1096,1096.0,1096.0,0.0,-3.0,0.0,1096.0,1096.0,0.0,1634046402.302789,0.0,24.442144870758053
7113,0,1,0,0,3,2,1096,2211110130,1130,64,1116,17,59861,29483,4,0,0,43,15,2211110130,17,59861,11123,19210,1130,1130,1130.0,1130.0,0.0,-3.0,0.0,1130.0,1130.0,0.0,9864,1096,1096,1096.0,1096.0,0.0,-3.0,0.0,1096.0,1096.0,0.0,1634046402.302789,0.0,24.442144870758053
7114,0,1,0,0,3,2,1096,2211110130,1130,64,1116,17,59861,29483,4,0,0,43,15,2211110130,17,59861,11123,20340,1130,1130,1130.0,1130.0,0.0,-3.0,0.0,1130.0,1130.0,0.0,10960,1096,1096,1096.0,1096.0,0.0,-3.0,0.0,1096.0,1096.0,0.0,1634046402.302789,0.0,24.442144870758053
7115,0,1,0,0,3,2,1096,2211110130,1130,64,1116,17,59861,29483,4,0,0,43,15,2211110130,17,59861,11123,21470,1130,1130,1130.0,1130.0,0.0,-3.0,0.0,1130.0,1130.0,0.0,12056,1096,1096,1096.0,1096.0,0.0,-3.0,0.0,1096.0,1096.0,0.0,1634046402.302789,0.0,24.442144870758053
7116,0,1,0,0,3,2,1096,2211110130,1130,64,1116,17,59861,29483,4,0,0,43,15,2211110130,17,59861,11123,22600,1130,1130,1130.0,1130.0,0.0,-3.0,0.0,1130.0,1130.0,0.0,13152,1096,1096,1096.0,1096.0,0.0,-3.0,0.0,1096.0,1096.0,0.0,1634046402.303383,0.000594139099121,24.442739009857174
7117,0,1,0,0,3,2,1096,2211110130,1130,64,1116,17,59861,29483,4,0,0,43,15,2211110130,17,59861,11123,1130,1130,1130,1130.0,1130.0,0.0,-3.0,0.0,1130.0,1130.0,0.0,14248,1096,1096,1096.0,1096.0,0.0,-3.0,0.0,1096.0,1096.0,0.0,1634046402.303383,0.0,24.442739009857174
7118,0,1,0,0,3,2,1116,2211110130,1150,64,1136,17,59861,29483,4,0,0,43,15,2211110130,17,59861,11123,2280,1130,1150,1140.0,1140.0,0.0,-2.0,100.0,1145.0,1135.0,10.0,15364,1096,1116,1096.0,1097.428571428571,3.328201177351432,9.07692307692333,26.53061224489796,1096.0,1096.0,0.0,1634046402.303383,0.0,24.442739009857174
7119,0,1,0,0,3,2,1096,2211110130,1130,64,1116,17,59861,29483,4,0,0,43,15,2211110130,17,59861,11123,3410,1130,1150,1130.0,1136.6666666666667,0.7071067811865236,-1.5000000000000222,88.88888888888887,1140.0,1130.0,10.0,16460,1096,1116,1096.0,1097.3333333333333,3.4743961448615623,10.07142857142878,24.888888888888893,1096.0,1096.0,0.0,1634046402.303383,0.0,24.442739009857174
7120,0,1,0,0,3,2,1096,2211110130,1130,64,1116,17,59861,29483,4,0,0,43,15,2211110130,17,59861,11123,4540,1130,1150,1130.0,1135.0,1.1547005383792517,-0.6666666666666665,75.0,1135.0,1130.0,5.0,17556,1096,1116,1096.0,1097.25,3.614784456460256,11.066666666666666,23.4375,1096.0,1096.0,0.0,1634046402.303904,0.0005209445953369,24.44325995445251
7121,0,1,0,0,3,2,1096,2211110130,1130,64,1116,17,59861,29483,4,0,0,43,15,2211110130,17,59861,11123,5670,1130,1150,1130.0,1134.0,1.5,0.25,64.0,1130.0,1130.0,0.0,18652,1096,1116,1096.0,1097.1764705882354,3.749999999999957,12.06249999999979,22.14532871972318,1096.0,1096.0,0.0,1634046402.303904,0.0,24.44325995445251
7122,0,1,0,0,3,2,1096,2211110130,1130,64,1116,17,59861,29483,4,0,0,43,15,2211110130,17,59861,11123,6800,1130,1150,1130.0,1133.3333333333333,1.7888543819998608,1.2000000000000697,55.55555555555558,1130.0,1130.0,0.0,19748,1096,1116,1096.0,1097.111111111111,3.880570000581343,13.058823529411846,20.98765432098766,1096.0,1096.0,0.0,1634046402.303904,0.0,24.44325995445251
7123,0,1,0,0,3,2,1096,2211110130,1130,64,1116,17,59861,29483,4,0,0,43,15,2211110130,17,59861,11123,7930,1130,1150,1130.0,1132.857142857143,2.041241452319301,2.166666666666627,48.9795918367347,1130.0,1130.0,0.0,20844,1096,1116,1096.0,1097.0526315789473,4.006938426723828,14.055555555555864,19.944598337950133,1096.0,1096.0,0.0,1634046402.303904,0.0,24.44325995445251
7124,0,1,0,0,3,2,1096,2211110130,1130,64,1116,17,59861,29483,4,0,0,43,15,2211110130,17,59861,11123,9060,1130,1150,1130.0,1132.5,2.2677868380553634,3.1428571428571432,43.75,1130.0,1130.0,0.0,21940,1096,1116,1096.0,1097.0,4.129483209670112,15.05263157894737,19.0,1096.0,1096.0,0.0,1634046402.304392,0.0004880428314208,24.443747997283932
7125,0,1,0,0,3,2,1096,2211110130,1130,64,1116,17,59861,29483,4,0,0,43,15,2211110130,17,59861,11123,10190,1130,1150,1130.0,1132.2222222222222,2.4748737341529403,4.125000000000078,39.50617283950618,1130.0,1130.0,0.0,1096,1096,1096,1096.0,1096.0,0.0,-3.0,0.0,1096.0,1096.0,0.0,1634046402.304392,0.0,24.443747997283932
7126,0,1,0,0,3,2,1096,2211110130,1130,64,1116,17,59861,29483,4,0,0,43,15,2211110130,17,59861,11123,11320,1130,1150,1130.0,1132.0,2.6666666666666665,5.111111111111111,36.0,1130.0,1130.0,0.0,2192,1096,1096,1096.0,1096.0,0.0,-3.0,0.0,1096.0,1096.0,0.0,1634046402.304392,0.0,24.443747997283932
7127,0,1,0,0,3,2,1096,2211110130,1130,64,1116,17,59861,29483,4,0,0,43,15,2211110130,17,59861,11123,12450,1130,1150,1130.0,1131.8181818181818,2.8460498941515744,6.100000000000124,33.05785123966942,1130.0,1130.0,0.0,3288,1096,1096,1096.0,1096.0,0.0,-3.0,0.0,1096.0,1096.0,0.0,1634046402.304392,0.0,24.443747997283932
7128,0,1,0,0,3,2,1096,2211110130,1130,64,1116,17,59861,29483,4,0,0,43,15,2211110130,17,59861,11123,13580,1130,1150,1130.0,1131.6666666666667,3.015113445777593,7.090909090908916,30.555555555555568,1130.0,1130.0,0.0,4384,1096,1096,1096.0,1096.0,0.0,-3.0,0.0,1096.0,1096.0,0.0,1634046402.304931,0.0005388259887695,24.4442868232727
7129,0,1,0,0,3,2,1096,2211110130,1130,64,1116,17,59861,29483,4,0,0,43,15,2211110130,17,59861,11123,14710,1130,1150,1130.0,1131.5384615384614,3.1754264805429995,8.083333333333577,28.40236686390534,1130.0,1130.0,0.0,5480,1096,1096,1096.0,1096.0,0.0,-3.0,0.0,1096.0,1096.0,0.0,1634046402.304931,0.0,24.4442868232727
7130,0,1,0,0,3,2,1096,2211110130,1130,64,1116,17,59861,29483,4,0,0,43,15,2211110130,17,59861,11123,15840,1130,1150,1130.0,1131.428571428571,3.3282011773514317,9.07692307692333,26.530612244897952,1130.0,1130.0,0.0,6576,1096,1096,1096.0,1096.0,0.0,-3.0,0.0,1096.0,1096.0,0.0,1634046402.304931,0.0,24.4442868232727
7131,0,1,0,0,2,3,60,3232270721,94,47,80,17,29483,59861,4,0,0,43,15,2211110130,17,59861,11123,15934,94,1150,1130.0,1062.2666666666669,-3.4721492004141274,10.061953585421174,66991.92888888888,1130.0,1130.0,0.0,6636,60,1096,1096.0,948.0,-2.0412414523193148,2.166666666666667,131424.0,1096.0,1096.0,0.0,1634046402.305249,0.0003180503845214,24.444604873657223
7132,0,1,0,0,3,2,1096,2211110130,1130,64,1116,17,59861,29483,4,0,0,43,15,2211110130,17,59861,11123,17064,94,1150,1130.0,1066.5,-3.612466745270548,11.056437214953894,63073.75,1130.0,1130.0,0.0,7732,60,1096,1096.0,966.5,-2.2677868380553634,3.1428571428571432,117391.75,1096.0,1096.0,0.0,1634046402.306914,0.0016651153564453,24.44626998901367
7133,0,1,0,0,3,2,1096,2211110130,1130,64,1116,17,59861,29483,4,0,0,43,15,2211110130,17,59861,11123,18194,94,1150,1130.0,1070.235294117647,-3.7476137006394223,12.051517244761015,59586.76816608997,1130.0,1130.0,0.0,8828,60,1096,1096.0,980.8888888888888,-2.474873734152917,4.124999999999999,106004.54320987656,1096.0,1096.0,0.0,1634046402.306914,0.0,24.44626998901367
7134,0,1,0,0,3,2,1096,2211110130,1130,64,1116,17,59861,29483,4,0,0,43,15,2211110130,17,59861,11123,19324,94,1150,1130.0,1073.5555555555557,-3.878117093396444,13.047088435632762,56463.80246913579,1130.0,1130.0,0.0,9924,60,1096,1096.0,992.4,-2.666666666666667,5.111111111111114,96596.63999999998,1096.0,1096.0,0.0,1634046402.306914,0.0,24.44626998901367
7135,0,1,0,0,3,2,1096,2211110130,1130,64,1116,17,59861,29483,4,0,0,43,15,2211110130,17,59861,11123,20454,94,1150,1130.0,1076.5263157894738,-4.004420723481373,14.043068933092911,53650.88088642659,1130.0,1130.0,0.0,11020,60,1096,1096.0,1001.818181818182,-2.8460498941515424,6.100000000000003,88702.14876033057,1096.0,1096.0,0.0,1634046402.306914,0.0,24.44626998901367
7136,0,1,0,0,3,2,1096,2211110130,1130,64,1116,17,59861,29483,4,0,0,43,15,2211110130,17,59861,11123,21584,94,1150,1130.0,1079.2,-4.126902377109573,15.039394113983292,51104.16,1130.0,1130.0,0.0,12116,60,1096,1096.0,1009.6666666666666,-3.0151134457776347,7.090909090909088,81987.8888888889,1096.0,1096.0,0.0,1634046402.307434,0.0005199909210205,24.44678997993469
7137,0,1,0,0,3,2,1096,2211110130,1130,64,1116,17,59861,29483,4,0,0,43,15,2211110130,17,59861,11123,1130,1130,1130,1130.0,1130.0,0.0,-3.0,0.0,1130.0,1130.0,0.0,13212,60,1096,1096.0,1016.3076923076924,-3.175426480542942,8.083333333333337,76210.3668639053,1096.0,1096.0,0.0,1634046402.307434,0.0,24.44678997993469
7138,0,1,0,0,3,2,1096,2211110130,1130,64,1116,17,59861,29483,4,0,0,43,15,2211110130,17,59861,11123,2260,1130,1130,1130.0,1130.0,0.0,-3.0,0.0,1130.0,1130.0,0.0,14308,60,1096,1096.0,1022.0,-3.328201177351375,9.076923076923077,71188.0,1096.0,1096.0,0.0,1634046402.307434,0.0,24.44678997993469
7139,0,1,0,0,3,2,1096,2211110130,1130,64,1116,17,59861,29483,4,0,0,43,15,2211110130,17,59861,11123,3390,1130,1130,1130.0,1130.0,0.0,-3.0,0.0,1130.0,1130.0,0.0,15404,60,1096,1096.0,1026.9333333333334,-3.47439614486152,10.071428571428577,66782.8622222222,1096.0,1096.0,0.0,1634046402.307434,0.0,24.44678997993469
7140,0,1,0,0,3,2,1096,2211110130,1130,64,1116,17,59861,29483,4,0,0,43,15,2211110130,17,59861,11123,4520,1130,1130,1130.0,1130.0,0.0,-3.0,0.0,1130.0,1130.0,0.0,16500,60,1096,1096.0,1031.25,-3.614784456460256,11.066666666666666,62888.4375,1096.0,1096.0,0.0,1634046402.307949,0.0005149841308593,24.447304964065548
7141,0,1,0,0,3,2,1096,2211110130,1130,64,1116,17,59861,29483,4,0,0,43,15,2211110130,17,59861,11123,5650,1130,1130,1130.0,1130.0,0.0,-3.0,0.0,1130.0,1130.0,0.0,17596,60,1096,1096.0,1035.0588235294117,-3.749999999999999,12.062499999999991,59421.231833910046,1096.0,1096.0,0.0,1634046402.307949,0.0,24.447304964065548
7142,0,1,0,0,3,2,1096,2211110130,1130,64,1116,17,59861,29483,4,0,0,43,15,2211110130,17,59861,11123,6780,1130,1130,1130.0,1130.0,0.0,-3.0,0.0,1130.0,1130.0,0.0,18692,60,1096,1096.0,1038.4444444444443,-3.8805700005813257,13.058823529411756,56314.91358024691,1096.0,1096.0,0.0,1634046402.307949,0.0,24.447304964065548
7143,0,1,0,0,3,2,1096,2211110130,1130,64,1116,17,59861,29483,4,0,0,43,15,2211110130,17,59861,11123,7910,1130,1130,1130.0,1130.0,0.0,-3.0,0.0,1130.0,1130.0,0.0,19788,60,1096,1096.0,1041.4736842105262,-4.006938426723766,14.055555555555546,53516.144044321336,1096.0,1096.0,0.0,1634046402.307949,0.0,24.447304964065548
7144,0,1,0,0,3,2,1096,2211110130,1130,64,1116,17,59861,29483,4,0,0,43,15,2211110130,17,59861,11123,9040,1130,1130,1130.0,1130.0,0.0,-3.0,0.0,1130.0,1130.0,0.0,20884,60,1096,1096.0,1044.2,-4.129483209670113,15.052631578947372,50981.56,1096.0,1096.0,0.0,1634046402.308453,0.0005040168762207,24.44780898094177
7145,0,1,0,0,3,2,1116,2211110130,1150,64,1136,17,59861,29483,4,0,0,43,15,2211110130,17,59861,11123,10190,1130,1150,1130.0,1132.2222222222222,2.4748737341529408,4.125000000000081,39.50617283950617,1130.0,1130.0,0.0,1116,1116,1116,1116.0,1116.0,0.0,-3.0,0.0,1116.0,1116.0,0.0,1634046402.308453,0.0,24.44780898094177
7146,0,1,0,0,3,2,1096,2211110130,1130,64,1116,17,59861,29483,4,0,0,43,15,2211110130,17,59861,11123,11320,1130,1150,1130.0,1132.0,2.6666666666666665,5.111111111111111,36.0,1130.0,1130.0,0.0,2212,1096,1116,1106.0,1106.0,0.0,-2.0,100.0,1111.0,1101.0,10.0,1634046402.308453,0.0,24.44780898094177
7147,0,1,0,0,3,2,1096,2211110130,1130,64,1116,17,59861,29483,4,0,0,43,15,2211110130,17,59861,11123,12450,1130,1150,1130.0,1131.8181818181818,2.8460498941515744,6.100000000000124,33.05785123966942,1130.0,1130.0,0.0,3308,1096,1116,1096.0,1102.6666666666667,0.7071067811865236,-1.5000000000000222,88.88888888888887,1106.0,1096.0,10.0,1634046402.308453,0.0,24.44780898094177
7148,0,1,0,0,3,2,1096,2211110130,1130,64,1116,17,59861,29483,4,0,0,43,15,2211110130,17,59861,11123,13580,1130,1150,1130.0,1131.6666666666667,3.0151134457775943,7.090909090908921,30.55555555555556,1130.0,1130.0,0.0,4404,1096,1116,1096.0,1101.0,1.1547005383792517,-0.6666666666666665,75.0,1101.0,1096.0,5.0,1634046402.308976,0.0005228519439697,24.44833183288574
7149,0,1,0,0,3,2,1096,2211110130,1130,64,1116,17,59861,29483,4,0,0,43,15,2211110130,17,59861,11123,14710,1130,1150,1130.0,1131.5384615384614,3.175426480543,8.08333333333358,28.402366863905332,1130.0,1130.0,0.0,5500,1096,1116,1096.0,1100.0,1.5,0.25,64.0,1096.0,1096.0,0.0,1634046402.308976,0.0,24.44833183288574
7150,0,1,0,0,3,2,1096,2211110130,1130,64,1116,17,59861,29483,4,0,0,43,15,2211110130,17,59861,11123,15840,1130,1150,1130.0,1131.428571428571,3.328201177351432,9.07692307692333,26.530612244897952,1130.0,1130.0,0.0,6596,1096,1116,1096.0,1099.3333333333333,1.7888543819998608,1.2000000000000697,55.55555555555558,1096.0,1096.0,0.0,1634046402.308976,0.0,24.44833183288574
7151,0,1,0,0,3,2,1096,2211110130,1130,64,1116,17,59861,29483,4,0,0,43,15,2211110130,17,59861,11123,16970,1130,1150,1130.0,1131.3333333333333,3.474396144861562,10.071428571428774,24.8888888888889,1130.0,1130.0,0.0,7692,1096,1116,1096.0,1098.857142857143,2.041241452319301,2.166666666666627,48.9795918367347,1096.0,1096.0,0.0,1634046402.308976,0.0,24.44833183288574
7152,0,1,0,0,3,2,1096,2211110130,1130,64,1116,17,59861,29483,4,0,0,43,15,2211110130,17,59861,11123,18100,1130,1150,1130.0,1131.25,3.614784456460256,11.066666666666666,23.4375,1130.0,1130.0,0.0,8788,1096,1116,1096.0,1098.5,2.2677868380553634,3.1428571428571432,43.75,1096.0,1096.0,0.0,1634046402.30951,0.0005340576171875,24.448865890502926
7153,0,1,0,0,3,2,1096,2211110130,1130,64,1116,17,59861,29483,4,0,0,43,15,2211110130,17,59861,11123,19230,1130,1150,1130.0,1131.1764705882354,3.749999999999957,12.06249999999979,22.14532871972318,1130.0,1130.0,0.0,9884,1096,1116,1096.0,1098.2222222222222,2.4748737341529403,4.125000000000078,39.50617283950618,1096.0,1096.0,0.0,1634046402.30951,0.0,24.448865890502926
7154,0,1,0,0,3,2,1096,2211110130,1130,64,1116,17,59861,29483,4,0,0,43,15,2211110130,17,59861,11123,20360,1130,1150,1130.0,1131.111111111111,3.880570000581343,13.058823529411846,20.98765432098766,1130.0,1130.0,0.0,10980,1096,1116,1096.0,1098.0,2.6666666666666665,5.111111111111111,36.0,1096.0,1096.0,0.0,1634046402.30951,0.0,24.448865890502926
7155,0,1,0,0,3,2,1096,2211110130,1130,64,1116,17,59861,29483,4,0,0,43,15,2211110130,17,59861,11123,21490,1130,1150,1130.0,1131.0526315789473,4.006938426723828,14.055555555555864,19.944598337950133,1130.0,1130.0,0.0,12076,1096,1116,1096.0,1097.8181818181818,2.8460498941515744,6.100000000000124,33.05785123966942,1096.0,1096.0,0.0,1634046402.30951,0.0,24.448865890502926
7156,0,1,0,0,3,2,1096,2211110130,1130,64,1116,17,59861,29483,4,0,0,43,15,2211110130,17,59861,11123,22620,1130,1150,1130.0,1131.0,4.129483209670112,15.05263157894737,19.0,1130.0,1130.0,0.0,13172,1096,1116,1096.0,1097.6666666666667,3.015113445777593,7.090909090908916,30.555555555555568,1096.0,1096.0,0.0,1634046402.310128,0.0006179809570312,24.449483871459957
7157,0,1,0,0,3,2,1096,2211110130,1130,64,1116,17,59861,29483,4,0,0,43,15,2211110130,17,59861,11123,1130,1130,1130,1130.0,1130.0,0.0,-3.0,0.0,1130.0,1130.0,0.0,14268,1096,1116,1096.0,1097.5384615384614,3.1754264805429995,8.083333333333577,28.40236686390534,1096.0,1096.0,0.0,1634046402.310128,0.0,24.449483871459957
7158,0,1,0,0,3,2,1096,2211110130,1130,64,1116,17,59861,29483,4,0,0,43,15,2211110130,17,59861,11123,2260,1130,1130,1130.0,1130.0,0.0,-3.0,0.0,1130.0,1130.0,0.0,15364,1096,1116,1096.0,1097.428571428571,3.3282011773514317,9.07692307692333,26.530612244897952,1096.0,1096.0,0.0,1634046402.310128,0.0,24.449483871459957
7159,0,1,0,0,3,2,1096,2211110130,1130,64,1116,17,59861,29483,4,0,0,43,15,2211110130,17,59861,11123,3390,1130,1130,1130.0,1130.0,0.0,-3.0,0.0,1130.0,1130.0,0.0,16460,1096,1116,1096.0,1097.3333333333333,3.474396144861561,10.071428571428772,24.888888888888903,1096.0,1096.0,0.0,1634046402.310128,0.0,24.449483871459957
7160,0,1,0,0,3,2,1096,2211110130,1130,64,1116,17,59861,29483,4,0,0,43,15,2211110130,17,59861,11123,4520,1130,1130,1130.0,1130.0,0.0,-3.0,0.0,1130.0,1130.0,0.0,17556,1096,1116,1096.0,1097.25,3.614784456460256,11.066666666666666,23.4375,1096.0,1096.0,0.0,1634046402.310657,0.0005290508270263,24.450012922286984
7161,0,1,0,0,3,2,1096,2211110130,1130,64,1116,17,59861,29483,4,0,0,43,15,2211110130,17,59861,11123,5650,1130,1130,1130.0,1130.0,0.0,-3.0,0.0,1130.0,1130.0,0.0,18652,1096,1116,1096.0,1097.1764705882354,3.749999999999957,12.06249999999979,22.14532871972318,1096.0,1096.0,0.0,1634046402.310657,0.0,24.450012922286984
7162,0,1,0,0,3,2,1096,2211110130,1130,64,1116,17,59861,29483,4,0,0,43,15,2211110130,17,59861,11123,6780,1130,1130,1130.0,1130.0,0.0,-3.0,0.0,1130.0,1130.0,0.0,19748,1096,1116,1096.0,1097.111111111111,3.880570000581343,13.058823529411846,20.98765432098766,1096.0,1096.0,0.0,1634046402.310657,0.0,24.450012922286984
7163,0,1,0,0,3,2,1096,2211110130,1130,64,1116,17,59861,29483,4,0,0,43,15,2211110130,17,59861,11123,7910,1130,1130,1130.0,1130.0,0.0,-3.0,0.0,1130.0,1130.0,0.0,20844,1096,1116,1096.0,1097.0526315789473,4.006938426723828,14.055555555555864,19.944598337950133,1096.0,1096.0,0.0,1634046402.310657,0.0,24.450012922286984
7164,0,1,0,0,3,2,1096,2211110130,1130,64,1116,17,59861,29483,4,0,0,43,15,2211110130,17,59861,11123,9040,1130,1130,1130.0,1130.0,0.0,-3.0,0.0,1130.0,1130.0,0.0,21940,1096,1116,1096.0,1097.0,4.129483209670112,15.05263157894737,19.0,1096.0,1096.0,0.0,1634046402.311175,0.0005180835723876,24.45053100585937
7165,0,1,0,0,3,2,1096,2211110130,1130,64,1116,17,59861,29483,4,0,0,43,15,2211110130,17,59861,11123,10170,1130,1130,1130.0,1130.0,0.0,-3.0,0.0,1130.0,1130.0,0.0,1096,1096,1096,1096.0,1096.0,0.0,-3.0,0.0,1096.0,1096.0,0.0,1634046402.315432,0.0042569637298583,24.45478796958923
7166,0,1,0,0,3,2,1096,2211110130,1130,64,1116,17,59861,29483,4,0,0,43,15,2211110130,17,59861,11123,11300,1130,1130,1130.0,1130.0,0.0,-3.0,0.0,1130.0,1130.0,0.0,2192,1096,1096,1096.0,1096.0,0.0,-3.0,0.0,1096.0,1096.0,0.0,1634046402.315432,0.0,24.45478796958923
7167,0,1,0,0,3,2,1096,2211110130,1130,64,1116,17,59861,29483,4,0,0,43,15,2211110130,17,59861,11123,12430,1130,1130,1130.0,1130.0,0.0,-3.0,0.0,1130.0,1130.0,0.0,3288,1096,1096,1096.0,1096.0,0.0,-3.0,0.0,1096.0,1096.0,0.0,1634046402.315432,0.0,24.45478796958923
7168,0,1,0,0,3,2,1096,2211110130,1130,64,1116,17,59861,29483,4,0,0,43,15,2211110130,17,59861,11123,13560,1130,1130,1130.0,1130.0,0.0,-3.0,0.0,1130.0,1130.0,0.0,4384,1096,1096,1096.0,1096.0,0.0,-3.0,0.0,1096.0,1096.0,0.0,1634046402.316084,0.0006518363952636,24.455439805984494
7169,0,1,0,0,3,2,1096,2211110130,1130,64,1116,17,59861,29483,4,0,0,43,15,2211110130,17,59861,11123,14690,1130,1130,1130.0,1130.0,0.0,-3.0,0.0,1130.0,1130.0,0.0,5480,1096,1096,1096.0,1096.0,0.0,-3.0,0.0,1096.0,1096.0,0.0,1634046402.316084,0.0,24.455439805984494
7170,0,1,0,0,3,2,1096,2211110130,1130,64,1116,17,59861,29483,4,0,0,43,15,2211110130,17,59861,11123,15820,1130,1130,1130.0,1130.0,0.0,-3.0,0.0,1130.0,1130.0,0.0,6576,1096,1096,1096.0,1096.0,0.0,-3.0,0.0,1096.0,1096.0,0.0,1634046402.316084,0.0,24.455439805984494
7171,0,1,0,0,3,2,1116,2211110130,1150,64,1136,17,59861,29483,4,0,0,43,15,2211110130,17,59861,11123,16970,1130,1150,1130.0,1131.3333333333333,3.474396144861561,10.07142857142878,24.888888888888893,1130.0,1130.0,0.0,7692,1096,1116,1096.0,1098.857142857143,2.041241452319302,2.1666666666666297,48.97959183673469,1096.0,1096.0,0.0,1634046402.316733,0.0006489753723144,24.456088781356808
7172,0,1,0,0,3,2,1096,2211110130,1130,64,1116,17,59861,29483,4,0,0,43,15,2211110130,17,59861,11123,18100,1130,1150,1130.0,1131.25,3.614784456460256,11.066666666666666,23.4375,1130.0,1130.0,0.0,8788,1096,1116,1096.0,1098.5,2.2677868380553634,3.1428571428571432,43.75,1096.0,1096.0,0.0,1634046402.316733,0.0,24.456088781356808
7173,0,1,0,0,3,2,1096,2211110130,1130,64,1116,17,59861,29483,4,0,0,43,15,2211110130,17,59861,11123,19230,1130,1150,1130.0,1131.1764705882354,3.749999999999957,12.06249999999979,22.14532871972318,1130.0,1130.0,0.0,9884,1096,1116,1096.0,1098.2222222222222,2.4748737341529403,4.125000000000078,39.50617283950618,1096.0,1096.0,0.0,1634046402.316733,0.0,24.456088781356808
7174,0,1,0,0,2,3,60,3232270721,94,47,80,17,29483,59861,4,0,0,43,15,2211110130,17,59861,11123,19324,94,1150,1130.0,1073.5555555555557,-3.878117093396443,13.047088435632755,56463.8024691358,1130.0,1130.0,0.0,9944,60,1116,1096.0,994.4,-2.664816701336019,5.105438403123673,97047.04,1096.0,1096.0,0.0,1634046402.31693,0.0001971721649169,24.456285953521725
7175,0,1,0,0,3,2,1096,2211110130,1130,64,1116,17,59861,29483,4,0,0,43,15,2211110130,17,59861,11123,20454,94,1150,1130.0,1076.5263157894738,-4.004420723481372,14.043068933092911,53650.8808864266,1130.0,1130.0,0.0,11040,60,1116,1096.0,1003.6363636363636,-2.844113394324101,6.093560994871309,89077.68595041322,1096.0,1096.0,0.0,1634046402.317373,0.0004429817199707,24.456728935241696
7176,0,1,0,0,3,2,1096,2211110130,1130,64,1116,17,59861,29483,4,0,0,43,15,2211110130,17,59861,11123,21584,94,1150,1130.0,1079.2,-4.126902377109574,15.039394113983295,51104.16,1130.0,1130.0,0.0,12136,60,1116,1096.0,1011.3333333333334,-3.013094503731087,7.083707449494318,82306.22222222223,1096.0,1096.0,0.0,1634046402.317373,0.0,24.456728935241696
7177,0,1,0,0,3,2,1096,2211110130,1130,64,1116,17,59861,29483,4,0,0,43,15,2211110130,17,59861,11123,1130,1130,1130,1130.0,1130.0,0.0,-3.0,0.0,1130.0,1130.0,0.0,13232,60,1116,1096.0,1017.8461538461538,-3.173328600481707,8.075371862370881,76483.97633136093,1096.0,1096.0,0.0,1634046402.317373,0.0,24.456728935241696
7178,0,1,0,0,3,2,1096,2211110130,1130,64,1116,17,59861,29483,4,0,0,43,15,2211110130,17,59861,11123,2260,1130,1130,1130.0,1130.0,0.0,-3.0,0.0,1130.0,1130.0,0.0,14328,60,1116,1096.0,1023.4285714285714,-3.3260274145041477,9.068203973225348,71425.95918367348,1096.0,1096.0,0.0,1634046402.31804,0.000666856765747,24.457395792007443
7179,0,1,0,0,3,2,1096,2211110130,1130,64,1116,17,59861,29483,4,0,0,43,15,2211110130,17,59861,11123,3390,1130,1130,1130.0,1130.0,0.0,-3.0,0.0,1130.0,1130.0,0.0,15424,60,1116,1096.0,1028.2666666666669,-3.4721492004141243,10.061953585421172,66991.9288888889,1096.0,1096.0,0.0,1634046402.31804,0.0,24.457395792007443
7180,0,1,0,0,3,2,1096,2211110130,1130,64,1116,17,59861,29483,4,0,0,43,15,2211110130,17,59861,11123,4520,1130,1130,1130.0,1130.0,0.0,-3.0,0.0,1130.0,1130.0,0.0,16520,60,1116,1096.0,1032.5,-3.612466745270548,11.056437214953894,63073.75,1096.0,1096.0,0.0,1634046402.31804,0.0,24.457395792007443
7181,0,1,0,0,3,2,1096,2211110130,1130,64,1116,17,59861,29483,4,0,0,43,15,2211110130,17,59861,11123,5650,1130,1130,1130.0,1130.0,0.0,-3.0,0.0,1130.0,1130.0,0.0,17616,60,1116,1096.0,1036.235294117647,-3.7476137006394223,12.051517244761015,59586.76816608997,1096.0,1096.0,0.0,1634046402.31873,0.000690221786499,24.45808601379394
7182,0,1,0,0,3,2,1096,2211110130,1130,64,1116,17,59861,29483,4,0,0,43,15,2211110130,17,59861,11123,6780,1130,1130,1130.0,1130.0,0.0,-3.0,0.0,1130.0,1130.0,0.0,18712,60,1116,1096.0,1039.5555555555557,-3.878117093396444,13.047088435632762,56463.80246913579,1096.0,1096.0,0.0,1634046402.31873,0.0,24.45808601379394
7183,0,1,0,0,3,2,1096,2211110130,1130,64,1116,17,59861,29483,4,0,0,43,15,2211110130,17,59861,11123,7910,1130,1130,1130.0,1130.0,0.0,-3.0,0.0,1130.0,1130.0,0.0,19808,60,1116,1096.0,1042.5263157894738,-4.004420723481373,14.043068933092911,53650.88088642659,1096.0,1096.0,0.0,1634046402.31873,0.0,24.45808601379394
7184,0,1,0,0,3,2,1096,2211110130,1130,64,1116,17,59861,29483,4,0,0,43,15,2211110130,17,59861,11123,9040,1130,1130,1130.0,1130.0,0.0,-3.0,0.0,1130.0,1130.0,0.0,20904,60,1116,1096.0,1045.2,-4.126902377109573,15.039394113983292,51104.16,1096.0,1096.0,0.0,1634046402.31873,0.0,24.45808601379394
7185,0,1,0,0,3,2,1096,2211110130,1130,64,1116,17,59861,29483,4,0,0,43,15,2211110130,17,59861,11123,10170,1130,1130,1130.0,1130.0,0.0,-3.0,0.0,1130.0,1130.0,0.0,1096,1096,1096,1096.0,1096.0,0.0,-3.0,0.0,1096.0,1096.0,0.0,1634046402.319246,0.0005159378051757,24.458601951599118
7186,0,1,0,0,3,2,1096,2211110130,1130,64,1116,17,59861,29483,4,0,0,43,15,2211110130,17,59861,11123,11300,1130,1130,1130.0,1130.0,0.0,-3.0,0.0,1130.0,1130.0,0.0,2192,1096,1096,1096.0,1096.0,0.0,-3.0,0.0,1096.0,1096.0,0.0,1634046402.319246,0.0,24.458601951599118
7187,0,1,0,0,3,2,969,2211110130,1003,64,989,17,59861,29483,4,0,0,43,15,2211110130,17,59861,11123,12303,1003,1130,1130.0,1118.4545454545455,-2.846049894151545,6.100000000000014,1332.9752066115702,1130.0,1130.0,0.0,3161,969,1096,1096.0,1053.6666666666667,-0.7071067811865513,-1.4999999999999964,3584.222222222222,1096.0,1032.5,63.5,1634046402.319246,0.0,24.458601951599118
7188,0,1,0,0,3,2,408,2211110130,442,64,428,17,59861,29483,4,0,0,43,15,2211110130,17,59861,11123,12745,442,1130,1130.0,1062.0833333333333,-2.852075524119994,6.428017185934351,36176.74305555556,1130.0,1130.0,0.0,3569,408,1096,1032.5,892.25,-1.0459256935953904,-0.7639857563245935,80854.1875,1096.0,828.75,267.25,1634046402.319246,0.0,24.458601951599118
7189,0,1,0,0,3,2,1096,2211110130,1130,64,1116,17,59861,29483,4,0,0,43,15,2211110130,17,59861,11123,13875,442,1130,1130.0,1067.3076923076924,-3.0068716545812566,7.355005801675368,33721.44378698224,1130.0,1130.0,0.0,4665,408,1096,1096.0,933.0,-1.382387003619661,0.0699161789356854,71325.6,1096.0,969.0,127.0,1634046402.327228,0.0079820156097412,24.46658396720886
7190,0,1,0,0,3,2,1096,2211110130,1130,64,1116,17,59861,29483,4,0,0,43,15,2211110130,17,59861,11123,15005,442,1130,1130.0,1071.7857142857142,-3.1542963307368157,8.283427280385414,31573.45408163265,1130.0,1130.0,0.0,5761,408,1096,1096.0,960.1666666666666,-1.6636405092755158,0.9445669534446592,63128.13888888888,1096.0,1000.75,95.25,1634046402.327228,0.0,24.46658396720886
7191,0,1,0,0,3,2,1096,2211110130,1130,64,1116,17,59861,29483,4,0,0,43,15,2211110130,17,59861,11123,16135,442,1130,1130.0,1075.6666666666667,-3.2952944506809927,9.21297369038695,29679.422222222227,1130.0,1130.0,0.0,6857,408,1096,1096.0,979.5714285714286,-1.9089826234985936,1.8397667979547832,56369.10204081634,1096.0,1032.5,63.5,1634046402.327759,0.0005309581756591,24.467114925384518
7192,0,1,0,0,3,2,133,2211110130,167,64,153,17,59861,29483,4,0,0,43,15,2211110130,17,59861,11123,16302,167,1130,1130.0,1018.875,-2.354100518507852,3.8812694489058543,76203.859375,1130.0,1130.0,0.0,6990,133,1096,1096.0,873.75,-1.237243801555196,-0.2377149322690233,127710.1875,1096.0,828.75,267.25,1634046402.327759,0.0,24.467114925384518
7193,0,1,0,0,3,2,408,2211110130,442,64,428,17,59861,29483,4,0,0,43,15,2211110130,17,59861,11123,16744,167,1130,1130.0,984.9411764705884,-1.798780260413029,1.539796601739987,90145.34948096886,1130.0,1130.0,0.0,7398,133,1096,1096.0,822.0,-0.813565003157459,-1.0916401236628102,134944.66666666666,1096.0,408.0,688.0,1634046402.332887,0.0051279067993164,24.472242832183834
7194,0,1,0,0,2,3,52,3232270721,86,47,72,17,29483,59861,4,0,0,43,15,2211110130,17,59861,11123,16830,86,1130,1130.0,935.0,-1.473318035207683,0.4305513589933802,127537.33333333331,1130.0,1034.75,95.25,7450,52,1096,1032.5,745.0,-0.5624923725258675,-1.4452079647201606,174811.2,1096.0,408.0,688.0,1634046402.348427,0.0155401229858398,24.487782955169674
7195,0,1,0,0,2,3,60,3232270721,94,47,80,17,29483,59861,4,0,0,43,15,2211110130,17,59861,11123,16924,86,1130,1130.0,890.7368421052631,-1.2010153350381685,-0.3633539666248628,156090.93074792242,1130.0,722.5,407.5,7510,52,1096,969.0,682.7272727272727,-0.3346814176068092,-1.6883309627818226,197698.19834710745,1096.0,270.5,825.5,1634046402.363771,0.0153439044952392,24.503126859664913
7196,0,1,0,0,3,2,56,2211110130,90,64,76,17,59861,29483,4,0,0,43,15,2211110130,17,59861,11123,17014,86,1130,1130.0,850.7,-0.9858572565944608,-0.8737521481319086,178742.41,1130.0,442.0,688.0,7566,52,1096,688.5,630.5,-0.1467259388700747,-1.802917003854157,211227.91666666663,1096.0,114.75,981.25,1634046402.372859,0.0090880393981933,24.512214899063107
7197,0,1,0,0,3,2,1096,2211110130,1130,64,1116,17,59861,29483,4,0,0,43,15,2211110130,17,59861,11123,1130,1130,1130,1130.0,1130.0,0.0,-3.0,0.0,1130.0,1130.0,0.0,8662,52,1096,969.0,666.3076923076923,-0.2905430301121947,-1.7501838739853155,210365.9053254438,1096.0,133.0,963.0,1634046402.372859,0.0,24.512214899063107
7198,0,1,0,0,3,2,1096,2211110130,1130,64,1116,17,59861,29483,4,0,0,43,15,2211110130,17,59861,11123,2260,1130,1130,1130.0,1130.0,0.0,-3.0,0.0,1130.0,1130.0,0.0,9758,52,1096,1032.5,697.0,-0.4177096984467427,-1.6663510935378476,207586.0,1096.0,201.75,894.25,1634046402.37332,0.0004611015319824,24.51267600059509
7199,0,1,0,0,3,2,1096,2211110130,1130,64,1116,17,59861,29483,4,0,0,43,15,2211110130,17,59861,11123,3390,1130,1130,1130.0,1130.0,0.0,-3.0,0.0,1130.0,1130.0,0.0,10854,52,1096,1096.0,723.6,-0.5321687879049241,-1.5613629955348254,203652.7733333333,1096.0,270.5,825.5,1634046402.37332,0.0,24.51267600059509
7200,0,1,0,0,3,2,1096,2211110130,1130,64,1116,17,59861,29483,4,0,0,43,15,2211110130,17,59861,11123,4520,1130,1130,1130.0,1130.0,0.0,-3.0,0.0,1130.0,1130.0,0.0,11950,52,1096,1096.0,746.875,-0.6366121676189396,-1.4413407702325598,199050.359375,1096.0,339.25,756.75,1634046402.373918,0.0005979537963867,24.513273954391476
7201,0,1,0,0,2,3,60,3232270721,94,47,80,17,29483,59861,4,0,0,43,15,2211110130,17,59861,11123,4614,94,1130,1130.0,922.8,-1.4999999999999996,0.2499999999999986,171727.36000000002,1130.0,1130.0,0.0,12010,52,1096,1096.0,706.4705882352941,-0.4697867817827841,-1.6473426019411763,213461.7785467128,1096.0,133.0,963.0,1634046402.375048,0.0011298656463623,24.51440382003784
7202,0,1,0,0,3,2,1116,2211110130,1150,64,1136,17,59861,29483,4,0,0,43,15,2211110130,17,59861,11123,5764,94,1150,1130.0,960.6666666666666,-1.787415105428971,1.197465212514108,150275.55555555553,1130.0,1130.0,0.0,13126,52,1116,1096.0,729.2222222222222,-0.5627857805882303,-1.552881355923172,210402.61728395065,1096.0,201.75,894.25,1634046402.382608,0.0075600147247314,24.52196383476257
7203,0,1,0,0,3,2,1096,2211110130,1130,64,1116,17,59861,29483,4,0,0,43,15,2211110130,17,59861,11123,6894,94,1150,1130.0,984.8571428571428,-2.0396857689846426,2.163330484531224,132318.69387755104,1130.0,1130.0,0.0,14222,52,1116,1096.0,748.5263157894736,-0.6500965274359567,-1.448153591179191,206036.45983379503,1096.0,270.5,825.5,1634046402.384003,0.0013949871063232,24.523358821868893
7204,0,1,0,0,3,2,460,2211110130,494,64,480,17,59861,29483,4,0,0,43,15,2211110130,17,59861,11123,7388,94,1150,1130.0,923.5,-1.386454154465564,0.2126039984834484,142131.75,1130.0,971.0,159.0,14682,52,1116,1096.0,734.1,-0.5638466349458676,-1.5009072787564246,199688.89,1096.0,339.25,756.75,1634046402.384603,0.0006000995635986,24.52395892143249
7205,0,1,0,0,2,3,60,3232270721,94,47,80,17,29483,59861,4,0,0,43,15,2211110130,17,59861,11123,7482,94,1150,1130.0,831.3333333333334,-0.8751127916868411,-1.074592920207099,194296.88888888888,1130.0,494.0,636.0,60,60,60,60.0,60.0,0.0,-3.0,0.0,60.0,60.0,0.0,1634046402.39412,0.009516954421997,24.53347587585449
7206,0,1,0,0,3,2,60,2211110130,94,64,80,17,59861,29483,4,0,0,43,15,2211110130,17,59861,11123,7576,94,1150,1130.0,757.6,-0.5443833265048881,-1.5894673880591008,223796.64,1130.0,194.0,936.0,120,60,60,60.0,60.0,0.0,-3.0,0.0,60.0,60.0,0.0,1634046402.401833,0.0077130794525146,24.541188955307003
7207,0,1,0,0,3,2,416,2211110130,450,64,436,17,59861,29483,4,0,0,43,15,2211110130,17,59861,11123,8026,94,1150,1130.0,729.6363636363636,-0.3840582418870525,-1.6585929666429684,211271.14049586785,1130.0,272.0,858.0,536,60,416,60.0,178.66666666666666,0.7071067811865475,-1.5000000000000002,28163.55555555556,238.0,60.0,178.0,1634046402.401833,0.0,24.541188955307003
7208,0,1,0,0,3,2,1096,2211110130,1130,64,1116,17,59861,29483,4,0,0,43,15,2211110130,17,59861,11123,9156,94,1150,1130.0,763.0,-0.529629344131716,-1.5317110768086066,205909.66666666663,1130.0,361.0,769.0,1632,60,1096,238.0,408.0,0.7974404491234232,-1.0208255659037035,178904.0,586.0,60.0,526.0,1634046402.414156,0.0123229026794433,24.553511857986447
7209,0,1,0,0,3,2,1096,2211110130,1130,64,1116,17,59861,29483,4,0,0,43,15,2211110130,17,59861,11123,10286,94,1150,1130.0,791.2307692307693,-0.6592958213140728,-1.380433992272032,199634.1775147929,1130.0,450.0,680.0,2728,60,1096,416.0,545.6,0.1997983086729116,-1.7680817965558475,218858.24,1096.0,60.0,1036.0,1634046402.414156,0.0,24.553511857986447
7210,0,1,0,0,3,2,1096,2211110130,1130,64,1116,17,59861,29483,4,0,0,43,15,2211110130,17,59861,11123,11416,94,1150,1130.0,815.4285714285714,-0.7767641787398207,-1.2125364599450192,192986.5306122449,1130.0,461.0,669.0,3824,60,1096,756.0,637.3333333333334,-0.1664978030372887,-1.817775802572952,224456.88888888888,1096.0,149.0,947.0,1634046402.414156,0.0,24.553511857986447
7211,0,1,0,0,3,2,1096,2211110130,1130,64,1116,17,59861,29483,4,0,0,43,15,2211110130,17,59861,11123,12546,94,1150,1130.0,836.4,-0.8845669080477192,-1.0328074569614774,186277.9733333333,1130.0,472.0,658.0,4920,60,1096,1096.0,702.8571428571429,-0.4372813636930736,-1.6674803186961913,218151.8367346939,1096.0,238.0,858.0,1634046402.414818,0.000662088394165,24.55417394638061
7212,0,1,0,0,3,2,997,2211110130,1031,64,1017,17,59861,29483,4,0,0,43,15,2211110130,17,59861,11123,13577,94,1150,1130.0,848.5625,-0.977032325543992,-0.8431106435801703,176854.49609375,1130.0,483.0,647.0,5917,60,1096,1046.5,739.625,-0.6462599713395281,-1.4224589734996211,200345.984375,1096.0,327.0,769.0,1634046402.414818,0.0,24.55417394638061
7213,0,1,0,0,3,2,408,2211110130,442,64,428,17,59861,29483,4,0,0,43,15,2211110130,17,59861,11123,14019,94,1150,1130.0,824.6470588235294,-0.8117341315770713,-1.093674117070944,175602.46366782003,1130.0,450.0,680.0,6325,60,1096,997.0,702.7777777777778,-0.421637750045929,-1.5719358328449018,188947.06172839503,1096.0,408.0,688.0,1634046402.417509,0.0026910305023193,24.55686497688293
7214,0,1,0,0,3,2,1096,2211110130,1130,64,1116,17,59861,29483,4,0,0,43,15,2211110130,17,59861,11123,15149,94,1150,1130.0,841.6111111111111,-0.9004395601866038,-0.9412300945634652,170739.01543209876,1130.0,461.0,669.0,7421,60,1096,1046.5,742.1,-0.5937323961617047,-1.4063657404751757,183968.49,1096.0,410.0,686.0,1634046402.426572,0.0090630054473876,24.56592798233032
7215,0,1,0,0,3,2,1096,2211110130,1130,64,1116,17,59861,29483,4,0,0,43,15,2211110130,17,59861,11123,16279,94,1150,1130.0,856.7894736842105,-0.983810091759762,-0.7825973855351758,165899.6398891967,1130.0,472.0,658.0,8517,60,1096,1096.0,774.2727272727273,-0.7447082074979481,-1.2077646316437536,177594.92561983468,1096.0,412.0,684.0,1634046402.427334,0.0007619857788085,24.566689968109127
7216,0,1,0,0,3,2,1096,2211110130,1130,64,1116,17,59861,29483,4,0,0,43,15,2211110130,17,59861,11123,17409,94,1150,1130.0,870.45,-1.0626048449884136,-0.6190544253480192,161150.2475,1130.0,483.0,647.0,9613,60,1096,1096.0,801.0833333333334,-0.8800095303161083,-0.9879878186544816,170702.24305555556,1096.0,414.0,682.0,1634046402.427334,0.0,24.566689968109127
7217,0,1,0,0,3,2,1096,2211110130,1130,64,1116,17,59861,29483,4,0,0,43,15,2211110130,17,59861,11123,1130,1130,1130,1130.0,1130.0,0.0,-3.0,0.0,1130.0,1130.0,0.0,10709,60,1096,1096.0,823.7692307692307,-1.0032013391607617,-0.7538340300552435,163747.100591716,1096.0,416.0,680.0,1634046402.427883,0.0005488395690917,24.56723880767822
7218,0,1,0,0,3,2,1096,2211110130,1130,64,1116,17,59861,29483,4,0,0,43,15,2211110130,17,59861,11123,2260,1130,1130,1130.0,1130.0,0.0,-3.0,0.0,1130.0,1130.0,0.0,11805,60,1096,1096.0,843.2142857142857,-1.1167402042390893,-0.5094770659703416,156966.31122448976,1096.0,561.25,534.75,1634046402.427883,0.0,24.56723880767822
7219,0,1,0,0,3,2,948,2211110130,982,64,968,17,59861,29483,4,0,0,43,15,2211110130,17,59861,11123,3242,982,1130,1130.0,1080.6666666666667,-0.7071067811865508,-1.4999999999999971,4867.555555555556,1130.0,1056.0,74.0,12753,60,1096,1096.0,850.2,-1.201170612304984,-0.2704289860987132,147185.09333333332,1096.0,682.0,414.0,1634046402.427883,0.0,24.56723880767822
7220,0,1,0,0,2,3,60,3232270721,94,47,80,17,29483,59861,4,0,0,43,15,2211110130,17,59861,11123,3336,94,1130,1056.0,834.0,-1.0895204232582911,-0.7231833910034604,186184.0,1130.0,760.0,370.0,12813,60,1096,1096.0,800.8125,-0.938309605556154,-0.909038884368614,174572.90234375,1096.0,414.0,682.0,1634046402.44298,0.0150971412658691,24.58233594894409
7221,0,1,0,0,2,3,56,3232270721,90,47,76,17,29483,59861,4,0,0,43,15,2211110130,17,59861,11123,3426,90,1130,982.0,685.2,-0.3720729489332775,-1.816886008239438,237512.96,1130.0,94.0,1036.0,12869,56,1096,1096.0,757.0,-0.7315620156975886,-1.296496933217385,195016.4705882353,1096.0,408.0,688.0,1634046402.460504,0.0175240039825439,24.599859952926632
7222,0,1,0,0,2,3,60,3232270721,94,47,80,17,29483,59861,4,0,0,43,15,2211110130,17,59861,11123,3520,90,1130,538.0,586.6666666666666,0.0284739219664044,-1.9645743676613296,246471.5555555556,1093.0,94.0,999.0,12929,56,1096,1046.5,718.2777777777778,-0.5613964134344821,-1.5427976152124951,209672.20061728396,1096.0,147.0,949.0,1634046402.460559,5.4836273193359375e-05,24.599914789199826
7223,0,1,0,0,3,2,1096,2211110130,1130,64,1116,17,59861,29483,4,0,0,43,15,2211110130,17,59861,11123,4650,90,1130,982.0,664.2857142857143,-0.2614798993332121,-1.8993032861392003,247409.63265306124,1130.0,94.0,1036.0,14025,56,1096,1096.0,738.1578947368421,-0.6483020157404707,-1.4389352795705546,205750.7645429363,1096.0,234.0,862.0,1634046402.46216,0.001601219177246,24.60151600837707
7224,0,1,0,0,3,2,1096,2211110130,1130,64,1116,17,59861,29483,4,0,0,43,15,2211110130,17,59861,11123,5780,90,1130,1056.0,722.5,-0.4899264117377009,-1.7284229553795958,240205.75,1130.0,94.0,1036.0,15121,56,1096,1096.0,756.05,-0.7295671040328233,-1.3275029385672303,201545.6475,1096.0,321.0,775.0,1634046402.46216,0.0,24.60151600837707
7225,0,1,0,0,3,2,1096,2211110130,1130,64,1116,17,59861,29483,4,0,0,43,15,2211110130,17,59861,11123,6910,90,1130,1130.0,767.7777777777778,-0.6809727453372711,-1.5046918930954991,229916.83950617287,1130.0,94.0,1036.0,1096,1096,1096,1096.0,1096.0,0.0,-3.0,0.0,1096.0,1096.0,0.0,1634046402.462679,0.000518798828125,24.602034807205197
7226,0,1,0,0,3,2,1096,2211110130,1130,64,1116,17,59861,29483,4,0,0,43,15,2211110130,17,59861,11123,8040,90,1130,1130.0,804.0,-0.8468284345025777,-1.250793822319629,218733.6,1130.0,316.0,814.0,2192,1096,1096,1096.0,1096.0,0.0,-3.0,0.0,1096.0,1096.0,0.0,1634046402.462679,0.0,24.602034807205197
7227,0,1,0,0,3,2,706,2211110130,740,64,726,17,59861,29483,4,0,0,43,15,2211110130,17,59861,11123,8780,90,1130,1130.0,798.1818181818181,-0.8470547764530805,-1.1275589633073997,199187.23966942148,1130.0,417.0,713.0,2898,706,1096,1096.0,966.0,-0.7071067811865476,-1.5,33800.0,1096.0,901.0,195.0,1634046402.462679,0.0,24.602034807205197
7228,0,1,0,0,3,2,408,2211110130,442,64,428,17,59861,29483,4,0,0,43,15,2211110130,17,59861,11123,9222,90,1130,1056.0,768.5,-0.6599651453149922,-1.327980265088459,192279.41666666663,1130.0,355.0,775.0,3306,408,1096,901.0,826.5,-0.3704205680593773,-1.5224323791128256,83730.75,1096.0,631.5,464.5,1634046402.473421,0.0107421875,24.612776994705197
7229,0,1,0,0,2,3,60,3232270721,94,47,80,17,29483,59861,4,0,0,43,15,2211110130,17,59861,11123,9316,90,1130,982.0,716.6153846153846,-0.4388940637536958,-1.617803811562902,209792.85207100588,1130.0,94.0,1036.0,3366,60,1096,706.0,673.2,-0.3035247952531918,-1.3775671585031042,160988.16,1096.0,408.0,688.0,1634046402.478777,0.0053558349609375,24.618132829666134
7230,0,1,0,0,3,2,1096,2211110130,1130,64,1116,17,59861,29483,4,0,0,43,15,2211110130,17,59861,11123,10446,90,1130,1056.0,746.1428571428571,-0.5598852431632635,-1.5013295760743055,206141.97959183677,1130.0,181.0,949.0,4462,60,1096,901.0,743.6666666666666,-0.5947279552698409,-1.1709248946426347,158984.55555555553,1096.0,482.5,613.5,1634046402.497172,0.018395185470581,24.636528015136715
7231,0,1,0,0,3,2,1096,2211110130,1130,64,1116,17,59861,29483,4,0,0,43,15,2211110130,17,59861,11123,11576,90,1130,1130.0,771.7333333333333,-0.6699654516705391,-1.3681604859784866,201567.3955555556,1130.0,268.0,862.0,5558,60,1096,1096.0,794.0,-0.8323054976958703,-0.8470015165845095,151473.14285714287,1096.0,557.0,539.0,1634046402.497172,0.0,24.636528015136715
7232,0,1,0,0,3,2,1096,2211110130,1130,64,1116,17,59861,29483,4,0,0,43,15,2211110130,17,59861,11123,12706,90,1130,1130.0,794.125,-0.7712677100240802,-1.2228746647529238,196490.234375,1130.0,355.0,775.0,6654,60,1096,1096.0,831.75,-1.0350024803803666,-0.4667481898266032,142514.4375,1096.0,631.5,464.5,1634046402.497172,0.0,24.636528015136715
7233,0,1,0,0,3,2,1096,2211110130,1130,64,1116,17,59861,29483,4,0,0,43,15,2211110130,17,59861,11123,13836,90,1130,1130.0,813.8823529411765,-0.8653541226805033,-1.068523926564967,191177.63321799308,1130.0,442.0,688.0,7750,60,1096,1096.0,861.1111111111111,-1.213403272937197,-0.0552614538232614,133576.0987654321,1096.0,706.0,390.0,1634046402.4978,0.0006279945373535,24.63715600967407
7234,0,1,0,0,3,2,1116,2211110130,1150,64,1136,17,59861,29483,4,0,0,43,15,2211110130,17,59861,11123,14986,90,1150,1130.0,832.5555555555555,-0.9519332879171704,-0.9090362620592328,186484.35802469132,1130.0,516.5,613.5,8866,60,1116,1096.0,886.6,-1.3698311487787078,0.3644158946074194,126065.64000000004,1096.0,803.5,292.5,1634046402.501627,0.0038268566131591,24.640982866287228
7235,0,1,0,0,3,2,1096,2211110130,1130,64,1116,17,59861,29483,4,0,0,43,15,2211110130,17,59861,11123,16116,90,1150,1130.0,848.2105263157895,-1.0349398543006174,-0.7423612705238858,181080.7977839335,1130.0,591.0,539.0,9962,60,1116,1096.0,905.6363636363636,-1.5168725239039846,0.8074855530699745,118228.95867768597,1096.0,901.0,195.0,1634046402.502257,0.0006301403045654,24.641613006591793
7236,0,1,0,0,3,2,1096,2211110130,1130,64,1116,17,59861,29483,4,0,0,43,15,2211110130,17,59861,11123,17246,90,1150,1130.0,862.3,-1.11350849055022,-0.5713216773992666,175798.50999999998,1130.0,665.5,464.5,11058,60,1116,1096.0,921.5,-1.652846760406832,1.2591573062733872,111144.75,1096.0,998.5,97.5,1634046402.503956,0.0016989707946777,24.64331197738647
7237,0,1,0,0,3,2,150,2211110130,184,64,170,17,59861,29483,4,0,0,43,15,2211110130,17,59861,11123,184,184,184,184.0,184.0,0.0,-3.0,0.0,184.0,184.0,0.0,11208,60,1116,1096.0,862.1538461538462,-1.1945029689069315,-0.2783207504550833,144858.74556213018,1096.0,706.0,390.0,1634046402.503956,0.0,24.64331197738647
7238,0,1,0,0,3,2,408,2211110130,442,64,428,17,59861,29483,4,0,0,43,15,2211110130,17,59861,11123,626,184,442,313.0,313.0,0.0,-2.0,16641.0,377.5,248.5,129.0,11616,60,1116,1096.0,829.7142857142857,-0.935853595647736,-0.8048754000583047,148191.91836734692,1096.0,482.5,613.5,1634046402.503956,0.0,24.64331197738647
7239,0,1,0,0,2,3,60,3232270721,94,47,80,17,29483,59861,4,0,0,43,15,2211110130,17,59861,11123,720,94,442,184.0,240.0,0.5148058345890801,-1.5,21752.0,313.0,139.0,174.0,11676,60,1116,1096.0,778.4,-0.724621845066854,-1.217018173511678,175176.64,1096.0,408.0,688.0,1634046402.512157,0.0082008838653564,24.651512861251828
7240,0,1,0,0,3,2,60,2211110130,94,64,80,17,59861,29483,4,0,0,43,15,2211110130,17,59861,11123,814,94,442,139.0,203.5,0.9442692734778768,-0.8648240868767725,20310.75,248.5,94.0,154.5,11736,60,1116,1096.0,733.5,-0.5445015149813166,-1.4875148865419072,194468.25,1096.0,343.5,752.5,1634046402.516064,0.0039069652557373,24.655419826507565
7241,0,1,0,0,3,2,1096,2211110130,1130,64,1116,17,59861,29483,4,0,0,43,15,2211110130,17,59861,11123,1944,94,1130,184.0,388.8,1.1546525975037625,-0.2981967267775274,153592.96000000002,442.0,94.0,348.0,12832,60,1116,1096.0,754.8235294117648,-0.6423903516754286,-1.374197574282407,190304.0276816609,1096.0,408.0,688.0,1634046402.516673,0.0006091594696044,24.65602898597717
7242,0,1,0,0,3,2,1096,2211110130,1130,64,1116,17,59861,29483,4,0,0,43,15,2211110130,17,59861,11123,3074,94,1130,313.0,512.3333333333334,0.5218600443927162,-1.54645312578577,204296.55555555556,958.0,116.5,841.5,13928,60,1116,1096.0,773.7777777777778,-0.7331474363669171,-1.2507175100528622,185839.06172839503,1096.0,408.0,688.0,1634046402.517522,0.0008490085601806,24.65687799453735
7243,0,1,0,0,3,2,1096,2211110130,1130,64,1116,17,59861,29483,4,0,0,43,15,2211110130,17,59861,11123,4204,94,1130,442.0,600.5714285714286,0.1489387668132961,-1.8441228346395648,221827.10204081636,1130.0,139.0,991.0,15024,60,1116,1096.0,790.7368421052631,-0.8179454758690933,-1.1194313272505207,181235.03601108037,1096.0,408.0,688.0,1634046402.517522,0.0,24.65687799453735
7244,0,1,0,0,3,2,1096,2211110130,1130,64,1116,17,59861,29483,4,0,0,43,15,2211110130,17,59861,11123,5334,94,1130,786.0,666.75,-0.1196283410648927,-1.8708847716299764,224755.9375,1130.0,161.5,968.5,16120,60,1116,1096.0,806.0,-0.8976862140679126,-0.9820198596904874,176599.6,1096.0,408.0,688.0,1634046402.519355,0.0018329620361328,24.658710956573483
7245,0,1,0,0,3,2,1096,2211110130,1130,64,1116,17,59861,29483,4,0,0,43,15,2211110130,17,59861,11123,6464,94,1130,1130.0,718.2222222222222,-0.3325396755889995,-1.783375111391783,220978.17283950615,1130.0,184.0,946.0,1096,1096,1096,1096.0,1096.0,0.0,-3.0,0.0,1096.0,1096.0,0.0,1634046402.520256,0.0009009838104248,24.659611940383908
7246,0,1,0,0,3,2,265,2211110130,299,64,285,17,59861,29483,4,0,0,43,15,2211110130,17,59861,11123,6763,94,1130,786.0,676.3,-0.1144083226707224,-1.863617594371052,214697.61,1130.0,212.75,917.25,1361,265,1096,680.5,680.5,0.0,-2.0,172640.25,888.25,472.75,415.5,1634046402.520256,0.0,24.659611940383908
7247,0,1,0,0,2,3,60,3232270721,94,47,80,17,29483,59861,4,0,0,43,15,2211110130,17,59861,11123,6857,94,1130,442.0,623.3636363636364,0.0692154077948378,-1.8788197182745692,223202.23140495867,1130.0,139.0,991.0,1421,60,1096,265.0,473.6666666666667,0.5976630115274308,-1.5000000000000002,200653.55555555556,680.5,162.5,518.0,1634046402.529556,0.0092999935150146,24.668911933898922
7248,0,1,0,0,3,2,408,2211110130,442,64,428,17,59861,29483,4,0,0,43,15,2211110130,17,59861,11123,7299,94,1130,442.0,608.25,0.1653728221261777,-1.78893958906979,207114.6875,1130.0,161.5,968.5,1829,60,1096,336.5,457.25,0.8100856335706753,-0.8950464625153165,151298.6875,580.0,213.75,366.25,1634046402.535354,0.0057978630065917,24.674709796905514
7249,0,1,0,0,2,3,52,3232270721,86,47,72,17,29483,59861,4,0,0,43,15,2211110130,17,59861,11123,7385,86,1130,442.0,568.0769230769231,0.2988416011283281,-1.730585690397325,210549.301775148,1130.0,94.0,1036.0,1881,52,1096,265.0,376.2,1.082041139126661,-0.330751435511798,147315.35999999996,408.0,60.0,348.0,1634046402.548316,0.0129621028900146,24.68767189979553
7250,0,1,0,0,3,2,1096,2211110130,1130,64,1116,17,59861,29483,4,0,0,43,15,2211110130,17,59861,11123,8515,86,1130,442.0,608.2142857142857,0.1326149826002803,-1.823155403141131,216453.1683673469,1130.0,116.5,1013.5,2977,52,1096,336.5,496.1666666666667,0.4810289620163798,-1.5189528500896423,194722.80555555556,924.0,111.25,812.75,1634046402.564844,0.0165278911590576,24.704199790954586
7251,0,1,0,0,3,2,1096,2211110130,1130,64,1116,17,59861,29483,4,0,0,43,15,2211110130,17,59861,11123,9645,86,1130,442.0,643.0,-0.009342356112851,-1.853993190230472,218963.6,1130.0,139.0,991.0,4073,52,1096,408.0,581.8571428571429,0.1176314376425516,-1.80074517914615,210962.4081632653,1096.0,162.5,933.5,1634046402.564844,0.0,24.704199790954586
7252,0,1,0,0,2,3,60,3232270721,94,47,80,17,29483,59861,4,0,0,43,15,2211110130,17,59861,11123,9739,86,1130,442.0,608.6875,0.1116238408253119,-1.8486214982582567,222938.58984375,1130.0,94.0,1036.0,4133,52,1096,336.5,516.625,0.3469593330715739,-1.7060689116376473,214378.734375,1096.0,60.0,1036.0,1634046402.564983,0.0001389980316162,24.704338788986203
7253,0,1,0,0,3,2,1096,2211110130,1130,64,1116,17,59861,29483,4,0,0,43,15,2211110130,17,59861,11123,10869,86,1130,442.0,639.3529411764706,-0.0124115295345795,-1.8708700974459127,224870.46366782003,1130.0,94.0,1036.0,5229,52,1096,408.0,581.0,0.0826980953710613,-1.8501586807650152,223712.0,1096.0,60.0,1036.0,1634046402.567391,0.0024080276489257,24.70674681663513
7254,0,1,0,0,3,2,672,2211110130,706,64,692,17,59861,29483,4,0,0,43,15,2211110130,17,59861,11123,11575,86,1130,574.0,643.0555555555555,-0.0366731408582745,-1.8062550220715796,212610.71913580247,1130.0,116.5,1013.5,5901,52,1096,540.0,590.1,0.0267821089757026,-1.736264200667161,202086.09000000003,1096.0,111.25,984.75,1634046402.567391,0.0,24.70674681663513
7255,0,1,0,0,3,2,1096,2211110130,1130,64,1116,17,59861,29483,4,0,0,43,15,2211110130,17,59861,11123,12705,86,1130,706.0,668.6842105263158,-0.1395452450109641,-1.7982236034029548,213243.58448753465,1130.0,139.0,991.0,6997,52,1096,672.0,636.0909090909091,-0.1550866886694938,-1.7392585364578956,204866.2644628099,1096.0,162.5,933.5,1634046402.569108,0.0017170906066894,24.708463907241818
7256,0,1,0,0,3,2,1096,2211110130,1130,64,1116,17,59861,29483,4,0,0,43,15,2211110130,17,59861,11123,13835,86,1130,918.0,691.75,-0.2332109937406408,-1.770663212114202,212689.9875,1130.0,161.5,968.5,8093,52,1096,884.0,674.4166666666666,-0.3103131545184108,-1.682226627976953,203951.57638888888,1096.0,213.75,882.25,1634046402.569108,0.0,24.708463907241818
7257,0,1,0,0,3,2,1096,2211110130,1130,64,1116,17,59861,29483,4,0,0,43,15,2211110130,17,59861,11123,1130,1130,1130,1130.0,1130.0,0.0,-3.0,0.0,1130.0,1130.0,0.0,9189,52,1096,1096.0,706.8461538461538,-0.4464583358637871,-1.5881584150239465,200883.0532544379,1096.0,265.0,831.0,1634046402.569108,0.0,24.708463907241818
7258,0,1,0,0,3,2,1096,2211110130,1130,64,1116,17,59861,29483,4,0,0,43,15,2211110130,17,59861,11123,2260,1130,1130,1130.0,1130.0,0.0,-3.0,0.0,1130.0,1130.0,0.0,10285,52,1096,1096.0,734.6428571428571,-0.5682884630240252,-1.4696588791281873,196578.8010204081,1096.0,300.75,795.25,1634046402.569717,0.0006089210510253,24.709072828292843
7259,0,1,0,0,3,2,1096,2211110130,1130,64,1116,17,59861,29483,4,0,0,43,15,2211110130,17,59861,11123,3390,1130,1130,1130.0,1130.0,0.0,-3.0,0.0,1130.0,1130.0,0.0,11381,52,1096,1096.0,758.7333333333333,-0.6789840874746464,-1.334205203897098,191598.4622222222,1096.0,336.5,759.5,1634046402.569717,0.0,24.709072828292843
7260,0,1,0,0,3,2,566,2211110130,600,64,586,17,59861,29483,4,0,0,43,15,2211110130,17,59861,11123,3990,600,1130,1130.0,997.5,-1.1547005383792517,-0.6666666666666665,52668.75,1130.0,997.5,132.5,11947,52,1096,1096.0,746.6875,-0.6096920421224326,-1.3365215896915723,181800.08984375,1096.0,372.25,723.75,1634046402.569717,0.0,24.709072828292843
7261,0,1,0,0,3,2,56,2211110130,90,64,76,17,59861,29483,4,0,0,43,15,2211110130,17,59861,11123,4080,90,1130,1130.0,816.0,-0.8269523153118725,-0.9555369357815496,173904.0,1130.0,600.0,530.0,12003,52,1096,1096.0,706.0588235294117,-0.4524954056762795,-1.5461612091542165,197516.9965397924,1096.0,265.0,831.0,1634046402.574747,0.0050301551818847,24.714102983474728
7262,0,1,0,0,3,2,408,2211110130,442,64,428,17,59861,29483,4,0,0,43,15,2211110130,17,59861,11123,4522,90,1130,865.0,753.6666666666666,-0.4160547848596264,-1.3699457258469905,164347.22222222222,1130.0,481.5,648.5,12411,52,1096,884.0,689.5,-0.3526261894392313,-1.5848080815227927,191205.13888888888,1096.0,300.75,795.25,1634046402.574747,0.0,24.714102983474728
7263,0,1,0,0,2,3,60,3232270721,94,47,80,17,29483,59861,4,0,0,43,15,2211110130,17,59861,11123,4616,90,1130,600.0,659.4285714285714,-0.1056891910339743,-1.6481898807816608,194153.95918367343,1130.0,268.0,862.0,12471,52,1096,672.0,656.3684210526316,-0.2338215918589741,-1.6827485598033436,200900.3379501385,1096.0,162.5,933.5,1634046402.586033,0.0112860202789306,24.72538900375366
7264,0,1,0,0,3,2,52,2211110130,86,64,72,17,59861,29483,4,0,0,43,15,2211110130,17,59861,11123,4702,86,1130,521.0,587.75,0.140825192185434,-1.6901858398337144,205849.4375,1130.0,93.0,1037.0,12523,52,1096,619.0,626.15,-0.1277579248030574,-1.7411742773672891,208205.2275,1096.0,60.0,1036.0,1634046402.590331,0.0042979717254638,24.729686975479122
7265,0,1,0,0,2,3,60,3232270721,94,47,80,17,29483,59861,4,0,0,43,15,2211110130,17,59861,11123,4796,86,1130,442.0,532.8888888888889,0.3455792093728649,-1.6159763159490048,207055.20987654323,1130.0,94.0,1036.0,60,60,60,60.0,60.0,0.0,-3.0,0.0,60.0,60.0,0.0,1634046402.60156,0.0112290382385253,24.740916013717648
7266,0,1,0,0,3,2,1096,2211110130,1130,64,1116,17,59861,29483,4,0,0,43,15,2211110130,17,59861,11123,5926,86,1130,521.0,592.6,0.1101990448963141,-1.7689176911025508,218438.43999999997,1130.0,94.0,1036.0,1156,60,1096,578.0,578.0,0.0,-2.0,268324.0,837.0,319.0,518.0,1634046402.613192,0.011631965637207,24.752547979354855
7267,0,1,0,0,3,2,1096,2211110130,1130,64,1116,17,59861,29483,4,0,0,43,15,2211110130,17,59861,11123,7056,86,1130,600.0,641.4545454545455,-0.0798975184008641,-1.7989757962063588,222448.06611570247,1130.0,94.0,1036.0,2252,60,1096,1096.0,750.6666666666666,-0.7071067811865472,-1.5,238510.22222222225,1096.0,578.0,518.0,1634046402.613192,0.0,24.752547979354855
7268,0,1,0,0,3,2,1096,2211110130,1130,64,1116,17,59861,29483,4,0,0,43,15,2211110130,17,59861,11123,8186,86,1130,865.0,682.1666666666666,-0.2403635163529745,-1.761609540328282,222142.97222222225,1130.0,94.0,1036.0,3348,60,1096,1096.0,837.0,-1.1547005383792517,-0.6666666666666665,201243.0,1096.0,837.0,259.0,1634046402.613192,0.0,24.752547979354855
7269,0,1,0,0,3,2,1116,2211110130,1150,64,1136,17,59861,29483,4,0,0,43,15,2211110130,17,59861,11123,9336,86,1150,1130.0,718.1538461538462,-0.37850447327296,-1.684311778419493,220595.97633136096,1130.0,94.0,1036.0,4464,60,1116,1096.0,892.8,-1.4986946394519651,0.2482875521764378,173448.96,1096.0,1096.0,0.0,1634046402.615623,0.0024309158325195,24.754978895187374
7270,0,1,0,0,3,2,543,2211110130,577,64,563,17,59861,29483,4,0,0,43,15,2211110130,17,59861,11123,9913,86,1150,865.0,708.0714285714286,-0.3245403520842391,-1.632329749521106,206160.63775510207,1130.0,181.0,949.0,5007,60,1116,1096.0,834.5,-1.061253569991291,-0.5259080956800481,161535.25,1096.0,681.25,414.75,1634046402.615623,0.0,24.754978895187374
7271,0,1,0,0,3,2,408,2211110130,442,64,428,17,59861,29483,4,0,0,43,15,2211110130,17,59861,11123,10355,86,1150,600.0,690.3333333333334,-0.21908663229864,-1.635503819385092,196821.5555555556,1130.0,268.0,862.0,5415,60,1116,1096.0,773.5714285714286,-0.6290270306743747,-1.1966419681133365,160732.53061224488,1096.0,475.5,620.5,1634046402.615623,0.0,24.754978895187374
7272,0,1,0,0,3,2,60,2211110130,94,64,80,17,59861,29483,4,0,0,43,15,2211110130,17,59861,11123,10449,86,1150,588.5,653.0625,-0.087852231221849,-1.7070259164671973,205356.93359375,1130.0,94.0,1036.0,5475,60,1116,819.5,684.375,-0.3177095313857673,-1.6022669468271642,196332.984375,1096.0,321.0,775.0,1634046402.621004,0.0053811073303222,24.760360002517697
7273,0,1,0,0,2,3,56,3232270721,90,47,76,17,29483,59861,4,0,0,43,15,2211110130,17,59861,11123,10539,86,1150,577.0,619.9411764705883,0.0288187200126641,-1.7353512934339277,210829.46712802767,1130.0,94.0,1036.0,5531,56,1116,543.0,614.5555555555555,-0.0716931621300232,-1.7503472709128436,213516.24691358025,1096.0,60.0,1036.0,1634046402.653074,0.0320699214935302,24.792429924011227
7274,0,1,0,0,2,3,60,3232270721,94,47,80,17,29483,59861,4,0,0,43,15,2211110130,17,59861,11123,10633,86,1150,509.5,590.7222222222222,0.1347326174376124,-1.733505832331216,213630.42283950615,1130.0,94.0,1036.0,5591,56,1116,475.5,559.1,0.1292672569256112,-1.7663973428748294,219842.49000000005,1096.0,60.0,1036.0,1634046402.653129,5.507469177246094e-05,24.792484998703
7275,0,1,0,0,3,2,1096,2211110130,1130,64,1116,17,59861,29483,4,0,0,43,15,2211110130,17,59861,11123,11763,86,1150,577.0,619.1052631578947,0.0234348711324182,-1.7693123767453047,216887.4626038781,1130.0,94.0,1036.0,6687,56,1116,543.0,607.9090909090909,-0.0632015279610516,-1.8036383625926216,223680.08264462807,1096.0,60.0,1036.0,1634046402.657203,0.0040738582611083,24.796558856964108
7276,0,1,0,0,3,2,1096,2211110130,1130,64,1116,17,59861,29483,4,0,0,43,15,2211110130,17,59861,11123,12893,86,1150,588.5,644.65,-0.0767964528406635,-1.7771745697553805,218441.2275,1130.0,94.0,1036.0,7783,56,1116,819.5,648.5833333333334,-0.2251355158798709,-1.7710832900628355,223238.40972222225,1096.0,60.0,1036.0,1634046402.658847,0.0016441345214843,24.798202991485592
7277,0,1,0,0,3,2,1096,2211110130,1130,64,1116,17,59861,29483,4,0,0,43,15,2211110130,17,59861,11123,1130,1130,1130,1130.0,1130.0,0.0,-3.0,0.0,1130.0,1130.0,0.0,8879,56,1116,1096.0,683.0,-0.3657623085892519,-1.6964248742260677,220280.3076923077,1096.0,60.0,1036.0,1634046402.658847,0.0,24.798202991485592
7278,0,1,0,0,3,2,1096,2211110130,1130,64,1116,17,59861,29483,4,0,0,43,15,2211110130,17,59861,11123,2260,1130,1130,1130.0,1130.0,0.0,-3.0,0.0,1130.0,1130.0,0.0,9975,56,1116,1096.0,712.5,-0.4906911113244507,-1.5944272777678208,215859.25,1096.0,147.0,949.0,1634046402.65955,0.0007028579711914,24.798905849456784
7279,0,1,0,0,3,2,1096,2211110130,1130,64,1116,17,59861,29483,4,0,0,43,15,2211110130,17,59861,11123,3390,1130,1130,1130.0,1130.0,0.0,-3.0,0.0,1130.0,1130.0,0.0,11071,56,1116,1096.0,738.0666666666667,-0.6035724542778842,-1.4736777798816236,210619.7955555556,1096.0,234.0,862.0,1634046402.65955,0.0,24.798905849456784
7280,0,1,0,0,3,2,761,2211110130,795,64,781,17,59861,29483,4,0,0,43,15,2211110130,17,59861,11123,4185,795,1130,1130.0,1046.25,-1.1547005383792517,-0.6666666666666665,21042.1875,1130.0,1046.25,83.75,11832,56,1116,1096.0,739.5,-0.6328885682691582,-1.3643278320076693,197486.875,1096.0,321.0,775.0,1634046402.66212,0.0025701522827148,24.8014760017395
7281,0,1,0,0,3,2,408,2211110130,442,64,428,17,59861,29483,4,0,0,43,15,2211110130,17,59861,11123,4627,442,1130,1130.0,925.4,-0.8669254411670669,-0.8756522812755283,75252.64,1130.0,795.0,335.0,12240,56,1116,1096.0,720.0,-0.5134672895426422,-1.4545418528887433,191954.0,1096.0,408.0,688.0,1634046402.66212,0.0,24.8014760017395
7282,0,1,0,0,2,3,60,3232270721,94,47,80,17,29483,59861,4,0,0,43,15,2211110130,17,59861,11123,4721,94,1130,962.5,786.8333333333334,-0.6651340735492951,-1.1066593023355653,158714.13888888888,1130.0,530.25,599.75,12300,56,1116,928.5,683.3333333333334,-0.3713249869374131,-1.6166776310754,204145.44444444444,1096.0,147.0,949.0,1634046402.670709,0.0085887908935546,24.810064792633053
7283,0,1,0,0,3,2,1096,2211110130,1130,64,1116,17,59861,29483,4,0,0,43,15,2211110130,17,59861,11123,5851,94,1130,1130.0,835.8571428571429,-0.8999166033014984,-0.7478472010984563,150460.693877551,1130.0,618.5,511.5,13396,56,1116,1096.0,705.0526315789474,-0.4620412825350318,-1.547309041932276,201892.04986149585,1096.0,234.0,862.0,1634046402.69506,0.0243511199951171,24.83441591262817
7284,0,1,0,0,3,2,1096,2211110130,1130,64,1116,17,59861,29483,4,0,0,43,15,2211110130,17,59861,11123,6981,94,1130,1130.0,872.625,-1.10147950135797,-0.3390873656276914,141116.234375,1130.0,706.75,423.25,14492,56,1116,1096.0,724.6,-0.5462305316873545,-1.4666744254398063,199057.34000000003,1096.0,321.0,775.0,1634046402.69506,0.0,24.83441591262817
7285,0,1,0,0,3,2,1096,2211110130,1130,64,1116,17,59861,29483,4,0,0,43,15,2211110130,17,59861,11123,8111,94,1130,1130.0,901.2222222222222,-1.2796407539044057,0.0977892958697603,131979.06172839506,1130.0,795.0,335.0,1096,1096,1096,1096.0,1096.0,0.0,-3.0,0.0,1096.0,1096.0,0.0,1634046402.69506,0.0,24.83441591262817
7286,0,1,0,0,3,2,571,2211110130,605,64,591,17,59861,29483,4,0,0,43,15,2211110130,17,59861,11123,8716,94,1130,1130.0,871.6,-1.0321035307318405,-0.3110154951232911,126678.44000000002,1130.0,652.5,477.5,1667,571,1096,833.5,833.5,0.0,-2.0,68906.25,964.75,702.25,262.5,1634046402.69506,0.0,24.83441591262817
7287,0,1,0,0,3,2,408,2211110130,442,64,428,17,59861,29483,4,0,0,43,15,2211110130,17,59861,11123,9158,94,1130,1130.0,832.5454545454545,-0.7255846908866991,-0.8956583048399236,130414.79338842974,1130.0,523.5,606.5,2075,408,1096,571.0,691.6666666666666,0.547134761480874,-1.5,86170.88888888889,833.5,489.5,344.0,1634046402.700312,0.0052518844604492,24.83966779708862
7288,0,1,0,0,3,2,1096,2211110130,1130,64,1116,17,59861,29483,4,0,0,43,15,2211110130,17,59861,11123,10288,94,1130,1130.0,857.3333333333334,-0.858561347295927,-0.6922571884885826,126305.72222222223,1130.0,564.25,565.75,3171,408,1096,833.5,792.75,-0.1027290154337861,-1.8642213592972945,95281.6875,1096.0,530.25,565.75,1634046402.726974,0.0266621112823486,24.866329908370968
7289,0,1,0,0,3,2,1096,2211110130,1130,64,1116,17,59861,29483,4,0,0,43,15,2211110130,17,59861,11123,11418,94,1130,1130.0,878.3076923076923,-0.9799967572462688,-0.4693713641614119,121868.98224852073,1130.0,605.0,525.0,4267,408,1096,1096.0,853.4,-0.4962560495311116,-1.643110650593887,90939.04,1096.0,571.0,525.0,1634046402.726974,0.0,24.866329908370968
7290,0,1,0,0,3,2,1096,2211110130,1130,64,1116,17,59861,29483,4,0,0,43,15,2211110130,17,59861,11123,12548,94,1130,1130.0,896.2857142857143,-1.0921210289287222,-0.2328217015599296,117365.77551020404,1130.0,652.5,477.5,5363,408,1096,1096.0,893.8333333333334,-0.7897210714107735,-1.2678707356647618,83956.80555555556,1096.0,702.25,393.75,1634046402.726974,0.0,24.866329908370968
7291,0,1,0,0,3,2,1096,2211110130,1130,64,1116,17,59861,29483,4,0,0,43,15,2211110130,17,59861,11123,13678,94,1130,1130.0,911.8666666666668,-1.19657538115705,0.0136750099657643,112940.11555555552,1130.0,700.0,430.0,6459,408,1096,1096.0,922.7142857142856,-1.0293202385058495,-0.8296788146910172,76967.63265306123,1096.0,833.5,262.5,1634046402.727444,0.0004699230194091,24.866799831390377
7292,0,1,0,0,3,2,1096,2211110130,1130,64,1116,17,59861,29483,4,0,0,43,15,2211110130,17,59861,11123,14808,94,1130,1130.0,925.5,-1.294597929120681,0.267635860816998,108669.375,1130.0,747.5,382.5,7555,408,1096,1096.0,944.375,-1.234938633801095,-0.3596433225674333,70630.984375,1096.0,964.75,131.25,1634046402.727444,0.0,24.866799831390377
7293,0,1,0,0,3,2,545,2211110130,579,64,565,17,59861,29483,4,0,0,43,15,2211110130,17,59861,11123,15387,94,1130,1130.0,905.1176470588236,-1.0967372693885775,-0.1613041614483572,108924.10380622838,1130.0,605.0,525.0,8100,408,1096,1096.0,900.0,-0.7788064809080503,-1.2877741485884178,78536.22222222222,1096.0,571.0,525.0,1634046402.728118,0.0006740093231201,24.867473840713497
7294,0,1,0,0,3,2,60,2211110130,94,64,80,17,59861,29483,4,0,0,43,15,2211110130,17,59861,11123,15481,94,1130,1130.0,860.0555555555555,-0.9468091034030836,-0.5903552439074096,137392.8302469136,1130.0,585.5,544.5,8160,60,1096,1096.0,816.0,-0.8196497884306545,-0.7771929683474776,134186.6,1096.0,551.5,544.5,1634046402.73683,0.0087120532989501,24.876185894012448
7295,0,1,0,0,2,3,52,3232270721,86,48,72,17,10001,59861,4,0,0,43,15,2211110130,17,59861,11123,15567,86,1130,1130.0,819.3157894736842,-0.7882076248956709,-0.9631617860572036,160036.74238227148,1130.0,510.5,619.5,8212,52,1096,1096.0,746.5454545454545,-0.5889366065834007,-1.2428791010074176,170227.1570247934,1096.0,476.5,619.5,1634046402.73889,0.0020599365234375,24.878245830535885
7296,0,1,0,0,2,3,60,3232270721,94,47,80,17,29483,59861,4,0,0,43,15,2211110130,17,59861,11123,15661,86,1130,1130.0,783.05,-0.6405752291295749,-1.242452003380134,177023.84749999997,1130.0,442.0,688.0,8272,52,1096,833.5,689.3333333333334,-0.3770525893893263,-1.53200011020765,192047.05555555556,1096.0,321.0,775.0,1634046402.741417,0.0025269985198974,24.880772829055783
7297,0,1,0,0,2,3,60,3232270721,94,47,80,17,29483,59861,4,0,0,43,15,2211110130,17,59861,11123,94,94,94,94.0,94.0,0.0,-3.0,0.0,94.0,94.0,0.0,8332,52,1096,571.0,640.9230769230769,-0.1989760080281225,-1.682933918298417,205396.8402366864,1096.0,60.0,1036.0,1634046402.759398,0.0179810523986816,24.898753881454464
7298,0,1,0,0,2,3,52,3232270721,86,47,72,17,29483,59861,4,0,0,43,15,2211110130,17,59861,11123,180,86,94,90.0,90.0,0.0,-2.0,16.0,92.0,88.0,4.0,8384,52,1096,558.0,598.8571428571429,-0.0479937865614978,-1.7496324254389837,213729.693877551,1096.0,60.0,1036.0,1634046402.759453,5.507469177246094e-05,24.898808956146237
7299,0,1,0,0,3,2,408,2211110130,442,64,428,17,59861,29483,4,0,0,43,15,2211110130,17,59861,11123,622,86,442,94.0,207.33333333333331,0.705874768647165,-1.5,27544.888888888887,268.0,90.0,178.0,8792,52,1096,545.0,586.1333333333333,0.0310479664699894,-1.6893766662899568,201747.5822222222,1096.0,60.0,1036.0,1634046402.759507,5.3882598876953125e-05,24.898862838745114
7300,0,1,0,0,3,2,1096,2211110130,1130,64,1116,17,59861,29483,4,0,0,43,15,2211110130,17,59861,11123,1752,86,1130,268.0,438.0,0.8068770070569964,-1.010312693087089,180280.0,614.0,92.0,522.0,9888,52,1096,558.0,618.0,-0.0936064713382582,-1.7049454123363668,204370.625,1096.0,60.0,1036.0,1634046402.761531,0.0020241737365722,24.900887012481686
7301,0,1,0,0,3,2,1096,2211110130,1130,64,1116,17,59861,29483,4,0,0,43,15,2211110130,17,59861,11123,2882,86,1130,442.0,576.4,0.2056277821717038,-1.769079447190631,220842.24,1130.0,94.0,1036.0,10984,52,1096,571.0,646.1176470588235,-0.2050240975053103,-1.6877310090540447,204998.45674740485,1096.0,60.0,1036.0,1634046402.761531,0.0,24.900887012481686
7302,0,1,0,0,3,2,1096,2211110130,1130,64,1116,17,59861,29483,4,0,0,43,15,2211110130,17,59861,11123,4012,86,1130,786.0,668.6666666666666,-0.1617496194897335,-1.8222586973094632,226600.88888888888,1130.0,181.0,949.0,12080,52,1096,833.5,671.1111111111111,-0.3060059656070426,-1.6473841676650245,204229.0987654321,1096.0,147.0,949.0,1634046402.762181,0.0006499290466308,24.901536941528317
7303,0,1,0,0,3,2,660,2211110130,694,64,680,17,59861,29483,4,0,0,43,15,2211110130,17,59861,11123,4706,86,1130,694.0,672.2857142857143,-0.1992073499731675,-1.6209404934567913,194307.9183673469,1130.0,268.0,862.0,12740,52,1096,660.0,670.5263157894736,-0.3103886741971118,-1.5739908841496344,193486.35457063708,1096.0,234.0,862.0,1634046402.762181,0.0,24.901536941528317
7304,0,1,0,0,3,2,1116,2211110130,1150,64,1136,17,59861,29483,4,0,0,43,15,2211110130,17,59861,11123,5856,86,1150,912.0,732.0,-0.4232973161403017,-1.5114753651349877,194980.0,1130.0,355.0,775.0,13856,52,1116,878.0,692.8,-0.3955403719078647,-1.5243225936445266,193238.26000000004,1096.0,321.0,775.0,1634046402.76333,0.0011489391326904,24.902685880661007
7305,0,1,0,0,3,2,56,2211110130,90,64,76,17,59861,29483,4,0,0,43,15,2211110130,17,59861,11123,5946,86,1150,694.0,660.6666666666666,-0.157879895354524,-1.7303652952495383,214023.11111111112,1130.0,94.0,1036.0,56,56,56,56.0,56.0,0.0,-3.0,0.0,56.0,56.0,0.0,1634046402.78201,0.0186800956726074,24.921365976333615
7306,0,1,0,0,3,2,408,2211110130,442,64,428,17,59861,29483,4,0,0,43,15,2211110130,17,59861,11123,6388,86,1150,568.0,638.8,-0.0250125863119309,-1.6638859135767428,196924.16,1130.0,181.0,949.0,464,56,408,232.0,232.0,0.0,-2.0,30976.0,320.0,144.0,176.0,1634046402.78201,0.0,24.921365976333615
7307,0,1,0,0,2,3,60,3232270721,94,47,80,17,29483,59861,4,0,0,43,15,2211110130,17,59861,11123,6482,86,1150,442.0,589.2727272727273,0.1489444967571093,-1.6769159809570358,203551.47107438016,1130.0,94.0,1036.0,524,56,408,60.0,174.66666666666666,0.7067951202245192,-1.4999999999999996,27224.888888888887,234.0,58.0,176.0,1634046402.793834,0.0118238925933837,24.933189868927
7308,0,1,0,0,3,2,1104,2211110130,1138,64,1124,17,59861,29483,4,0,0,43,15,2211110130,17,59861,11123,7620,86,1150,568.0,635.0,-0.0264757118361167,-1.733438700072392,209589.66666666663,1130.0,94.0,1036.0,1628,56,1104,234.0,407.0,0.8141122985118887,-1.0025529012610093,182355.0,582.0,59.0,523.0,1634046402.798396,0.0045621395111083,24.937752008438107
7309,0,1,0,0,3,2,1096,2211110130,1130,64,1116,17,59861,29483,4,0,0,43,15,2211110130,17,59861,11123,8750,86,1150,694.0,673.0769230769231,-0.1771949434014812,-1.7236378684402769,210865.6094674556,1130.0,94.0,1036.0,2724,56,1104,408.0,544.8,0.2087187773585936,-1.7695581523428607,221839.36,1096.0,60.0,1036.0,1634046402.798931,0.0005347728729248,24.93828678131103
7310,0,1,0,0,3,2,1096,2211110130,1130,64,1116,17,59861,29483,4,0,0,43,15,2211110130,17,59861,11123,9880,86,1150,912.0,705.7142857142857,-0.3091880641838355,-1.67255803715865,209651.34693877547,1130.0,181.0,949.0,3820,56,1104,752.0,636.6666666666666,-0.1596092392469972,-1.824182081120394,227063.5555555556,1096.0,147.0,949.0,1634046402.799434,0.0005030632019042,24.938789844512936
7311,0,1,0,0,3,2,1096,2211110130,1130,64,1116,17,59861,29483,4,0,0,43,15,2211110130,17,59861,11123,11010,86,1150,1130.0,734.0,-0.4270943609110197,-1.5940829390847555,206875.7333333333,1130.0,268.0,862.0,4916,56,1104,1096.0,702.2857142857143,-0.4312425845635204,-1.6765393307287155,220461.0612244897,1096.0,234.0,862.0,1634046402.799434,0.0,24.938789844512936
7312,0,1,0,0,3,2,1096,2211110130,1130,64,1116,17,59861,29483,4,0,0,43,15,2211110130,17,59861,11123,12140,86,1150,1130.0,758.75,-0.5340286267932951,-1.4965070276692531,203134.4375,1130.0,355.0,775.0,6012,56,1104,1096.0,751.5,-0.6504723470556285,-1.4436525098679889,209857.75,1096.0,321.0,775.0,1634046402.799434,0.0,24.938789844512936
7313,0,1,0,0,3,2,594,2211110130,628,64,614,17,59861,29483,4,0,0,43,15,2211110130,17,59861,11123,12768,86,1150,1130.0,751.0588235294117,-0.4953176785563342,-1.454384826926955,192131.8200692041,1130.0,442.0,688.0,6606,56,1104,1096.0,734.0,-0.5610115805458425,-1.3923555168145725,188990.22222222225,1096.0,408.0,688.0,1634046402.800431,0.0009970664978027,24.93978691101074
7314,0,1,0,0,3,2,1096,2211110130,1130,64,1116,17,59861,29483,4,0,0,43,15,2211110130,17,59861,11123,13898,86,1150,1130.0,772.1111111111111,-0.5881023547573554,-1.3594360973048891,188992.2098765432,1130.0,442.0,688.0,7702,56,1104,1096.0,770.2,-0.728882339051406,-1.1817709546272162,181885.16,1096.0,454.5,641.5,1634046402.809383,0.0089519023895263,24.948738813400265
7315,0,1,0,0,3,2,1096,2211110130,1130,64,1116,17,59861,29483,4,0,0,43,15,2211110130,17,59861,11123,15028,86,1150,1130.0,790.9473684210526,-0.6743695533261462,-1.253901912399187,185431.73407202217,1130.0,442.0,688.0,8798,56,1104,1096.0,799.8181818181819,-0.8774474828727987,-0.9437468714255908,174122.5123966942,1096.0,501.0,595.0,1634046402.809383,0.0,24.948738813400265
7316,0,1,0,0,3,2,1096,2211110130,1130,64,1116,17,59861,29483,4,0,0,43,15,2211110130,17,59861,11123,16158,86,1150,1130.0,807.9,-0.755143720362643,-1.1401696808567003,181620.59000000003,1130.0,442.0,688.0,9894,56,1104,1096.0,824.5,-1.01150122201438,-0.6878722412492717,166313.41666666666,1096.0,547.5,548.5,1634046402.811023,0.0016400814056396,24.950378894805905
7317,0,1,0,0,3,2,559,2211110130,593,64,579,17,59861,29483,4,0,0,43,15,2211110130,17,59861,11123,593,593,593,593.0,593.0,0.0,-3.0,0.0,593.0,593.0,0.0,10453,56,1104,1096.0,804.0769230769231,-0.8721281580417007,-0.830395770699146,158525.3017751479,1096.0,559.0,537.0,1634046402.811023,0.0,24.950378894805905
7318,0,1,0,0,3,2,408,2211110130,442,64,428,17,59861,29483,4,0,0,43,15,2211110130,17,59861,11123,1035,442,593,517.5,517.5,0.0,-2.0,5700.25,555.25,479.75,75.5,10861,56,1104,1096.0,775.7857142857143,-0.6737021634749885,-1.1135947181198969,157607.16836734692,1096.0,445.75,650.25,1634046402.822393,0.0113699436187744,24.96174883842468
7319,0,1,0,0,2,3,60,3232270721,94,47,80,17,29483,59861,4,0,0,43,15,2211110130,17,59861,11123,1129,94,593,442.0,376.3333333333333,-0.4403824485056424,-1.5,43656.22222222222,517.5,268.0,249.5,10921,56,1104,1096.0,728.0666666666667,-0.502661805336836,-1.3917205114733318,178979.52888888883,1096.0,408.0,688.0,1634046402.824829,0.0024361610412597,24.96418499946594
7320,0,1,0,0,2,3,60,3232270721,94,47,80,17,29483,59861,4,0,0,43,15,2211110130,17,59861,11123,1223,94,593,268.0,305.75,0.1738570702113063,-1.7716524751286695,47688.1875,479.75,94.0,385.75,10981,56,1104,845.0,686.3125,-0.3506662823572301,-1.5719646185762004,193944.46484375,1096.0,321.0,775.0,1634046402.842768,0.0179388523101806,24.98212385177612
7321,0,1,0,0,2,3,56,3232270721,90,47,76,17,29483,59861,4,0,0,43,15,2211110130,17,59861,11123,1313,90,593,94.0,262.6,0.5569432920728313,-1.5132540952886888,45598.240000000005,442.0,94.0,348.0,11037,56,1104,594.0,649.2352941176471,-0.2174959423057481,-1.6812537363676143,204531.4740484429,1096.0,60.0,1036.0,1634046402.855117,0.0123491287231445,24.994472980499264
7322,0,1,0,0,2,3,60,3232270721,94,47,80,17,29483,59861,4,0,0,43,15,2211110130,17,59861,11123,1407,90,593,94.0,234.5,0.8472348860444824,-1.1077345205073652,41946.583333333336,355.0,94.0,261.0,11097,56,1104,576.5,616.5,-0.0984877218421348,-1.7425948882862763,211385.8055555556,1096.0,60.0,1036.0,1634046402.855172,5.4836273193359375e-05,24.994527816772457
7323,0,1,0,0,3,2,60,2211110130,94,64,80,17,59861,29483,4,0,0,43,15,2211110130,17,59861,11123,1501,90,593,94.0,214.42857142857144,1.0857808639886397,-0.6420122268226374,38371.387755102034,268.0,94.0,174.0,11157,56,1104,559.0,587.2105263157895,0.0083821777658168,-1.769241289859601,215701.95567867032,1096.0,60.0,1036.0,1634046402.864346,0.009174108505249,25.003701925277706
7324,0,1,0,0,3,2,1096,2211110130,1130,64,1116,17,59861,29483,4,0,0,43,15,2211110130,17,59861,11123,2631,90,1130,94.0,328.875,1.3211991209444367,0.4445573087319943,125260.859375,479.75,94.0,385.75,12253,56,1104,576.5,612.65,-0.0909832082233019,-1.773995659902384,217213.02750000003,1096.0,60.0,1036.0,1634046402.864346,0.0,25.003701925277706
7325,0,1,0,0,3,2,1096,2211110130,1130,64,1116,17,59861,29483,4,0,0,43,15,2211110130,17,59861,11123,3761,90,1130,94.0,417.8888888888889,0.8465038609441858,-0.9225959825916372,174730.76543209876,593.0,94.0,499.0,1096,1096,1096,1096.0,1096.0,0.0,-3.0,0.0,1096.0,1096.0,0.0,1634046402.864871,0.0005249977111816,25.004226922988888
7326,0,1,0,0,3,2,1096,2211110130,1130,64,1116,17,59861,29483,4,0,0,43,15,2211110130,17,59861,11123,4891,90,1130,268.0,489.1,0.5257466613541426,-1.4717928594663745,202896.89000000004,995.75,94.0,901.75,2192,1096,1096,1096.0,1096.0,0.0,-3.0,0.0,1096.0,1096.0,0.0,1634046402.864871,0.0,25.004226922988888
7327,0,1,0,0,3,2,1096,2211110130,1130,64,1116,17,59861,29483,4,0,0,43,15,2211110130,17,59861,11123,6021,90,1130,442.0,547.3636363636364,0.2865016698515815,-1.715749035030158,218398.23140495867,1130.0,94.0,1036.0,3288,1096,1096,1096.0,1096.0,0.0,-3.0,0.0,1096.0,1096.0,0.0,1634046402.864871,0.0,25.004226922988888
7328,0,1,0,0,3,2,1096,2211110130,1130,64,1116,17,59861,29483,4,0,0,43,15,2211110130,17,59861,11123,7151,90,1130,517.5,595.9166666666666,0.0951768672044468,-1.8156247918620132,226129.7430555556,1130.0,94.0,1036.0,4384,1096,1096,1096.0,1096.0,0.0,-3.0,0.0,1096.0,1096.0,0.0,1634046402.865518,0.0006470680236816,25.00487399101257
7329,0,1,0,0,3,2,434,2211110130,468,64,454,17,59861,29483,4,0,0,43,15,2211110130,17,59861,11123,7619,90,1130,468.0,586.0769230769231,0.1610095149797864,-1.7195601538277143,209896.99408284025,1130.0,94.0,1036.0,4818,434,1096,1096.0,963.6,-1.5,0.25,70119.04000000001,1096.0,1096.0,0.0,1634046402.865518,0.0,25.00487399101257
7330,0,1,0,0,2,3,60,3232270721,94,47,80,17,29483,59861,4,0,0,43,15,2211110130,17,59861,11123,7713,90,1130,455.0,550.9285714285714,0.290564011707326,-1.6751543227206598,210964.63775510207,1130.0,94.0,1036.0,4878,60,1096,1096.0,813.0,-0.91425709293131,-0.9239991650503324,171834.33333333334,1096.0,599.5,496.5,1634046402.873957,0.0084388256072998,25.01331281661987
7331,0,1,0,0,3,2,408,2211110130,442,64,428,17,59861,29483,4,0,0,43,15,2211110130,17,59861,11123,8155,90,1130,442.0,543.6666666666666,0.3471067939036089,-1.56978882665434,197638.62222222224,1130.0,94.0,1036.0,5286,60,1096,1096.0,755.1428571428571,-0.5267021417369887,-1.4055537553829571,167371.26530612246,1096.0,421.0,675.0,1634046402.879038,0.0050811767578125,25.018393993377682
7332,0,1,0,0,3,2,1096,2211110130,1130,64,1116,17,59861,29483,4,0,0,43,15,2211110130,17,59861,11123,9285,90,1130,455.0,580.3125,0.1992970893476231,-1.6876376514841482,205429.96484375,1130.0,94.0,1036.0,6382,60,1096,1096.0,797.75,-0.7406511321873913,-1.1426937176687204,159157.4375,1096.0,427.5,668.5,1634046402.891938,0.0128998756408691,25.03129386901855
7333,0,1,0,0,3,2,1096,2211110130,1130,64,1116,17,59861,29483,4,0,0,43,15,2211110130,17,59861,11123,10415,90,1130,468.0,612.6470588235294,0.0708653397818638,-1.747034924231555,210074.2283737024,1130.0,94.0,1036.0,7478,60,1096,1096.0,830.8888888888889,-0.9241842900985462,-0.8366547552043864,150258.76543209876,1096.0,434.0,662.0,1634046402.891938,0.0,25.03129386901855
7334,0,1,0,0,3,2,1096,2211110130,1130,64,1116,17,59861,29483,4,0,0,43,15,2211110130,17,59861,11123,11545,90,1130,530.5,641.3888888888889,-0.0429429449150229,-1.7673837747943162,212447.0154320988,1130.0,94.0,1036.0,8574,60,1096,1096.0,857.4,-1.0863675191719024,-0.5052733152919759,141558.44,1096.0,599.5,496.5,1634046402.891938,0.0,25.03129386901855
7335,0,1,0,0,3,2,556,2211110130,590,64,576,17,59861,29483,4,0,0,43,15,2211110130,17,59861,11123,12135,90,1130,590.0,638.6842105263158,-0.026074742255852,-1.7014433517463994,201397.2686980609,1130.0,94.0,1036.0,9130,60,1096,1096.0,830.0,-0.8728687533328313,-0.8018848964076986,136197.0909090909,1096.0,495.0,601.0,1634046402.892456,0.0005180835723876,25.03181195259094
7336,0,1,0,0,2,3,60,3232270721,94,47,80,17,29483,59861,4,0,0,43,15,2211110130,17,59861,11123,12229,90,1130,529.0,611.45,0.0696521573169992,-1.71485185055305,205419.7475,1130.0,94.0,1036.0,9190,60,1096,1096.0,765.8333333333334,-0.6447262342378411,-1.2437779970755982,170138.30555555556,1096.0,427.5,668.5,1634046402.893864,0.0014078617095947,25.033219814300534
7337,0,1,0,0,3,2,408,2211110130,442,64,428,17,59861,29483,4,0,0,43,15,2211110130,17,59861,11123,442,442,442,442.0,442.0,0.0,-3.0,0.0,442.0,442.0,0.0,9598,60,1096,1096.0,738.3076923076923,-0.4658761044451504,-1.407495566972414,166142.674556213,1096.0,408.0,688.0,1634046402.900694,0.0068299770355224,25.040049791336056
7338,0,1,0,0,3,2,1096,2211110130,1130,64,1116,17,59861,29483,4,0,0,43,15,2211110130,17,59861,11123,1572,442,1130,786.0,786.0,0.0,-2.0,118336.0,958.0,614.0,344.0,10694,60,1096,1096.0,763.8571428571429,-0.5866097308682549,-1.2905109168574906,162761.40816326533,1096.0,414.5,681.5,1634046402.900694,0.0,25.040049791336056
7339,0,1,0,0,3,2,1116,2211110130,1150,64,1136,17,59861,29483,4,0,0,43,15,2211110130,17,59861,11123,2722,442,1150,1130.0,907.3333333333334,-0.705149157549158,-1.4999999999999991,108334.2222222222,1140.0,786.0,354.0,11810,60,1116,1096.0,787.3333333333334,-0.6945436496757056,-1.158444638217072,159626.48888888888,1096.0,421.0,675.0,1634046402.903571,0.0028769969940185,25.042926788330075
7340,0,1,0,0,3,2,1096,2211110130,1130,64,1116,17,59861,29483,4,0,0,43,15,2211110130,17,59861,11123,3852,442,1150,1130.0,963.0,-1.152134430892681,-0.6685911204688972,90547.0,1135.0,958.0,177.0,12906,60,1116,1096.0,806.625,-0.7959345140533093,-1.009375357973175,155232.359375,1096.0,427.5,668.5,1634046402.903571,0.0,25.042926788330075
7341,0,1,0,0,3,2,1096,2211110130,1130,64,1116,17,59861,29483,4,0,0,43,15,2211110130,17,59861,11123,4982,442,1150,1130.0,996.4,-1.4970467792423063,0.2461579125870669,76899.84000000001,1130.0,1130.0,0.0,14002,60,1116,1096.0,823.6470588235294,-0.8901317346587103,-0.8503381662738572,150737.05190311422,1096.0,434.0,662.0,1634046402.903571,0.0,25.042926788330075
7342,0,1,0,0,3,2,1096,2211110130,1130,64,1116,17,59861,29483,4,0,0,43,15,2211110130,17,59861,11123,6112,442,1150,1130.0,1018.6666666666666,-1.7855929849319758,1.1943020323533835,66562.22222222222,1130.0,1130.0,0.0,15098,60,1116,1096.0,838.7777777777778,-0.9783107640951336,-0.6836933398225002,146254.72839506174,1096.0,464.5,631.5,1634046402.904874,0.0013031959533691,25.044229984283444
7343,0,1,0,0,3,2,510,2211110130,544,64,530,17,59861,29483,4,0,0,43,15,2211110130,17,59861,11123,6656,442,1150,1130.0,950.8571428571428,-0.9758613755913992,-1.003169340532909,84642.12244897957,1130.0,837.0,293.0,15608,60,1116,1096.0,821.4736842105264,-0.846527102064688,-0.8719183701745359,143946.88088642657,1096.0,472.0,624.0,1634046402.904874,0.0,25.044229984283444
7344,0,1,0,0,2,3,60,3232270721,94,47,80,17,29483,59861,4,0,0,43,15,2211110130,17,59861,11123,6750,94,1150,1130.0,843.75,-0.805217447746147,-0.9763835951873908,154365.4375,1130.0,518.5,611.5,15668,60,1116,1096.0,783.4,-0.7084362884443685,-1.1444176129592851,164292.03999999998,1096.0,427.5,668.5,1634046402.92431,0.0194358825683593,25.063665866851803
7345,0,1,0,0,3,2,408,2211110130,442,64,428,17,59861,29483,4,0,0,43,15,2211110130,17,59861,11123,7192,94,1150,1130.0,799.1111111111111,-0.5007837048828236,-1.3559959116381803,153154.76543209876,1130.0,442.0,688.0,408,408,408,408.0,408.0,0.0,-3.0,0.0,408.0,408.0,0.0,1634046402.931957,0.0076470375061035,25.071312904357907
7346,0,1,0,0,2,3,60,3232270721,94,47,80,17,29483,59861,4,0,0,43,15,2211110130,17,59861,11123,7286,94,1150,837.0,728.6,-0.2960472810720183,-1.5770014593303578,182585.64,1130.0,442.0,688.0,468,60,408,234.0,234.0,0.0,-2.0,30276.0,321.0,147.0,174.0,1634046402.94115,0.009192943572998,25.080505847930905
7347,0,1,0,0,3,2,1096,2211110130,1130,64,1116,17,59861,29483,4,0,0,43,15,2211110130,17,59861,11123,8416,94,1150,1130.0,765.0909090909091,-0.4582909441091742,-1.4717909734165096,179302.8099173554,1130.0,442.0,688.0,1564,60,1096,408.0,521.3333333333334,0.3766675336035382,-1.5000000000000004,185304.8888888889,752.0,234.0,518.0,1634046402.947881,0.0067310333251953,25.0872368812561
7348,0,1,0,0,3,2,1096,2211110130,1130,64,1116,17,59861,29483,4,0,0,43,15,2211110130,17,59861,11123,9546,94,1150,1130.0,795.5,-0.600657920480586,-1.3299487875392624,174532.75,1130.0,442.0,688.0,2660,60,1096,752.0,665.0,-0.2173703793443629,-1.715628269693377,200899.0,1096.0,321.0,775.0,1634046402.948387,0.0005059242248535,25.087742805480953
7349,0,1,0,0,3,2,1096,2211110130,1130,64,1116,17,59861,29483,4,0,0,43,15,2211110130,17,59861,11123,10676,94,1150,1130.0,821.2307692307693,-0.7282019165632747,-1.164365902911963,169052.02366863907,1130.0,442.0,688.0,3756,60,1096,1096.0,751.2,-0.5960310217014525,-1.4309581812273606,190440.96,1096.0,408.0,688.0,1634046402.948387,0.0,25.087742805480953
7350,0,1,0,0,3,2,1096,2211110130,1130,64,1116,17,59861,29483,4,0,0,43,15,2211110130,17,59861,11123,11806,94,1150,1130.0,843.2857142857143,-0.8442558263664443,-0.9825225712590068,163300.34693877556,1130.0,467.5,662.5,4852,60,1096,1096.0,808.6666666666666,-0.8841304010018901,-1.0064953845451037,175212.8888888889,1096.0,580.0,516.0,1634046402.948387,0.0,25.087742805480953
7351,0,1,0,0,3,2,1096,2211110130,1130,64,1116,17,59861,29483,4,0,0,43,15,2211110130,17,59861,11123,12936,94,1150,1130.0,862.4,-0.9511297991568112,-0.7890563765143086,157528.63999999998,1130.0,493.0,637.0,5948,60,1096,1096.0,849.7142857142857,-1.1219136136324064,-0.5235409323099716,160291.91836734695,1096.0,752.0,344.0,1634046402.94931,0.0009231567382812,25.088665962219235
7352,0,1,0,0,3,2,538,2211110130,572,64,558,17,59861,29483,4,0,0,43,15,2211110130,17,59861,11123,13508,94,1150,1130.0,844.25,-0.821200531192077,-0.9383743908053764,152624.4375,1130.0,518.5,611.5,6486,60,1096,1096.0,810.75,-0.8375735673487245,-0.8991235670296254,150882.9375,1096.0,505.5,590.5,1634046402.94931,0.0,25.088665962219235
7353,0,1,0,0,2,3,60,3232270721,94,47,80,17,29483,59861,4,0,0,43,15,2211110130,17,59861,11123,13602,94,1150,1130.0,800.1176470588235,-0.6525758645920926,-1.2535084758488393,174809.16262975775,1130.0,442.0,688.0,6546,60,1096,1096.0,727.3333333333334,-0.5149613668234663,-1.4554377918894938,189784.88888888888,1096.0,408.0,688.0,1634046402.966172,0.0168619155883789,25.105527877807614
7354,0,1,0,0,2,3,52,3232270721,86,47,72,17,29483,59861,4,0,0,43,15,2211110130,17,59861,11123,13688,86,1150,1130.0,760.4444444444445,-0.5043229969376433,-1.470104508386448,191854.9135802469,1130.0,442.0,688.0,6598,52,1096,817.0,659.8,-0.2655032548305788,-1.706422010791344,211853.16,1096.0,147.0,949.0,1634046402.966209,3.695487976074219e-05,25.105564832687374
7355,0,1,0,0,3,2,60,2211110130,94,64,80,17,59861,29483,4,0,0,43,15,2211110130,17,59861,11123,13782,86,1150,1130.0,725.3684210526316,-0.3717627060218199,-1.6188771649593965,203903.18005540167,1130.0,268.0,862.0,6658,52,1096,538.0,605.2727272727273,-0.0631685009462005,-1.803798516961607,222326.0165289256,1096.0,60.0,1036.0,1634046402.974135,0.0079259872436523,25.113490819931027
7356,0,1,0,0,3,2,1096,2211110130,1130,64,1116,17,59861,29483,4,0,0,43,15,2211110130,17,59861,11123,14912,86,1150,1130.0,745.6,-0.4582340058964235,-1.5528133684085983,201485.04,1130.0,355.0,775.0,7754,52,1096,817.0,646.1666666666666,-0.2248484184098304,-1.771485439348784,222194.3055555556,1096.0,60.0,1036.0,1634046402.974135,0.0,25.113490819931027
7357,0,1,0,0,3,2,1096,2211110130,1130,64,1116,17,59861,29483,4,0,0,43,15,2211110130,17,59861,11123,1130,1130,1130,1130.0,1130.0,0.0,-3.0,0.0,1130.0,1130.0,0.0,8850,52,1096,1096.0,680.7692307692307,-0.3653166985348979,-1.6971050820320062,219470.4852071006,1096.0,60.0,1036.0,1634046402.974825,0.0006899833679199,25.114180803298947
7358,0,1,0,0,3,2,1096,2211110130,1130,64,1116,17,59861,29483,4,0,0,43,15,2211110130,17,59861,11123,2260,1130,1130,1130.0,1130.0,0.0,-3.0,0.0,1130.0,1130.0,0.0,9946,52,1096,1096.0,710.4285714285714,-0.4901373840192943,-1.5953868980318304,215229.8163265306,1096.0,147.0,949.0,1634046402.974825,0.0,25.114180803298947
7359,0,1,0,0,3,2,911,2211110130,945,64,931,17,59861,29483,4,0,0,43,15,2211110130,17,59861,11123,3205,945,1130,1130.0,1068.3333333333333,-0.7071067811865449,-1.5000000000000024,7605.555555555556,1130.0,1037.5,92.5,10857,52,1096,1096.0,723.8,-0.5811135091328655,-1.465621230772501,203384.29333333328,1096.0,234.0,862.0,1634046402.974825,0.0,25.114180803298947
7360,0,1,0,0,3,2,408,2211110130,442,64,428,17,59861,29483,4,0,0,43,15,2211110130,17,59861,11123,3647,442,1130,1037.5,911.75,-0.9279980555396992,-0.8815683687523417,79259.1875,1130.0,819.25,310.75,11265,52,1096,1003.5,704.0625,-0.4625372162489378,-1.5373944382196156,196516.30859375,1096.0,321.0,775.0,1634046402.974825,0.0,25.114180803298947
7361,0,1,0,0,3,2,56,2211110130,90,64,76,17,59861,29483,4,0,0,43,15,2211110130,17,59861,11123,3737,90,1130,945.0,747.4,-0.5433519682837734,-1.368084304060437,171451.03999999998,1130.0,442.0,688.0,11321,52,1096,911.0,665.9411764705883,-0.3164838706455617,-1.682037551616211,208208.29065743944,1096.0,60.0,1036.0,1634046402.98107,0.0062451362609863,25.120425939559933
7362,0,1,0,0,2,3,60,3232270721,94,47,80,17,29483,59861,4,0,0,43,15,2211110130,17,59861,11123,3831,90,1130,693.5,638.5,-0.1242697686373456,-1.7545186510676676,202171.91666666663,1083.75,181.0,902.75,11381,52,1096,724.5,632.2777777777778,-0.1885389910393869,-1.7679251269293457,215905.9783950617,1096.0,60.0,1036.0,1634046402.999317,0.0182468891143798,25.138672828674313
7363,0,1,0,0,3,2,52,2211110130,86,64,72,17,59861,29483,4,0,0,43,15,2211110130,17,59861,11123,3917,86,1130,442.0,559.5714285714286,0.1716630335937216,-1.7771054379700233,210668.53061224488,1037.5,92.0,945.5,11433,52,1096,538.0,601.7368421052631,-0.075824266511894,-1.8124766432252628,221331.98337950133,1096.0,60.0,1036.0,1634046403.001003,0.0016860961914062,25.14035892486572
7364,0,1,0,0,3,2,1096,2211110130,1130,64,1116,17,59861,29483,4,0,0,43,15,2211110130,17,59861,11123,5047,86,1130,693.5,630.875,-0.09387011315751,-1.826658529277278,219924.359375,1130.0,93.0,1037.0,12529,52,1096,724.5,626.45,-0.1715449683235781,-1.797215568824893,221869.44749999995,1096.0,60.0,1036.0,1634046403.013739,0.0127360820770263,25.153095006942745
7365,0,1,0,0,3,2,1096,2211110130,1130,64,1116,17,59861,29483,4,0,0,43,15,2211110130,17,59861,11123,6177,86,1130,945.0,686.3333333333334,-0.3058275683695367,-1.7557028111032655,220093.3333333333,1130.0,94.0,1036.0,1096,1096,1096,1096.0,1096.0,0.0,-3.0,0.0,1096.0,1096.0,0.0,1634046403.013739,0.0,25.153095006942745
7366,0,1,0,0,3,2,1096,2211110130,1130,64,1116,17,59861,29483,4,0,0,43,15,2211110130,17,59861,11123,7307,86,1130,1037.5,730.7,-0.4837746737421556,-1.6219230257212058,215799.61,1130.0,181.0,949.0,2192,1096,1096,1096.0,1096.0,0.0,-3.0,0.0,1096.0,1096.0,0.0,1634046403.013739,0.0,25.153095006942745
7367,0,1,0,0,3,2,1096,2211110130,1130,64,1116,17,59861,29483,4,0,0,43,15,2211110130,17,59861,11123,8437,86,1130,1130.0,767.0,-0.6383309957227598,-1.4514392337182145,209358.36363636365,1130.0,268.0,862.0,3288,1096,1096,1096.0,1096.0,0.0,-3.0,0.0,1096.0,1096.0,0.0,1634046403.014369,0.0006299018859863,25.153724908828732
7368,0,1,0,0,3,2,1096,2211110130,1130,64,1116,17,59861,29483,4,0,0,43,15,2211110130,17,59861,11123,9567,86,1130,1130.0,797.25,-0.7758220815493094,-1.257699913220803,201977.5208333333,1130.0,355.0,775.0,4384,1096,1096,1096.0,1096.0,0.0,-3.0,0.0,1096.0,1096.0,0.0,1634046403.014369,0.0,25.153724908828732
7369,0,1,0,0,3,2,629,2211110130,663,64,649,17,59861,29483,4,0,0,43,15,2211110130,17,59861,11123,10230,86,1130,1130.0,786.9230769230769,-0.7300277423875758,-1.2104563712615524,187720.5325443787,1130.0,442.0,688.0,5013,629,1096,1096.0,1002.6,-1.5000000000000002,0.2499999999999995,34894.240000000005,1096.0,1096.0,0.0,1634046403.015126,0.0007569789886474,25.15448188781738
7370,0,1,0,0,2,3,60,3232270721,94,47,80,17,29483,59861,4,0,0,43,15,2211110130,17,59861,11123,10324,86,1130,1037.5,737.4285714285714,-0.514569425879608,-1.5305774994443166,206158.1020408163,1130.0,181.0,949.0,5073,60,1096,1096.0,845.5,-1.2090491741783822,-0.1423411970069046,152480.58333333334,1096.0,745.75,350.25,1634046403.015912,0.0007860660552978,25.155267953872677
7371,0,1,0,0,3,2,408,2211110130,442,64,428,17,59861,29483,4,0,0,43,15,2211110130,17,59861,11123,10766,86,1130,945.0,717.7333333333333,-0.3974602649658026,-1.580053325394437,197844.86222222223,1130.0,268.0,862.0,5481,60,1096,1096.0,783.0,-0.7357563706583493,-1.003799349623258,154135.14285714287,1096.0,518.5,577.5,1634046403.025685,0.0097730159759521,25.16504096984863
7372,0,1,0,0,2,3,60,3232270721,94,47,80,17,29483,59861,4,0,0,43,15,2211110130,17,59861,11123,10860,86,1130,804.0,678.75,-0.2476569983043594,-1.709171471542665,208275.0625,1130.0,94.0,1036.0,5541,60,1096,862.5,692.625,-0.3968028513624212,-1.5330056576712827,192041.734375,1096.0,321.0,775.0,1634046403.032868,0.0071828365325927,25.172223806381222
7373,0,1,0,0,3,2,1096,2211110130,1130,64,1116,17,59861,29483,4,0,0,43,15,2211110130,17,59861,11123,11990,86,1130,945.0,705.2941176470588,-0.3525717653825357,-1.6550376771988484,207297.03114186853,1130.0,94.0,1036.0,6637,60,1096,1096.0,737.4444444444445,-0.5896304238734278,-1.357138405975457,186774.024691358,1096.0,408.0,688.0,1634046403.038273,0.0054051876068115,25.177628993988034
7374,0,1,0,0,3,2,1096,2211110130,1130,64,1116,17,59861,29483,4,0,0,43,15,2211110130,17,59861,11123,13120,86,1130,1037.5,728.8888888888889,-0.4486055819909857,-1.5841455034569234,205244.65432098767,1130.0,181.0,949.0,7733,60,1096,1096.0,773.3,-0.7563105806350933,-1.1380151816664257,179667.21000000002,1096.0,463.25,632.75,1634046403.038273,0.0,25.177628993988034
7375,0,1,0,0,3,2,1116,2211110130,1150,64,1136,17,59861,29483,4,0,0,43,15,2211110130,17,59861,11123,14270,86,1150,1130.0,751.0526315789474,-0.5358658041185425,-1.501756651544562,203284.4709141274,1130.0,268.0,862.0,8849,60,1116,1096.0,804.4545454545455,-0.9017018903342984,-0.8968244169894395,173039.88429752065,1096.0,518.5,577.5,1634046403.038935,0.0006618499755859,25.17829084396362
7376,0,1,0,0,3,2,1096,2211110130,1130,64,1116,17,59861,29483,4,0,0,43,15,2211110130,17,59861,11123,15400,86,1150,1130.0,770.0,-0.6186578399691778,-1.408797657792374,199941.3,1130.0,355.0,775.0,9945,60,1116,1096.0,828.75,-1.03559973457344,-0.6342289582378733,165112.85416666666,1096.0,573.75,522.25,1634046403.045402,0.0064671039581298,25.18475794792175
7377,0,1,0,0,3,2,971,2211110130,1005,64,991,17,59861,29483,4,0,0,43,15,2211110130,17,59861,11123,1005,1005,1005,1005.0,1005.0,0.0,-3.0,0.0,1005.0,1005.0,0.0,10916,60,1116,1096.0,839.6923076923077,-1.1428663182872716,-0.3605365417519235,153848.674556213,1096.0,629.0,467.0,1634046403.045402,0.0,25.18475794792175
7378,0,1,0,0,2,3,56,3232270721,90,47,76,17,29483,59861,4,0,0,43,15,2211110130,17,59861,11123,1095,90,1005,547.5,547.5,0.0,-2.0,209306.25,776.25,318.75,457.5,10972,56,1116,1096.0,783.7142857142857,-0.8569390296339348,-1.0301182284788386,183595.48979591837,1096.0,463.25,632.75,1634046403.051415,0.0060129165649414,25.19077086448669
7379,0,1,0,0,3,2,408,2211110130,442,64,428,17,59861,29483,4,0,0,43,15,2211110130,17,59861,11123,1537,90,1005,442.0,512.3333333333334,0.273455883217261,-1.5000000000000009,142010.8888888889,723.5,266.0,457.5,11380,56,1116,1096.0,758.6666666666666,-0.6919337754219324,-1.233522920453212,180139.15555555554,1096.0,408.0,688.0,1634046403.061372,0.0099570751190185,25.20072793960571
7380,0,1,0,0,2,3,60,3232270721,94,47,80,17,29483,59861,4,0,0,43,15,2211110130,17,59861,11123,1631,90,1005,268.0,407.75,0.7216784590385219,-1.1050634585179209,139321.1875,582.75,93.0,489.75,11440,56,1116,1033.5,715.0,-0.5122889147367695,-1.499549389147846,197482.125,1096.0,321.0,775.0,1634046403.068757,0.0073850154876708,25.20811295509338
7381,0,1,0,0,3,2,1096,2211110130,1130,64,1116,17,59861,29483,4,0,0,43,15,2211110130,17,59861,11123,2761,90,1130,442.0,552.2,0.2079125406198041,-1.718968378993697,194920.16000000003,1005.0,94.0,911.0,12536,56,1116,1096.0,737.4117647058823,-0.6102865365659694,-1.3935203562512255,193902.12456747403,1096.0,408.0,688.0,1634046403.080697,0.0119400024414062,25.220052957534786
7382,0,1,0,0,3,2,1096,2211110130,1130,64,1116,17,59861,29483,4,0,0,43,15,2211110130,17,59861,11123,3891,90,1130,723.5,648.5,-0.1483639915469589,-1.7870079885202637,208801.91666666663,1098.75,181.0,917.75,13632,56,1116,1096.0,757.3333333333334,-0.7010975405439246,-1.276609409203377,189876.5555555556,1096.0,408.0,688.0,1634046403.080697,0.0,25.220052957534786
7383,0,1,0,0,3,2,1096,2211110130,1130,64,1116,17,59861,29483,4,0,0,43,15,2211110130,17,59861,11123,5021,90,1130,1005.0,717.2857142857143,-0.416218934308746,-1.6531621530734368,207361.91836734692,1130.0,268.0,862.0,14728,56,1116,1096.0,775.1578947368421,-0.7859004286512481,-1.151354268202733,185601.9224376731,1096.0,408.0,688.0,1634046403.080697,0.0,25.220052957534786
7384,0,1,0,0,3,2,1096,2211110130,1130,64,1116,17,59861,29483,4,0,0,43,15,2211110130,17,59861,11123,6151,90,1130,1067.5,768.875,-0.6336277747834017,-1.4311398065279728,200071.859375,1130.0,355.0,775.0,15824,56,1116,1096.0,791.2,-0.8656037138172802,-1.0195622181566222,181211.46,1096.0,408.0,688.0,1634046403.081279,0.0005819797515869,25.220634937286373
7385,0,1,0,0,3,2,1096,2211110130,1130,64,1116,17,59861,29483,4,0,0,43,15,2211110130,17,59861,11123,7281,90,1130,1130.0,809.0,-0.8187332906566601,-1.1632464481626903,190721.77777777775,1130.0,442.0,688.0,1096,1096,1096,1096.0,1096.0,0.0,-3.0,0.0,1096.0,1096.0,0.0,1634046403.081279,0.0,25.220634937286373
7386,0,1,0,0,3,2,542,2211110130,576,64,562,17,59861,29483,4,0,0,43,15,2211110130,17,59861,11123,7857,90,1130,1067.5,785.7,-0.6779593013065144,-1.2299570737126837,176535.61000000002,1130.0,475.5,654.5,1638,542,1096,819.0,819.0,0.0,-2.0,76729.0,957.5,680.5,277.0,1634046403.081824,0.0005450248718261,25.2211799621582
7387,0,1,0,0,2,3,60,3232270721,94,47,80,17,29483,59861,4,0,0,43,15,2211110130,17,59861,11123,7951,90,1130,1005.0,722.8181818181819,-0.4227262314389232,-1.5832712993752418,200028.14876033057,1130.0,268.0,862.0,1698,60,1096,542.0,566.0,0.0848666899402055,-1.5,179170.66666666666,819.0,301.0,518.0,1634046403.087933,0.0061089992523193,25.22728896141052
7388,0,1,0,0,3,2,60,2211110130,94,64,80,17,59861,29483,4,0,0,43,15,2211110130,17,59861,11123,8045,90,1130,790.5,670.4166666666666,-0.2195597165760402,-1.7519659700859649,213564.24305555556,1130.0,94.0,1036.0,1758,60,1096,301.0,439.5,0.5607635727781678,-1.2913433514816437,182384.75,680.5,60.0,620.5,1634046403.101581,0.0136480331420898,25.24093699455261
7389,0,1,0,0,3,2,408,2211110130,442,64,428,17,59861,29483,4,0,0,43,15,2211110130,17,59861,11123,8487,90,1130,576.0,652.8461538461538,-0.1147364246276433,-1.71940975308482,200840.899408284,1130.0,94.0,1036.0,2166,60,1096,408.0,433.2,0.675275647773275,-0.8259154822560233,146066.56,542.0,60.0,482.0,1634046403.101581,0.0,25.24093699455261
7390,0,1,0,0,3,2,1096,2211110130,1130,64,1116,17,59861,29483,4,0,0,43,15,2211110130,17,59861,11123,9617,90,1130,790.5,686.9285714285714,-0.248376932854983,-1.6878578130655926,201596.06632653065,1130.0,181.0,949.0,3262,60,1096,475.0,543.6666666666666,0.2308848875745773,-1.522995976626387,182736.5555555555,957.5,147.0,810.5,1634046403.10482,0.0032389163970947,25.244175910949703
7391,0,1,0,0,3,2,1096,2211110130,1130,64,1116,17,59861,29483,4,0,0,43,15,2211110130,17,59861,11123,10747,90,1130,1005.0,716.4666666666667,-0.3675471816296358,-1.6254545397975193,200371.3155555556,1130.0,268.0,862.0,4358,60,1096,542.0,622.5714285714286,-0.0805239960103908,-1.659165992851208,193987.10204081636,1096.0,234.0,862.0,1634046403.107042,0.0022220611572265,25.24639797210693
7392,0,1,0,0,3,2,1096,2211110130,1130,64,1116,17,59861,29483,4,0,0,43,15,2211110130,17,59861,11123,11877,90,1130,1067.5,742.3125,-0.4754247388359701,-1.5416419095366107,197868.21484375,1130.0,355.0,775.0,5454,60,1096,819.0,681.75,-0.3206208039455842,-1.5998676983462043,194253.4375,1096.0,321.0,775.0,1634046403.107042,0.0,25.24639797210693
7393,0,1,0,0,3,2,1084,2211110130,1118,64,1104,17,59861,29483,4,0,0,43,15,2211110130,17,59861,11123,12995,90,1130,1118.0,764.4117647058823,-0.5748951404496415,-1.4413977469964472,194042.94809688575,1130.0,442.0,688.0,6538,60,1096,1084.0,726.4444444444445,-0.5193239897012025,-1.44856110928451,188650.4691358025,1096.0,408.0,688.0,1634046403.107827,0.0007848739624023,25.247182846069332
7394,0,1,0,0,2,3,60,3232270721,94,47,80,17,29483,59861,4,0,0,43,15,2211110130,17,59861,11123,13089,90,1130,1061.5,727.1666666666666,-0.4250536068966909,-1.6217776716994912,206845.13888888888,1130.0,181.0,949.0,6598,60,1096,813.0,659.8,-0.2671380746019318,-1.7052215016021963,209758.76,1096.0,147.0,949.0,1634046403.122606,0.0147790908813476,25.26196193695068
7395,0,1,0,0,3,2,408,2211110130,442,64,428,17,59861,29483,4,0,0,43,15,2211110130,17,59861,11123,13531,90,1130,1005.0,712.1578947368421,-0.3364172114489427,-1.646814534816026,200013.29085872576,1130.0,268.0,862.0,7006,60,1096,542.0,636.9090909090909,-0.1304656380515839,-1.6844270729041773,195929.7190082644,1096.0,234.0,862.0,1634046403.132528,0.0099220275878906,25.27188396453857
7396,0,1,0,0,2,3,60,3232270721,94,47,80,17,29483,59861,4,0,0,43,15,2211110130,17,59861,11123,13625,90,1130,790.5,681.25,-0.22182545490124,-1.7323456680260654,208163.2875,1130.0,94.0,1036.0,7066,60,1096,475.0,588.8333333333334,0.0356419119651207,-1.7317245747477783,205026.3055555556,1096.0,60.0,1036.0,1634046403.140109,0.0075809955596923,25.279464960098263
7397,0,1,0,0,3,2,1096,2211110130,1130,64,1116,17,59861,29483,4,0,0,43,15,2211110130,17,59861,11123,1130,1130,1130,1130.0,1130.0,0.0,-3.0,0.0,1130.0,1130.0,0.0,8162,60,1096,542.0,627.8461538461538,-0.1190894718195157,-1.7423249762827946,207519.0532544379,1096.0,60.0,1036.0,1634046403.146768,0.0066590309143066,25.28612399101257
7398,0,1,0,0,3,2,1096,2211110130,1130,64,1116,17,59861,29483,4,0,0,43,15,2211110130,17,59861,11123,2260,1130,1130,1130.0,1130.0,0.0,-3.0,0.0,1130.0,1130.0,0.0,9258,60,1096,813.0,661.2857142857143,-0.2538913087666803,-1.7068430553321128,207232.91836734692,1096.0,147.0,949.0,1634046403.146768,0.0,25.28612399101257
7399,0,1,0,0,3,2,1096,2211110130,1130,64,1116,17,59861,29483,4,0,0,43,15,2211110130,17,59861,11123,3390,1130,1130,1130.0,1130.0,0.0,-3.0,0.0,1130.0,1130.0,0.0,10354,60,1096,1084.0,690.2666666666667,-0.3738126457501035,-1.641087379355986,205175.92888888883,1096.0,234.0,862.0,1634046403.146768,0.0,25.28612399101257
7400,0,1,0,0,3,2,1096,2211110130,1130,64,1116,17,59861,29483,4,0,0,43,15,2211110130,17,59861,11123,4520,1130,1130,1130.0,1130.0,0.0,-3.0,0.0,1130.0,1130.0,0.0,11450,60,1096,1090.0,715.625,-0.4822154338363285,-1.5543909950795287,201998.109375,1096.0,321.0,775.0,1634046403.147347,0.0005788803100585,25.28670287132263
7401,0,1,0,0,3,2,1096,2211110130,1130,64,1116,17,59861,29483,4,0,0,43,15,2211110130,17,59861,11123,5650,1130,1130,1130.0,1130.0,0.0,-3.0,0.0,1130.0,1130.0,0.0,12546,60,1096,1096.0,738.0,-0.5814411032807839,-1.4526135380107938,198126.11764705885,1096.0,408.0,688.0,1634046403.147347,0.0,25.28670287132263
7402,0,1,0,0,3,2,413,2211110130,447,64,433,17,59861,29483,4,0,0,43,15,2211110130,17,59861,11123,6097,447,1130,1130.0,1016.1666666666666,-1.7888543819998317,1.1999999999999984,64790.13888888888,1130.0,1130.0,0.0,12959,60,1096,1090.0,719.9444444444445,-0.4717455490755727,-1.525573973915061,192661.1635802469,1096.0,408.0,688.0,1634046403.147843,0.0004959106445312,25.28719878196716
7403,0,1,0,0,2,3,60,3232270721,94,47,80,17,29483,59861,4,0,0,43,15,2211110130,17,59861,11123,6191,94,1130,1130.0,884.4285714285714,-1.1274221536139792,-0.5054769168730409,159663.95918367346,1130.0,788.5,341.5,13019,60,1096,1084.0,685.2105263157895,-0.3423329563914606,-1.6584148538047656,204237.1135734072,1096.0,234.0,862.0,1634046403.158102,0.0102591514587402,25.2974579334259
7404,0,1,0,0,3,2,1096,2211110130,1130,64,1116,17,59861,29483,4,0,0,43,15,2211110130,17,59861,11123,7321,94,1130,1130.0,915.125,-1.3328797004786954,0.0100442083817342,146301.859375,1130.0,959.25,170.75,14115,60,1096,1090.0,705.75,-0.4295490940136264,-1.596773970677462,202040.7875,1096.0,321.0,775.0,1634046403.172049,0.0139470100402832,25.311404943466183
7405,0,1,0,0,3,2,1096,2211110130,1130,64,1116,17,59861,29483,4,0,0,43,15,2211110130,17,59861,11123,8451,94,1130,1130.0,939.0,-1.5156815773154748,0.5429229203564114,134606.22222222222,1130.0,1130.0,0.0,1096,1096,1096,1096.0,1096.0,0.0,-3.0,0.0,1096.0,1096.0,0.0,1634046403.172049,0.0,25.311404943466183
7406,0,1,0,0,3,2,1096,2211110130,1130,64,1116,17,59861,29483,4,0,0,43,15,2211110130,17,59861,11123,9581,94,1130,1130.0,958.1,-1.68157540582915,1.0867774841386986,124428.89,1130.0,1130.0,0.0,2192,1096,1096,1096.0,1096.0,0.0,-3.0,0.0,1096.0,1096.0,0.0,1634046403.172049,0.0,25.311404943466183
7407,0,1,0,0,3,2,1096,2211110130,1130,64,1116,17,59861,29483,4,0,0,43,15,2211110130,17,59861,11123,10711,94,1130,1130.0,973.7272727272727,-1.834294677031592,1.6380128438721044,115559.28925619836,1130.0,1130.0,0.0,3288,1096,1096,1096.0,1096.0,0.0,-3.0,0.0,1096.0,1096.0,0.0,1634046403.172774,0.0007250308990478,25.31212997436523
7408,0,1,0,0,2,3,60,3232270721,94,47,80,17,29483,59861,4,0,0,43,15,2211110130,17,59861,11123,10805,94,1130,1130.0,900.4166666666666,-1.2839967961341,-0.2068061273092514,165048.24305555556,1130.0,959.25,170.75,3348,60,1096,1096.0,837.0,-1.1547005383792517,-0.6666666666666665,201243.0,1096.0,837.0,259.0,1634046403.175304,0.0025298595428466,25.314659833908078
7409,0,1,0,0,2,3,52,3232270721,86,47,72,17,29483,59861,4,0,0,43,15,2211110130,17,59861,11123,10891,86,1130,1130.0,837.7692307692307,-0.9351248460295524,-1.0268265230713869,199448.6390532544,1130.0,447.0,683.0,3400,52,1096,1096.0,680.0,-0.4083237772777952,-1.8331689750784217,259590.4,1096.0,60.0,1036.0,1634046403.175361,5.698204040527344e-05,25.314716815948483
7410,0,1,0,0,3,2,1116,2211110130,1150,64,1136,17,59861,29483,4,0,0,43,15,2211110130,17,59861,11123,12041,86,1150,1130.0,860.0714285714286,-1.0487812460099442,-0.7993907151746416,191668.3520408163,1130.0,617.75,512.25,4516,52,1116,1096.0,752.6666666666666,-0.7065171057506512,-1.4997903958796206,242727.5555555556,1096.0,319.0,777.0,1634046403.179229,0.0038681030273437,25.318584918975827
7411,0,1,0,0,3,2,1096,2211110130,1130,64,1116,17,59861,29483,4,0,0,43,15,2211110130,17,59861,11123,13171,86,1150,1130.0,878.0666666666667,-1.1550293206554787,-0.5632678990922835,183424.06222222227,1130.0,788.5,341.5,5612,52,1116,1096.0,801.7142857142857,-0.948064104580729,-1.100044199464517,222486.20408163263,1096.0,578.0,518.0,1634046403.179229,0.0,25.318584918975827
7412,0,1,0,0,3,2,101,2211110130,135,64,121,17,59861,29483,4,0,0,43,15,2211110130,17,59861,11123,13306,86,1150,1130.0,831.625,-0.889444697964682,-1.1313318881192835,204312.484375,1130.0,369.0,761.0,5713,52,1116,1096.0,714.125,-0.518030039165126,-1.7280578960452986,248378.609375,1096.0,90.75,1005.25,1634046403.179229,0.0,25.318584918975827
7413,0,1,0,0,3,2,408,2211110130,442,64,428,17,59861,29483,4,0,0,43,15,2211110130,17,59861,11123,13748,86,1150,1130.0,808.7058823529412,-0.7449205585073475,-1.3118413057323752,200698.67820069203,1130.0,442.0,688.0,6121,52,1116,1096.0,680.1111111111111,-0.3324079972874331,-1.7879533138416583,230036.5432098765,1096.0,101.0,995.0,1634046403.179873,0.0006439685821533,25.31922888755798
7414,0,1,0,0,2,3,60,3232270721,94,47,80,17,29483,59861,4,0,0,43,15,2211110130,17,59861,11123,13842,86,1150,1130.0,769.0,-0.5734203174495978,-1.55785614158966,216350.22222222225,1130.0,211.75,918.25,6181,52,1116,752.0,618.1,-0.0981706176642772,-1.9034460046504396,241641.29,1096.0,70.25,1025.75,1634046403.194763,0.0148899555206298,25.33411884307861
7415,0,1,0,0,3,2,56,2211110130,90,64,76,17,59861,29483,4,0,0,43,15,2211110130,17,59861,11123,13932,86,1150,1130.0,733.2631578947369,-0.4287183040022788,-1.7159942998380056,227951.56232686975,1130.0,114.5,1015.5,6237,52,1116,408.0,567.0,0.0908151489909999,-1.912657218904323,245786.0,1096.0,60.0,1036.0,1634046403.196404,0.001641035079956,25.335759878158566
7416,0,1,0,0,3,2,60,2211110130,94,64,80,17,59861,29483,4,0,0,43,15,2211110130,17,59861,11123,14026,86,1150,1130.0,701.3,-0.3029830584144282,-1.8174153615929247,235965.21,1130.0,94.0,1036.0,6297,52,1116,254.5,524.75,0.2508176302908916,-1.8627233737659177,244939.5208333333,1096.0,60.0,1036.0,1634046403.20903,0.0126259326934814,25.348385810852047
7417,0,1,0,0,2,3,60,3232270721,94,47,80,17,29483,59861,4,0,0,43,15,2211110130,17,59861,11123,94,94,94,94.0,94.0,0.0,-3.0,0.0,94.0,94.0,0.0,6357,52,1116,101.0,489.0,0.390150244780808,-1.7761862287660088,241434.7692307692,1096.0,60.0,1036.0,1634046403.209841,0.0008111000061035,25.34919691085815
7418,0,1,0,0,3,2,1104,2211110130,1138,64,1124,17,59861,29483,4,0,0,43,15,2211110130,17,59861,11123,1232,94,1138,616.0,616.0,0.0,-2.0,272484.0,877.0,355.0,522.0,7461,52,1116,254.5,532.9285714285714,0.2141876262499259,-1.8914151727227564,249275.78061224488,1096.0,60.0,1036.0,1634046403.209898,5.698204040527344e-05,25.349253892898556
7419,0,1,0,0,3,2,1096,2211110130,1130,64,1116,17,59861,29483,4,0,0,43,15,2211110130,17,59861,11123,2362,94,1138,1130.0,787.3333333333334,-0.7069655779110005,-1.4999999999999998,240366.22222222225,1134.0,612.0,522.0,8557,52,1116,408.0,570.4666666666667,0.065511858191232,-1.9385619456037952,252384.91555555555,1096.0,60.0,1036.0,1634046403.209898,0.0,25.349253892898556
7420,0,1,0,0,3,2,1096,2211110130,1130,64,1116,17,59861,29483,4,0,0,43,15,2211110130,17,59861,11123,3492,94,1138,1130.0,873.0,-1.154517569640643,-0.6668065497241153,202291.0,1132.0,871.0,261.0,9653,52,1116,752.0,603.3125,-0.0636207199782351,-1.942514569820531,252793.58984375,1096.0,60.0,1036.0,1634046403.210444,0.0005459785461425,25.3497998714447
7421,0,1,0,0,3,2,1096,2211110130,1130,64,1116,17,59861,29483,4,0,0,43,15,2211110130,17,59861,11123,4622,94,1138,1130.0,924.4,-1.4997906516974402,0.2497226660843758,172400.63999999996,1130.0,1130.0,0.0,10749,52,1116,1096.0,632.2941176470588,-0.1781781899342246,-1.9173566981576973,251362.3252595156,1096.0,60.0,1036.0,1634046403.210444,0.0,25.3497998714447
7422,0,1,0,0,3,2,1035,2211110130,1069,64,1055,17,59861,29483,4,0,0,43,15,2211110130,17,59861,11123,5691,94,1138,1130.0,948.5,-1.7744711515820843,1.1730768901791864,146571.25,1130.0,1084.25,45.75,11784,52,1116,1065.5,654.6666666666666,-0.2795967538826822,-1.8692286672461569,245906.7777777777,1096.0,60.0,1036.0,1634046403.210444,0.0,25.3497998714447
7423,0,1,0,0,2,3,60,3232270721,94,47,80,17,29483,59861,4,0,0,43,15,2211110130,17,59861,11123,5785,94,1138,1130.0,826.4285714285714,-0.9417485553842404,-1.1034068784418327,215041.1020408164,1130.0,581.5,548.5,11844,52,1116,1035.0,623.3684210526316,-0.1578974266489467,-1.9266159334572783,250596.7590027701,1096.0,60.0,1036.0,1634046403.227793,0.0173490047454834,25.367148876190182
7424,0,1,0,0,3,2,408,2211110130,442,64,428,17,59861,29483,4,0,0,43,15,2211110130,17,59861,11123,6227,94,1138,1099.5,778.375,-0.6464650254016382,-1.4392845367469016,204324.984375,1130.0,355.0,775.0,12252,52,1116,721.5,612.6,-0.0981008329972426,-1.9004015694399423,240270.14,1096.0,60.0,1036.0,1634046403.235175,0.0073819160461425,25.374530792236325
7425,0,1,0,0,2,3,52,3232270721,86,48,72,17,10001,59861,4,0,0,43,15,2211110130,17,59861,11123,6313,86,1138,1069.0,701.4444444444445,-0.3345377470394474,-1.779099925967091,228968.69135802463,1130.0,94.0,1036.0,52,52,52,52.0,52.0,0.0,-3.0,0.0,52.0,52.0,0.0,1634046403.239202,0.0040271282196044,25.37855792045593
7426,0,1,0,0,3,2,1096,2211110130,1130,64,1116,17,59861,29483,4,0,0,43,15,2211110130,17,59861,11123,7443,86,1138,1099.5,744.3,-0.5124000421509786,-1.6327560027855768,222601.21,1130.0,181.0,949.0,1148,52,1096,574.0,574.0,0.0,-2.0,272484.0,835.0,313.0,522.0,1634046403.257369,0.0181670188903808,25.39672493934631
7427,0,1,0,0,3,2,1096,2211110130,1130,64,1116,17,59861,29483,4,0,0,43,15,2211110130,17,59861,11123,8573,86,1138,1130.0,779.3636363636364,-0.666932768138161,-1.4522182967423185,214659.32231404955,1130.0,268.0,862.0,2244,52,1096,1096.0,748.0,-0.7071067811865475,-1.5,242208.0,1096.0,574.0,522.0,1634046403.258038,0.0006690025329589,25.39739394187927
7428,0,1,0,0,3,2,1096,2211110130,1130,64,1116,17,59861,29483,4,0,0,43,15,2211110130,17,59861,11123,9703,86,1138,1130.0,808.5833333333334,-0.8044844609717435,-1.2499882796758417,206162.7430555555,1130.0,355.0,775.0,3340,52,1096,1096.0,835.0,-1.1547005383792517,-0.6666666666666665,204363.0,1096.0,835.0,261.0,1634046403.258038,0.0,25.39739394187927
7429,0,1,0,0,3,2,1096,2211110130,1130,64,1116,17,59861,29483,4,0,0,43,15,2211110130,17,59861,11123,10833,86,1138,1130.0,833.3076923076923,-0.929097054224952,-1.0331382744796638,197639.5976331361,1130.0,442.0,688.0,4436,52,1096,1096.0,887.2,-1.5000000000000009,0.2500000000000018,174389.75999999995,1096.0,1096.0,0.0,1634046403.258038,0.0,25.39739394187927
7430,0,1,0,0,3,2,842,2211110130,876,64,862,17,59861,29483,4,0,0,43,15,2211110130,17,59861,11123,11709,86,1138,1130.0,836.3571428571429,-0.9844953325577576,-0.8569032287862934,183643.37244897964,1130.0,550.5,579.5,5278,52,1096,1096.0,879.6666666666666,-1.579409768685729,0.7577850916237443,145608.55555555553,1096.0,905.5,190.5,1634046403.258626,0.0005879402160644,25.397981882095333
7431,0,1,0,0,3,2,408,2211110130,442,64,428,17,59861,29483,4,0,0,43,15,2211110130,17,59861,11123,12151,86,1138,1130.0,810.0666666666667,-0.8059426994931076,-1.1155956241027472,181077.1288888888,1130.0,442.0,688.0,5686,52,1096,1096.0,812.2857142857143,-0.9979597604428216,-0.6101245657423706,152048.48979591837,1096.0,625.0,471.0,1634046403.261921,0.0032949447631835,25.401276826858517
7432,0,1,0,0,2,3,56,3232270721,90,47,76,17,29483,59861,4,0,0,43,15,2211110130,17,59861,11123,12241,86,1138,1099.5,765.0625,-0.6080360457476417,-1.439902077391985,200140.43359375,1130.0,355.0,775.0,5742,52,1096,969.0,717.75,-0.5724822397549342,-1.4332890084312124,195601.4375,1096.0,320.0,776.0,1634046403.265063,0.0031421184539794,25.404418945312496
7433,0,1,0,0,2,3,60,3232270721,94,47,80,17,29483,59861,4,0,0,43,15,2211110130,17,59861,11123,12335,86,1138,1069.0,725.5882352941177,-0.44355126674149,-1.6405811776156891,213298.9480968858,1130.0,94.0,1036.0,5802,52,1096,842.0,644.6666666666666,-0.2753933507083372,-1.742523906760948,216597.3333333333,1096.0,60.0,1036.0,1634046403.265122,5.888938903808594e-05,25.404477834701535
7434,0,1,0,0,3,2,1096,2211110130,1130,64,1116,17,59861,29483,4,0,0,43,15,2211110130,17,59861,11123,13465,86,1138,1099.5,748.0555555555555,-0.537742257814516,-1.5511210683375996,210030.274691358,1130.0,181.0,949.0,6898,52,1096,969.0,689.8,-0.4544557272634564,-1.6212050202370711,213270.76,1096.0,147.0,949.0,1634046403.294894,0.0297720432281494,25.434249877929684
7435,0,1,0,0,3,2,1096,2211110130,1130,64,1116,17,59861,29483,4,0,0,43,15,2211110130,17,59861,11123,14595,86,1138,1130.0,768.1578947368421,-0.6250806620731753,-1.4513542005282394,206249.92243767317,1130.0,268.0,862.0,7994,52,1096,1096.0,726.7272727272727,-0.6097039525734921,-1.460402972837704,207518.7438016529,1096.0,234.0,862.0,1634046403.294894,0.0,25.434249877929684
7436,0,1,0,0,3,2,1096,2211110130,1130,64,1116,17,59861,29483,4,0,0,43,15,2211110130,17,59861,11123,15725,86,1138,1130.0,786.25,-0.706673954334907,-1.3436052677207118,202156.5875,1130.0,355.0,775.0,9090,52,1096,1096.0,757.5,-0.747605868590297,-1.2747129205193908,200642.0833333333,1096.0,321.0,775.0,1634046403.294894,0.0,25.434249877929684
7437,0,1,0,0,3,2,1096,2211110130,1130,64,1116,17,59861,29483,4,0,0,43,15,2211110130,17,59861,11123,1130,1130,1130,1130.0,1130.0,0.0,-3.0,0.0,1130.0,1130.0,0.0,10186,52,1096,1096.0,783.5384615384615,-0.8723027101860794,-1.072345173521796,193344.09467455625,1096.0,408.0,688.0,1634046403.297782,0.0028879642486572,25.43713784217834
7438,0,1,0,0,3,2,1096,2211110130,1130,64,1116,17,59861,29483,4,0,0,43,15,2211110130,17,59861,11123,2260,1130,1130,1130.0,1130.0,0.0,-3.0,0.0,1130.0,1130.0,0.0,11282,52,1096,1096.0,805.8571428571429,-0.9865973882950309,-0.8582637584810335,186009.40816326535,1096.0,516.5,579.5,1634046403.297782,0.0,25.43713784217834
7439,0,1,0,0,2,3,60,3232270721,94,47,80,17,29483,59861,4,0,0,43,15,2211110130,17,59861,11123,2354,94,1130,1130.0,784.6666666666666,-0.7071067811865472,-1.5000000000000004,238510.22222222225,1130.0,612.0,518.0,11342,52,1096,1096.0,756.1333333333333,-0.7404014781169496,-1.323055562083525,208223.18222222227,1096.0,234.0,862.0,1634046403.298237,0.0004551410675048,25.437592983245846
7440,0,1,0,0,3,2,1096,2211110130,1130,64,1116,17,59861,29483,4,0,0,43,15,2211110130,17,59861,11123,3484,94,1130,1130.0,871.0,-1.1547005383792517,-0.6666666666666665,201243.0,1130.0,871.0,259.0,12438,52,1096,1096.0,777.375,-0.8414405765029653,-1.163015275050148,201977.359375,1096.0,321.0,775.0,1634046403.299814,0.0015769004821777,25.439169883728024
7441,0,1,0,0,3,2,1096,2211110130,1130,64,1116,17,59861,29483,4,0,0,43,15,2211110130,17,59861,11123,4614,94,1130,1130.0,922.8,-1.4999999999999998,0.25,171727.36,1130.0,1130.0,0.0,13534,52,1096,1096.0,796.1176470588235,-0.9354422757517232,-0.9951186011618484,195716.92733564012,1096.0,408.0,688.0,1634046403.299814,0.0,25.439169883728024
7442,0,1,0,0,3,2,1096,2211110130,1130,64,1116,17,59861,29483,4,0,0,43,15,2211110130,17,59861,11123,5744,94,1130,1130.0,957.3333333333334,-1.7888543819998324,1.2000000000000002,149068.88888888888,1130.0,1130.0,0.0,14630,52,1096,1096.0,812.7777777777778,-1.023545151725994,-0.8211698875493068,189562.2839506173,1096.0,516.5,579.5,1634046403.299814,0.0,25.439169883728024
7443,0,1,0,0,3,2,1096,2211110130,1130,64,1116,17,59861,29483,4,0,0,43,15,2211110130,17,59861,11123,6874,94,1130,1130.0,982.0,-2.0412414523193148,2.166666666666667,131424.0,1130.0,1130.0,0.0,15726,52,1096,1096.0,827.6842105263158,-1.1066263829383778,-0.6424607157398663,183584.9529085873,1096.0,625.0,471.0,1634046403.299814,0.0,25.439169883728024
7444,0,1,0,0,3,2,1096,2211110130,1130,64,1116,17,59861,29483,4,0,0,43,15,2211110130,17,59861,11123,8004,94,1130,1130.0,1000.5,-2.2677868380553634,3.1428571428571432,117391.75,1130.0,1130.0,0.0,16822,52,1096,1096.0,841.1,-1.1853761818201307,-0.4599398236401639,177825.38999999996,1096.0,733.5,362.5,1634046403.299814,0.0,25.439169883728024
7445,0,1,0,0,3,2,1116,2211110130,1150,64,1136,17,59861,29483,4,0,0,43,15,2211110130,17,59861,11123,9154,94,1150,1130.0,1017.1111111111112,-2.4731151991695586,4.120098479969196,106555.65432098764,1130.0,1130.0,0.0,1116,1116,1116,1116.0,1116.0,0.0,-3.0,0.0,1116.0,1116.0,0.0,1634046403.300784,0.0009701251983642,25.440140008926388
7446,0,1,0,0,3,2,1096,2211110130,1130,64,1116,17,59861,29483,4,0,0,43,15,2211110130,17,59861,11123,10284,94,1150,1130.0,1028.4,-2.664816701336021,5.1054384031236815,97047.04,1130.0,1130.0,0.0,2212,1096,1116,1106.0,1106.0,0.0,-2.0,100.0,1111.0,1101.0,10.0,1634046403.300784,0.0,25.440140008926388
7447,0,1,0,0,3,2,1096,2211110130,1130,64,1116,17,59861,29483,4,0,0,43,15,2211110130,17,59861,11123,11414,94,1150,1130.0,1037.6363636363635,-2.844113394324101,6.093560994871309,89077.68595041323,1130.0,1130.0,0.0,3308,1096,1116,1096.0,1102.6666666666667,0.7071067811865236,-1.5000000000000222,88.88888888888887,1106.0,1096.0,10.0,1634046403.300784,0.0,25.440140008926388
7448,0,1,0,0,3,2,1096,2211110130,1130,64,1116,17,59861,29483,4,0,0,43,15,2211110130,17,59861,11123,12544,94,1150,1130.0,1045.3333333333333,-3.013094503731086,7.083707449494312,82306.22222222223,1130.0,1130.0,0.0,4404,1096,1116,1096.0,1101.0,1.1547005383792517,-0.6666666666666665,75.0,1101.0,1096.0,5.0,1634046403.301527,0.0007429122924804,25.44088292121887
7449,0,1,0,0,3,2,1096,2211110130,1130,64,1116,17,59861,29483,4,0,0,43,15,2211110130,17,59861,11123,13674,94,1150,1130.0,1051.8461538461538,-3.173328600481707,8.075371862370881,76483.97633136093,1130.0,1130.0,0.0,5500,1096,1116,1096.0,1100.0,1.5,0.25,64.0,1096.0,1096.0,0.0,1634046403.301527,0.0,25.44088292121887
7450,0,1,0,0,3,2,1096,2211110130,1130,64,1116,17,59861,29483,4,0,0,43,15,2211110130,17,59861,11123,14804,94,1150,1130.0,1057.428571428571,-3.326027414504145,9.06820397322534,71425.95918367348,1130.0,1130.0,0.0,6596,1096,1116,1096.0,1099.3333333333333,1.7888543819998608,1.2000000000000697,55.55555555555558,1096.0,1096.0,0.0,1634046403.302205,0.0006780624389648,25.441560983657833
7451,0,1,0,0,3,2,1096,2211110130,1130,64,1116,17,59861,29483,4,0,0,43,15,2211110130,17,59861,11123,15934,94,1150,1130.0,1062.2666666666669,-3.472149200414124,10.061953585421172,66991.9288888889,1130.0,1130.0,0.0,7692,1096,1116,1096.0,1098.857142857143,2.041241452319301,2.166666666666627,48.9795918367347,1096.0,1096.0,0.0,1634046403.302205,0.0,25.441560983657833
7452,0,1,0,0,3,2,1096,2211110130,1130,64,1116,17,59861,29483,4,0,0,43,15,2211110130,17,59861,11123,17064,94,1150,1130.0,1066.5,-3.612466745270548,11.056437214953894,63073.75,1130.0,1130.0,0.0,8788,1096,1116,1096.0,1098.5,2.2677868380553634,3.1428571428571432,43.75,1096.0,1096.0,0.0,1634046403.302205,0.0,25.441560983657833
7453,0,1,0,0,3,2,1096,2211110130,1130,64,1116,17,59861,29483,4,0,0,43,15,2211110130,17,59861,11123,18194,94,1150,1130.0,1070.235294117647,-3.7476137006394223,12.051517244761014,59586.76816608997,1130.0,1130.0,0.0,9884,1096,1116,1096.0,1098.2222222222222,2.4748737341529403,4.125000000000078,39.50617283950618,1096.0,1096.0,0.0,1634046403.30302,0.0008149147033691,25.442375898361203
7454,0,1,0,0,3,2,1096,2211110130,1130,64,1116,17,59861,29483,4,0,0,43,15,2211110130,17,59861,11123,19324,94,1150,1130.0,1073.5555555555557,-3.878117093396444,13.047088435632762,56463.80246913579,1130.0,1130.0,0.0,10980,1096,1116,1096.0,1098.0,2.6666666666666665,5.111111111111111,36.0,1096.0,1096.0,0.0,1634046403.30302,0.0,25.442375898361203
7455,0,1,0,0,3,2,1096,2211110130,1130,64,1116,17,59861,29483,4,0,0,43,15,2211110130,17,59861,11123,20454,94,1150,1130.0,1076.5263157894738,-4.004420723481373,14.043068933092917,53650.88088642659,1130.0,1130.0,0.0,12076,1096,1116,1096.0,1097.8181818181818,2.8460498941515744,6.100000000000124,33.05785123966942,1096.0,1096.0,0.0,1634046403.30302,0.0,25.442375898361203
7456,0,1,0,0,3,2,1096,2211110130,1130,64,1116,17,59861,29483,4,0,0,43,15,2211110130,17,59861,11123,21584,94,1150,1130.0,1079.2,-4.126902377109574,15.039394113983292,51104.16,1130.0,1130.0,0.0,13172,1096,1116,1096.0,1097.6666666666667,3.015113445777593,7.090909090908916,30.555555555555568,1096.0,1096.0,0.0,1634046403.30302,0.0,25.442375898361203
7457,0,1,0,0,3,2,1096,2211110130,1130,64,1116,17,59861,29483,4,0,0,43,15,2211110130,17,59861,11123,1130,1130,1130,1130.0,1130.0,0.0,-3.0,0.0,1130.0,1130.0,0.0,14268,1096,1116,1096.0,1097.5384615384614,3.1754264805429995,8.083333333333577,28.40236686390534,1096.0,1096.0,0.0,1634046403.303638,0.0006179809570312,25.442993879318234
7458,0,1,0,0,3,2,1096,2211110130,1130,64,1116,17,59861,29483,4,0,0,43,15,2211110130,17,59861,11123,2260,1130,1130,1130.0,1130.0,0.0,-3.0,0.0,1130.0,1130.0,0.0,15364,1096,1116,1096.0,1097.428571428571,3.3282011773514317,9.07692307692333,26.530612244897952,1096.0,1096.0,0.0,1634046403.304182,0.0005440711975097,25.443537950515744
7459,0,1,0,0,3,2,1096,2211110130,1130,64,1116,17,59861,29483,4,0,0,43,15,2211110130,17,59861,11123,3390,1130,1130,1130.0,1130.0,0.0,-3.0,0.0,1130.0,1130.0,0.0,16460,1096,1116,1096.0,1097.3333333333333,3.474396144861561,10.071428571428772,24.888888888888903,1096.0,1096.0,0.0,1634046403.304182,0.0,25.443537950515744
7460,0,1,0,0,3,2,1096,2211110130,1130,64,1116,17,59861,29483,4,0,0,43,15,2211110130,17,59861,11123,4520,1130,1130,1130.0,1130.0,0.0,-3.0,0.0,1130.0,1130.0,0.0,17556,1096,1116,1096.0,1097.25,3.614784456460256,11.066666666666666,23.4375,1096.0,1096.0,0.0,1634046403.304182,0.0,25.443537950515744
7461,0,1,0,0,3,2,1096,2211110130,1130,64,1116,17,59861,29483,4,0,0,43,15,2211110130,17,59861,11123,5650,1130,1130,1130.0,1130.0,0.0,-3.0,0.0,1130.0,1130.0,0.0,18652,1096,1116,1096.0,1097.1764705882354,3.749999999999957,12.06249999999979,22.14532871972318,1096.0,1096.0,0.0,1634046403.30506,0.0008778572082519,25.444415807723995
7462,0,1,0,0,3,2,1096,2211110130,1130,64,1116,17,59861,29483,4,0,0,43,15,2211110130,17,59861,11123,6780,1130,1130,1130.0,1130.0,0.0,-3.0,0.0,1130.0,1130.0,0.0,19748,1096,1116,1096.0,1097.111111111111,3.880570000581343,13.058823529411846,20.98765432098766,1096.0,1096.0,0.0,1634046403.30506,0.0,25.444415807723995
7463,0,1,0,0,3,2,1096,2211110130,1130,64,1116,17,59861,29483,4,0,0,43,15,2211110130,17,59861,11123,7910,1130,1130,1130.0,1130.0,0.0,-3.0,0.0,1130.0,1130.0,0.0,20844,1096,1116,1096.0,1097.0526315789473,4.006938426723828,14.055555555555864,19.944598337950133,1096.0,1096.0,0.0,1634046403.30506,0.0,25.444415807723995
7464,0,1,0,0,3,2,1096,2211110130,1130,64,1116,17,59861,29483,4,0,0,43,15,2211110130,17,59861,11123,9040,1130,1130,1130.0,1130.0,0.0,-3.0,0.0,1130.0,1130.0,0.0,21940,1096,1116,1096.0,1097.0,4.129483209670112,15.05263157894737,19.0,1096.0,1096.0,0.0,1634046403.30506,0.0,25.444415807723995
7465,0,1,0,0,3,2,1096,2211110130,1130,64,1116,17,59861,29483,4,0,0,43,15,2211110130,17,59861,11123,10170,1130,1130,1130.0,1130.0,0.0,-3.0,0.0,1130.0,1130.0,0.0,1096,1096,1096,1096.0,1096.0,0.0,-3.0,0.0,1096.0,1096.0,0.0,1634046403.305663,0.0006031990051269,25.445019006729122
7466,0,1,0,0,3,2,1096,2211110130,1130,64,1116,17,59861,29483,4,0,0,43,15,2211110130,17,59861,11123,11300,1130,1130,1130.0,1130.0,0.0,-3.0,0.0,1130.0,1130.0,0.0,2192,1096,1096,1096.0,1096.0,0.0,-3.0,0.0,1096.0,1096.0,0.0,1634046403.305663,0.0,25.445019006729122
7467,0,1,0,0,3,2,1096,2211110130,1130,64,1116,17,59861,29483,4,0,0,43,15,2211110130,17,59861,11123,12430,1130,1130,1130.0,1130.0,0.0,-3.0,0.0,1130.0,1130.0,0.0,3288,1096,1096,1096.0,1096.0,0.0,-3.0,0.0,1096.0,1096.0,0.0,1634046403.306304,0.000640869140625,25.445659875869747
7468,0,1,0,0,3,2,1096,2211110130,1130,64,1116,17,59861,29483,4,0,0,43,15,2211110130,17,59861,11123,13560,1130,1130,1130.0,1130.0,0.0,-3.0,0.0,1130.0,1130.0,0.0,4384,1096,1096,1096.0,1096.0,0.0,-3.0,0.0,1096.0,1096.0,0.0,1634046403.306304,0.0,25.445659875869747
7469,0,1,0,0,3,2,1096,2211110130,1130,64,1116,17,59861,29483,4,0,0,43,15,2211110130,17,59861,11123,14690,1130,1130,1130.0,1130.0,0.0,-3.0,0.0,1130.0,1130.0,0.0,5480,1096,1096,1096.0,1096.0,0.0,-3.0,0.0,1096.0,1096.0,0.0,1634046403.306304,0.0,25.445659875869747
7470,0,1,0,0,3,2,1096,2211110130,1130,64,1116,17,59861,29483,4,0,0,43,15,2211110130,17,59861,11123,15820,1130,1130,1130.0,1130.0,0.0,-3.0,0.0,1130.0,1130.0,0.0,6576,1096,1096,1096.0,1096.0,0.0,-3.0,0.0,1096.0,1096.0,0.0,1634046403.306827,0.0005230903625488,25.446182966232296
7471,0,1,0,0,3,2,1116,2211110130,1150,64,1136,17,59861,29483,4,0,0,43,15,2211110130,17,59861,11123,16970,1130,1150,1130.0,1131.3333333333333,3.474396144861561,10.07142857142878,24.888888888888893,1130.0,1130.0,0.0,7692,1096,1116,1096.0,1098.857142857143,2.041241452319302,2.1666666666666297,48.97959183673469,1096.0,1096.0,0.0,1634046403.313569,0.0067420005798339,25.45292496681213
7472,0,1,0,0,3,2,1096,2211110130,1130,64,1116,17,59861,29483,4,0,0,43,15,2211110130,17,59861,11123,18100,1130,1150,1130.0,1131.25,3.614784456460256,11.066666666666666,23.4375,1130.0,1130.0,0.0,8788,1096,1116,1096.0,1098.5,2.2677868380553634,3.1428571428571432,43.75,1096.0,1096.0,0.0,1634046403.31442,0.0008509159088134,25.453775882720944
7473,0,1,0,0,3,2,1096,2211110130,1130,64,1116,17,59861,29483,4,0,0,43,15,2211110130,17,59861,11123,19230,1130,1150,1130.0,1131.1764705882354,3.749999999999957,12.06249999999979,22.14532871972318,1130.0,1130.0,0.0,9884,1096,1116,1096.0,1098.2222222222222,2.4748737341529403,4.125000000000078,39.50617283950618,1096.0,1096.0,0.0,1634046403.31442,0.0,25.453775882720944
7474,0,1,0,0,3,2,1096,2211110130,1130,64,1116,17,59861,29483,4,0,0,43,15,2211110130,17,59861,11123,20360,1130,1150,1130.0,1131.111111111111,3.880570000581343,13.058823529411846,20.98765432098766,1130.0,1130.0,0.0,10980,1096,1116,1096.0,1098.0,2.6666666666666665,5.111111111111111,36.0,1096.0,1096.0,0.0,1634046403.315083,0.0006630420684814,25.454438924789425
7475,0,1,0,0,3,2,1096,2211110130,1130,64,1116,17,59861,29483,4,0,0,43,15,2211110130,17,59861,11123,21490,1130,1150,1130.0,1131.0526315789473,4.006938426723828,14.055555555555864,19.944598337950133,1130.0,1130.0,0.0,12076,1096,1116,1096.0,1097.8181818181818,2.8460498941515744,6.100000000000124,33.05785123966942,1096.0,1096.0,0.0,1634046403.315083,0.0,25.454438924789425
7476,0,1,0,0,3,2,1096,2211110130,1130,64,1116,17,59861,29483,4,0,0,43,15,2211110130,17,59861,11123,22620,1130,1150,1130.0,1131.0,4.129483209670112,15.05263157894737,19.0,1130.0,1130.0,0.0,13172,1096,1116,1096.0,1097.6666666666667,3.015113445777593,7.090909090908916,30.555555555555568,1096.0,1096.0,0.0,1634046403.315083,0.0,25.454438924789425
7477,0,1,0,0,3,2,1096,2211110130,1130,64,1116,17,59861,29483,4,0,0,43,15,2211110130,17,59861,11123,1130,1130,1130,1130.0,1130.0,0.0,-3.0,0.0,1130.0,1130.0,0.0,14268,1096,1116,1096.0,1097.5384615384614,3.1754264805429995,8.083333333333577,28.40236686390534,1096.0,1096.0,0.0,1634046403.315083,0.0,25.454438924789425
7478,0,1,0,0,3,2,1096,2211110130,1130,64,1116,17,59861,29483,4,0,0,43,15,2211110130,17,59861,11123,2260,1130,1130,1130.0,1130.0,0.0,-3.0,0.0,1130.0,1130.0,0.0,15364,1096,1116,1096.0,1097.428571428571,3.3282011773514317,9.07692307692333,26.530612244897952,1096.0,1096.0,0.0,1634046403.315657,0.0005738735198974,25.455012798309323
7479,0,1,0,0,3,2,1096,2211110130,1130,64,1116,17,59861,29483,4,0,0,43,15,2211110130,17,59861,11123,3390,1130,1130,1130.0,1130.0,0.0,-3.0,0.0,1130.0,1130.0,0.0,16460,1096,1116,1096.0,1097.3333333333333,3.474396144861561,10.071428571428772,24.888888888888903,1096.0,1096.0,0.0,1634046403.315657,0.0,25.455012798309323
7480,0,1,0,0,2,3,60,3232270721,94,47,80,17,29483,59861,4,0,0,43,15,2211110130,17,59861,11123,3484,94,1130,1130.0,871.0,-1.1547005383792517,-0.6666666666666665,201243.0,1130.0,871.0,259.0,16520,60,1116,1096.0,1032.5,-3.612466745270548,11.056437214953894,63073.75,1096.0,1096.0,0.0,1634046403.316041,0.0003840923309326,25.455396890640255
7481,0,1,0,0,3,2,1096,2211110130,1130,64,1116,17,59861,29483,4,0,0,43,15,2211110130,17,59861,11123,4614,94,1130,1130.0,922.8,-1.5,0.25,171727.36,1130.0,1130.0,0.0,17616,60,1116,1096.0,1036.235294117647,-3.7476137006394223,12.051517244761015,59586.76816608997,1096.0,1096.0,0.0,1634046403.316615,0.0005741119384765,25.455971002578732
7482,0,1,0,0,3,2,1096,2211110130,1130,64,1116,17,59861,29483,4,0,0,43,15,2211110130,17,59861,11123,5744,94,1130,1130.0,957.3333333333334,-1.7888543819998324,1.200000000000001,149068.88888888888,1130.0,1130.0,0.0,18712,60,1116,1096.0,1039.5555555555557,-3.878117093396444,13.047088435632762,56463.80246913579,1096.0,1096.0,0.0,1634046403.316615,0.0,25.455971002578732
7483,0,1,0,0,3,2,1096,2211110130,1130,64,1116,17,59861,29483,4,0,0,43,15,2211110130,17,59861,11123,6874,94,1130,1130.0,982.0,-2.0412414523193148,2.166666666666667,131424.0,1130.0,1130.0,0.0,19808,60,1116,1096.0,1042.5263157894738,-4.004420723481373,14.043068933092911,53650.88088642659,1096.0,1096.0,0.0,1634046403.316615,0.0,25.455971002578732
7484,0,1,0,0,3,2,1096,2211110130,1130,64,1116,17,59861,29483,4,0,0,43,15,2211110130,17,59861,11123,8004,94,1130,1130.0,1000.5,-2.2677868380553634,3.1428571428571432,117391.75,1130.0,1130.0,0.0,20904,60,1116,1096.0,1045.2,-4.126902377109574,15.039394113983292,51104.16,1096.0,1096.0,0.0,1634046403.316615,0.0,25.455971002578732
7485,0,1,0,0,3,2,1096,2211110130,1130,64,1116,17,59861,29483,4,0,0,43,15,2211110130,17,59861,11123,9134,94,1130,1130.0,1014.8888888888888,-2.474873734152917,4.124999999999999,106004.54320987656,1130.0,1130.0,0.0,1096,1096,1096,1096.0,1096.0,0.0,-3.0,0.0,1096.0,1096.0,0.0,1634046403.317901,0.0012857913970947,25.457256793975827
7486,0,1,0,0,3,2,1096,2211110130,1130,64,1116,17,59861,29483,4,0,0,43,15,2211110130,17,59861,11123,10264,94,1130,1130.0,1026.4,-2.666666666666668,5.111111111111114,96596.63999999998,1130.0,1130.0,0.0,2192,1096,1096,1096.0,1096.0,0.0,-3.0,0.0,1096.0,1096.0,0.0,1634046403.317901,0.0,25.457256793975827
7487,0,1,0,0,3,2,1096,2211110130,1130,64,1116,17,59861,29483,4,0,0,43,15,2211110130,17,59861,11123,11394,94,1130,1130.0,1035.8181818181818,-2.846049894151541,6.100000000000001,88702.14876033057,1130.0,1130.0,0.0,3288,1096,1096,1096.0,1096.0,0.0,-3.0,0.0,1096.0,1096.0,0.0,1634046403.320711,0.002810001373291,25.460066795349118
7488,0,1,0,0,3,2,1096,2211110130,1130,64,1116,17,59861,29483,4,0,0,43,15,2211110130,17,59861,11123,12524,94,1130,1130.0,1043.6666666666667,-3.015113445777637,7.090909090909101,81987.88888888886,1130.0,1130.0,0.0,4384,1096,1096,1096.0,1096.0,0.0,-3.0,0.0,1096.0,1096.0,0.0,1634046403.320711,0.0,25.460066795349118
7489,0,1,0,0,3,2,1096,2211110130,1130,64,1116,17,59861,29483,4,0,0,43,15,2211110130,17,59861,11123,13654,94,1130,1130.0,1050.3076923076924,-3.175426480542943,8.083333333333341,76210.36686390532,1130.0,1130.0,0.0,5480,1096,1096,1096.0,1096.0,0.0,-3.0,0.0,1096.0,1096.0,0.0,1634046403.320711,0.0,25.460066795349118
7490,0,1,0,0,3,2,1096,2211110130,1130,64,1116,17,59861,29483,4,0,0,43,15,2211110130,17,59861,11123,14784,94,1130,1130.0,1056.0,-3.328201177351375,9.076923076923077,71188.0,1130.0,1130.0,0.0,6576,1096,1096,1096.0,1096.0,0.0,-3.0,0.0,1096.0,1096.0,0.0,1634046403.321602,0.0008912086486816,25.4609580039978
7491,0,1,0,0,3,2,1096,2211110130,1130,64,1116,17,59861,29483,4,0,0,43,15,2211110130,17,59861,11123,15914,94,1130,1130.0,1060.9333333333334,-3.47439614486152,10.071428571428577,66782.8622222222,1130.0,1130.0,0.0,7672,1096,1096,1096.0,1096.0,0.0,-3.0,0.0,1096.0,1096.0,0.0,1634046403.321602,0.0,25.4609580039978
7492,0,1,0,0,3,2,1096,2211110130,1130,64,1116,17,59861,29483,4,0,0,43,15,2211110130,17,59861,11123,17044,94,1130,1130.0,1065.25,-3.614784456460256,11.066666666666666,62888.4375,1130.0,1130.0,0.0,8768,1096,1096,1096.0,1096.0,0.0,-3.0,0.0,1096.0,1096.0,0.0,1634046403.321602,0.0,25.4609580039978
7493,0,1,0,0,3,2,1096,2211110130,1130,64,1116,17,59861,29483,4,0,0,43,15,2211110130,17,59861,11123,18174,94,1130,1130.0,1069.0588235294117,-3.749999999999999,12.062499999999991,59421.231833910046,1130.0,1130.0,0.0,9864,1096,1096,1096.0,1096.0,0.0,-3.0,0.0,1096.0,1096.0,0.0,1634046403.322088,0.0004858970642089,25.461443901062008
7494,0,1,0,0,3,2,1096,2211110130,1130,64,1116,17,59861,29483,4,0,0,43,15,2211110130,17,59861,11123,19304,94,1130,1130.0,1072.4444444444443,-3.8805700005813257,13.058823529411756,56314.91358024691,1130.0,1130.0,0.0,10960,1096,1096,1096.0,1096.0,0.0,-3.0,0.0,1096.0,1096.0,0.0,1634046403.324791,0.0027029514312744,25.464146852493283
7495,0,1,0,0,3,2,1096,2211110130,1130,64,1116,17,59861,29483,4,0,0,43,15,2211110130,17,59861,11123,20434,94,1130,1130.0,1075.4736842105262,-4.006938426723766,14.055555555555546,53516.144044321336,1130.0,1130.0,0.0,12056,1096,1096,1096.0,1096.0,0.0,-3.0,0.0,1096.0,1096.0,0.0,1634046403.324791,0.0,25.464146852493283
7496,0,1,0,0,3,2,1096,2211110130,1130,64,1116,17,59861,29483,4,0,0,43,15,2211110130,17,59861,11123,21564,94,1130,1130.0,1078.2,-4.129483209670113,15.052631578947372,50981.56,1130.0,1130.0,0.0,13152,1096,1096,1096.0,1096.0,0.0,-3.0,0.0,1096.0,1096.0,0.0,1634046403.324791,0.0,25.464146852493283
7497,0,1,0,0,3,2,1096,2211110130,1130,64,1116,17,59861,29483,4,0,0,43,15,2211110130,17,59861,11123,1130,1130,1130,1130.0,1130.0,0.0,-3.0,0.0,1130.0,1130.0,0.0,14248,1096,1096,1096.0,1096.0,0.0,-3.0,0.0,1096.0,1096.0,0.0,1634046403.325992,0.0012011528015136,25.465348005294796
7498,0,1,0,0,3,2,1116,2211110130,1150,64,1136,17,59861,29483,4,0,0,43,15,2211110130,17,59861,11123,2280,1130,1150,1140.0,1140.0,0.0,-2.0,100.0,1145.0,1135.0,10.0,15364,1096,1116,1096.0,1097.428571428571,3.328201177351432,9.07692307692333,26.53061224489796,1096.0,1096.0,0.0,1634046403.32914,0.0031478404998779,25.468495845794674
7499,0,1,0,0,3,2,1096,2211110130,1130,64,1116,17,59861,29483,4,0,0,43,15,2211110130,17,59861,11123,3410,1130,1150,1130.0,1136.6666666666667,0.7071067811865236,-1.5000000000000222,88.88888888888887,1140.0,1130.0,10.0,16460,1096,1116,1096.0,1097.3333333333333,3.4743961448615623,10.07142857142878,24.888888888888893,1096.0,1096.0,0.0,1634046403.32914,0.0,25.468495845794674
7500,0,1,0,0,3,2,1096,2211110130,1130,64,1116,17,59861,29483,4,0,0,43,15,2211110130,17,59861,11123,4540,1130,1150,1130.0,1135.0,1.1547005383792517,-0.6666666666666665,75.0,1135.0,1130.0,5.0,17556,1096,1116,1096.0,1097.25,3.614784456460256,11.066666666666666,23.4375,1096.0,1096.0,0.0,1634046403.32914,0.0,25.468495845794674
7501,0,1,0,0,3,2,1096,2211110130,1130,64,1116,17,59861,29483,4,0,0,43,15,2211110130,17,59861,11123,5670,1130,1150,1130.0,1134.0,1.5,0.25,64.0,1130.0,1130.0,0.0,18652,1096,1116,1096.0,1097.1764705882354,3.749999999999957,12.06249999999979,22.14532871972318,1096.0,1096.0,0.0,1634046403.329754,0.0006141662597656,25.46911001205444
7502,0,1,0,0,3,2,1096,2211110130,1130,64,1116,17,59861,29483,4,0,0,43,15,2211110130,17,59861,11123,6800,1130,1150,1130.0,1133.3333333333333,1.7888543819998608,1.2000000000000697,55.55555555555558,1130.0,1130.0,0.0,19748,1096,1116,1096.0,1097.111111111111,3.880570000581343,13.058823529411846,20.98765432098766,1096.0,1096.0,0.0,1634046403.329754,0.0,25.46911001205444
7503,0,1,0,0,3,2,1096,2211110130,1130,64,1116,17,59861,29483,4,0,0,43,15,2211110130,17,59861,11123,7930,1130,1150,1130.0,1132.857142857143,2.041241452319301,2.166666666666627,48.9795918367347,1130.0,1130.0,0.0,20844,1096,1116,1096.0,1097.0526315789473,4.006938426723828,14.055555555555864,19.944598337950133,1096.0,1096.0,0.0,1634046403.329754,0.0,25.46911001205444
7504,0,1,0,0,3,2,1096,2211110130,1130,64,1116,17,59861,29483,4,0,0,43,15,2211110130,17,59861,11123,9060,1130,1150,1130.0,1132.5,2.2677868380553634,3.1428571428571432,43.75,1130.0,1130.0,0.0,21940,1096,1116,1096.0,1097.0,4.129483209670112,15.05263157894737,19.0,1096.0,1096.0,0.0,1634046403.329754,0.0,25.46911001205444
7505,0,1,0,0,3,2,1096,2211110130,1130,64,1116,17,59861,29483,4,0,0,43,15,2211110130,17,59861,11123,10190,1130,1150,1130.0,1132.2222222222222,2.4748737341529403,4.125000000000078,39.50617283950618,1130.0,1130.0,0.0,1096,1096,1096,1096.0,1096.0,0.0,-3.0,0.0,1096.0,1096.0,0.0,1634046403.33022,0.0004658699035644,25.469575881958004
7506,0,1,0,0,3,2,1096,2211110130,1130,64,1116,17,59861,29483,4,0,0,43,15,2211110130,17,59861,11123,11320,1130,1150,1130.0,1132.0,2.6666666666666665,5.111111111111111,36.0,1130.0,1130.0,0.0,2192,1096,1096,1096.0,1096.0,0.0,-3.0,0.0,1096.0,1096.0,0.0,1634046403.33022,0.0,25.469575881958004
7507,0,1,0,0,3,2,1096,2211110130,1130,64,1116,17,59861,29483,4,0,0,43,15,2211110130,17,59861,11123,12450,1130,1150,1130.0,1131.8181818181818,2.8460498941515744,6.100000000000124,33.05785123966942,1130.0,1130.0,0.0,3288,1096,1096,1096.0,1096.0,0.0,-3.0,0.0,1096.0,1096.0,0.0,1634046403.33022,0.0,25.469575881958004
7508,0,1,0,0,3,2,1096,2211110130,1130,64,1116,17,59861,29483,4,0,0,43,15,2211110130,17,59861,11123,13580,1130,1150,1130.0,1131.6666666666667,3.015113445777593,7.090909090908916,30.555555555555568,1130.0,1130.0,0.0,4384,1096,1096,1096.0,1096.0,0.0,-3.0,0.0,1096.0,1096.0,0.0,1634046403.330804,0.0005841255187988,25.470160007476803
7509,0,1,0,0,3,2,1096,2211110130,1130,64,1116,17,59861,29483,4,0,0,43,15,2211110130,17,59861,11123,14710,1130,1150,1130.0,1131.5384615384614,3.1754264805429995,8.083333333333577,28.40236686390534,1130.0,1130.0,0.0,5480,1096,1096,1096.0,1096.0,0.0,-3.0,0.0,1096.0,1096.0,0.0,1634046403.330804,0.0,25.470160007476803
7510,0,1,0,0,3,2,1096,2211110130,1130,64,1116,17,59861,29483,4,0,0,43,15,2211110130,17,59861,11123,15840,1130,1150,1130.0,1131.428571428571,3.3282011773514317,9.07692307692333,26.530612244897952,1130.0,1130.0,0.0,6576,1096,1096,1096.0,1096.0,0.0,-3.0,0.0,1096.0,1096.0,0.0,1634046403.330804,0.0,25.470160007476803
7511,0,1,0,0,3,2,1096,2211110130,1130,64,1116,17,59861,29483,4,0,0,43,15,2211110130,17,59861,11123,16970,1130,1150,1130.0,1131.3333333333333,3.474396144861561,10.071428571428772,24.888888888888903,1130.0,1130.0,0.0,7672,1096,1096,1096.0,1096.0,0.0,-3.0,0.0,1096.0,1096.0,0.0,1634046403.330804,0.0,25.470160007476803
7512,0,1,0,0,3,2,1096,2211110130,1130,64,1116,17,59861,29483,4,0,0,43,15,2211110130,17,59861,11123,18100,1130,1150,1130.0,1131.25,3.614784456460256,11.066666666666666,23.4375,1130.0,1130.0,0.0,8768,1096,1096,1096.0,1096.0,0.0,-3.0,0.0,1096.0,1096.0,0.0,1634046403.330804,0.0,25.470160007476803
7513,0,1,0,0,3,2,1096,2211110130,1130,64,1116,17,59861,29483,4,0,0,43,15,2211110130,17,59861,11123,19230,1130,1150,1130.0,1131.1764705882354,3.749999999999957,12.06249999999979,22.14532871972318,1130.0,1130.0,0.0,9864,1096,1096,1096.0,1096.0,0.0,-3.0,0.0,1096.0,1096.0,0.0,1634046403.331407,0.0006029605865478,25.47076296806335
7514,0,1,0,0,3,2,1096,2211110130,1130,64,1116,17,59861,29483,4,0,0,43,15,2211110130,17,59861,11123,20360,1130,1150,1130.0,1131.111111111111,3.880570000581343,13.058823529411846,20.98765432098766,1130.0,1130.0,0.0,10960,1096,1096,1096.0,1096.0,0.0,-3.0,0.0,1096.0,1096.0,0.0,1634046403.331407,0.0,25.47076296806335
7515,0,1,0,0,3,2,1096,2211110130,1130,64,1116,17,59861,29483,4,0,0,43,15,2211110130,17,59861,11123,21490,1130,1150,1130.0,1131.0526315789473,4.006938426723828,14.055555555555864,19.944598337950133,1130.0,1130.0,0.0,12056,1096,1096,1096.0,1096.0,0.0,-3.0,0.0,1096.0,1096.0,0.0,1634046403.331407,0.0,25.47076296806335
7516,0,1,0,0,3,2,1096,2211110130,1130,64,1116,17,59861,29483,4,0,0,43,15,2211110130,17,59861,11123,22620,1130,1150,1130.0,1131.0,4.129483209670112,15.05263157894737,19.0,1130.0,1130.0,0.0,13152,1096,1096,1096.0,1096.0,0.0,-3.0,0.0,1096.0,1096.0,0.0,1634046403.331407,0.0,25.47076296806335
7517,0,1,0,0,3,2,1096,2211110130,1130,64,1116,17,59861,29483,4,0,0,43,15,2211110130,17,59861,11123,1130,1130,1130,1130.0,1130.0,0.0,-3.0,0.0,1130.0,1130.0,0.0,14248,1096,1096,1096.0,1096.0,0.0,-3.0,0.0,1096.0,1096.0,0.0,1634046403.331909,0.0005018711090087,25.47126483917236
7518,0,1,0,0,3,2,1096,2211110130,1130,64,1116,17,59861,29483,4,0,0,43,15,2211110130,17,59861,11123,2260,1130,1130,1130.0,1130.0,0.0,-3.0,0.0,1130.0,1130.0,0.0,15344,1096,1096,1096.0,1096.0,0.0,-3.0,0.0,1096.0,1096.0,0.0,1634046403.331909,0.0,25.47126483917236
7519,0,1,0,0,3,2,1096,2211110130,1130,64,1116,17,59861,29483,4,0,0,43,15,2211110130,17,59861,11123,3390,1130,1130,1130.0,1130.0,0.0,-3.0,0.0,1130.0,1130.0,0.0,16440,1096,1096,1096.0,1096.0,0.0,-3.0,0.0,1096.0,1096.0,0.0,1634046403.331909,0.0,25.47126483917236
7520,0,1,0,0,3,2,1096,2211110130,1130,64,1116,17,59861,29483,4,0,0,43,15,2211110130,17,59861,11123,4520,1130,1130,1130.0,1130.0,0.0,-3.0,0.0,1130.0,1130.0,0.0,17536,1096,1096,1096.0,1096.0,0.0,-3.0,0.0,1096.0,1096.0,0.0,1634046403.331909,0.0,25.47126483917236
7521,0,1,0,0,3,2,1096,2211110130,1130,64,1116,17,59861,29483,4,0,0,43,15,2211110130,17,59861,11123,5650,1130,1130,1130.0,1130.0,0.0,-3.0,0.0,1130.0,1130.0,0.0,18632,1096,1096,1096.0,1096.0,0.0,-3.0,0.0,1096.0,1096.0,0.0,1634046403.332429,0.0005199909210205,25.47178483009338
7522,0,1,0,0,3,2,1096,2211110130,1130,64,1116,17,59861,29483,4,0,0,43,15,2211110130,17,59861,11123,6780,1130,1130,1130.0,1130.0,0.0,-3.0,0.0,1130.0,1130.0,0.0,19728,1096,1096,1096.0,1096.0,0.0,-3.0,0.0,1096.0,1096.0,0.0,1634046403.332429,0.0,25.47178483009338
7523,0,1,0,0,3,2,1096,2211110130,1130,64,1116,17,59861,29483,4,0,0,43,15,2211110130,17,59861,11123,7910,1130,1130,1130.0,1130.0,0.0,-3.0,0.0,1130.0,1130.0,0.0,20824,1096,1096,1096.0,1096.0,0.0,-3.0,0.0,1096.0,1096.0,0.0,1634046403.332429,0.0,25.47178483009338
7524,0,1,0,0,3,2,1116,2211110130,1150,64,1136,17,59861,29483,4,0,0,43,15,2211110130,17,59861,11123,9060,1130,1150,1130.0,1132.5,2.2677868380553634,3.1428571428571432,43.75,1130.0,1130.0,0.0,21940,1096,1116,1096.0,1097.0,4.129483209670112,15.05263157894737,19.0,1096.0,1096.0,0.0,1634046403.332935,0.0005061626434326,25.472290992736813
7525,0,1,0,0,3,2,1096,2211110130,1130,64,1116,17,59861,29483,4,0,0,43,15,2211110130,17,59861,11123,10190,1130,1150,1130.0,1132.2222222222222,2.4748737341529403,4.125000000000078,39.50617283950618,1130.0,1130.0,0.0,1096,1096,1096,1096.0,1096.0,0.0,-3.0,0.0,1096.0,1096.0,0.0,1634046403.332935,0.0,25.472290992736813
7526,0,1,0,0,3,2,1096,2211110130,1130,64,1116,17,59861,29483,4,0,0,43,15,2211110130,17,59861,11123,11320,1130,1150,1130.0,1132.0,2.6666666666666665,5.111111111111111,36.0,1130.0,1130.0,0.0,2192,1096,1096,1096.0,1096.0,0.0,-3.0,0.0,1096.0,1096.0,0.0,1634046403.332935,0.0,25.472290992736813
7527,0,1,0,0,3,2,1096,2211110130,1130,64,1116,17,59861,29483,4,0,0,43,15,2211110130,17,59861,11123,12450,1130,1150,1130.0,1131.8181818181818,2.8460498941515744,6.100000000000124,33.05785123966942,1130.0,1130.0,0.0,3288,1096,1096,1096.0,1096.0,0.0,-3.0,0.0,1096.0,1096.0,0.0,1634046403.332935,0.0,25.472290992736813
7528,0,1,0,0,3,2,1096,2211110130,1130,64,1116,17,59861,29483,4,0,0,43,15,2211110130,17,59861,11123,13580,1130,1150,1130.0,1131.6666666666667,3.015113445777593,7.090909090908916,30.555555555555568,1130.0,1130.0,0.0,4384,1096,1096,1096.0,1096.0,0.0,-3.0,0.0,1096.0,1096.0,0.0,1634046403.333467,0.0005319118499755,25.47282290458679
7529,0,1,0,0,3,2,1096,2211110130,1130,64,1116,17,59861,29483,4,0,0,43,15,2211110130,17,59861,11123,14710,1130,1150,1130.0,1131.5384615384614,3.1754264805429995,8.083333333333577,28.40236686390534,1130.0,1130.0,0.0,5480,1096,1096,1096.0,1096.0,0.0,-3.0,0.0,1096.0,1096.0,0.0,1634046403.333467,0.0,25.47282290458679
7530,0,1,0,0,3,2,1096,2211110130,1130,64,1116,17,59861,29483,4,0,0,43,15,2211110130,17,59861,11123,15840,1130,1150,1130.0,1131.428571428571,3.3282011773514317,9.07692307692333,26.530612244897952,1130.0,1130.0,0.0,6576,1096,1096,1096.0,1096.0,0.0,-3.0,0.0,1096.0,1096.0,0.0,1634046403.333467,0.0,25.47282290458679
7531,0,1,0,0,3,2,1096,2211110130,1130,64,1116,17,59861,29483,4,0,0,43,15,2211110130,17,59861,11123,16970,1130,1150,1130.0,1131.3333333333333,3.474396144861561,10.071428571428772,24.888888888888903,1130.0,1130.0,0.0,7672,1096,1096,1096.0,1096.0,0.0,-3.0,0.0,1096.0,1096.0,0.0,1634046403.333467,0.0,25.47282290458679
7532,0,1,0,0,3,2,1096,2211110130,1130,64,1116,17,59861,29483,4,0,0,43,15,2211110130,17,59861,11123,18100,1130,1150,1130.0,1131.25,3.614784456460256,11.066666666666666,23.4375,1130.0,1130.0,0.0,8768,1096,1096,1096.0,1096.0,0.0,-3.0,0.0,1096.0,1096.0,0.0,1634046403.334088,0.0006210803985595,25.473443984985348
7533,0,1,0,0,3,2,1096,2211110130,1130,64,1116,17,59861,29483,4,0,0,43,15,2211110130,17,59861,11123,19230,1130,1150,1130.0,1131.1764705882354,3.749999999999957,12.06249999999979,22.14532871972318,1130.0,1130.0,0.0,9864,1096,1096,1096.0,1096.0,0.0,-3.0,0.0,1096.0,1096.0,0.0,1634046403.334088,0.0,25.473443984985348
7534,0,1,0,0,3,2,1096,2211110130,1130,64,1116,17,59861,29483,4,0,0,43,15,2211110130,17,59861,11123,20360,1130,1150,1130.0,1131.111111111111,3.880570000581343,13.058823529411846,20.98765432098766,1130.0,1130.0,0.0,10960,1096,1096,1096.0,1096.0,0.0,-3.0,0.0,1096.0,1096.0,0.0,1634046403.334088,0.0,25.473443984985348
7535,0,1,0,0,3,2,1096,2211110130,1130,64,1116,17,59861,29483,4,0,0,43,15,2211110130,17,59861,11123,21490,1130,1150,1130.0,1131.0526315789473,4.006938426723828,14.055555555555864,19.944598337950133,1130.0,1130.0,0.0,12056,1096,1096,1096.0,1096.0,0.0,-3.0,0.0,1096.0,1096.0,0.0,1634046403.334088,0.0,25.473443984985348
7536,0,1,0,0,3,2,1096,2211110130,1130,64,1116,17,59861,29483,4,0,0,43,15,2211110130,17,59861,11123,22620,1130,1150,1130.0,1131.0,4.129483209670112,15.05263157894737,19.0,1130.0,1130.0,0.0,13152,1096,1096,1096.0,1096.0,0.0,-3.0,0.0,1096.0,1096.0,0.0,1634046403.334636,0.0005478858947753,25.473991870880123
7537,0,1,0,0,3,2,1096,2211110130,1130,64,1116,17,59861,29483,4,0,0,43,15,2211110130,17,59861,11123,1130,1130,1130,1130.0,1130.0,0.0,-3.0,0.0,1130.0,1130.0,0.0,14248,1096,1096,1096.0,1096.0,0.0,-3.0,0.0,1096.0,1096.0,0.0,1634046403.334636,0.0,25.473991870880123
7538,0,1,0,0,3,2,1096,2211110130,1130,64,1116,17,59861,29483,4,0,0,43,15,2211110130,17,59861,11123,2260,1130,1130,1130.0,1130.0,0.0,-3.0,0.0,1130.0,1130.0,0.0,15344,1096,1096,1096.0,1096.0,0.0,-3.0,0.0,1096.0,1096.0,0.0,1634046403.334636,0.0,25.473991870880123
7539,0,1,0,0,3,2,1096,2211110130,1130,64,1116,17,59861,29483,4,0,0,43,15,2211110130,17,59861,11123,3390,1130,1130,1130.0,1130.0,0.0,-3.0,0.0,1130.0,1130.0,0.0,16440,1096,1096,1096.0,1096.0,0.0,-3.0,0.0,1096.0,1096.0,0.0,1634046403.334636,0.0,25.473991870880123
7540,0,1,0,0,3,2,1096,2211110130,1130,64,1116,17,59861,29483,4,0,0,43,15,2211110130,17,59861,11123,4520,1130,1130,1130.0,1130.0,0.0,-3.0,0.0,1130.0,1130.0,0.0,17536,1096,1096,1096.0,1096.0,0.0,-3.0,0.0,1096.0,1096.0,0.0,1634046403.335165,0.0005290508270263,25.47452092170715
7541,0,1,0,0,3,2,1096,2211110130,1130,64,1116,17,59861,29483,4,0,0,43,15,2211110130,17,59861,11123,5650,1130,1130,1130.0,1130.0,0.0,-3.0,0.0,1130.0,1130.0,0.0,18632,1096,1096,1096.0,1096.0,0.0,-3.0,0.0,1096.0,1096.0,0.0,1634046403.335165,0.0,25.47452092170715
7542,0,1,0,0,3,2,1096,2211110130,1130,64,1116,17,59861,29483,4,0,0,43,15,2211110130,17,59861,11123,6780,1130,1130,1130.0,1130.0,0.0,-3.0,0.0,1130.0,1130.0,0.0,19728,1096,1096,1096.0,1096.0,0.0,-3.0,0.0,1096.0,1096.0,0.0,1634046403.335165,0.0,25.47452092170715
7543,0,1,0,0,3,2,1096,2211110130,1130,64,1116,17,59861,29483,4,0,0,43,15,2211110130,17,59861,11123,7910,1130,1130,1130.0,1130.0,0.0,-3.0,0.0,1130.0,1130.0,0.0,20824,1096,1096,1096.0,1096.0,0.0,-3.0,0.0,1096.0,1096.0,0.0,1634046403.335165,0.0,25.47452092170715
7544,0,1,0,0,3,2,1096,2211110130,1130,64,1116,17,59861,29483,4,0,0,43,15,2211110130,17,59861,11123,9040,1130,1130,1130.0,1130.0,0.0,-3.0,0.0,1130.0,1130.0,0.0,21920,1096,1096,1096.0,1096.0,0.0,-3.0,0.0,1096.0,1096.0,0.0,1634046403.335697,0.0005319118499755,25.475052833557125
7545,0,1,0,0,3,2,1096,2211110130,1130,64,1116,17,59861,29483,4,0,0,43,15,2211110130,17,59861,11123,10170,1130,1130,1130.0,1130.0,0.0,-3.0,0.0,1130.0,1130.0,0.0,1096,1096,1096,1096.0,1096.0,0.0,-3.0,0.0,1096.0,1096.0,0.0,1634046403.335697,0.0,25.475052833557125
7546,0,1,0,0,3,2,1096,2211110130,1130,64,1116,17,59861,29483,4,0,0,43,15,2211110130,17,59861,11123,11300,1130,1130,1130.0,1130.0,0.0,-3.0,0.0,1130.0,1130.0,0.0,2192,1096,1096,1096.0,1096.0,0.0,-3.0,0.0,1096.0,1096.0,0.0,1634046403.335697,0.0,25.475052833557125
7547,0,1,0,0,3,2,1096,2211110130,1130,64,1116,17,59861,29483,4,0,0,43,15,2211110130,17,59861,11123,12430,1130,1130,1130.0,1130.0,0.0,-3.0,0.0,1130.0,1130.0,0.0,3288,1096,1096,1096.0,1096.0,0.0,-3.0,0.0,1096.0,1096.0,0.0,1634046403.335697,0.0,25.475052833557125
7548,0,1,0,0,3,2,1096,2211110130,1130,64,1116,17,59861,29483,4,0,0,43,15,2211110130,17,59861,11123,13560,1130,1130,1130.0,1130.0,0.0,-3.0,0.0,1130.0,1130.0,0.0,4384,1096,1096,1096.0,1096.0,0.0,-3.0,0.0,1096.0,1096.0,0.0,1634046403.336304,0.0006070137023925,25.475659847259518
7549,0,1,0,0,3,2,1096,2211110130,1130,64,1116,17,59861,29483,4,0,0,43,15,2211110130,17,59861,11123,14690,1130,1130,1130.0,1130.0,0.0,-3.0,0.0,1130.0,1130.0,0.0,5480,1096,1096,1096.0,1096.0,0.0,-3.0,0.0,1096.0,1096.0,0.0,1634046403.336304,0.0,25.475659847259518
7550,0,1,0,0,3,2,1116,2211110130,1150,64,1136,17,59861,29483,4,0,0,43,15,2211110130,17,59861,11123,15840,1130,1150,1130.0,1131.428571428571,3.328201177351432,9.07692307692333,26.53061224489796,1130.0,1130.0,0.0,6596,1096,1116,1096.0,1099.3333333333333,1.788854381999862,1.200000000000072,55.55555555555557,1096.0,1096.0,0.0,1634046403.336304,0.0,25.475659847259518
7551,0,1,0,0,3,2,1096,2211110130,1130,64,1116,17,59861,29483,4,0,0,43,15,2211110130,17,59861,11123,16970,1130,1150,1130.0,1131.3333333333333,3.4743961448615623,10.07142857142878,24.888888888888893,1130.0,1130.0,0.0,7692,1096,1116,1096.0,1098.857142857143,2.041241452319301,2.166666666666627,48.9795918367347,1096.0,1096.0,0.0,1634046403.336304,0.0,25.475659847259518
7552,0,1,0,0,3,2,1096,2211110130,1130,64,1116,17,59861,29483,4,0,0,43,15,2211110130,17,59861,11123,18100,1130,1150,1130.0,1131.25,3.614784456460256,11.066666666666666,23.4375,1130.0,1130.0,0.0,8788,1096,1116,1096.0,1098.5,2.2677868380553634,3.1428571428571432,43.75,1096.0,1096.0,0.0,1634046403.336807,0.0005030632019042,25.476162910461422
7553,0,1,0,0,3,2,1096,2211110130,1130,64,1116,17,59861,29483,4,0,0,43,15,2211110130,17,59861,11123,19230,1130,1150,1130.0,1131.1764705882354,3.749999999999957,12.06249999999979,22.14532871972318,1130.0,1130.0,0.0,9884,1096,1116,1096.0,1098.2222222222222,2.4748737341529403,4.125000000000078,39.50617283950618,1096.0,1096.0,0.0,1634046403.336807,0.0,25.476162910461422
7554,0,1,0,0,3,2,1096,2211110130,1130,64,1116,17,59861,29483,4,0,0,43,15,2211110130,17,59861,11123,20360,1130,1150,1130.0,1131.111111111111,3.880570000581343,13.058823529411846,20.98765432098766,1130.0,1130.0,0.0,10980,1096,1116,1096.0,1098.0,2.6666666666666665,5.111111111111111,36.0,1096.0,1096.0,0.0,1634046403.336807,0.0,25.476162910461422
7555,0,1,0,0,3,2,1096,2211110130,1130,64,1116,17,59861,29483,4,0,0,43,15,2211110130,17,59861,11123,21490,1130,1150,1130.0,1131.0526315789473,4.006938426723828,14.055555555555864,19.944598337950133,1130.0,1130.0,0.0,12076,1096,1116,1096.0,1097.8181818181818,2.8460498941515744,6.100000000000124,33.05785123966942,1096.0,1096.0,0.0,1634046403.336807,0.0,25.476162910461422
7556,0,1,0,0,3,2,1096,2211110130,1130,64,1116,17,59861,29483,4,0,0,43,15,2211110130,17,59861,11123,22620,1130,1150,1130.0,1131.0,4.129483209670112,15.05263157894737,19.0,1130.0,1130.0,0.0,13172,1096,1116,1096.0,1097.6666666666667,3.015113445777593,7.090909090908916,30.555555555555568,1096.0,1096.0,0.0,1634046403.337343,0.0005359649658203,25.476698875427243
7557,0,1,0,0,3,2,1096,2211110130,1130,64,1116,17,59861,29483,4,0,0,43,15,2211110130,17,59861,11123,1130,1130,1130,1130.0,1130.0,0.0,-3.0,0.0,1130.0,1130.0,0.0,14268,1096,1116,1096.0,1097.5384615384614,3.1754264805429995,8.083333333333577,28.40236686390534,1096.0,1096.0,0.0,1634046403.337343,0.0,25.476698875427243
7558,0,1,0,0,3,2,1096,2211110130,1130,64,1116,17,59861,29483,4,0,0,43,15,2211110130,17,59861,11123,2260,1130,1130,1130.0,1130.0,0.0,-3.0,0.0,1130.0,1130.0,0.0,15364,1096,1116,1096.0,1097.428571428571,3.3282011773514317,9.07692307692333,26.530612244897952,1096.0,1096.0,0.0,1634046403.337343,0.0,25.476698875427243
7559,0,1,0,0,3,2,1096,2211110130,1130,64,1116,17,59861,29483,4,0,0,43,15,2211110130,17,59861,11123,3390,1130,1130,1130.0,1130.0,0.0,-3.0,0.0,1130.0,1130.0,0.0,16460,1096,1116,1096.0,1097.3333333333333,3.474396144861561,10.071428571428772,24.888888888888903,1096.0,1096.0,0.0,1634046403.337343,0.0,25.476698875427243
7560,0,1,0,0,3,2,451,2211110130,485,64,471,17,59861,29483,4,0,0,43,15,2211110130,17,59861,11123,3875,485,1130,1130.0,968.75,-1.1547005383792517,-0.6666666666666665,78004.6875,1130.0,968.75,161.25,16911,451,1116,1096.0,1056.9375,-3.608779052291159,11.040388614145868,24500.68359375,1096.0,1096.0,0.0,1634046403.337343,0.0,25.476698875427243
7561,0,1,0,0,3,2,408,2211110130,442,64,428,17,59861,29483,4,0,0,43,15,2211110130,17,59861,11123,4317,442,1130,1130.0,863.4,-0.413544248432716,-1.821807306573768,106798.24,1130.0,485.0,645.0,17319,408,1116,1096.0,1018.7647058823528,-2.376676111105341,3.664644099326716,46374.06228373703,1096.0,1096.0,0.0,1634046403.337894,0.0005509853363037,25.477249860763546
7562,0,1,0,0,3,2,60,2211110130,94,64,80,17,59861,29483,4,0,0,43,15,2211110130,17,59861,11123,4411,94,1130,807.5,735.1666666666666,-0.2817746325044453,-1.56042454133166,171217.47222222222,1130.0,452.75,677.25,17379,60,1116,1096.0,965.5,-2.024553167897032,2.533245961204,92028.91666666669,1096.0,1096.0,0.0,1634046403.337894,0.0,25.477249860763546
7563,0,1,0,0,3,2,408,2211110130,442,64,428,17,59861,29483,4,0,0,43,15,2211110130,17,59861,11123,4853,94,1130,485.0,693.2857142857143,-0.0140405104121079,-1.5680438524425204,157281.91836734695,1130.0,442.0,688.0,17787,60,1116,1096.0,936.157894736842,-1.6290744237707242,1.045843152083278,102682.5540166205,1096.0,1096.0,0.0,1634046403.337894,0.0,25.477249860763546
7564,0,1,0,0,3,2,1096,2211110130,1130,64,1116,17,59861,29483,4,0,0,43,15,2211110130,17,59861,11123,5983,94,1130,807.5,747.875,-0.2610819166880935,-1.5548797821227065,158481.609375,1130.0,442.0,688.0,18883,60,1116,1096.0,944.15,-1.7104133867302638,1.328216883039139,98762.0275,1096.0,1096.0,0.0,1634046403.363843,0.0259490013122558,25.503198862075802
7565,0,1,0,0,3,2,1096,2211110130,1130,64,1116,17,59861,29483,4,0,0,43,15,2211110130,17,59861,11123,7113,94,1130,1130.0,790.3333333333334,-0.4624237987817505,-1.4344365006723536,155294.22222222225,1130.0,442.0,688.0,1096,1096,1096,1096.0,1096.0,0.0,-3.0,0.0,1096.0,1096.0,0.0,1634046403.363843,0.0,25.503198862075802
7566,0,1,0,0,3,2,775,2211110130,809,64,795,17,59861,29483,4,0,0,43,15,2211110130,17,59861,11123,7922,94,1130,969.5,792.2,-0.5022386918787699,-1.251384551120642,139796.15999999997,1130.0,452.75,677.25,1871,775,1096,935.5,935.5,0.0,-2.0,25760.25,1015.75,855.25,160.5,1634046403.364382,0.0005390644073486,25.50373792648315
7567,0,1,0,0,3,2,1096,2211110130,1130,64,1116,17,59861,29483,4,0,0,43,15,2211110130,17,59861,11123,9052,94,1130,1130.0,822.9090909090909,-0.6535692980243312,-1.093786441338274,136517.90082644628,1130.0,463.5,666.5,2967,775,1096,1096.0,989.0,-0.7071067811865475,-1.5,22898.0,1096.0,935.5,160.5,1634046403.364382,0.0,25.50373792648315
7568,0,1,0,0,3,2,1096,2211110130,1130,64,1116,17,59861,29483,4,0,0,43,15,2211110130,17,59861,11123,10182,94,1130,1130.0,848.5,-0.7889176676132367,-0.9061344485000262,132345.25,1130.0,474.25,655.75,4063,775,1096,1096.0,1015.75,-1.1547005383792517,-0.6666666666666665,19320.1875,1096.0,1015.75,80.25,1634046403.364382,0.0,25.50373792648315
7569,0,1,0,0,3,2,1096,2211110130,1130,64,1116,17,59861,29483,4,0,0,43,15,2211110130,17,59861,11123,11312,94,1130,1130.0,870.1538461538462,-0.9118834251378916,-0.6985057842087405,127791.51479289946,1130.0,485.0,645.0,5159,775,1096,1096.0,1031.8,-1.4999999999999998,0.2500000000000009,16486.559999999994,1096.0,1096.0,0.0,1634046403.364907,0.0005249977111816,25.504262924194332
7570,0,1,0,0,3,2,1096,2211110130,1130,64,1116,17,59861,29483,4,0,0,43,15,2211110130,17,59861,11123,12442,94,1130,1130.0,888.7142857142857,-1.0249774540252303,-0.4769340628408209,123141.91836734692,1130.0,566.0,564.0,6255,775,1096,1096.0,1042.5,-1.788854381999832,1.2000000000000002,14311.25,1096.0,1096.0,0.0,1634046403.364907,0.0,25.504262924194332
7571,0,1,0,0,3,2,1096,2211110130,1130,64,1116,17,59861,29483,4,0,0,43,15,2211110130,17,59861,11123,13572,94,1130,1130.0,904.8,-1.1300121080747692,-0.2452489928230226,118554.96,1130.0,647.0,483.0,7351,775,1096,1096.0,1050.142857142857,-2.041241452319314,2.1666666666666643,12617.265306122452,1096.0,1096.0,0.0,1634046403.364907,0.0,25.504262924194332
7572,0,1,0,0,3,2,632,2211110130,666,64,652,17,59861,29483,4,0,0,43,15,2211110130,17,59861,11123,14238,94,1130,1130.0,889.875,-1.0059092332822128,-0.4042669412391309,114486.609375,1130.0,620.75,509.25,7983,632,1096,1096.0,997.875,-1.297546163872905,-0.1226651010250696,30163.609375,1096.0,1015.75,80.25,1634046403.364907,0.0,25.504262924194332
7573,0,1,0,0,3,2,408,2211110130,442,64,428,17,59861,29483,4,0,0,43,15,2211110130,17,59861,11123,14680,94,1130,1130.0,863.5294117647059,-0.7942655820143718,-0.8436507236059838,118857.54325259512,1130.0,485.0,645.0,8391,408,1096,1096.0,932.3333333333334,-1.092861605091923,-0.368580822717059,61177.77777777778,1096.0,775.0,321.0,1634046403.373212,0.0083050727844238,25.512567996978756
7574,0,1,0,0,3,2,1096,2211110130,1130,64,1116,17,59861,29483,4,0,0,43,15,2211110130,17,59861,11123,15810,94,1130,1130.0,878.3333333333334,-0.8821067829626088,-0.698276053250567,115980.0,1130.0,530.25,599.75,9487,408,1096,1096.0,948.7,-1.2535680472456483,0.0197130803812863,57470.81000000001,1096.0,855.25,240.75,1634046403.384095,0.0108828544616699,25.523450851440426
7575,0,1,0,0,3,2,1096,2211110130,1130,64,1116,17,59861,29483,4,0,0,43,15,2211110130,17,59861,11123,16940,94,1130,1130.0,891.578947368421,-0.964742472615538,-0.5450234590184562,113033.82271468145,1130.0,575.5,554.5,10583,408,1096,1096.0,962.0909090909092,-1.3997342651618878,0.4221555846213793,54039.35537190083,1096.0,935.5,160.5,1634046403.384095,0.0,25.523450851440426
7576,0,1,0,0,2,3,52,3232270721,86,47,72,17,29483,59861,4,0,0,43,15,2211110130,17,59861,11123,17026,86,1130,1130.0,851.3,-0.860306419055873,-0.7810174373174279,138207.61,1130.0,474.25,655.75,10635,52,1096,1096.0,886.25,-1.3944453791562788,0.6443825110649031,112806.35416666669,1096.0,739.25,356.75,1634046403.384478,0.0003831386566162,25.523833990097042
7577,0,1,0,0,3,2,1096,2211110130,1130,64,1116,17,59861,29483,4,0,0,43,15,2211110130,17,59861,11123,1130,1130,1130,1130.0,1130.0,0.0,-3.0,0.0,1130.0,1130.0,0.0,11731,52,1096,1096.0,902.3846153846154,-1.5161486551592624,1.018599397053304,107252.85207100592,1096.0,775.0,321.0,1634046403.384595,0.0001168251037597,25.523950815200802
7578,0,1,0,0,3,2,1116,2211110130,1150,64,1136,17,59861,29483,4,0,0,43,15,2211110130,17,59861,11123,2280,1130,1150,1140.0,1140.0,0.0,-2.0,100.0,1145.0,1135.0,10.0,12847,52,1116,1096.0,917.6428571428572,-1.6261122063507267,1.3865284435464034,102618.51530612246,1096.0,855.25,240.75,1634046403.395056,0.0104610919952392,25.53441190719604
7579,0,1,0,0,3,2,1096,2211110130,1130,64,1116,17,59861,29483,4,0,0,43,15,2211110130,17,59861,11123,3410,1130,1150,1130.0,1136.6666666666667,0.7071067811865236,-1.5000000000000222,88.88888888888887,1140.0,1130.0,10.0,13943,52,1116,1096.0,929.5333333333332,-1.7340936946773962,1.7736243655320516,97756.64888888889,1096.0,935.5,160.5,1634046403.395056,0.0,25.53441190719604
7580,0,1,0,0,3,2,1096,2211110130,1130,64,1116,17,59861,29483,4,0,0,43,15,2211110130,17,59861,11123,4540,1130,1150,1130.0,1135.0,1.1547005383792517,-0.6666666666666665,75.0,1135.0,1130.0,5.0,15039,52,1116,1096.0,939.9375,-1.8365207003956048,2.1649375045338517,93270.55859375,1096.0,1015.75,80.25,1634046403.395516,0.0004599094390869,25.53487181663513
7581,0,1,0,0,3,2,451,2211110130,485,64,471,17,59861,29483,4,0,0,43,15,2211110130,17,59861,11123,5025,485,1150,1130.0,1005.0,-1.4966414894897588,0.2456378893301511,67660.0,1130.0,1130.0,0.0,15490,52,1116,1096.0,911.1764705882352,-1.4754105355451046,0.8901626435117262,101019.20415224912,1096.0,775.0,321.0,1634046403.395516,0.0,25.53487181663513
7582,0,1,0,0,2,3,60,3232270721,94,47,80,17,29483,59861,4,0,0,43,15,2211110130,17,59861,11123,5119,94,1150,1130.0,853.1666666666666,-0.9318990114432636,-0.8735650515497393,171650.1388888889,1130.0,646.25,483.75,15550,52,1116,1096.0,863.8888888888889,-1.230476784719445,0.0063558503465737,133420.987654321,1096.0,667.75,428.25,1634046403.40542,0.009904146194458,25.544775962829586
7583,0,1,0,0,3,2,56,2211110130,90,64,76,17,59861,29483,4,0,0,43,15,2211110130,17,59861,11123,5209,90,1150,1130.0,744.1428571428571,-0.4658283569812498,-1.623155544034132,218445.83673469388,1130.0,289.5,840.5,15606,52,1116,1096.0,821.3684210526316,-1.013326806991542,-0.6062703205775906,158942.65373961217,1096.0,541.5,554.5,1634046403.407344,0.0019240379333496,25.546700000762936
7584,0,1,0,0,2,3,60,3232270721,94,47,80,17,29483,59861,4,0,0,43,15,2211110130,17,59861,11123,5303,90,1150,807.5,662.875,-0.1518128009680258,-1.8523563473057336,237371.359375,1130.0,94.0,1036.0,15666,52,1116,1096.0,783.3,-0.830178497084847,-1.0183999867150324,178530.41000000003,1096.0,440.25,655.75,1634046403.418953,0.0116088390350341,25.55830883979797
7585,0,1,0,0,3,2,1104,2211110130,1138,64,1124,17,59861,29483,4,0,0,43,15,2211110130,17,59861,11123,6441,90,1150,1130.0,715.6666666666666,-0.3619389425773213,-1.7534335320621706,233292.44444444444,1130.0,94.0,1036.0,1104,1104,1104,1104.0,1104.0,0.0,-3.0,0.0,1104.0,1104.0,0.0,1634046403.426563,0.0076100826263427,25.565918922424313
7586,0,1,0,0,3,2,1096,2211110130,1130,64,1116,17,59861,29483,4,0,0,43,15,2211110130,17,59861,11123,7571,90,1150,1130.0,757.1,-0.5389803716139793,-1.5978994023920372,225413.69,1130.0,191.75,938.25,2200,1096,1104,1100.0,1100.0,0.0,-2.0,16.0,1102.0,1098.0,4.0,1634046403.427295,0.0007319450378417,25.566650867462155
7587,0,1,0,0,3,2,1096,2211110130,1130,64,1116,17,59861,29483,4,0,0,43,15,2211110130,17,59861,11123,8701,90,1150,1130.0,791.0,-0.6930417931475547,-1.4094865975658275,216413.63636363635,1130.0,289.5,840.5,3296,1096,1104,1096.0,1098.6666666666667,0.7071067811864872,-1.5000000000000566,14.222222222222223,1100.0,1096.0,4.0,1634046403.427295,0.0,25.566650867462155
7588,0,1,0,0,3,2,1096,2211110130,1130,64,1116,17,59861,29483,4,0,0,43,15,2211110130,17,59861,11123,9831,90,1150,1130.0,819.25,-0.8303481259112602,-1.200166588996287,207157.85416666663,1130.0,387.25,742.75,4392,1096,1104,1096.0,1098.0,1.1547005383792517,-0.6666666666666665,12.0,1098.0,1096.0,2.0,1634046403.427295,0.0,25.566650867462155
7589,0,1,0,0,3,2,1096,2211110130,1130,64,1116,17,59861,29483,4,0,0,43,15,2211110130,17,59861,11123,10961,90,1150,1130.0,843.1538461538462,-0.9548674020303516,-0.976728158645527,198079.3609467456,1130.0,485.0,645.0,5488,1096,1104,1096.0,1097.6,1.500000000000085,0.2500000000001701,10.240000000000002,1096.0,1096.0,0.0,1634046403.42791,0.000615119934082,25.567265987396237
7590,0,1,0,0,3,2,943,2211110130,977,64,963,17,59861,29483,4,0,0,43,15,2211110130,17,59861,11123,11938,90,1150,1130.0,852.7142857142857,-1.045909349467032,-0.7583052540734454,185119.0612244897,1130.0,608.0,522.0,6431,943,1104,1096.0,1071.8333333333333,-1.7783299908288264,1.1819657249706328,3328.138888888889,1096.0,1096.0,0.0,1634046403.428754,0.0008440017700195,25.568109989166256
7591,0,1,0,0,3,2,408,2211110130,442,64,428,17,59861,29483,4,0,0,43,15,2211110130,17,59861,11123,12380,90,1150,1130.0,825.3333333333334,-0.8576923102524604,-1.0529204480829943,183273.82222222228,1130.0,463.5,666.5,6839,408,1104,1096.0,977.0,-1.8511244526051345,1.6864320729666105,56812.857142857145,1096.0,1019.5,76.5,1634046403.445296,0.0165419578552246,25.58465194702148
7592,0,1,0,0,2,3,60,3232270721,94,47,80,17,29483,59861,4,0,0,43,15,2211110130,17,59861,11123,12474,90,1150,1130.0,779.625,-0.6506802790350371,-1.4070115773863807,203157.984375,1130.0,355.0,775.0,6899,60,1104,1096.0,862.375,-1.276806612418407,-0.0579351161405656,141683.484375,1096.0,809.25,286.75,1634046403.453806,0.008509874343872,25.593161821365353
7593,0,1,0,0,3,2,60,2211110130,94,64,80,17,59861,29483,4,0,0,43,15,2211110130,17,59861,11123,12568,90,1150,1130.0,739.2941176470588,-0.4808694344147271,-1.6246756993935425,217232.79584775088,1130.0,94.0,1036.0,6959,60,1104,1096.0,773.2222222222222,-0.8062719278663043,-1.170223692737755,189526.61728395065,1096.0,408.0,688.0,1634046403.459942,0.0061361789703369,25.59929800033569
7594,0,1,0,0,3,2,1096,2211110130,1130,64,1116,17,59861,29483,4,0,0,43,15,2211110130,17,59861,11123,13698,90,1150,1130.0,761.0,-0.5746629218514253,-1.527859837431722,213173.77777777775,1130.0,181.0,949.0,8055,60,1104,1096.0,805.5,-0.9689873900649604,-0.8796018406637072,179950.65,1096.0,541.75,554.25,1634046403.47975,0.0198078155517578,25.619105815887448
7595,0,1,0,0,3,2,1096,2211110130,1130,64,1116,17,59861,29483,4,0,0,43,15,2211110130,17,59861,11123,14828,90,1150,1130.0,780.421052631579,-0.6617140087230478,-1.421450036596991,208743.296398892,1130.0,268.0,862.0,9151,60,1104,1096.0,831.9090909090909,-1.11504973585981,-0.5714966649315905,170565.9008264463,1096.0,675.5,420.5,1634046403.47975,0.0,25.619105815887448
7596,0,1,0,0,3,2,1096,2211110130,1130,64,1116,17,59861,29483,4,0,0,43,15,2211110130,17,59861,11123,15958,90,1150,1130.0,797.9,-0.7431097249425008,-1.3075960628110812,204110.89000000004,1130.0,355.0,775.0,10247,60,1104,1096.0,853.9166666666666,-1.2482941002853445,-0.2516322948162766,161679.74305555553,1096.0,809.25,286.75,1634046403.47975,0.0,25.619105815887448
7597,0,1,0,0,3,2,1096,2211110130,1130,64,1116,17,59861,29483,4,0,0,43,15,2211110130,17,59861,11123,1130,1130,1130,1130.0,1130.0,0.0,-3.0,0.0,1130.0,1130.0,0.0,11343,60,1104,1096.0,872.5384615384615,-1.371338364823211,0.0765171190105995,153404.09467455625,1096.0,943.0,153.0,1634046403.480364,0.0006141662597656,25.619719982147213
7598,0,1,0,0,3,2,571,2211110130,605,64,591,17,59861,29483,4,0,0,43,15,2211110130,17,59861,11123,1735,605,1130,867.5,867.5,0.0,-2.0,68906.25,998.75,736.25,262.5,11914,60,1104,1096.0,851.0,-1.2036533991886873,-0.2115960590410228,148477.42857142858,1096.0,664.0,432.0,1634046403.481325,0.0009608268737792,25.620680809020993
7599,0,1,0,0,3,2,408,2211110130,442,64,428,17,59861,29483,4,0,0,43,15,2211110130,17,59861,11123,2177,442,1130,605.0,725.6666666666666,0.547134761480874,-1.5,86170.88888888889,867.5,523.5,344.0,12322,60,1104,1096.0,821.4666666666667,-0.9680448479585118,-0.6930179839681738,150789.98222222226,1096.0,489.5,606.5,1634046403.481325,0.0,25.620680809020993
7600,0,1,0,0,2,3,56,3232270721,90,47,76,17,29483,59861,4,0,0,43,15,2211110130,17,59861,11123,2267,90,1130,523.5,566.75,0.3252898474624386,-1.0650101409094253,140391.6875,736.25,354.0,382.25,12378,56,1104,1096.0,773.625,-0.7583046882431036,-1.1363839039270451,175697.984375,1096.0,408.0,688.0,1634046403.487536,0.0062110424041748,25.626891851425167
7601,0,1,0,0,2,3,60,3232270721,94,47,80,17,29483,59861,4,0,0,43,15,2211110130,17,59861,11123,2361,90,1130,442.0,472.2,0.6213535878858844,-0.9079992583848756,148072.15999999997,605.0,94.0,511.0,12438,56,1104,1096.0,731.6470588235294,-0.5811647560998043,-1.4240609797991608,193557.169550173,1096.0,408.0,688.0,1634046403.487591,5.507469177246094e-05,25.62694692611694
7602,0,1,0,0,3,2,1096,2211110130,1130,64,1116,17,59861,29483,4,0,0,43,15,2211110130,17,59861,11123,3491,90,1130,523.5,581.8333333333334,0.1943220789094221,-1.5341660789051583,183490.80555555556,998.75,181.0,817.75,13534,56,1104,1096.0,751.8888888888889,-0.6723860978809394,-1.3124040766962768,189769.43209876545,1096.0,408.0,688.0,1634046403.488202,0.0006110668182373,25.627557992935177
7603,0,1,0,0,3,2,1096,2211110130,1130,64,1116,17,59861,29483,4,0,0,43,15,2211110130,17,59861,11123,4621,90,1130,605.0,660.1428571428571,-0.1105389748063873,-1.646362456691823,194072.1224489796,1130.0,268.0,862.0,14630,56,1104,1096.0,770.0,-0.7574866895172913,-1.1919814475048662,185685.7894736842,1096.0,408.0,688.0,1634046403.488202,0.0,25.627557992935177
7604,0,1,0,0,3,2,1096,2211110130,1130,64,1116,17,59861,29483,4,0,0,43,15,2211110130,17,59861,11123,5751,90,1130,867.5,718.875,-0.3474635782353253,-1.573924720589085,193959.359375,1130.0,355.0,775.0,15726,56,1104,1096.0,786.3,-0.837400006368947,-1.0647065294624345,181449.61,1096.0,408.0,688.0,1634046403.488202,0.0,25.627557992935177
7605,0,1,0,0,3,2,1096,2211110130,1130,64,1116,17,59861,29483,4,0,0,43,15,2211110130,17,59861,11123,6881,90,1130,1130.0,764.5555555555555,-0.5432392382324825,-1.4157196673335672,189102.024691358,1130.0,442.0,688.0,1096,1096,1096,1096.0,1096.0,0.0,-3.0,0.0,1096.0,1096.0,0.0,1634046403.488988,0.0007858276367187,25.628343820571896
7606,0,1,0,0,3,2,385,2211110130,419,64,405,17,59861,29483,4,0,0,43,15,2211110130,17,59861,11123,7300,90,1130,867.5,730.0,-0.3317385671955155,-1.5464699122553038,180938.6,1130.0,424.75,705.25,1481,385,1096,740.5,740.5,0.0,-2.0,126380.25,918.25,562.75,355.5,1634046403.488988,0.0,25.628343820571896
7607,0,1,0,0,2,3,60,3232270721,94,47,80,17,29483,59861,4,0,0,43,15,2211110130,17,59861,11123,7394,90,1130,605.0,672.1818181818181,-0.1371409175845493,-1.6888236033603714,197919.0578512397,1130.0,256.5,873.5,1541,60,1096,385.0,513.6666666666666,0.4198114142506499,-1.5,187160.22222222225,740.5,222.5,518.0,1634046403.507739,0.0187511444091796,25.647094964981076
7608,0,1,0,0,3,2,408,2211110130,442,64,428,17,59861,29483,4,0,0,43,15,2211110130,17,59861,11123,7836,90,1130,523.5,653.0,-0.0175916330361022,-1.639611751661411,185473.16666666663,1130.0,337.75,792.25,1949,60,1096,396.5,487.25,0.6789331821662726,-0.8961574676451733,142463.6875,580.0,303.75,276.25,1634046403.513014,0.005275011062622,25.652369976043698
7609,0,1,0,0,3,2,1096,2211110130,1130,64,1116,17,59861,29483,4,0,0,43,15,2211110130,17,59861,11123,8966,90,1130,605.0,689.6923076923077,-0.1679667129788724,-1.6422192404433862,187361.9053254438,1130.0,419.0,711.0,3045,60,1096,408.0,609.0,0.128045009049797,-1.6176564928141095,173263.2,1096.0,385.0,711.0,1634046403.521818,0.0088038444519042,25.661173820495602
7610,0,1,0,0,3,2,1096,2211110130,1130,64,1116,17,59861,29483,4,0,0,43,15,2211110130,17,59861,11123,10096,90,1130,867.5,721.1428571428571,-0.2997933215936028,-1.5997515269522324,186837.693877551,1130.0,424.75,705.25,4141,60,1096,752.0,690.1666666666666,-0.22455273277765,-1.6532543533226105,177326.13888888888,1096.0,390.75,705.25,1634046403.521818,0.0,25.661173820495602
7611,0,1,0,0,3,2,1096,2211110130,1130,64,1116,17,59861,29483,4,0,0,43,15,2211110130,17,59861,11123,11226,90,1130,1130.0,748.4,-0.4176050458119674,-1.527539687814923,184783.1733333333,1130.0,430.5,699.5,5237,60,1096,1096.0,748.1428571428571,-0.4894379017896471,-1.488574005311493,172161.26530612243,1096.0,396.5,699.5,1634046403.521818,0.0,25.661173820495602
7612,0,1,0,0,3,2,1116,2211110130,1150,64,1136,17,59861,29483,4,0,0,43,15,2211110130,17,59861,11123,12376,90,1150,1130.0,773.5,-0.5228031294873141,-1.436851033758478,182684.375,1130.0,436.25,693.75,6353,60,1116,1096.0,794.125,-0.7027390433451164,-1.2433328633252745,165441.609375,1096.0,402.25,693.75,1634046403.527624,0.0058059692382812,25.666979789733883
7613,0,1,0,0,3,2,1096,2211110130,1130,64,1116,17,59861,29483,4,0,0,43,15,2211110130,17,59861,11123,13506,90,1150,1130.0,794.4705882352941,-0.6210587255924686,-1.329121051751484,178974.48442906575,1130.0,442.0,688.0,7449,60,1116,1096.0,827.6666666666666,-0.8875764123682166,-0.9491036922206336,156059.55555555553,1096.0,408.0,688.0,1634046403.528364,0.0007400512695312,25.667719841003414
7614,0,1,0,0,3,2,1096,2211110130,1130,64,1116,17,59861,29483,4,0,0,43,15,2211110130,17,59861,11123,14636,90,1150,1130.0,813.1111111111111,-0.7120803168988915,-1.210263930295591,174938.43209876545,1130.0,442.0,688.0,8545,60,1116,1096.0,854.5,-1.0504285240117652,-0.6290783145281473,146933.85,1096.0,580.0,516.0,1634046403.528364,0.0,25.667719841003414
7615,0,1,0,0,3,2,1096,2211110130,1130,64,1116,17,59861,29483,4,0,0,43,15,2211110130,17,59861,11123,15766,90,1150,1130.0,829.7894736842105,-0.7970649094888957,-1.0828946188738489,170738.16620498616,1130.0,442.0,688.0,9641,60,1116,1096.0,876.4545454545455,-1.1970290677397142,-0.2926784078776743,138396.2479338843,1096.0,752.0,344.0,1634046403.528364,0.0,25.667719841003414
7616,0,1,0,0,3,2,153,2211110130,187,64,173,17,59861,29483,4,0,0,43,15,2211110130,17,59861,11123,15953,90,1150,1130.0,797.65,-0.6337377168491096,-1.3611194373641031,181827.2275,1130.0,436.25,693.75,9794,60,1116,1096.0,816.1666666666666,-0.8459671308492641,-1.1030065376687248,166844.1388888889,1096.0,402.25,693.75,1634046403.528364,0.0,25.667719841003414
7617,0,1,0,0,2,3,60,3232270721,94,47,80,17,29483,59861,4,0,0,43,15,2211110130,17,59861,11123,94,94,94,94.0,94.0,0.0,-3.0,0.0,94.0,94.0,0.0,9854,60,1116,1096.0,758.0,-0.6094303672787291,-1.4749489713483406,194610.3076923077,1096.0,385.0,711.0,1634046403.540424,0.0120601654052734,25.679780006408688
7618,0,1,0,0,3,2,408,2211110130,442,64,428,17,59861,29483,4,0,0,43,15,2211110130,17,59861,11123,536,94,442,268.0,268.0,0.0,-2.0,30276.0,355.0,181.0,174.0,10262,60,1116,1096.0,733.0,-0.4565989477169139,-1.5908128140027742,188834.57142857145,1096.0,390.75,705.25,1634046403.546603,0.006178855895996,25.685958862304684
7619,0,1,0,0,3,2,1096,2211110130,1130,64,1116,17,59861,29483,4,0,0,43,15,2211110130,17,59861,11123,1666,94,1130,442.0,555.3333333333334,0.3766675336035382,-1.5000000000000004,185304.8888888889,786.0,268.0,518.0,11358,60,1116,1096.0,757.2,-0.5704323902045666,-1.4778682840529829,184444.56000000003,1096.0,396.5,699.5,1634046403.549652,0.0030491352081298,25.689007997512814
7620,0,1,0,0,3,2,1096,2211110130,1130,64,1116,17,59861,29483,4,0,0,43,15,2211110130,17,59861,11123,2796,94,1130,786.0,699.0,-0.2173703793443629,-1.715628269693377,200899.0,1130.0,355.0,775.0,12454,60,1116,1096.0,778.375,-0.6744470837322203,-1.3503750534437655,179642.484375,1096.0,402.25,693.75,1634046403.549652,0.0,25.689007997512814
7621,0,1,0,0,3,2,1096,2211110130,1130,64,1116,17,59861,29483,4,0,0,43,15,2211110130,17,59861,11123,3926,94,1130,1130.0,785.2,-0.5960310217014525,-1.4309581812273606,190440.96,1130.0,442.0,688.0,13550,60,1116,1096.0,797.0588235294117,-0.7705102709800248,-1.2121637696939689,174660.64359861592,1096.0,408.0,688.0,1634046403.549652,0.0,25.689007997512814
7622,0,1,0,0,3,2,1096,2211110130,1130,64,1116,17,59861,29483,4,0,0,43,15,2211110130,17,59861,11123,5056,94,1130,1130.0,842.6666666666666,-0.8841304010018901,-1.0064953845451037,175212.8888888889,1130.0,614.0,516.0,14646,60,1116,1096.0,813.6666666666666,-0.859996356920323,-1.0658289621525363,169646.22222222222,1096.0,408.0,688.0,1634046403.550369,0.0007169246673583,25.689724922180172
7623,0,1,0,0,3,2,1096,2211110130,1130,64,1116,17,59861,29483,4,0,0,43,15,2211110130,17,59861,11123,6186,94,1130,1130.0,883.7142857142857,-1.1219136136324064,-0.5235409323099716,160291.91836734695,1130.0,786.0,344.0,15742,60,1116,1096.0,828.5263157894736,-0.9439460681250094,-0.9131903680735736,164692.0387811634,1096.0,408.0,688.0,1634046403.550369,0.0,25.689724922180172
7624,0,1,0,0,3,2,315,2211110130,349,64,335,17,59861,29483,4,0,0,43,15,2211110130,17,59861,11123,6535,94,1130,1130.0,816.875,-0.66746803943163,-1.3481965198736323,171527.859375,1130.0,418.75,711.25,16057,60,1116,1096.0,802.85,-0.7726524165892978,-1.2116469656718611,168983.6275,1096.0,402.25,693.75,1634046403.550369,0.0,25.689724922180172
7625,0,1,0,0,2,3,60,3232270721,94,47,80,17,29483,59861,4,0,0,43,15,2211110130,17,59861,11123,6629,94,1130,1130.0,736.5555555555555,-0.373417313077158,-1.690522488911572,204078.91358024688,1130.0,349.0,781.0,60,60,60,60.0,60.0,0.0,-3.0,0.0,60.0,60.0,0.0,1634046403.557107,0.0067379474639892,25.69646286964416
7626,0,1,0,0,3,2,60,2211110130,94,64,80,17,59861,29483,4,0,0,43,15,2211110130,17,59861,11123,6723,94,1130,786.0,672.3,-0.141456735749616,-1.833818251795852,220830.01,1130.0,157.75,972.25,120,60,60,60.0,60.0,0.0,-3.0,0.0,60.0,60.0,0.0,1634046403.572495,0.015388011932373,25.711850881576535
7627,0,1,0,0,3,2,408,2211110130,442,64,428,17,59861,29483,4,0,0,43,15,2211110130,17,59861,11123,7165,94,1130,442.0,651.3636363636364,-0.01680859866261,-1.7812912516658632,205137.86776859505,1130.0,221.5,908.5,528,60,408,60.0,176.0,0.7071067811865476,-1.5,26912.0,234.0,60.0,174.0,1634046403.572495,0.0,25.711850881576535
7628,0,1,0,0,2,3,60,3232270721,94,47,80,17,29483,59861,4,0,0,43,15,2211110130,17,59861,11123,7259,94,1130,442.0,604.9166666666666,0.1410732906849818,-1.7767135868446868,211773.5763888889,1130.0,94.0,1036.0,588,60,408,60.0,147.0,1.1547005383792517,-0.6666666666666665,22707.0,147.0,60.0,87.0,1634046403.577082,0.0045869350433349,25.71643781661987
7629,0,1,0,0,2,3,60,3232270721,94,47,80,17,29483,59861,4,0,0,43,15,2211110130,17,59861,11123,7353,94,1130,442.0,565.6153846153846,0.2800348092119674,-1.7281371574784197,214018.3905325444,1130.0,94.0,1036.0,648,60,408,60.0,129.6,1.5,0.2500000000000004,19376.64,60.0,60.0,0.0,1634046403.592521,0.0154390335083007,25.73187685012817
7630,0,1,0,0,2,3,52,3232270721,86,47,72,17,29483,59861,4,0,0,43,15,2211110130,17,59861,11123,7439,86,1130,395.5,531.3571428571429,0.4030562297485167,-1.649654621376888,213988.51530612243,1130.0,94.0,1036.0,700,52,408,60.0,116.66666666666669,1.7868139051407288,1.196417221444828,16983.55555555555,60.0,60.0,0.0,1634046403.592567,4.601478576660156e-05,25.731922864913937
7631,0,1,0,0,3,2,1096,2211110130,1130,64,1116,17,59861,29483,4,0,0,43,15,2211110130,17,59861,11123,8569,86,1130,442.0,571.2666666666667,0.2379666889292416,-1.779247701565586,222021.3955555556,1130.0,94.0,1036.0,1796,52,1096,60.0,256.57142857142856,1.65633247255946,1.1386876819999705,131997.38775510204,234.0,60.0,174.0,1634046403.592691,0.0001239776611328,25.73204684257507
7632,0,1,0,0,3,2,1096,2211110130,1130,64,1116,17,59861,29483,4,0,0,43,15,2211110130,17,59861,11123,9699,86,1130,442.0,606.1875,0.0972228613290676,-1.8418286558498145,226437.02734375,1130.0,94.0,1036.0,2892,52,1096,60.0,361.5,0.9664327036270736,-0.8954510045150252,192567.75,580.0,60.0,520.0,1634046403.593379,0.0006880760192871,25.732734918594357
7633,0,1,0,0,3,2,1096,2211110130,1130,64,1116,17,59861,29483,4,0,0,43,15,2211110130,17,59861,11123,10829,86,1130,442.0,637.0,-0.0258458932980016,-1.8610882191349023,228307.76470588235,1130.0,94.0,1036.0,3988,52,1096,60.0,443.1111111111111,0.5748029672726065,-1.5561347927782117,224454.32098765436,1096.0,60.0,1036.0,1634046403.593379,0.0,25.732734918594357
7634,0,1,0,0,3,2,615,2211110130,649,64,635,17,59861,29483,4,0,0,43,15,2211110130,17,59861,11123,11478,86,1130,545.5,637.6666666666666,-0.0308998409546446,-1.794012809939363,215631.55555555556,1130.0,94.0,1036.0,4603,52,1096,234.0,460.3,0.4855719424351247,-1.5174979735726593,204668.01,975.75,60.0,915.75,1634046403.593379,0.0,25.732734918594357
7635,0,1,0,0,3,2,56,2211110130,90,64,76,17,59861,29483,4,0,0,43,15,2211110130,17,59861,11123,11568,86,1130,442.0,608.8421052631579,0.0721404795242174,-1.801243076177938,219237.9224376731,1130.0,94.0,1036.0,4659,52,1096,60.0,423.54545454545456,0.6384406681441791,-1.3521131844350385,199570.79338842977,855.5,60.0,795.5,1634046403.606258,0.0128788948059082,25.745613813400265
7636,0,1,0,0,2,3,60,3232270721,94,47,80,17,29483,59861,4,0,0,43,15,2211110130,17,59861,11123,11662,86,1130,442.0,583.1,0.1665298497978036,-1.7874250948660506,220866.49,1130.0,94.0,1036.0,4719,52,1096,60.0,393.25,0.7751848456892363,-1.1611086251602656,193035.85416666663,735.25,60.0,675.25,1634046403.611668,0.0054101943969726,25.751024007797238
7637,0,1,0,0,3,2,408,2211110130,442,64,428,17,59861,29483,4,0,0,43,15,2211110130,17,59861,11123,442,442,442,442.0,442.0,0.0,-3.0,0.0,442.0,442.0,0.0,5127,52,1096,60.0,394.38461538461536,0.7986730100038825,-1.0168428785808274,178202.39053254438,615.0,60.0,555.0,1634046403.623413,0.0117449760437011,25.76276898384094
7638,0,1,0,0,3,2,52,2211110130,86,64,72,17,59861,29483,4,0,0,43,15,2211110130,17,59861,11123,528,86,442,264.0,264.0,0.0,-2.0,31684.0,353.0,175.0,178.0,5179,52,1096,60.0,369.9285714285714,0.9103713504990072,-0.8257523620907614,173248.92346938775,563.25,60.0,503.25,1634046403.624339,0.0009260177612304,25.76369500160217
7639,0,1,0,0,2,3,60,3232270721,94,47,80,17,29483,59861,4,0,0,43,15,2211110130,17,59861,11123,622,86,442,94.0,207.33333333333331,0.7058747686471649,-1.5000000000000009,27544.88888888889,268.0,90.0,178.0,5239,52,1096,60.0,349.26666666666665,1.0149901442807945,-0.6221073583256063,167675.79555555552,511.5,60.0,451.5,1634046403.645501,0.0211617946624755,25.784856796264645
7640,0,1,0,0,3,2,1096,2211110130,1130,64,1116,17,59861,29483,4,0,0,43,15,2211110130,17,59861,11123,1752,86,1130,268.0,438.0,0.8068770070569964,-1.010312693087089,180280.0,614.0,92.0,522.0,6335,52,1096,60.0,395.9375,0.781699180501494,-1.126213503275569,189868.55859375,735.25,60.0,675.25,1634046403.647241,0.0017402172088623,25.786597013473507
7641,0,1,0,0,3,2,1096,2211110130,1130,64,1116,17,59861,29483,4,0,0,43,15,2211110130,17,59861,11123,2882,86,1130,442.0,576.4,0.2056277821717038,-1.769079447190631,220842.24,1130.0,94.0,1036.0,7431,52,1096,60.0,437.11764705882354,0.5948736215920364,-1.4313889340411494,205832.6920415225,1096.0,60.0,1036.0,1634046403.647241,0.0,25.786597013473507
7642,0,1,0,0,3,2,1096,2211110130,1130,64,1116,17,59861,29483,4,0,0,43,15,2211110130,17,59861,11123,4012,86,1130,786.0,668.6666666666666,-0.1617496194897335,-1.8222586973094632,226600.88888888888,1130.0,181.0,949.0,8527,52,1096,234.0,473.72222222222223,0.4392756401357247,-1.6223257523378165,217175.75617283952,1096.0,60.0,1036.0,1634046403.648036,0.0007948875427246,25.787391901016232
7643,0,1,0,0,3,2,1096,2211110130,1130,64,1116,17,59861,29483,4,0,0,43,15,2211110130,17,59861,11123,5142,86,1130,1130.0,734.5714285714286,-0.4330013432510904,-1.6739823289169846,220289.95918367343,1130.0,268.0,862.0,9623,52,1096,408.0,506.4736842105263,0.3058428038348337,-1.7418682247808928,225053.30193905815,1096.0,60.0,1036.0,1634046403.648036,0.0,25.787391901016232
7644,0,1,0,0,3,2,1096,2211110130,1130,64,1116,17,59861,29483,4,0,0,43,15,2211110130,17,59861,11123,6272,86,1130,1130.0,784.0,-0.6520384859328419,-1.440665141454031,209856.0,1130.0,355.0,775.0,10719,52,1096,408.0,535.95,0.1888530186371774,-1.813891807611018,230308.8475,1096.0,60.0,1036.0,1634046403.648036,0.0,25.787391901016232
7645,0,1,0,0,3,2,715,2211110130,749,64,735,17,59861,29483,4,0,0,43,15,2211110130,17,59861,11123,7021,86,1130,1130.0,780.1111111111111,-0.6639737056532403,-1.2724092476659523,186659.65432098764,1130.0,442.0,688.0,715,715,715,715.0,715.0,0.0,-3.0,0.0,715.0,715.0,0.0,1634046403.648036,0.0,25.787391901016232
7646,0,1,0,0,3,2,1096,2211110130,1130,64,1116,17,59861,29483,4,0,0,43,15,2211110130,17,59861,11123,8151,86,1130,1130.0,815.1,-0.8283798364337189,-1.0297679277098006,179011.69,1130.0,518.75,611.25,1811,715,1096,905.5,905.5,0.0,-2.0,36290.25,1000.75,810.25,190.5,1634046403.659941,0.0119049549102783,25.79929685592651
7647,0,1,0,0,3,2,1096,2211110130,1130,64,1116,17,59861,29483,4,0,0,43,15,2211110130,17,59861,11123,9281,86,1130,1130.0,843.7272727272727,-0.9749738113427764,-0.7637363968635991,170933.10743801648,1130.0,595.5,534.5,2907,715,1096,1096.0,969.0,-0.7071067811865475,-1.5,32258.0,1096.0,905.5,190.5,1634046403.659941,0.0,25.79929685592651
7648,0,1,0,0,2,3,32,3232270721,66,47,52,17,29483,59861,4,0,0,43,15,2211110130,17,59861,11123,9347,66,1130,1130.0,778.9166666666666,-0.6854144549035983,-1.323546960940523,202893.2430555556,1130.0,355.0,775.0,2939,32,1096,905.5,734.75,-0.770253658924234,-1.0508067386620477,188812.6875,1096.0,544.25,551.75,1634046403.662046,0.0021049976348876,25.801401853561398
7649,0,1,0,0,2,3,60,3232270721,94,47,80,17,29483,59861,4,0,0,43,15,2211110130,17,59861,11123,9441,66,1130,1130.0,726.2307692307693,-0.4586914027796201,-1.6245127841528717,220595.71597633132,1130.0,94.0,1036.0,2999,32,1096,715.0,599.8,-0.178349672180158,-1.7621513812473617,223896.16,1096.0,60.0,1036.0,1634046403.662099,5.292892456054688e-05,25.80145478248596
7650,0,1,0,0,3,2,1116,2211110130,1150,64,1136,17,59861,29483,4,0,0,43,15,2211110130,17,59861,11123,10591,66,1150,1130.0,756.5,-0.5787707331801896,-1.502865832368195,216749.82142857145,1130.0,181.0,949.0,4115,32,1116,905.5,685.8333333333334,-0.4839573256406185,-1.5764148311431343,223588.80555555556,1096.0,223.75,872.25,1634046403.663088,0.0009891986846923,25.80244398117065
7651,0,1,0,0,3,2,1096,2211110130,1130,64,1116,17,59861,29483,4,0,0,43,15,2211110130,17,59861,11123,11721,66,1150,1130.0,781.4,-0.6894410931545425,-1.3641981354471318,210979.9733333333,1130.0,268.0,862.0,5211,32,1116,1096.0,744.4285714285714,-0.7313111098887118,-1.2814173067988617,212247.95918367343,1096.0,387.5,708.5,1634046403.663088,0.0,25.80244398117065
7652,0,1,0,0,3,2,724,2211110130,758,64,744,17,59861,29483,4,0,0,43,15,2211110130,17,59861,11123,12479,66,1150,1130.0,779.9375,-0.7020230369228648,-1.26500847776897,197825.80859375,1130.0,355.0,775.0,5935,32,1116,910.0,741.875,-0.7637552253741342,-1.0551807704405556,185762.609375,1096.0,551.25,544.75,1634046403.664421,0.0013329982757568,25.803776979446408
7653,0,1,0,0,3,2,408,2211110130,442,64,428,17,59861,29483,4,0,0,43,15,2211110130,17,59861,11123,12921,66,1150,1130.0,760.0588235294117,-0.5791388904547771,-1.3722434977524822,192511.5847750865,1130.0,442.0,688.0,6343,32,1116,724.0,704.7777777777778,-0.5254007875063965,-1.2652592770345197,176131.95061728396,1096.0,408.0,688.0,1634046403.664421,0.0,25.803776979446408
7654,0,1,0,0,2,3,56,3232270721,90,47,76,17,29483,59861,4,0,0,43,15,2211110130,17,59861,11123,13011,66,1150,944.0,722.8333333333334,-0.4289878718036479,-1.5651756012966185,205374.02777777775,1130.0,181.0,949.0,6399,32,1116,719.5,639.9,-0.2730046019824261,-1.5739680044879425,196400.89,1096.0,147.0,949.0,1634046403.679991,0.0155699253082275,25.819346904754635
7655,0,1,0,0,2,3,60,3232270721,94,47,80,17,29483,59861,4,0,0,43,15,2211110130,17,59861,11123,13105,66,1150,758.0,689.7368421052631,-0.2984156749783055,-1.6881635743996382,214281.66759002773,1130.0,94.0,1036.0,6459,32,1116,715.0,587.1818181818181,-0.0698866875820735,-1.6974427811871888,206338.3305785124,1096.0,60.0,1036.0,1634046403.680045,5.3882598876953125e-05,25.819400787353512
7656,0,1,0,0,3,2,1096,2211110130,1130,64,1116,17,59861,29483,4,0,0,43,15,2211110130,17,59861,11123,14235,66,1150,944.0,711.75,-0.3863143736736408,-1.6344714530202853,212774.5875,1130.0,94.0,1036.0,7555,32,1116,719.5,629.5833333333334,-0.2270195738156069,-1.6748174388216237,208920.2430555556,1096.0,60.0,1036.0,1634046403.683986,0.0039410591125488,25.82334184646606
7657,0,1,0,0,3,2,1096,2211110130,1130,64,1116,17,59861,29483,4,0,0,43,15,2211110130,17,59861,11123,1130,1130,1130,1130.0,1130.0,0.0,-3.0,0.0,1130.0,1130.0,0.0,8651,32,1116,724.0,665.4615384615385,-0.3647185397745147,-1.607943300472468,208296.4023668639,1096.0,60.0,1036.0,1634046403.683986,0.0,25.82334184646606
7658,0,1,0,0,3,2,1096,2211110130,1130,64,1116,17,59861,29483,4,0,0,43,15,2211110130,17,59861,11123,2260,1130,1130,1130.0,1130.0,0.0,-3.0,0.0,1130.0,1130.0,0.0,9747,32,1116,910.0,696.2142857142857,-0.4876941679618555,-1.512039885854626,205712.59693877547,1096.0,147.0,949.0,1634046403.691033,0.0070469379425048,25.830388784408566
7659,0,1,0,0,3,2,1096,2211110130,1130,64,1116,17,59861,29483,4,0,0,43,15,2211110130,17,59861,11123,3390,1130,1130,1130.0,1130.0,0.0,-3.0,0.0,1130.0,1130.0,0.0,10843,32,1116,1096.0,722.8666666666667,-0.5991800217291419,-1.3961214096327073,201943.3155555556,1096.0,234.0,862.0,1634046403.691033,0.0,25.830388784408566
7660,0,1,0,0,3,2,1096,2211110130,1130,64,1116,17,59861,29483,4,0,0,43,15,2211110130,17,59861,11123,4520,1130,1130,1130.0,1130.0,0.0,-3.0,0.0,1130.0,1130.0,0.0,11939,32,1116,1096.0,746.1875,-0.7014649489615457,-1.2658412326739643,197479.77734375,1096.0,321.0,775.0,1634046403.691033,0.0,25.830388784408566
7661,0,1,0,0,3,2,685,2211110130,719,64,705,17,59861,29483,4,0,0,43,15,2211110130,17,59861,11123,5239,719,1130,1130.0,1047.8,-1.4999999999999996,0.2499999999999995,27027.36,1130.0,1130.0,0.0,12624,32,1116,1096.0,742.5882352941177,-0.6969809487169991,-1.1852154598404805,186070.5951557093,1096.0,408.0,688.0,1634046403.691033,0.0,25.830388784408566
7662,0,1,0,0,3,2,60,2211110130,94,64,80,17,59861,29483,4,0,0,43,15,2211110130,17,59861,11123,5333,94,1130,1130.0,888.8333333333334,-1.3083743073603613,0.1093146578111978,148874.80555555556,1130.0,821.75,308.25,12684,32,1116,910.0,704.6666666666666,-0.5323008299929949,-1.441786944667041,200180.11111111112,1096.0,147.0,949.0,1634046403.693203,0.0021700859069824,25.832558870315548
7663,0,1,0,0,3,2,408,2211110130,442,64,428,17,59861,29483,4,0,0,43,15,2211110130,17,59861,11123,5775,94,1130,1130.0,825.0,-0.8059290186133281,-0.8881063993657863,152055.14285714287,1130.0,580.5,549.5,13092,32,1116,724.0,689.0526315789474,-0.4381325038188545,-1.4876105642293294,194032.6814404432,1096.0,234.0,862.0,1634046403.709074,0.0158710479736328,25.84842991828918
7664,0,1,0,0,2,3,60,3232270721,94,47,80,17,29483,59861,4,0,0,43,15,2211110130,17,59861,11123,5869,94,1130,924.5,733.625,-0.4461161469564295,-1.49764758370301,191493.984375,1130.0,355.0,775.0,13152,32,1116,719.5,657.6,-0.3148378800321311,-1.6163856096413736,203127.14,1096.0,60.0,1036.0,1634046403.71473,0.0056560039520263,25.854085922241207
7665,0,1,0,0,3,2,1096,2211110130,1130,64,1116,17,59861,29483,4,0,0,43,15,2211110130,17,59861,11123,6999,94,1130,1130.0,777.6666666666666,-0.6363349803180531,-1.3036151758070065,185734.22222222225,1130.0,442.0,688.0,1096,1096,1096,1096.0,1096.0,0.0,-3.0,0.0,1096.0,1096.0,0.0,1634046403.722738,0.0080080032348632,25.86209392547607
7666,0,1,0,0,3,2,1096,2211110130,1130,64,1116,17,59861,29483,4,0,0,43,15,2211110130,17,59861,11123,8129,94,1130,1130.0,812.9,-0.8015214652278094,-1.0697678263563906,178333.28999999998,1130.0,511.25,618.75,2192,1096,1096,1096.0,1096.0,0.0,-3.0,0.0,1096.0,1096.0,0.0,1634046403.722738,0.0,25.86209392547607
7667,0,1,0,0,3,2,1096,2211110130,1130,64,1116,17,59861,29483,4,0,0,43,15,2211110130,17,59861,11123,9259,94,1130,1130.0,841.7272727272727,-0.948541229717762,-0.8114503721451203,170431.28925619836,1130.0,580.5,549.5,3288,1096,1096,1096.0,1096.0,0.0,-3.0,0.0,1096.0,1096.0,0.0,1634046403.722738,0.0,25.86209392547607
7668,0,1,0,0,3,2,1096,2211110130,1130,64,1116,17,59861,29483,4,0,0,43,15,2211110130,17,59861,11123,10389,94,1130,1130.0,865.75,-1.0817580463829712,-0.5370350984955095,162576.6875,1130.0,649.75,480.25,4384,1096,1096,1096.0,1096.0,0.0,-3.0,0.0,1096.0,1096.0,0.0,1634046403.723912,0.001173973083496,25.863267898559567
7669,0,1,0,0,3,2,112,2211110130,146,64,132,17,59861,29483,4,0,0,43,15,2211110130,17,59861,11123,10535,94,1130,1130.0,810.3846153846154,-0.7791502472478513,-1.1855274099097397,186854.69822485204,1130.0,442.0,688.0,4496,112,1096,1096.0,899.2,-1.5,0.2499999999999995,154920.96000000002,1096.0,1096.0,0.0,1634046403.723912,0.0,25.863267898559567
7670,0,1,0,0,2,3,60,3232270721,94,47,80,17,29483,59861,4,0,0,43,15,2211110130,17,59861,11123,10629,94,1130,1130.0,759.2142857142857,-0.5574000684017708,-1.523892372890998,207547.1683673469,1130.0,220.0,910.0,4556,60,1096,1096.0,759.3333333333334,-0.7102647623007311,-1.491070097968218,226914.22222222225,1096.0,358.0,738.0,1634046403.733044,0.009131908416748,25.872399806976315
7671,0,1,0,0,2,3,52,3232270721,86,48,72,17,10001,59861,4,0,0,43,15,2211110130,17,59861,11123,10715,86,1130,1130.0,714.3333333333334,-0.3784511960085851,-1.715571137696782,221910.8888888889,1130.0,120.0,1010.0,4608,52,1096,1096.0,658.2857142857143,-0.2922254713988185,-1.9099451343887712,255761.63265306124,1096.0,86.0,1010.0,1634046403.739982,0.0069379806518554,25.87933778762817
7672,0,1,0,0,3,2,408,2211110130,442,64,428,17,59861,29483,4,0,0,43,15,2211110130,17,59861,11123,11157,86,1130,924.5,697.3125,-0.2809752942665764,-1.7275084058603567,212387.08984375,1130.0,133.0,997.0,5016,52,1096,752.0,627.0,-0.1205696756402205,-1.874816126563936,230643.0,1096.0,99.0,997.0,1634046403.747064,0.0070822238922119,25.886420011520382
7673,0,1,0,0,2,3,60,3232270721,94,47,80,17,29483,59861,4,0,0,43,15,2211110130,17,59861,11123,11251,86,1130,719.0,661.8235294117648,-0.1485091465772952,-1.8026363913927423,220045.20415224912,1130.0,94.0,1036.0,5076,52,1096,408.0,564.0,0.1117465731606998,-1.8890482869296008,236768.0,1096.0,60.0,1036.0,1634046403.75048,0.003415822982788,25.88983583450317
7674,0,1,0,0,3,2,1096,2211110130,1130,64,1116,17,59861,29483,4,0,0,43,15,2211110130,17,59861,11123,12381,86,1130,924.5,687.8333333333334,-0.2522361938057403,-1.7686700795896757,219321.13888888888,1130.0,107.0,1023.0,6172,52,1096,752.0,617.2,-0.099395193921336,-1.9024072680928383,238563.36,1096.0,73.0,1023.0,1634046403.762598,0.0121181011199951,25.901953935623165
7675,0,1,0,0,3,2,1096,2211110130,1130,64,1116,17,59861,29483,4,0,0,43,15,2211110130,17,59861,11123,13511,86,1130,1130.0,711.1052631578947,-0.3468926557893418,-1.7173397198666336,217526.40997229915,1130.0,120.0,1010.0,7268,52,1096,1096.0,660.7272727272727,-0.2744242707447213,-1.8428220488340508,235822.0165289256,1096.0,86.0,1010.0,1634046403.762598,0.0,25.901953935623165
7676,0,1,0,0,3,2,1096,2211110130,1130,64,1116,17,59861,29483,4,0,0,43,15,2211110130,17,59861,11123,14641,86,1130,1130.0,732.05,-0.4341473936277788,-1.652985694528566,214985.0475,1130.0,133.0,997.0,8364,52,1096,1096.0,697.0,-0.4250488267898628,-1.7406959531940098,230643.0,1096.0,99.0,997.0,1634046403.762598,0.0,25.901953935623165
7677,0,1,0,0,3,2,711,2211110130,745,64,731,17,59861,29483,4,0,0,43,15,2211110130,17,59861,11123,745,745,745,745.0,745.0,0.0,-3.0,0.0,745.0,745.0,0.0,9075,52,1096,1096.0,698.0769230769231,-0.4493610202391072,-1.631769861487157,212915.1479289941,1096.0,112.0,984.0,1634046403.76317,0.0005719661712646,25.90252590179443
7678,0,1,0,0,2,3,60,3232270721,94,47,80,17,29483,59861,4,0,0,43,15,2211110130,17,59861,11123,839,94,745,419.5,419.5,0.0,-2.0,105950.25,582.25,256.75,325.5,9135,52,1096,903.5,652.5,-0.2697173577437859,-1.7841826864210455,224711.25,1096.0,73.0,1023.0,1634046403.767985,0.0048151016235351,25.907341003417965
7679,0,1,0,0,3,2,1096,2211110130,1130,64,1116,17,59861,29483,4,0,0,43,15,2211110130,17,59861,11123,1969,94,1130,745.0,656.3333333333334,-0.3021443238751644,-1.4999999999999996,182813.55555555556,937.5,419.5,518.0,10231,52,1096,1096.0,682.0666666666667,-0.3893211415336866,-1.7105957505270166,221969.12888888884,1096.0,86.0,1010.0,1634046403.773241,0.0052559375762939,25.91259694099426
7680,0,1,0,0,3,2,1096,2211110130,1130,64,1116,17,59861,29483,4,0,0,43,15,2211110130,17,59861,11123,3099,94,1130,937.5,774.75,-0.7443915604267466,-1.0796113409046222,179177.6875,1130.0,582.25,547.75,11327,52,1096,1096.0,707.9375,-0.4974890933137097,-1.6179523993099048,218135.55859375,1096.0,99.0,997.0,1634046403.773241,0.0,25.91259694099426
7681,0,1,0,0,3,2,1096,2211110130,1130,64,1116,17,59861,29483,4,0,0,43,15,2211110130,17,59861,11123,4229,94,1130,1130.0,845.8,-1.0798935573061588,-0.463843685669433,163534.56,1130.0,745.0,385.0,12423,52,1096,1096.0,730.7647058823529,-0.5965456252092658,-1.511515339275897,213641.3564013841,1096.0,112.0,984.0,1634046403.77395,0.000709056854248,25.913305997848507
7682,0,1,0,0,3,2,1096,2211110130,1130,64,1116,17,59861,29483,4,0,0,43,15,2211110130,17,59861,11123,5359,94,1130,1130.0,893.1666666666666,-1.354945666607415,0.2249778603237846,147496.80555555553,1130.0,841.25,288.75,13519,52,1096,1096.0,751.0555555555555,-0.6881688409019928,-1.3947749304359558,208771.60802469132,1096.0,186.0,910.0,1634046403.77395,0.0,25.913305997848507
7683,0,1,0,0,3,2,1096,2211110130,1130,64,1116,17,59861,29483,4,0,0,43,15,2211110130,17,59861,11123,6489,94,1130,1130.0,927.0,-1.5916748670171983,0.9484278617890208,133294.0,1130.0,937.5,192.5,14615,52,1096,1096.0,769.2105263157895,-0.7736085010621032,-1.2701365976446937,203716.48199445984,1096.0,260.0,836.0,1634046403.77395,0.0,25.913305997848507
7684,0,1,0,0,3,2,1116,2211110130,1150,64,1136,17,59861,29483,4,0,0,43,15,2211110130,17,59861,11123,7639,94,1150,1130.0,954.875,-1.7964774565313215,1.6751462064814389,122071.359375,1130.0,1033.75,96.25,15731,52,1116,1096.0,786.55,-0.8529657566647258,-1.1403117734515504,199243.14750000005,1096.0,334.0,762.0,1634046403.774445,0.0004949569702148,25.913800954818722
7685,0,1,0,0,3,2,679,2211110130,713,64,699,17,59861,29483,4,0,0,43,15,2211110130,17,59861,11123,8352,94,1150,1130.0,928.0,-1.5644900704610458,1.234822180599088,114286.0,1130.0,745.0,385.0,679,679,679,679.0,679.0,0.0,-3.0,0.0,679.0,679.0,0.0,1634046403.774445,0.0,25.913800954818722
7686,0,1,0,0,2,3,60,3232270721,94,47,80,17,29483,59861,4,0,0,43,15,2211110130,17,59861,11123,8446,94,1150,1130.0,844.6,-1.0465117366479484,-0.5266422103381521,165457.44,1130.0,721.0,409.0,739,60,679,369.5,369.5,0.0,-2.0,95790.25,524.25,214.75,309.5,1634046403.78583,0.0113849639892578,25.92518591880798
7687,0,1,0,0,3,2,408,2211110130,442,64,428,17,59861,29483,4,0,0,43,15,2211110130,17,59861,11123,8888,94,1150,1130.0,808.0,-0.7831993711283726,-0.9495029093418316,163811.45454545456,1130.0,577.5,552.5,1147,60,679,408.0,382.3333333333333,-0.1509200320442135,-1.5000000000000004,64189.55555555556,543.5,234.0,309.5,1634046403.787234,0.0014040470123291,25.92658996582031
7688,0,1,0,0,2,3,60,3232270721,94,47,80,17,29483,59861,4,0,0,43,15,2211110130,17,59861,11123,8982,94,1150,937.5,748.5,-0.5346552490438047,-1.389196287539624,189103.25,1130.0,355.0,775.0,1207,60,679,234.0,301.75,0.3786106929245888,-1.5122711250310938,67623.1875,475.75,60.0,415.75,1634046403.808474,0.0212399959564209,25.94782996177673
7689,0,1,0,0,2,3,52,3232270721,86,47,72,17,29483,59861,4,0,0,43,15,2211110130,17,59861,11123,9068,86,1150,745.0,697.5384615384615,-0.3361735326374446,-1.6204819614896746,205721.7869822485,1130.0,94.0,1036.0,1259,52,679,60.0,251.8,0.7359414113278998,-1.1392541806877423,64078.56000000001,408.0,60.0,348.0,1634046403.808528,5.3882598876953125e-05,25.947883844375607
7690,0,1,0,0,3,2,60,2211110130,94,64,80,17,59861,29483,4,0,0,43,15,2211110130,17,59861,11123,9162,86,1150,729.0,654.4285714285714,-0.1695036729726871,-1.7394665832614524,215187.38775510204,1130.0,94.0,1036.0,1319,52,679,60.0,219.83333333333331,1.018605472700757,-0.6408074767406631,58508.13888888888,321.0,60.0,261.0,1634046403.812915,0.0043871402740478,25.952270984649655
7691,0,1,0,0,3,2,1096,2211110130,1130,64,1116,17,59861,29483,4,0,0,43,15,2211110130,17,59861,11123,10292,86,1150,745.0,686.1333333333333,-0.2920235463091011,-1.6948774401281987,214914.2488888889,1130.0,94.0,1036.0,2415,52,1096,60.0,345.0,0.9565824565298932,-0.5406740020916843,144150.0,543.5,60.0,483.5,1634046403.812915,0.0,25.952270984649655
7692,0,1,0,0,3,2,1096,2211110130,1130,64,1116,17,59861,29483,4,0,0,43,15,2211110130,17,59861,11123,11422,86,1150,937.5,713.875,-0.402365467267964,-1.6261536481988876,213026.109375,1130.0,94.0,1036.0,3511,52,1096,234.0,438.875,0.5532508879672154,-1.3683299199264851,187818.859375,783.25,60.0,723.25,1634046403.813413,0.000497817993164,25.95276880264282
7693,0,1,0,0,3,2,1096,2211110130,1130,64,1116,17,59861,29483,4,0,0,43,15,2211110130,17,59861,11123,12552,86,1150,1130.0,738.3529411764706,-0.5030336034627508,-1.5401701381698694,210081.875432526,1130.0,94.0,1036.0,4607,52,1096,408.0,511.8888888888889,0.2632158679294661,-1.6849509128515607,209598.32098765436,1096.0,60.0,1036.0,1634046403.813413,0.0,25.95276880264282
7694,0,1,0,0,3,2,525,2211110130,559,64,545,17,59861,29483,4,0,0,43,15,2211110130,17,59861,11123,13111,86,1150,937.5,728.3888888888889,-0.4478274638912288,-1.5217059568484446,200098.4598765432,1130.0,181.0,949.0,5132,52,1096,466.5,513.2,0.2683666597871916,-1.5423689545656871,188653.96,991.75,60.0,931.75,1634046403.81393,0.0005171298980712,25.95328593254089
7695,0,1,0,0,2,3,60,3232270721,94,47,80,17,29483,59861,4,0,0,43,15,2211110130,17,59861,11123,13205,86,1150,745.0,695.0,-0.3164807551677149,-1.6542933146083865,209633.68421052632,1130.0,94.0,1036.0,5192,52,1096,408.0,472.0,0.4264509422533152,-1.4566860982144587,188478.0,887.5,60.0,827.5,1634046403.822663,0.0087330341339111,25.9620189666748
7696,0,1,0,0,3,2,56,2211110130,90,64,76,17,59861,29483,4,0,0,43,15,2211110130,17,59861,11123,13295,86,1150,729.0,664.75,-0.2009810890053449,-1.7365756151453502,216538.1875,1130.0,94.0,1036.0,5248,52,1096,234.0,437.3333333333333,0.5656565226885526,-1.331997652864667,185991.0555555556,783.25,60.0,723.25,1634046403.829295,0.006631851196289,25.96865081787109
7697,0,1,0,0,3,2,416,2211110130,450,64,436,17,59861,29483,4,0,0,43,15,2211110130,17,59861,11123,450,450,450,450.0,450.0,0.0,-3.0,0.0,450.0,450.0,0.0,5664,52,1096,408.0,435.6923076923077,0.6004577437584241,-1.1842595098547806,171716.36686390534,679.0,60.0,619.0,1634046403.829295,0.0,25.96865081787109
7698,0,1,0,0,3,2,1096,2211110130,1130,64,1116,17,59861,29483,4,0,0,43,15,2211110130,17,59861,11123,1580,450,1130,790.0,790.0,0.0,-2.0,115600.0,960.0,620.0,340.0,6760,52,1096,412.0,482.8571428571428,0.4095241432543179,-1.4652249947350668,188369.693877551,991.75,60.0,931.75,1634046403.836862,0.0075671672821044,25.976217985153195
7699,0,1,0,0,3,2,1096,2211110130,1130,64,1116,17,59861,29483,4,0,0,43,15,2211110130,17,59861,11123,2710,450,1130,1130.0,903.3333333333334,-0.7071067811865477,-1.4999999999999996,102755.55555555556,1130.0,790.0,340.0,7856,52,1096,416.0,523.7333333333333,0.2487882907996631,-1.623213964472598,199203.7955555556,1096.0,60.0,1036.0,1634046403.836862,0.0,25.976217985153195
7700,0,1,0,0,3,2,1096,2211110130,1130,64,1116,17,59861,29483,4,0,0,43,15,2211110130,17,59861,11123,3840,450,1130,1130.0,960.0,-1.1547005383792517,-0.6666666666666665,86700.0,1130.0,960.0,170.0,8952,52,1096,470.5,559.5,0.1102832799686143,-1.706379715224858,205942.375,1096.0,60.0,1036.0,1634046403.83867,0.0018079280853271,25.978025913238522
7701,0,1,0,0,3,2,1096,2211110130,1130,64,1116,17,59861,29483,4,0,0,43,15,2211110130,17,59861,11123,4970,450,1130,1130.0,994.0,-1.5,0.25,73984.0,1130.0,1130.0,0.0,10048,52,1096,525.0,591.0588235294117,-0.011520923241116,-1.7410067674380465,209763.4671280277,1096.0,60.0,1036.0,1634046403.83867,0.0,25.978025913238522
7702,0,1,0,0,3,2,1096,2211110130,1130,64,1116,17,59861,29483,4,0,0,43,15,2211110130,17,59861,11123,6100,450,1130,1130.0,1016.6666666666666,-1.788854381999832,1.200000000000001,64222.22222222221,1130.0,1130.0,0.0,11144,52,1096,602.0,619.1111111111111,-0.1204335652470304,-1.7424689339617596,211487.7654320988,1096.0,60.0,1036.0,1634046403.83867,0.0,25.978025913238522
7703,0,1,0,0,3,2,316,2211110130,350,64,336,17,59861,29483,4,0,0,43,15,2211110130,17,59861,11123,6450,350,1130,1130.0,921.4285714285714,-0.970262812297382,-1.0273289324638362,109469.38775510204,1130.0,790.0,340.0,11460,52,1096,525.0,603.1578947368421,-0.0296427065379067,-1.7323398191972592,204937.9224376731,1096.0,60.0,1036.0,1634046403.83867,0.0,25.978025913238522
7704,0,1,0,0,2,3,60,3232270721,94,47,80,17,29483,59861,4,0,0,43,15,2211110130,17,59861,11123,6544,94,1130,1130.0,818.0,-0.6736735792318085,-1.3329755393023048,170668.0,1130.0,425.0,705.0,11520,52,1096,470.5,576.0,0.0671163668189455,-1.7441450706450723,208704.5,1096.0,60.0,1036.0,1634046403.84035,0.0016798973083496,25.97970581054687
7705,0,1,0,0,2,3,60,3232270721,94,47,80,17,29483,59861,4,0,0,43,15,2211110130,17,59861,11123,6638,94,1130,1130.0,737.5555555555555,-0.3787336761970985,-1.6821429897163314,203475.35802469132,1130.0,350.0,780.0,60,60,60,60.0,60.0,0.0,-3.0,0.0,60.0,60.0,0.0,1634046403.85988,0.0195300579071044,25.999235868453976
7706,0,1,0,0,3,2,408,2211110130,442,64,428,17,59861,29483,4,0,0,43,15,2211110130,17,59861,11123,7080,94,1130,790.0,708.0,-0.202560599735661,-1.7151236094966706,190989.6,1130.0,373.0,757.0,468,60,408,234.0,234.0,0.0,-2.0,30276.0,321.0,147.0,174.0,1634046403.864659,0.0047791004180908,26.004014968872067
7707,0,1,0,0,2,3,56,3232270721,90,47,76,17,29483,59861,4,0,0,43,15,2211110130,17,59861,11123,7170,90,1130,450.0,651.8181818181819,-0.0222273046708561,-1.7766274543578533,205190.87603305784,1130.0,222.0,908.0,524,56,408,60.0,174.66666666666666,0.7067951202245191,-1.5,27224.88888888889,234.0,58.0,176.0,1634046403.876161,0.0115020275115966,26.015516996383663
7708,0,1,0,0,2,3,60,3232270721,94,47,80,17,29483,59861,4,0,0,43,15,2211110130,17,59861,11123,7264,90,1130,446.0,605.3333333333334,0.1362578246827901,-1.7745737781121236,211860.88888888888,1130.0,94.0,1036.0,584,56,408,60.0,146.0,1.1542958580519225,-0.6669750091361579,22884.0,147.0,59.0,88.0,1634046403.876216,5.4836273193359375e-05,26.015571832656857
7709,0,1,0,0,3,2,1096,2211110130,1130,64,1116,17,59861,29483,4,0,0,43,15,2211110130,17,59861,11123,8394,90,1130,450.0,645.6923076923077,-0.0274191865067741,-1.8127268075637923,215110.05917159765,1130.0,94.0,1036.0,1680,56,1096,60.0,336.0,1.143810438659429,-0.3452773881640691,162707.2,408.0,60.0,348.0,1634046403.889082,0.0128660202026367,26.028437852859494
7710,0,1,0,0,3,2,1096,2211110130,1130,64,1116,17,59861,29483,4,0,0,43,15,2211110130,17,59861,11123,9524,90,1130,790.0,680.2857142857143,-0.168281961262253,-1.7979216089090493,215302.20408163263,1130.0,158.0,972.0,2776,56,1096,234.0,462.6666666666667,0.5154783414065875,-1.5624575152775406,215811.5555555555,924.0,60.0,864.0,1634046403.889779,0.0006971359252929,26.029134988784786
7711,0,1,0,0,3,2,1096,2211110130,1130,64,1116,17,59861,29483,4,0,0,43,15,2211110130,17,59861,11123,10654,90,1130,1130.0,710.2666666666667,-0.2924836343540853,-1.7489540553072396,213532.72888888884,1130.0,222.0,908.0,3872,56,1096,408.0,553.1428571428571,0.1439719083071144,-1.8521056214930969,234096.97959183677,1096.0,60.0,1036.0,1634046403.890671,0.0008919239044189,26.030026912689205
7712,0,1,0,0,3,2,545,2211110130,579,64,565,17,59861,29483,4,0,0,43,15,2211110130,17,59861,11123,11233,90,1130,854.5,702.0625,-0.246493872672502,-1.698493065179661,201196.55859375,1130.0,286.0,844.0,4417,56,1096,476.5,552.125,0.1606503636094511,-1.6867987635131756,204842.109375,1096.0,60.0,1036.0,1634046403.890671,0.0,26.030026912689205
7713,0,1,0,0,2,3,60,3232270721,94,47,80,17,29483,59861,4,0,0,43,15,2211110130,17,59861,11123,11327,90,1130,579.0,666.2941176470588,-0.1206838984548361,-1.7654669217375325,209831.5017301038,1130.0,94.0,1036.0,4477,56,1096,408.0,497.44444444444446,0.3631332017535393,-1.604541098445912,206001.5802469136,1096.0,60.0,1036.0,1634046403.891474,0.000802993774414,26.03082990646362
7714,0,1,0,0,3,2,408,2211110130,442,64,428,17,59861,29483,4,0,0,43,15,2211110130,17,59861,11123,11769,90,1130,514.5,653.8333333333334,-0.0452669614511976,-1.733173443691418,200813.8055555556,1130.0,158.0,972.0,4885,56,1096,408.0,488.5,0.4418726783080926,-1.4272131668272388,186121.45,958.25,60.0,898.25,1634046403.904073,0.0125989913940429,26.043428897857662
7715,0,1,0,0,3,2,1096,2211110130,1130,64,1116,17,59861,29483,4,0,0,43,15,2211110130,17,59861,11123,12899,90,1130,579.0,678.8947368421053,-0.1474945301569077,-1.7277659683296909,201549.9889196676,1130.0,222.0,908.0,5981,56,1096,408.0,543.7272727272727,0.2171796345117599,-1.646799825143665,199701.83471074383,1096.0,60.0,1036.0,1634046403.914307,0.0102341175079345,26.053663015365597
7716,0,1,0,0,3,2,1096,2211110130,1130,64,1116,17,59861,29483,4,0,0,43,15,2211110130,17,59861,11123,14029,90,1130,854.5,701.45,-0.2406720318589755,-1.702015628551381,201138.5475,1130.0,286.0,844.0,7077,56,1096,476.5,589.75,0.0342924018178537,-1.7318476516459989,206359.0208333333,1096.0,60.0,1036.0,1634046403.914307,0.0,26.053663015365597
7717,0,1,0,0,3,2,1096,2211110130,1130,64,1116,17,59861,29483,4,0,0,43,15,2211110130,17,59861,11123,1130,1130,1130,1130.0,1130.0,0.0,-3.0,0.0,1130.0,1130.0,0.0,8173,56,1096,545.0,628.6923076923077,-0.1205389634207345,-1.7418587929670126,208683.2899408284,1096.0,60.0,1036.0,1634046403.914822,0.0005149841308593,26.054177999496456
7718,0,1,0,0,3,2,1096,2211110130,1130,64,1116,17,59861,29483,4,0,0,43,15,2211110130,17,59861,11123,2260,1130,1130,1130.0,1130.0,0.0,-3.0,0.0,1130.0,1130.0,0.0,9269,56,1096,820.5,662.0714285714286,-0.2553933121662449,-1.7058606746719234,208261.49489795917,1096.0,147.0,949.0,1634046403.914822,0.0,26.054177999496456
7719,0,1,0,0,3,2,1096,2211110130,1130,64,1116,17,59861,29483,4,0,0,43,15,2211110130,17,59861,11123,3390,1130,1130,1130.0,1130.0,0.0,-3.0,0.0,1130.0,1130.0,0.0,10365,56,1096,1096.0,691.0,-0.3753461098346312,-1.639649558924593,206093.46666666667,1096.0,234.0,862.0,1634046403.914822,0.0,26.054177999496456
7720,0,1,0,0,3,2,357,2211110130,391,64,377,17,59861,29483,4,0,0,43,15,2211110130,17,59861,11123,3781,391,1130,1130.0,945.25,-1.1547005383792517,-0.6666666666666665,102397.6875,1130.0,945.25,184.75,10722,56,1096,820.5,670.125,-0.2546456670054197,-1.683547414092423,199749.109375,1096.0,282.75,813.25,1634046403.914822,0.0,26.054177999496456
7721,0,1,0,0,3,2,1116,2211110130,1150,64,1136,17,59861,29483,4,0,0,43,15,2211110130,17,59861,11123,4931,391,1150,1130.0,986.2,-1.4974390953076648,0.2466625853402932,88625.76,1130.0,1130.0,0.0,11838,56,1116,1096.0,696.3529411764706,-0.3588610731389079,-1.629363093644026,199005.64013840831,1096.0,357.0,739.0,1634046403.921761,0.0069389343261718,26.06111693382263
7722,0,1,0,0,3,2,60,2211110130,94,64,80,17,59861,29483,4,0,0,43,15,2211110130,17,59861,11123,5025,94,1150,1130.0,837.5,-0.8300856454481941,-1.153286467160913,184413.25,1130.0,575.75,554.25,11898,56,1116,820.5,661.0,-0.2317366611947535,-1.7279266295876778,209196.88888888888,1096.0,134.25,961.75,1634046403.924023,0.0022618770599365,26.063378810882565
7723,0,1,0,0,2,3,60,3232270721,94,47,80,17,29483,59861,4,0,0,43,15,2211110130,17,59861,11123,5119,94,1150,1130.0,731.2857142857143,-0.3908628819739653,-1.7390805404843497,225757.34693877556,1130.0,242.5,887.5,11958,56,1116,545.0,629.3684210526316,-0.1182190604680492,-1.784699999202488,216196.5484764543,1096.0,60.0,1036.0,1634046403.926187,0.0021641254425048,26.06554293632507
7724,0,1,0,0,3,2,408,2211110130,442,64,428,17,59861,29483,4,0,0,43,15,2211110130,17,59861,11123,5561,94,1150,786.0,695.125,-0.1834890665481829,-1.7596394184838235,206690.859375,1130.0,316.75,813.25,12366,56,1116,476.5,618.3,-0.0521149063960697,-1.7550663909730957,207714.41,1096.0,60.0,1036.0,1634046403.934012,0.0078248977661132,26.073367834091183
7725,0,1,0,0,3,2,1096,2211110130,1130,64,1116,17,59861,29483,4,0,0,43,15,2211110130,17,59861,11123,6691,94,1150,1130.0,743.4444444444445,-0.3914050413864692,-1.6544439080585245,202403.35802469132,1130.0,391.0,739.0,1096,1096,1096,1096.0,1096.0,0.0,-3.0,0.0,1096.0,1096.0,0.0,1634046403.946791,0.0127789974212646,26.086146831512448
7726,0,1,0,0,3,2,1096,2211110130,1130,64,1116,17,59861,29483,4,0,0,43,15,2211110130,17,59861,11123,7821,94,1150,1130.0,782.1,-0.5668754119324999,-1.4927999727544348,195611.29,1130.0,403.75,726.25,2192,1096,1096,1096.0,1096.0,0.0,-3.0,0.0,1096.0,1096.0,0.0,1634046403.946791,0.0,26.086146831512448
7727,0,1,0,0,3,2,1096,2211110130,1130,64,1116,17,59861,29483,4,0,0,43,15,2211110130,17,59861,11123,8951,94,1150,1130.0,813.7272727272727,-0.7199804246532164,-1.2980305089296191,187831.2892561984,1130.0,416.5,713.5,3288,1096,1096,1096.0,1096.0,0.0,-3.0,0.0,1096.0,1096.0,0.0,1634046403.946791,0.0,26.086146831512448
7728,0,1,0,0,3,2,1096,2211110130,1130,64,1116,17,59861,29483,4,0,0,43,15,2211110130,17,59861,11123,10081,94,1150,1130.0,840.0833333333334,-0.8567013238681169,-1.0821664375876472,179819.74305555553,1130.0,429.25,700.75,4384,1096,1096,1096.0,1096.0,0.0,-3.0,0.0,1096.0,1096.0,0.0,1634046403.947416,0.0006251335144042,26.086771965026852
7729,0,1,0,0,3,2,868,2211110130,902,64,888,17,59861,29483,4,0,0,43,15,2211110130,17,59861,11123,10983,94,1150,1130.0,844.8461538461538,-0.9242685116330968,-0.8867379594817,166259.66863905324,1130.0,442.0,688.0,5252,868,1096,1096.0,1050.4,-1.500000000000003,0.2500000000000071,8317.439999999999,1096.0,1096.0,0.0,1634046403.947416,0.0,26.086771965026852
7730,0,1,0,0,2,3,60,3232270721,94,47,80,17,29483,59861,4,0,0,43,15,2211110130,17,59861,11123,11077,94,1150,1130.0,791.2142857142857,-0.683567055928949,-1.3329395829320898,191776.88265306124,1130.0,403.75,726.25,5312,60,1096,1096.0,885.3333333333334,-1.6146741121810848,0.8370499914490397,143166.22222222222,1096.0,925.0,171.0,1634046403.96038,0.0129640102386474,26.0997359752655
7731,0,1,0,0,3,2,1096,2211110130,1130,64,1116,17,59861,29483,4,0,0,43,15,2211110130,17,59861,11123,12207,94,1150,1130.0,813.8,-0.7921448429499865,-1.1735210929602968,186133.36,1130.0,416.5,713.5,6408,60,1096,1096.0,915.4285714285714,-1.8579822783614,1.704417070205582,128148.24489795916,1096.0,982.0,114.0,1634046403.968456,0.0080759525299072,26.107811927795407
7732,0,1,0,0,3,2,1096,2211110130,1130,64,1116,17,59861,29483,4,0,0,43,15,2211110130,17,59861,11123,13337,94,1150,1130.0,833.5625,-0.8924953906920855,-1.0039286458870609,180358.37109375,1130.0,429.25,700.75,7504,60,1096,1096.0,938.0,-2.075806722110731,2.584610971999524,115696.0,1096.0,1039.0,57.0,1634046403.968456,0.0,26.107811927795407
7733,0,1,0,0,3,2,1096,2211110130,1130,64,1116,17,59861,29483,4,0,0,43,15,2211110130,17,59861,11123,14467,94,1150,1130.0,851.0,-0.9860454875211812,-0.8266719063783188,174614.11764705885,1130.0,442.0,688.0,8600,60,1096,1096.0,955.5555555555557,-2.274484997894656,3.472796113776355,105306.46913580249,1096.0,1096.0,0.0,1634046403.968456,0.0,26.107811927795407
7734,0,1,0,0,3,2,1096,2211110130,1130,64,1116,17,59861,29483,4,0,0,43,15,2211110130,17,59861,11123,15597,94,1150,1130.0,866.5,-1.0738737344570544,-0.6434985862118028,168997.58333333334,1130.0,557.0,573.0,9696,60,1096,1096.0,969.6,-2.458155030749938,4.366292009949815,96551.04,1096.0,1096.0,0.0,1634046403.969036,0.0005800724029541,26.10839200019836
7735,0,1,0,0,3,2,790,2211110130,824,64,810,17,59861,29483,4,0,0,43,15,2211110130,17,59861,11123,16421,94,1150,1130.0,864.2631578947369,-1.085666716135966,-0.5398286911321337,160193.03601108032,1130.0,633.0,497.0,10486,60,1096,1096.0,953.2727272727273,-2.321317231220655,4.122032597254292,90439.47107438016,1096.0,982.0,114.0,1634046403.969036,0.0,26.10839200019836
7736,0,1,0,0,2,3,60,3232270721,94,47,80,17,29483,59861,4,0,0,43,15,2211110130,17,59861,11123,16515,94,1150,1130.0,825.75,-0.8887921979728767,-0.9871661796926734,180365.3875,1130.0,429.25,700.75,10546,60,1096,1096.0,878.8333333333334,-1.5529672384505655,0.6924391151357678,143856.3055555556,1096.0,848.5,247.5,1634046403.977005,0.0079689025878906,26.11636090278625
7737,0,1,0,0,3,2,408,2211110130,442,64,428,17,59861,29483,4,0,0,43,15,2211110130,17,59861,11123,442,442,442,442.0,442.0,0.0,-3.0,0.0,442.0,442.0,0.0,10954,60,1096,1096.0,842.6153846153846,-1.2238669021136803,-0.1445450238625292,148531.31360946744,1096.0,790.0,306.0,1634046403.977114,0.0001089572906494,26.1164698600769
7738,0,1,0,0,2,3,60,3232270721,94,47,80,17,29483,59861,4,0,0,43,15,2211110130,17,59861,11123,536,94,442,268.0,268.0,0.0,-2.0,30276.0,355.0,181.0,174.0,11014,60,1096,1096.0,786.7142857142857,-0.9169119420458588,-0.915021742489576,178546.0612244898,1096.0,503.5,592.5,1634046403.999377,0.0222630500793457,26.138732910156246
7739,0,1,0,0,2,3,60,3232270721,94,47,80,17,29483,59861,4,0,0,43,15,2211110130,17,59861,11123,630,94,442,94.0,210.0,0.7071067811865476,-1.5,26912.0,268.0,94.0,174.0,11074,60,1096,1096.0,738.2666666666667,-0.6849937275031224,-1.3421554653309935,199503.39555555556,1096.0,234.0,862.0,1634046404.012928,0.0135509967803955,26.152283906936642
7740,0,1,0,0,2,3,52,3232270721,86,47,72,17,29483,59861,4,0,0,43,15,2211110130,17,59861,11123,716,86,442,94.0,179.0,1.153090823479084,-0.6678805445104996,23067.0,181.0,92.0,89.0,11126,52,1096,982.0,695.375,-0.5001164067828408,-1.5929015758251714,214629.859375,1096.0,60.0,1036.0,1634046404.012951,2.288818359375e-05,26.152306795120236
7741,0,1,0,0,3,2,1096,2211110130,1130,64,1116,17,59861,29483,4,0,0,43,15,2211110130,17,59861,11123,1846,86,1130,94.0,369.2,1.142121382070315,-0.3481986872288898,163157.75999999995,442.0,94.0,348.0,12222,52,1096,1096.0,718.9411764705883,-0.5983032016618843,-1.4872142265769048,210890.40830449827,1096.0,60.0,1036.0,1634046404.012973,2.2172927856445312e-05,26.152328968048092
7742,0,1,0,0,3,2,1096,2211110130,1130,64,1116,17,59861,29483,4,0,0,43,15,2211110130,17,59861,11123,2976,86,1130,268.0,496.0,0.5145145093840501,-1.5628577537293846,216356.0,958.0,94.0,864.0,13318,52,1096,1096.0,739.8888888888889,-0.6892517187224314,-1.371186894962162,206633.987654321,1096.0,147.0,949.0,1634046404.012973,0.0,26.152328968048092
7743,0,1,0,0,3,2,1096,2211110130,1130,64,1116,17,59861,29483,4,0,0,43,15,2211110130,17,59861,11123,4106,86,1130,442.0,586.5714285714286,0.14322923293727,-1.8518472116201723,234667.10204081636,1130.0,94.0,1036.0,14414,52,1096,1096.0,758.6315789473684,-0.774151903735809,-1.2472066197624754,202081.70637119116,1096.0,234.0,862.0,1634046404.012973,0.0,26.152328968048092
7744,0,1,0,0,3,2,455,2211110130,489,64,475,17,59861,29483,4,0,0,43,15,2211110130,17,59861,11123,4595,86,1130,465.5,574.375,0.2312845260393101,-1.6802547888925976,206374.984375,1130.0,94.0,1036.0,14869,52,1096,1096.0,743.45,-0.681105426005575,-1.3256947227628588,196356.7475,1096.0,321.0,775.0,1634046404.012973,0.0,26.152328968048092
7745,0,1,0,0,3,2,408,2211110130,442,64,428,17,59861,29483,4,0,0,43,15,2211110130,17,59861,11123,5037,86,1130,442.0,559.6666666666666,0.3412287018974146,-1.502272972569169,185175.11111111112,1130.0,94.0,1036.0,408,408,408,408.0,408.0,0.0,-3.0,0.0,408.0,408.0,0.0,1634046404.017509,0.0045359134674072,26.1568648815155
7746,0,1,0,0,3,2,56,2211110130,90,64,76,17,59861,29483,4,0,0,43,15,2211110130,17,59861,11123,5127,86,1130,442.0,512.7,0.5027348354952533,-1.383806548686069,186510.41,969.75,94.0,875.75,464,56,408,232.0,232.0,0.0,-2.0,30976.0,320.0,144.0,176.0,1634046404.029957,0.0124480724334716,26.16931295394897
7747,0,1,0,0,3,2,52,2211110130,86,64,72,17,59861,29483,4,0,0,43,15,2211110130,17,59861,11123,5213,86,1130,442.0,473.9090909090909,0.646677375196109,-1.227202056051908,184602.26446280984,809.5,92.0,717.5,516,52,408,56.0,172.0,0.7068021226681264,-1.5,27850.666666666668,232.0,54.0,178.0,1634046404.029957,0.0,26.16931295394897
7748,0,1,0,0,2,3,60,3232270721,94,47,80,17,29483,59861,4,0,0,43,15,2211110130,17,59861,11123,5307,86,1130,268.0,442.25,0.778831155844391,-1.0430480415987995,180244.0208333333,649.25,93.0,556.25,576,52,408,58.0,144.0,1.153508230493627,-0.6675843477178938,23240.0,147.0,55.0,92.0,1634046404.032273,0.0023159980773925,26.171628952026364
7749,0,1,0,0,3,2,60,2211110130,94,64,80,17,59861,29483,4,0,0,43,15,2211110130,17,59861,11123,5401,86,1130,94.0,415.46153846153845,0.8995330790982091,-0.8407478981181207,174990.55621301773,489.0,94.0,395.0,636,52,408,60.0,127.2,1.49832171523007,0.2477800218673649,19720.96,60.0,56.0,4.0,1634046404.047366,0.0150928497314453,26.18672180175781
7750,0,1,0,0,3,2,1096,2211110130,1130,64,1116,17,59861,29483,4,0,0,43,15,2211110130,17,59861,11123,6531,86,1130,268.0,466.5,0.6551578422172692,-1.306243155740783,196355.25,969.75,94.0,875.75,1732,52,1096,60.0,288.6666666666667,1.4169557571776747,0.3767244323437984,146791.55555555553,321.0,57.0,264.0,1634046404.047816,0.0004501342773437,26.187171936035153
7751,0,1,0,0,3,2,1096,2211110130,1130,64,1116,17,59861,29483,4,0,0,43,15,2211110130,17,59861,11123,7661,86,1130,442.0,510.73333333333335,0.4616634971036765,-1.5691579353956722,210657.12888888887,1130.0,94.0,1036.0,2828,52,1096,60.0,404.0,0.7592322761431332,-1.254522776015687,205632.0,752.0,58.0,694.0,1634046404.047816,0.0,26.187171936035153
7752,0,1,0,0,3,2,1096,2211110130,1130,64,1116,17,59861,29483,4,0,0,43,15,2211110130,17,59861,11123,8791,86,1130,442.0,549.4375,0.3013822724752705,-1.720084859161504,219961.24609375,1130.0,94.0,1036.0,3924,52,1096,234.0,490.5,0.3790316820847642,-1.7385155995330128,232303.75,1096.0,59.0,1037.0,1634046404.047816,0.0,26.187171936035153
7753,0,1,0,0,3,2,1096,2211110130,1130,64,1116,17,59861,29483,4,0,0,43,15,2211110130,17,59861,11123,9921,86,1130,442.0,583.5882352941177,0.1642650758093833,-1.8027410447026564,225682.71280276816,1130.0,94.0,1036.0,5020,52,1096,408.0,557.7777777777778,0.1095549393618902,-1.8912495330392152,242702.61728395065,1096.0,60.0,1036.0,1634046404.048589,0.0007729530334472,26.1879448890686
7754,0,1,0,0,3,2,430,2211110130,464,64,450,17,59861,29483,4,0,0,43,15,2211110130,17,59861,11123,10385,86,1130,453.0,576.9444444444445,0.2102771395529454,-1.7301000066933103,213895.16358024688,1130.0,94.0,1036.0,5450,52,1096,419.0,545.0,0.1940677605000769,-1.767216410464698,219901.8,1096.0,60.0,1036.0,1634046404.048589,0.0,26.1879448890686
7755,0,1,0,0,3,2,408,2211110130,442,64,428,17,59861,29483,4,0,0,43,15,2211110130,17,59861,11123,10827,86,1130,442.0,569.8421052631579,0.2604179641858468,-1.6561496624243974,203545.50138504157,1130.0,94.0,1036.0,5858,52,1096,408.0,532.5454545454545,0.2818739818526831,-1.6372851844804466,201461.88429752065,1096.0,60.0,1036.0,1634046404.059097,0.0105080604553222,26.198452949523922
7756,0,1,0,0,3,2,1096,2211110130,1130,64,1116,17,59861,29483,4,0,0,43,15,2211110130,17,59861,11123,11957,86,1130,453.0,597.85,0.1471375368960041,-1.7258820204081256,208272.6275,1130.0,94.0,1036.0,6954,52,1096,419.0,579.5,0.0915021294042143,-1.7470956538870848,208925.41666666663,1096.0,60.0,1036.0,1634046404.079799,0.0207018852233886,26.21915483474731
7757,0,1,0,0,3,2,1096,2211110130,1130,64,1116,17,59861,29483,4,0,0,43,15,2211110130,17,59861,11123,1130,1130,1130,1130.0,1130.0,0.0,-3.0,0.0,1130.0,1130.0,0.0,8050,52,1096,430.0,619.2307692307693,-0.0681451127863653,-1.7738197226353958,211796.63905325445,1096.0,60.0,1036.0,1634046404.079799,0.0,26.21915483474731
7758,0,1,0,0,3,2,1116,2211110130,1150,64,1136,17,59861,29483,4,0,0,43,15,2211110130,17,59861,11123,2280,1130,1150,1140.0,1140.0,0.0,-2.0,100.0,1145.0,1135.0,10.0,9166,52,1116,763.0,654.7142857142857,-0.204758800512315,-1.7512993853698882,213036.34693877556,1096.0,147.0,949.0,1634046404.083188,0.0033891201019287,26.22254395484924
7759,0,1,0,0,3,2,1096,2211110130,1130,64,1116,17,59861,29483,4,0,0,43,15,2211110130,17,59861,11123,3410,1130,1150,1130.0,1136.6666666666667,0.7071067811865236,-1.5000000000000222,88.88888888888887,1140.0,1130.0,10.0,10262,52,1116,1096.0,684.1333333333333,-0.3272421712489619,-1.6953662219818215,210950.64888888889,1096.0,234.0,862.0,1634046404.083743,0.0005550384521484,26.223098993301388
7760,0,1,0,0,3,2,1096,2211110130,1130,64,1116,17,59861,29483,4,0,0,43,15,2211110130,17,59861,11123,4540,1130,1150,1130.0,1135.0,1.1547005383792517,-0.6666666666666665,75.0,1135.0,1130.0,5.0,11358,52,1116,1096.0,709.875,-0.4375046138757021,-1.6170101086353037,207705.734375,1096.0,321.0,775.0,1634046404.083743,0.0,26.223098993301388
7761,0,1,0,0,3,2,1096,2211110130,1130,64,1116,17,59861,29483,4,0,0,43,15,2211110130,17,59861,11123,5670,1130,1150,1130.0,1134.0,1.5,0.25,64.0,1130.0,1130.0,0.0,12454,52,1116,1096.0,732.5882352941177,-0.5381077171026142,-1.5226137256230046,203742.00692041524,1096.0,408.0,688.0,1634046404.083743,0.0,26.223098993301388
7762,0,1,0,0,3,2,770,2211110130,804,64,790,17,59861,29483,4,0,0,43,15,2211110130,17,59861,11123,6474,804,1150,1130.0,1079.0,-1.7743860144773889,1.1753971309148898,15178.333333333334,1130.0,1130.0,0.0,13224,52,1116,1096.0,734.6666666666666,-0.5675687887138846,-1.426278884929194,192496.44444444447,1096.0,408.0,688.0,1634046404.084314,0.0005710124969482,26.223670005798336
7763,0,1,0,0,3,2,408,2211110130,442,64,428,17,59861,29483,4,0,0,43,15,2211110130,17,59861,11123,6916,442,1150,1130.0,988.0,-1.3949976803637611,0.3557234957953605,62696.0,1130.0,967.0,163.0,13632,52,1116,1096.0,717.4736842105264,-0.4619452621668143,-1.4974691598026066,187685.82825484764,1096.0,408.0,688.0,1634046404.101232,0.0169179439544677,26.240587949752804
7764,0,1,0,0,2,3,60,3232270721,94,47,80,17,29483,59861,4,0,0,43,15,2211110130,17,59861,11123,7010,94,1150,1130.0,876.25,-1.1065451848680172,-0.330918677957674,142275.4375,1130.0,713.5,416.5,13692,52,1116,933.0,684.6,-0.3411673561340801,-1.6251042960702171,198834.44,1096.0,321.0,775.0,1634046404.102361,0.0011289119720458,26.24171686172485
7765,0,1,0,0,3,2,1096,2211110130,1130,64,1116,17,59861,29483,4,0,0,43,15,2211110130,17,59861,11123,8140,94,1150,1130.0,904.4444444444443,-1.2854408592513755,0.1100112433722375,132826.46913580247,1130.0,804.0,326.0,1096,1096,1096,1096.0,1096.0,0.0,-3.0,0.0,1096.0,1096.0,0.0,1634046404.105684,0.0033230781555175,26.245039939880368
7766,0,1,0,0,3,2,1096,2211110130,1130,64,1116,17,59861,29483,4,0,0,43,15,2211110130,17,59861,11123,9270,94,1150,1130.0,927.0,-1.4467803204508645,0.568017106845796,124122.6,1130.0,885.5,244.5,2192,1096,1096,1096.0,1096.0,0.0,-3.0,0.0,1096.0,1096.0,0.0,1634046404.105684,0.0,26.245039939880368
7767,0,1,0,0,3,2,1096,2211110130,1130,64,1116,17,59861,29483,4,0,0,43,15,2211110130,17,59861,11123,10400,94,1150,1130.0,945.4545454545456,-1.5945548543991412,1.037284888727033,116244.42975206608,1130.0,967.0,163.0,3288,1096,1096,1096.0,1096.0,0.0,-3.0,0.0,1096.0,1096.0,0.0,1634046404.106281,0.0005970001220703,26.245636940002438
7768,0,1,0,0,3,2,1096,2211110130,1130,64,1116,17,59861,29483,4,0,0,43,15,2211110130,17,59861,11123,11530,94,1150,1130.0,960.8333333333334,-1.7314949013999736,1.5143685394219109,109158.9722222222,1130.0,1048.5,81.5,4384,1096,1096,1096.0,1096.0,0.0,-3.0,0.0,1096.0,1096.0,0.0,1634046404.106281,0.0,26.245636940002438
7769,0,1,0,0,3,2,1058,2211110130,1092,64,1078,17,59861,29483,4,0,0,43,15,2211110130,17,59861,11123,12622,94,1150,1130.0,970.9230769230768,-1.85939785577747,2.0052897404994185,101983.76331360948,1130.0,1092.0,38.0,5442,1058,1096,1096.0,1088.4,-1.5000000000000178,0.2500000000000351,231.04,1096.0,1096.0,0.0,1634046404.106281,0.0,26.245636940002438
7770,0,1,0,0,2,3,60,3232270721,94,47,80,17,29483,59861,4,0,0,43,15,2211110130,17,59861,11123,12716,94,1150,1130.0,908.2857142857144,-1.38041770650538,0.1982766431690295,145703.91836734695,1130.0,876.0,254.0,5502,60,1096,1096.0,917.0,-1.7836658097423723,1.1904477777458888,147082.33333333334,1096.0,1067.5,28.5,1634046404.122413,0.0161318778991699,26.261768817901608
7771,0,1,0,0,3,2,408,2211110130,442,64,428,17,59861,29483,4,0,0,43,15,2211110130,17,59861,11123,13158,94,1150,1130.0,877.2,-1.1146028757260842,-0.4215936106145941,149518.8266666667,1130.0,623.0,507.0,5910,60,1096,1096.0,844.2857142857143,-1.1211033185347905,-0.5172548030644748,157794.77551020408,1096.0,733.0,363.0,1634046404.133636,0.0112230777740478,26.272991895675656
7772,0,1,0,0,2,3,60,3232270721,94,47,80,17,29483,59861,4,0,0,43,15,2211110130,17,59861,11123,13252,94,1150,1130.0,828.25,-0.872154268323249,-0.988262596506846,176115.4375,1130.0,442.0,688.0,5970,60,1096,1077.0,746.25,-0.6496687167741992,-1.440873068725946,205347.4375,1096.0,321.0,775.0,1634046404.134904,0.0012679100036621,26.274259805679318
7773,0,1,0,0,3,2,1096,2211110130,1130,64,1116,17,59861,29483,4,0,0,43,15,2211110130,17,59861,11123,14382,94,1150,1130.0,846.0,-0.965522019490307,-0.8153188840743248,170796.70588235295,1130.0,442.0,688.0,7066,60,1096,1096.0,785.1111111111111,-0.8355030744934623,-1.1653219611388872,194612.54320987652,1096.0,408.0,688.0,1634046404.147829,0.0129251480102539,26.28718495368957
7774,0,1,0,0,3,2,1096,2211110130,1130,64,1116,17,59861,29483,4,0,0,43,15,2211110130,17,59861,11123,15512,94,1150,1130.0,861.7777777777778,-1.053160967320777,-0.6360430098224361,165539.95061728393,1130.0,532.5,597.5,8162,60,1096,1096.0,816.2,-0.9987206621161328,-0.8640878470378133,183849.96,1096.0,570.5,525.5,1634046404.147829,0.0,26.28718495368957
7775,0,1,0,0,3,2,1096,2211110130,1130,64,1116,17,59861,29483,4,0,0,43,15,2211110130,17,59861,11123,16642,94,1150,1130.0,875.8947368421053,-1.1359059868333303,-0.4517849930575712,160414.51523545707,1130.0,623.0,507.0,9258,60,1096,1096.0,841.6363636363636,-1.1453015714028243,-0.5465733336879768,173606.41322314052,1096.0,733.0,363.0,1634046404.147829,0.0,26.28718495368957
7776,0,1,0,0,3,2,1096,2211110130,1130,64,1116,17,59861,29483,4,0,0,43,15,2211110130,17,59861,11123,17772,94,1150,1130.0,888.6,-1.2144175792321334,-0.2635370155826351,155460.84,1130.0,713.5,416.5,10354,60,1096,1096.0,862.8333333333334,-1.2790850931520437,-0.218092110885665,164081.6388888889,1096.0,895.5,200.5,1634046404.148571,0.000741958618164,26.287926912307736
7777,0,1,0,0,3,2,1052,2211110130,1086,64,1072,17,59861,29483,4,0,0,43,15,2211110130,17,59861,11123,1086,1086,1086,1086.0,1086.0,0.0,-3.0,0.0,1086.0,1086.0,0.0,11406,60,1096,1096.0,877.3846153846154,-1.4011769747723384,0.1188304418182908,154000.8520710059,1096.0,1052.0,44.0,1634046404.148571,0.0,26.287926912307736
7778,0,1,0,0,2,3,60,3232270721,94,47,80,17,29483,59861,4,0,0,43,15,2211110130,17,59861,11123,1180,94,1086,590.0,590.0,0.0,-2.0,246016.0,838.0,342.0,496.0,11466,60,1096,1096.0,819.0,-1.0439273020900564,-0.8065601137211766,187314.7142857143,1096.0,569.0,527.0,1634046404.152537,0.0039660930633544,26.29189300537109
7779,0,1,0,0,3,2,60,2211110130,94,64,80,17,59861,29483,4,0,0,43,15,2211110130,17,59861,11123,1274,94,1086,94.0,424.6666666666667,0.7071067811865471,-1.5000000000000002,218680.88888888888,590.0,94.0,496.0,11526,60,1096,1096.0,768.4,-0.7862625470820706,-1.3028642312527778,210672.10666666663,1096.0,234.0,862.0,1634046404.170349,0.0178117752075195,26.30970478057861
7780,0,1,0,0,2,3,60,3232270721,94,47,80,17,29483,59861,4,0,0,43,15,2211110130,17,59861,11123,1368,94,1086,94.0,342.0,1.1547005383792517,-0.6666666666666665,184512.0,342.0,94.0,248.0,11586,60,1096,1077.0,724.125,-0.5853510714049338,-1.5923321324558397,226909.234375,1096.0,60.0,1036.0,1634046404.171452,0.0011031627655029,26.310807943344113
7781,0,1,0,0,2,3,93,3232270721,127,47,113,17,29483,59861,4,0,0,43,15,2211110130,17,59861,11123,1495,94,1086,94.0,299.0,1.496093749975518,0.2446477339513713,155005.6,127.0,94.0,33.0,11679,60,1096,1058.0,687.0,-0.4200744721224473,-1.766750951590812,235613.8823529412,1096.0,60.0,1036.0,1634046404.177439,0.0059869289398193,26.316794872283932
7782,0,1,0,0,2,3,60,3232270721,94,47,80,17,29483,59861,4,0,0,43,15,2211110130,17,59861,11123,1589,94,1086,94.0,264.8333333333333,1.7845851226952198,1.192160830413962,135008.1388888889,118.75,94.0,24.75,11739,60,1096,1055.0,652.1666666666666,-0.2803704074838947,-1.870319462382409,243151.36111111112,1096.0,60.0,1036.0,1634046404.189841,0.012402057647705,26.329196929931637
7783,0,1,0,0,3,2,1096,2211110130,1130,64,1116,17,59861,29483,4,0,0,43,15,2211110130,17,59861,11123,2719,94,1130,94.0,388.4285714285714,0.9489300964199996,-1.093445877341192,207375.95918367343,606.5,94.0,512.5,12835,60,1096,1058.0,675.5263157894736,-0.374574776795004,-1.809911122727332,240176.03878116343,1096.0,60.0,1036.0,1634046404.192895,0.0030539035797119,26.33225083351135
7784,0,1,0,0,3,2,1096,2211110130,1130,64,1116,17,59861,29483,4,0,0,43,15,2211110130,17,59861,11123,3849,94,1130,110.5,481.125,0.5170678146129365,-1.7280304936085409,241602.359375,1097.0,94.0,1003.0,13931,60,1096,1077.0,696.55,-0.4614754083032876,-1.738136086201464,236565.14750000005,1096.0,60.0,1036.0,1634046404.195629,0.0027339458465576,26.334984779357907
7785,0,1,0,0,3,2,1096,2211110130,1130,64,1116,17,59861,29483,4,0,0,43,15,2211110130,17,59861,11123,4979,94,1130,127.0,553.2222222222222,0.2243536975588221,-1.9457594831983445,256341.72839506177,1130.0,94.0,1036.0,1096,1096,1096,1096.0,1096.0,0.0,-3.0,0.0,1096.0,1096.0,0.0,1634046404.195629,0.0,26.334984779357907
7786,0,1,0,0,3,2,1096,2211110130,1130,64,1116,17,59861,29483,4,0,0,43,15,2211110130,17,59861,11123,6109,94,1130,606.5,610.9,0.0007617760558778,-1.996462146822662,260648.09,1130.0,94.0,1036.0,2192,1096,1096,1096.0,1096.0,0.0,-3.0,0.0,1096.0,1096.0,0.0,1634046404.195629,0.0,26.334984779357907
7787,0,1,0,0,3,2,876,2211110130,910,64,896,17,59861,29483,4,0,0,43,15,2211110130,17,59861,11123,7019,94,1130,910.0,638.0909090909091,-0.1442861109792211,-1.9361318436316783,244346.26446280992,1130.0,94.0,1036.0,3068,876,1096,1096.0,1022.6666666666666,-0.7071067811865465,-1.5000000000000009,10755.555555555557,1096.0,986.0,110.0,1634046404.196279,0.0006501674652099,26.335634946823117
7788,0,1,0,0,3,2,408,2211110130,442,64,428,17,59861,29483,4,0,0,43,15,2211110130,17,59861,11123,7461,94,1130,676.0,621.75,-0.05064719347748,-1.8808858943882456,226921.35416666663,1130.0,94.0,1036.0,3476,408,1096,986.0,869.0,-0.8411540357852599,-0.973293337652522,78907.0,1096.0,759.0,337.0,1634046404.196279,0.0,26.335634946823117
7789,0,1,0,0,2,3,60,3232270721,94,47,80,17,29483,59861,4,0,0,43,15,2211110130,17,59861,11123,7555,94,1130,442.0,581.1538461538462,0.1059176693158324,-1.881500400866984,229242.4378698225,1130.0,94.0,1036.0,3536,60,1096,876.0,707.2,-0.5105087883293177,-1.3672780591766875,167842.56,1096.0,408.0,688.0,1634046404.205675,0.0093958377838134,26.34503078460693
7790,0,1,0,0,3,2,60,2211110130,94,64,80,17,59861,29483,4,0,0,43,15,2211110130,17,59861,11123,7649,94,1130,284.5,546.3571428571429,0.2419272902187296,-1.840029924000043,228608.5153061224,1119.0,94.0,1025.0,3596,60,1096,642.0,599.3333333333334,-0.103169891350338,-1.7331785074225714,198044.8888888889,1041.0,147.0,894.0,1634046404.213809,0.008134126663208,26.353164911270138
7791,0,1,0,0,3,2,1096,2211110130,1130,64,1116,17,59861,29483,4,0,0,43,15,2211110130,17,59861,11123,8779,94,1130,442.0,585.2666666666667,0.0923902701872791,-1.8994927844627127,234563.2622222222,1130.0,94.0,1036.0,4692,60,1096,876.0,670.2857142857143,-0.3714288231618238,-1.6333743927005595,199958.20408163263,1096.0,234.0,862.0,1634046404.213809,0.0,26.353164911270138
7792,0,1,0,0,3,2,1096,2211110130,1130,64,1116,17,59861,29483,4,0,0,43,15,2211110130,17,59861,11123,9909,94,1130,676.0,619.3125,-0.0374882917852644,-1.9129640127137733,237289.83984375,1130.0,94.0,1036.0,5788,60,1096,986.0,723.5,-0.5893191860067398,-1.434855912136034,194785.75,1096.0,321.0,775.0,1634046404.214316,0.0005068778991699,26.353671789169308
7793,0,1,0,0,3,2,1096,2211110130,1130,64,1116,17,59861,29483,4,0,0,43,15,2211110130,17,59861,11123,11039,94,1130,910.0,649.3529411764706,-0.1526557966123969,-1.8954363277801856,237770.4636678201,1130.0,94.0,1036.0,6884,60,1096,1096.0,764.8888888888889,-0.77459872259905,-1.1851753875202782,186847.20987654323,1096.0,408.0,688.0,1634046404.214316,0.0,26.353671789169308
7794,0,1,0,0,2,3,52,3232270721,86,47,72,17,29483,59861,4,0,0,43,15,2211110130,17,59861,11123,11125,86,1130,676.0,618.0555555555555,-0.0335099898023975,-1.923115780200102,241212.94135802472,1130.0,94.0,1036.0,6936,52,1096,986.0,693.6,-0.4692931230869036,-1.621670266537829,213901.44,1096.0,147.0,949.0,1634046404.224883,0.0105671882629394,26.364238977432247
7795,0,1,0,0,3,2,1116,2211110130,1150,64,1136,17,59861,29483,4,0,0,43,15,2211110130,17,59861,11123,12275,86,1150,910.0,646.0526315789474,-0.1358803114676683,-1.9085615939311389,242626.5761772853,1130.0,94.0,1036.0,8052,52,1116,1096.0,732.0,-0.6219427439082529,-1.4573913894350727,209201.45454545456,1096.0,234.0,862.0,1634046404.228285,0.0034019947052001,26.367640972137448
7796,0,1,0,0,3,2,572,2211110130,606,64,592,17,59861,29483,4,0,0,43,15,2211110130,17,59861,11123,12881,86,1150,758.0,644.05,-0.1268583060801322,-1.8540949590420217,230571.4475,1130.0,94.0,1036.0,8624,52,1116,986.0,718.6666666666666,-0.5528820419386526,-1.4220043247357677,193723.5555555556,1096.0,321.0,775.0,1634046404.228285,0.0,26.367640972137448
7797,0,1,0,0,3,2,32,2211110130,66,64,52,17,59861,29483,4,0,0,43,15,2211110130,17,59861,11123,66,66,66,66.0,66.0,0.0,-3.0,0.0,66.0,66.0,0.0,8656,32,1116,876.0,665.8461538461538,-0.3540348306725053,-1.649100666183968,212301.82248520709,1096.0,60.0,1036.0,1634046404.236027,0.0077419281005859,26.375382900238034
7798,0,1,0,0,2,3,52,3232270721,86,48,72,17,10001,59861,4,0,0,43,15,2211110130,17,59861,11123,152,66,86,76.0,76.0,0.0,-2.0,100.0,81.0,71.0,10.0,8708,32,1116,724.0,622.0,-0.1850859283637221,-1.769476096978328,222129.7142857143,1096.0,60.0,1036.0,1634046404.240778,0.0047509670257568,26.38013386726379
7799,0,1,0,0,3,2,56,2211110130,90,64,76,17,59861,29483,4,0,0,43,15,2211110130,17,59861,11123,242,66,90,86.0,80.66666666666667,-0.6309038567106251,-1.499999999999999,110.22222222222224,88.0,76.0,12.0,8764,32,1116,572.0,584.2666666666667,-0.0405617675306055,-1.820717341033192,227254.3288888889,1096.0,58.0,1038.0,1634046404.246171,0.0053930282592773,26.385526895523068
7800,0,1,0,0,3,2,416,2211110130,450,64,436,17,59861,29483,4,0,0,43,15,2211110130,17,59861,11123,692,66,450,88.0,173.0,1.1434203716833162,-0.6749265965540268,25659.0,180.0,81.0,99.0,9180,32,1116,494.0,573.75,0.0236997693457179,-1.7613148449235014,214709.9375,1096.0,59.0,1037.0,1634046404.246171,0.0,26.385526895523068
7801,0,1,0,0,3,2,1096,2211110130,1130,64,1116,17,59861,29483,4,0,0,43,15,2211110130,17,59861,11123,1822,66,1130,90.0,364.4,1.1146622612136454,-0.3971895946093031,167063.03999999998,450.0,86.0,364.0,10276,32,1116,572.0,604.4705882352941,-0.0933353867566333,-1.769253869260249,217180.0138408304,1096.0,60.0,1036.0,1634046404.255382,0.0092110633850097,26.394737958908078
7802,0,1,0,0,3,2,1096,2211110130,1130,64,1116,17,59861,29483,4,0,0,43,15,2211110130,17,59861,11123,2952,66,1130,270.0,492.0,0.4987506330408814,-1.5701820294001378,220628.0,960.0,87.0,873.0,11372,32,1116,724.0,631.7777777777778,-0.1986099269314418,-1.749844358075824,217791.06172839509,1096.0,60.0,1036.0,1634046404.255382,0.0,26.394737958908078
7803,0,1,0,0,3,2,1096,2211110130,1130,64,1116,17,59861,29483,4,0,0,43,15,2211110130,17,59861,11123,4082,66,1130,450.0,583.1428571428571,0.1310565416625023,-1.8481974071249907,238951.8367346939,1130.0,88.0,1042.0,12468,32,1116,876.0,656.2105263157895,-0.2944956199108443,-1.710661680684496,217073.6398891967,1096.0,60.0,1036.0,1634046404.256062,0.0006799697875976,26.395417928695675
7804,0,1,0,0,3,2,1096,2211110130,1130,64,1116,17,59861,29483,4,0,0,43,15,2211110130,17,59861,11123,5212,66,1130,790.0,651.5,-0.1351358178262618,-1.8656742574812428,241791.75,1130.0,89.0,1041.0,13564,32,1116,986.0,678.2,-0.3827250867920954,-1.6567327885065704,215407.16,1096.0,60.0,1036.0,1634046404.256062,0.0,26.395417928695675
7805,0,1,0,0,3,2,259,2211110130,293,64,279,17,59861,29483,4,0,0,43,15,2211110130,17,59861,11123,5505,66,1130,450.0,611.6666666666666,0.0724018598545469,-1.8445141153612543,227619.5555555556,1130.0,90.0,1040.0,259,259,259,259.0,259.0,0.0,-3.0,0.0,259.0,259.0,0.0,1634046404.256062,0.0,26.395417928695675
7806,0,1,0,0,2,3,60,3232270721,94,47,80,17,29483,59861,4,0,0,43,15,2211110130,17,59861,11123,5599,66,1130,371.5,559.9,0.2637865437680206,-1.79158483886934,228975.69,1130.0,91.0,1039.0,319,60,259,159.5,159.5,0.0,-2.0,9900.25,209.25,109.75,99.5,1634046404.256213,0.0001509189605712,26.395568847656246
7807,0,1,0,0,2,3,93,3232270721,127,47,113,17,29483,59861,4,0,0,43,15,2211110130,17,59861,11123,5726,66,1130,293.0,520.5454545454545,0.4289235405180162,-1.6834658396572837,223647.520661157,1130.0,92.0,1038.0,412,60,259,93.0,137.33333333333334,0.6317084519760263,-1.5000000000000009,7582.88888888889,176.0,76.5,99.5,1634046404.256273,6.008148193359375e-05,26.39562892913818
7808,0,1,0,0,3,2,408,2211110130,442,64,428,17,59861,29483,4,0,0,43,15,2211110130,17,59861,11123,6168,66,1130,367.5,514.0,0.4893437957431086,-1.5432736333347696,205481.5,1130.0,93.0,1037.0,820,60,408,176.0,205.0,0.37581363924859,-1.4718683437529845,19423.5,296.25,84.75,211.5,1634046404.274449,0.0181760787963867,26.413805007934567
7809,0,1,0,0,2,3,60,3232270721,94,47,80,17,29483,59861,4,0,0,43,15,2211110130,17,59861,11123,6262,66,1130,293.0,481.6923076923077,0.6159747683268499,-1.4067677612814782,202200.67455621305,1130.0,94.0,1036.0,880,60,408,93.0,176.0,0.7207190554375693,-1.1226315539735618,18902.8,259.0,60.0,199.0,1634046404.294052,0.0196027755737304,26.433407783508297
7810,0,1,0,0,3,2,1096,2211110130,1130,64,1116,17,59861,29483,4,0,0,43,15,2211110130,17,59861,11123,7392,66,1130,367.5,528.0,0.4135795497804576,-1.6525399805489982,215635.0,1130.0,94.0,1036.0,1976,60,1096,176.0,329.3333333333333,1.3645394150590604,0.3686854946705802,133307.8888888889,370.75,68.25,302.5,1634046404.298389,0.0043370723724365,26.437744855880734
7811,0,1,0,0,3,2,1096,2211110130,1130,64,1116,17,59861,29483,4,0,0,43,15,2211110130,17,59861,11123,8522,66,1130,442.0,568.1333333333333,0.2473116719969451,-1.7849087208676713,223808.91555555552,1130.0,94.0,1036.0,3072,60,1096,259.0,438.8571428571428,0.7315778524718813,-1.230870092558157,186236.693877551,752.0,76.5,675.5,1634046404.298389,0.0,26.437744855880734
7812,0,1,0,0,3,2,1096,2211110130,1130,64,1116,17,59861,29483,4,0,0,43,15,2211110130,17,59861,11123,9652,66,1130,446.0,603.25,0.105762599996893,-1.8494446759316765,228318.5625,1130.0,94.0,1036.0,4168,60,1096,333.5,521.0,0.3587345800920846,-1.7078276363142315,210189.25,1096.0,84.75,1011.25,1634046404.299266,0.0008771419525146,26.43862199783325
7813,0,1,0,0,3,2,1096,2211110130,1130,64,1116,17,59861,29483,4,0,0,43,15,2211110130,17,59861,11123,10782,66,1130,450.0,634.2352941176471,-0.0178832812917988,-1.8702050377793769,230249.4740484429,1130.0,94.0,1036.0,5264,60,1096,408.0,584.8888888888889,0.0925982031524349,-1.8569942371329904,219489.20987654323,1096.0,93.0,1003.0,1634046404.299266,0.0,26.43862199783325
7814,0,1,0,0,3,2,1096,2211110130,1130,64,1116,17,59861,29483,4,0,0,43,15,2211110130,17,59861,11123,11912,66,1130,790.0,661.7777777777778,-0.1279954798362128,-1.8610803633177724,230353.83950617284,1130.0,102.25,1027.75,6360,60,1096,752.0,636.0,-0.1164863168069846,-1.8665162339142056,221051.4,1096.0,134.5,961.5,1634046404.300087,0.0008208751678466,26.439442873001095
7815,0,1,0,0,3,2,1096,2211110130,1130,64,1116,17,59861,29483,4,0,0,43,15,2211110130,17,59861,11123,13042,66,1130,1130.0,686.421052631579,-0.227531104506935,-1.830649215435134,229161.1911357341,1130.0,110.5,1019.5,7456,60,1096,1096.0,677.8181818181819,-0.2902655784350501,-1.8037191686676424,218443.4214876033,1096.0,176.0,920.0,1634046404.300087,0.0,26.439442873001095
7816,0,1,0,0,3,2,1096,2211110130,1130,64,1116,17,59861,29483,4,0,0,43,15,2211110130,17,59861,11123,14172,66,1130,1130.0,708.6,-0.318578775574859,-1.7844947990112352,227049.34,1130.0,118.75,1011.25,8552,60,1096,1096.0,712.6666666666666,-0.4400838074511773,-1.6986515405732523,213598.38888888888,1096.0,217.5,878.5,1634046404.300957,0.0008699893951416,26.440312862396237
7817,0,1,0,0,3,2,1096,2211110130,1130,64,1116,17,59861,29483,4,0,0,43,15,2211110130,17,59861,11123,1130,1130,1130,1130.0,1130.0,0.0,-3.0,0.0,1130.0,1130.0,0.0,9648,60,1096,1096.0,742.1538461538462,-0.5725730456786438,-1.5667428637220366,207601.66863905324,1096.0,259.0,837.0,1634046404.300957,0.0,26.440312862396237
7818,0,1,0,0,3,2,1096,2211110130,1130,64,1116,17,59861,29483,4,0,0,43,15,2211110130,17,59861,11123,2260,1130,1130,1130.0,1130.0,0.0,-3.0,0.0,1130.0,1130.0,0.0,10744,60,1096,1096.0,767.4285714285714,-0.6919349125337997,-1.4167287978235543,201077.53061224488,1096.0,296.25,799.75,1634046404.30183,0.0008730888366699,26.441185951232907
7819,0,1,0,0,3,2,1096,2211110130,1130,64,1116,17,59861,29483,4,0,0,43,15,2211110130,17,59861,11123,3390,1130,1130,1130.0,1130.0,0.0,-3.0,0.0,1130.0,1130.0,0.0,11840,60,1096,1096.0,789.3333333333334,-0.8009952691208162,-1.253925599648502,194389.82222222225,1096.0,333.5,762.5,1634046404.30183,0.0,26.441185951232907
7820,0,1,0,0,3,2,1096,2211110130,1130,64,1116,17,59861,29483,4,0,0,43,15,2211110130,17,59861,11123,4520,1130,1130,1130.0,1130.0,0.0,-3.0,0.0,1130.0,1130.0,0.0,12936,60,1096,1096.0,808.5,-0.9017446420845072,-1.081753917870983,187750.875,1096.0,370.75,725.25,1634046404.302694,0.000864028930664,26.44204998016357
7821,0,1,0,0,3,2,1096,2211110130,1130,64,1116,17,59861,29483,4,0,0,43,15,2211110130,17,59861,11123,5650,1130,1130,1130.0,1130.0,0.0,-3.0,0.0,1130.0,1130.0,0.0,14032,60,1096,1096.0,825.4117647058823,-0.9956377638494864,-0.9025144712435704,181282.83044982704,1096.0,408.0,688.0,1634046404.302694,0.0,26.44204998016357
7822,0,1,0,0,2,3,56,3232270721,90,47,76,17,29483,59861,4,0,0,43,15,2211110130,17,59861,11123,5740,90,1130,1130.0,956.6666666666666,-1.7888543819998313,1.2000000000000002,150222.22222222222,1130.0,1130.0,0.0,14088,56,1096,1096.0,782.6666666666666,-0.7899976708907501,-1.2875879852037533,202273.00000000003,1096.0,296.25,799.75,1634046404.309084,0.0063898563385009,26.44843983650207
7823,0,1,0,0,2,3,60,3232270721,94,47,80,17,29483,59861,4,0,0,43,15,2211110130,17,59861,11123,5834,90,1130,1130.0,833.4285714285714,-0.948700555594594,-1.099941788719783,219887.6734693877,1130.0,612.0,518.0,14148,56,1096,1096.0,744.6315789473684,-0.6209298013976442,-1.5384927083966908,217667.07479224377,1096.0,176.0,920.0,1634046404.309139,5.507469177246094e-05,26.448494911193844
7824,0,1,0,0,3,2,1096,2211110130,1130,64,1116,17,59861,29483,4,0,0,43,15,2211110130,17,59861,11123,6964,90,1130,1130.0,870.5,-1.1547176854978076,-0.6666006674582459,202021.75,1130.0,871.0,259.0,15244,56,1096,1096.0,762.2,-0.7031203220888859,-1.429960990785088,212648.06,1096.0,217.5,878.5,1634046404.313582,0.0044429302215576,26.4529378414154
7825,0,1,0,0,3,2,1096,2211110130,1130,64,1116,17,59861,29483,4,0,0,43,15,2211110130,17,59861,11123,8094,90,1130,1130.0,899.3333333333334,-1.3363234312655885,-0.2142120712718909,186225.77777777775,1130.0,1130.0,0.0,1096,1096,1096,1096.0,1096.0,0.0,-3.0,0.0,1096.0,1096.0,0.0,1634046404.313582,0.0,26.4529378414154
7826,0,1,0,0,3,2,1096,2211110130,1130,64,1116,17,59861,29483,4,0,0,43,15,2211110130,17,59861,11123,9224,90,1130,1130.0,922.4,-1.5000174021632973,0.2500812100011726,172391.84,1130.0,1130.0,0.0,2192,1096,1096,1096.0,1096.0,0.0,-3.0,0.0,1096.0,1096.0,0.0,1634046404.313582,0.0,26.4529378414154
7827,0,1,0,0,3,2,1096,2211110130,1130,64,1116,17,59861,29483,4,0,0,43,15,2211110130,17,59861,11123,10354,90,1130,1130.0,941.2727272727273,-1.649933469321507,0.7223109545462236,160281.65289256198,1130.0,1130.0,0.0,3288,1096,1096,1096.0,1096.0,0.0,-3.0,0.0,1096.0,1096.0,0.0,1634046404.313582,0.0,26.4529378414154
7828,0,1,0,0,3,2,1096,2211110130,1130,64,1116,17,59861,29483,4,0,0,43,15,2211110130,17,59861,11123,11484,90,1130,1130.0,957.0,-1.7888723128471693,1.200096226917326,149645.66666666666,1130.0,1130.0,0.0,4384,1096,1096,1096.0,1096.0,0.0,-3.0,0.0,1096.0,1096.0,0.0,1634046404.314082,0.0004999637603759,26.453437805175778
7829,0,1,0,0,3,2,1116,2211110130,1150,64,1136,17,59861,29483,4,0,0,43,15,2211110130,17,59861,11123,12634,90,1150,1130.0,971.8461538461538,-1.9179899535904996,1.6802930836127583,140779.36094674555,1130.0,1130.0,0.0,5500,1096,1116,1096.0,1100.0,1.5,0.25,64.0,1096.0,1096.0,0.0,1634046404.314082,0.0,26.453437805175778
7830,0,1,0,0,3,2,1096,2211110130,1130,64,1116,17,59861,29483,4,0,0,43,15,2211110130,17,59861,11123,13764,90,1150,1130.0,983.1428571428572,-2.040402886957831,2.16494635615444,132382.69387755104,1130.0,1130.0,0.0,6596,1096,1116,1096.0,1099.3333333333333,1.788854381999862,1.200000000000072,55.55555555555557,1096.0,1096.0,0.0,1634046404.314082,0.0,26.453437805175778
7831,0,1,0,0,3,2,1096,2211110130,1130,64,1116,17,59861,29483,4,0,0,43,15,2211110130,17,59861,11123,14894,90,1150,1130.0,992.9333333333332,-2.156417297338416,2.651933241991472,124899.12888888892,1130.0,1130.0,0.0,7692,1096,1116,1096.0,1098.857142857143,2.041241452319301,2.166666666666627,48.9795918367347,1096.0,1096.0,0.0,1634046404.314082,0.0,26.453437805175778
7832,0,1,0,0,3,2,1096,2211110130,1130,64,1116,17,59861,29483,4,0,0,43,15,2211110130,17,59861,11123,16024,90,1150,1130.0,1001.5,-2.266905458275907,3.140753688757365,118193.75,1130.0,1130.0,0.0,8788,1096,1116,1096.0,1098.5,2.2677868380553634,3.1428571428571432,43.75,1096.0,1096.0,0.0,1634046404.314633,0.0005509853363037,26.45398879051208
7833,0,1,0,0,3,2,1096,2211110130,1130,64,1116,17,59861,29483,4,0,0,43,15,2211110130,17,59861,11123,17154,90,1150,1130.0,1009.0588235294116,-2.3725622629571923,3.631040988611231,112155.34948096886,1130.0,1130.0,0.0,9884,1096,1116,1096.0,1098.2222222222222,2.4748737341529403,4.125000000000078,39.50617283950618,1096.0,1096.0,0.0,1634046404.314633,0.0,26.45398879051208
7834,0,1,0,0,3,2,1096,2211110130,1130,64,1116,17,59861,29483,4,0,0,43,15,2211110130,17,59861,11123,18284,90,1150,1130.0,1015.7777777777778,-2.473951209295489,4.122520109124643,106691.95061728396,1130.0,1130.0,0.0,10980,1096,1116,1096.0,1098.0,2.6666666666666665,5.111111111111111,36.0,1096.0,1096.0,0.0,1634046404.314633,0.0,26.45398879051208
7835,0,1,0,0,3,2,1096,2211110130,1130,64,1116,17,59861,29483,4,0,0,43,15,2211110130,17,59861,11123,19414,90,1150,1130.0,1021.7894736842104,-2.5715362650208475,4.614980730490767,101727.1135734072,1130.0,1130.0,0.0,12076,1096,1116,1096.0,1097.8181818181818,2.8460498941515744,6.100000000000124,33.05785123966942,1096.0,1096.0,0.0,1634046404.314633,0.0,26.45398879051208
7836,0,1,0,0,3,2,1096,2211110130,1130,64,1116,17,59861,29483,4,0,0,43,15,2211110130,17,59861,11123,20544,90,1150,1130.0,1027.2,-2.665704535720945,5.10825927011172,97196.96000000002,1130.0,1130.0,0.0,13172,1096,1116,1096.0,1097.6666666666667,3.015113445777593,7.090909090908916,30.555555555555568,1096.0,1096.0,0.0,1634046404.315123,0.0004901885986328,26.454478979110714
7837,0,1,0,0,3,2,1096,2211110130,1130,64,1116,17,59861,29483,4,0,0,43,15,2211110130,17,59861,11123,1130,1130,1130,1130.0,1130.0,0.0,-3.0,0.0,1130.0,1130.0,0.0,14268,1096,1116,1096.0,1097.5384615384614,3.1754264805429995,8.083333333333577,28.40236686390534,1096.0,1096.0,0.0,1634046404.315123,0.0,26.454478979110714
7838,0,1,0,0,3,2,1096,2211110130,1130,64,1116,17,59861,29483,4,0,0,43,15,2211110130,17,59861,11123,2260,1130,1130,1130.0,1130.0,0.0,-3.0,0.0,1130.0,1130.0,0.0,15364,1096,1116,1096.0,1097.428571428571,3.3282011773514317,9.07692307692333,26.530612244897952,1096.0,1096.0,0.0,1634046404.315123,0.0,26.454478979110714
7839,0,1,0,0,3,2,1096,2211110130,1130,64,1116,17,59861,29483,4,0,0,43,15,2211110130,17,59861,11123,3390,1130,1130,1130.0,1130.0,0.0,-3.0,0.0,1130.0,1130.0,0.0,16460,1096,1116,1096.0,1097.3333333333333,3.474396144861561,10.071428571428772,24.888888888888903,1096.0,1096.0,0.0,1634046404.317565,0.0024418830871582,26.456920862197872
7840,0,1,0,0,3,2,1096,2211110130,1130,64,1116,17,59861,29483,4,0,0,43,15,2211110130,17,59861,11123,4520,1130,1130,1130.0,1130.0,0.0,-3.0,0.0,1130.0,1130.0,0.0,17556,1096,1116,1096.0,1097.25,3.614784456460256,11.066666666666666,23.4375,1096.0,1096.0,0.0,1634046404.317565,0.0,26.456920862197872
7841,0,1,0,0,3,2,1096,2211110130,1130,64,1116,17,59861,29483,4,0,0,43,15,2211110130,17,59861,11123,5650,1130,1130,1130.0,1130.0,0.0,-3.0,0.0,1130.0,1130.0,0.0,18652,1096,1116,1096.0,1097.1764705882354,3.749999999999957,12.06249999999979,22.14532871972318,1096.0,1096.0,0.0,1634046404.317565,0.0,26.456920862197872
7842,0,1,0,0,3,2,1096,2211110130,1130,64,1116,17,59861,29483,4,0,0,43,15,2211110130,17,59861,11123,6780,1130,1130,1130.0,1130.0,0.0,-3.0,0.0,1130.0,1130.0,0.0,19748,1096,1116,1096.0,1097.111111111111,3.880570000581343,13.058823529411846,20.98765432098766,1096.0,1096.0,0.0,1634046404.317565,0.0,26.456920862197872
7843,0,1,0,0,3,2,1096,2211110130,1130,64,1116,17,59861,29483,4,0,0,43,15,2211110130,17,59861,11123,7910,1130,1130,1130.0,1130.0,0.0,-3.0,0.0,1130.0,1130.0,0.0,20844,1096,1116,1096.0,1097.0526315789473,4.006938426723828,14.055555555555864,19.944598337950133,1096.0,1096.0,0.0,1634046404.317565,0.0,26.456920862197872
7844,0,1,0,0,3,2,1096,2211110130,1130,64,1116,17,59861,29483,4,0,0,43,15,2211110130,17,59861,11123,9040,1130,1130,1130.0,1130.0,0.0,-3.0,0.0,1130.0,1130.0,0.0,21940,1096,1116,1096.0,1097.0,4.129483209670112,15.05263157894737,19.0,1096.0,1096.0,0.0,1634046404.317565,0.0,26.456920862197872
7845,0,1,0,0,3,2,1096,2211110130,1130,64,1116,17,59861,29483,4,0,0,43,15,2211110130,17,59861,11123,10170,1130,1130,1130.0,1130.0,0.0,-3.0,0.0,1130.0,1130.0,0.0,1096,1096,1096,1096.0,1096.0,0.0,-3.0,0.0,1096.0,1096.0,0.0,1634046404.317565,0.0,26.456920862197872
7846,0,1,0,0,3,2,1096,2211110130,1130,64,1116,17,59861,29483,4,0,0,43,15,2211110130,17,59861,11123,11300,1130,1130,1130.0,1130.0,0.0,-3.0,0.0,1130.0,1130.0,0.0,2192,1096,1096,1096.0,1096.0,0.0,-3.0,0.0,1096.0,1096.0,0.0,1634046404.317565,0.0,26.456920862197872
7847,0,1,0,0,3,2,1096,2211110130,1130,64,1116,17,59861,29483,4,0,0,43,15,2211110130,17,59861,11123,12430,1130,1130,1130.0,1130.0,0.0,-3.0,0.0,1130.0,1130.0,0.0,3288,1096,1096,1096.0,1096.0,0.0,-3.0,0.0,1096.0,1096.0,0.0,1634046404.317565,0.0,26.456920862197872
7848,0,1,0,0,3,2,1096,2211110130,1130,64,1116,17,59861,29483,4,0,0,43,15,2211110130,17,59861,11123,13560,1130,1130,1130.0,1130.0,0.0,-3.0,0.0,1130.0,1130.0,0.0,4384,1096,1096,1096.0,1096.0,0.0,-3.0,0.0,1096.0,1096.0,0.0,1634046404.317565,0.0,26.456920862197872
7849,0,1,0,0,3,2,1096,2211110130,1130,64,1116,17,59861,29483,4,0,0,43,15,2211110130,17,59861,11123,14690,1130,1130,1130.0,1130.0,0.0,-3.0,0.0,1130.0,1130.0,0.0,5480,1096,1096,1096.0,1096.0,0.0,-3.0,0.0,1096.0,1096.0,0.0,1634046404.317565,0.0,26.456920862197872
7850,0,1,0,0,3,2,1096,2211110130,1130,64,1116,17,59861,29483,4,0,0,43,15,2211110130,17,59861,11123,15820,1130,1130,1130.0,1130.0,0.0,-3.0,0.0,1130.0,1130.0,0.0,6576,1096,1096,1096.0,1096.0,0.0,-3.0,0.0,1096.0,1096.0,0.0,1634046404.317565,0.0,26.456920862197872
7851,0,1,0,0,3,2,1096,2211110130,1130,64,1116,17,59861,29483,4,0,0,43,15,2211110130,17,59861,11123,16950,1130,1130,1130.0,1130.0,0.0,-3.0,0.0,1130.0,1130.0,0.0,7672,1096,1096,1096.0,1096.0,0.0,-3.0,0.0,1096.0,1096.0,0.0,1634046404.317565,0.0,26.456920862197872
7852,0,1,0,0,3,2,1096,2211110130,1130,64,1116,17,59861,29483,4,0,0,43,15,2211110130,17,59861,11123,18080,1130,1130,1130.0,1130.0,0.0,-3.0,0.0,1130.0,1130.0,0.0,8768,1096,1096,1096.0,1096.0,0.0,-3.0,0.0,1096.0,1096.0,0.0,1634046404.318068,0.0005030632019042,26.457423925399777
7853,0,1,0,0,3,2,1096,2211110130,1130,64,1116,17,59861,29483,4,0,0,43,15,2211110130,17,59861,11123,19210,1130,1130,1130.0,1130.0,0.0,-3.0,0.0,1130.0,1130.0,0.0,9864,1096,1096,1096.0,1096.0,0.0,-3.0,0.0,1096.0,1096.0,0.0,1634046404.318068,0.0,26.457423925399777
7854,0,1,0,0,3,2,1096,2211110130,1130,64,1116,17,59861,29483,4,0,0,43,15,2211110130,17,59861,11123,20340,1130,1130,1130.0,1130.0,0.0,-3.0,0.0,1130.0,1130.0,0.0,10960,1096,1096,1096.0,1096.0,0.0,-3.0,0.0,1096.0,1096.0,0.0,1634046404.318068,0.0,26.457423925399777
7855,0,1,0,0,3,2,1116,2211110130,1150,64,1136,17,59861,29483,4,0,0,43,15,2211110130,17,59861,11123,21490,1130,1150,1130.0,1131.0526315789473,4.006938426723826,14.05555555555586,19.944598337950136,1130.0,1130.0,0.0,12076,1096,1116,1096.0,1097.8181818181818,2.846049894151573,6.100000000000126,33.05785123966942,1096.0,1096.0,0.0,1634046404.318068,0.0,26.457423925399777
7856,0,1,0,0,3,2,1096,2211110130,1130,64,1116,17,59861,29483,4,0,0,43,15,2211110130,17,59861,11123,22620,1130,1150,1130.0,1131.0,4.129483209670112,15.05263157894737,19.0,1130.0,1130.0,0.0,13172,1096,1116,1096.0,1097.6666666666667,3.0151134457775943,7.090909090908923,30.55555555555556,1096.0,1096.0,0.0,1634046404.318068,0.0,26.457423925399777
7857,0,1,0,0,3,2,1096,2211110130,1130,64,1116,17,59861,29483,4,0,0,43,15,2211110130,17,59861,11123,1130,1130,1130,1130.0,1130.0,0.0,-3.0,0.0,1130.0,1130.0,0.0,14268,1096,1116,1096.0,1097.5384615384614,3.175426480543001,8.083333333333583,28.40236686390533,1096.0,1096.0,0.0,1634046404.318068,0.0,26.457423925399777
7858,0,1,0,0,3,2,1096,2211110130,1130,64,1116,17,59861,29483,4,0,0,43,15,2211110130,17,59861,11123,2260,1130,1130,1130.0,1130.0,0.0,-3.0,0.0,1130.0,1130.0,0.0,15364,1096,1116,1096.0,1097.428571428571,3.3282011773514317,9.076923076923327,26.53061224489796,1096.0,1096.0,0.0,1634046404.318582,0.0005140304565429,26.45793795585632
7859,0,1,0,0,3,2,1096,2211110130,1130,64,1116,17,59861,29483,4,0,0,43,15,2211110130,17,59861,11123,3390,1130,1130,1130.0,1130.0,0.0,-3.0,0.0,1130.0,1130.0,0.0,16460,1096,1116,1096.0,1097.3333333333333,3.474396144861561,10.071428571428774,24.8888888888889,1096.0,1096.0,0.0,1634046404.318582,0.0,26.45793795585632
7860,0,1,0,0,3,2,1096,2211110130,1130,64,1116,17,59861,29483,4,0,0,43,15,2211110130,17,59861,11123,4520,1130,1130,1130.0,1130.0,0.0,-3.0,0.0,1130.0,1130.0,0.0,17556,1096,1116,1096.0,1097.25,3.614784456460256,11.066666666666666,23.4375,1096.0,1096.0,0.0,1634046404.318582,0.0,26.45793795585632
7861,0,1,0,0,3,2,1096,2211110130,1130,64,1116,17,59861,29483,4,0,0,43,15,2211110130,17,59861,11123,5650,1130,1130,1130.0,1130.0,0.0,-3.0,0.0,1130.0,1130.0,0.0,18652,1096,1116,1096.0,1097.1764705882354,3.749999999999957,12.06249999999979,22.14532871972318,1096.0,1096.0,0.0,1634046404.319207,0.0006248950958251,26.458562850952145
7862,0,1,0,0,3,2,1096,2211110130,1130,64,1116,17,59861,29483,4,0,0,43,15,2211110130,17,59861,11123,6780,1130,1130,1130.0,1130.0,0.0,-3.0,0.0,1130.0,1130.0,0.0,19748,1096,1116,1096.0,1097.111111111111,3.880570000581343,13.058823529411846,20.98765432098766,1096.0,1096.0,0.0,1634046404.319207,0.0,26.458562850952145
7863,0,1,0,0,3,2,1096,2211110130,1130,64,1116,17,59861,29483,4,0,0,43,15,2211110130,17,59861,11123,7910,1130,1130,1130.0,1130.0,0.0,-3.0,0.0,1130.0,1130.0,0.0,20844,1096,1116,1096.0,1097.0526315789473,4.006938426723828,14.055555555555864,19.944598337950133,1096.0,1096.0,0.0,1634046404.319207,0.0,26.458562850952145
7864,0,1,0,0,3,2,1096,2211110130,1130,64,1116,17,59861,29483,4,0,0,43,15,2211110130,17,59861,11123,9040,1130,1130,1130.0,1130.0,0.0,-3.0,0.0,1130.0,1130.0,0.0,21940,1096,1116,1096.0,1097.0,4.129483209670112,15.05263157894737,19.0,1096.0,1096.0,0.0,1634046404.319849,0.0006420612335205,26.459204912185665
7865,0,1,0,0,3,2,1096,2211110130,1130,64,1116,17,59861,29483,4,0,0,43,15,2211110130,17,59861,11123,10170,1130,1130,1130.0,1130.0,0.0,-3.0,0.0,1130.0,1130.0,0.0,1096,1096,1096,1096.0,1096.0,0.0,-3.0,0.0,1096.0,1096.0,0.0,1634046404.319849,0.0,26.459204912185665
7866,0,1,0,0,3,2,1096,2211110130,1130,64,1116,17,59861,29483,4,0,0,43,15,2211110130,17,59861,11123,11300,1130,1130,1130.0,1130.0,0.0,-3.0,0.0,1130.0,1130.0,0.0,2192,1096,1096,1096.0,1096.0,0.0,-3.0,0.0,1096.0,1096.0,0.0,1634046404.319849,0.0,26.459204912185665
7867,0,1,0,0,3,2,1096,2211110130,1130,64,1116,17,59861,29483,4,0,0,43,15,2211110130,17,59861,11123,12430,1130,1130,1130.0,1130.0,0.0,-3.0,0.0,1130.0,1130.0,0.0,3288,1096,1096,1096.0,1096.0,0.0,-3.0,0.0,1096.0,1096.0,0.0,1634046404.320507,0.0006580352783203,26.459862947463986
7868,0,1,0,0,3,2,1096,2211110130,1130,64,1116,17,59861,29483,4,0,0,43,15,2211110130,17,59861,11123,13560,1130,1130,1130.0,1130.0,0.0,-3.0,0.0,1130.0,1130.0,0.0,4384,1096,1096,1096.0,1096.0,0.0,-3.0,0.0,1096.0,1096.0,0.0,1634046404.320507,0.0,26.459862947463986
7869,0,1,0,0,3,2,1096,2211110130,1130,64,1116,17,59861,29483,4,0,0,43,15,2211110130,17,59861,11123,14690,1130,1130,1130.0,1130.0,0.0,-3.0,0.0,1130.0,1130.0,0.0,5480,1096,1096,1096.0,1096.0,0.0,-3.0,0.0,1096.0,1096.0,0.0,1634046404.320507,0.0,26.459862947463986
7870,0,1,0,0,3,2,1096,2211110130,1130,64,1116,17,59861,29483,4,0,0,43,15,2211110130,17,59861,11123,15820,1130,1130,1130.0,1130.0,0.0,-3.0,0.0,1130.0,1130.0,0.0,6576,1096,1096,1096.0,1096.0,0.0,-3.0,0.0,1096.0,1096.0,0.0,1634046404.321171,0.0006639957427978,26.460526943206784
7871,0,1,0,0,3,2,1096,2211110130,1130,64,1116,17,59861,29483,4,0,0,43,15,2211110130,17,59861,11123,16950,1130,1130,1130.0,1130.0,0.0,-3.0,0.0,1130.0,1130.0,0.0,7672,1096,1096,1096.0,1096.0,0.0,-3.0,0.0,1096.0,1096.0,0.0,1634046404.321171,0.0,26.460526943206784
7872,0,1,0,0,3,2,1096,2211110130,1130,64,1116,17,59861,29483,4,0,0,43,15,2211110130,17,59861,11123,18080,1130,1130,1130.0,1130.0,0.0,-3.0,0.0,1130.0,1130.0,0.0,8768,1096,1096,1096.0,1096.0,0.0,-3.0,0.0,1096.0,1096.0,0.0,1634046404.321171,0.0,26.460526943206784
7873,0,1,0,0,3,2,1096,2211110130,1130,64,1116,17,59861,29483,4,0,0,43,15,2211110130,17,59861,11123,19210,1130,1130,1130.0,1130.0,0.0,-3.0,0.0,1130.0,1130.0,0.0,9864,1096,1096,1096.0,1096.0,0.0,-3.0,0.0,1096.0,1096.0,0.0,1634046404.321793,0.0006220340728759,26.46114897727966
7874,0,1,0,0,3,2,1096,2211110130,1130,64,1116,17,59861,29483,4,0,0,43,15,2211110130,17,59861,11123,20340,1130,1130,1130.0,1130.0,0.0,-3.0,0.0,1130.0,1130.0,0.0,10960,1096,1096,1096.0,1096.0,0.0,-3.0,0.0,1096.0,1096.0,0.0,1634046404.328981,0.0071878433227539,26.468336820602413
7875,0,1,0,0,3,2,1096,2211110130,1130,64,1116,17,59861,29483,4,0,0,43,15,2211110130,17,59861,11123,21470,1130,1130,1130.0,1130.0,0.0,-3.0,0.0,1130.0,1130.0,0.0,12056,1096,1096,1096.0,1096.0,0.0,-3.0,0.0,1096.0,1096.0,0.0,1634046404.328981,0.0,26.468336820602413
7876,0,1,0,0,3,2,1096,2211110130,1130,64,1116,17,59861,29483,4,0,0,43,15,2211110130,17,59861,11123,22600,1130,1130,1130.0,1130.0,0.0,-3.0,0.0,1130.0,1130.0,0.0,13152,1096,1096,1096.0,1096.0,0.0,-3.0,0.0,1096.0,1096.0,0.0,1634046404.328981,0.0,26.468336820602413
7877,0,1,0,0,3,2,1096,2211110130,1130,64,1116,17,59861,29483,4,0,0,43,15,2211110130,17,59861,11123,1130,1130,1130,1130.0,1130.0,0.0,-3.0,0.0,1130.0,1130.0,0.0,14248,1096,1096,1096.0,1096.0,0.0,-3.0,0.0,1096.0,1096.0,0.0,1634046404.328981,0.0,26.468336820602413
7878,0,1,0,0,3,2,1096,2211110130,1130,64,1116,17,59861,29483,4,0,0,43,15,2211110130,17,59861,11123,2260,1130,1130,1130.0,1130.0,0.0,-3.0,0.0,1130.0,1130.0,0.0,15344,1096,1096,1096.0,1096.0,0.0,-3.0,0.0,1096.0,1096.0,0.0,1634046404.329457,0.0004761219024658,26.46881294250488
7879,0,1,0,0,3,2,1096,2211110130,1130,64,1116,17,59861,29483,4,0,0,43,15,2211110130,17,59861,11123,3390,1130,1130,1130.0,1130.0,0.0,-3.0,0.0,1130.0,1130.0,0.0,16440,1096,1096,1096.0,1096.0,0.0,-3.0,0.0,1096.0,1096.0,0.0,1634046404.333082,0.0036249160766601,26.47243785858154
7880,0,1,0,0,3,2,1096,2211110130,1130,64,1116,17,59861,29483,4,0,0,43,15,2211110130,17,59861,11123,4520,1130,1130,1130.0,1130.0,0.0,-3.0,0.0,1130.0,1130.0,0.0,17536,1096,1096,1096.0,1096.0,0.0,-3.0,0.0,1096.0,1096.0,0.0,1634046404.333082,0.0,26.47243785858154
7881,0,1,0,0,3,2,1116,2211110130,1150,64,1136,17,59861,29483,4,0,0,43,15,2211110130,17,59861,11123,5670,1130,1150,1130.0,1134.0,1.5,0.25,64.0,1130.0,1130.0,0.0,18652,1096,1116,1096.0,1097.1764705882354,3.7499999999999583,12.062499999999789,22.14532871972318,1096.0,1096.0,0.0,1634046404.333082,0.0,26.47243785858154
7882,0,1,0,0,3,2,1096,2211110130,1130,64,1116,17,59861,29483,4,0,0,43,15,2211110130,17,59861,11123,6800,1130,1150,1130.0,1133.3333333333333,1.788854381999862,1.200000000000072,55.55555555555557,1130.0,1130.0,0.0,19748,1096,1116,1096.0,1097.111111111111,3.880570000581343,13.058823529411846,20.98765432098766,1096.0,1096.0,0.0,1634046404.333082,0.0,26.47243785858154
7883,0,1,0,0,3,2,1096,2211110130,1130,64,1116,17,59861,29483,4,0,0,43,15,2211110130,17,59861,11123,7930,1130,1150,1130.0,1132.857142857143,2.041241452319301,2.166666666666627,48.9795918367347,1130.0,1130.0,0.0,20844,1096,1116,1096.0,1097.0526315789473,4.006938426723827,14.055555555555864,19.944598337950133,1096.0,1096.0,0.0,1634046404.333082,0.0,26.47243785858154
7884,0,1,0,0,3,2,1096,2211110130,1130,64,1116,17,59861,29483,4,0,0,43,15,2211110130,17,59861,11123,9060,1130,1150,1130.0,1132.5,2.2677868380553634,3.1428571428571432,43.75,1130.0,1130.0,0.0,21940,1096,1116,1096.0,1097.0,4.129483209670112,15.05263157894737,19.0,1096.0,1096.0,0.0,1634046404.333082,0.0,26.47243785858154
7885,0,1,0,0,3,2,1096,2211110130,1130,64,1116,17,59861,29483,4,0,0,43,15,2211110130,17,59861,11123,10190,1130,1150,1130.0,1132.2222222222222,2.4748737341529403,4.125000000000078,39.50617283950618,1130.0,1130.0,0.0,1096,1096,1096,1096.0,1096.0,0.0,-3.0,0.0,1096.0,1096.0,0.0,1634046404.333082,0.0,26.47243785858154
7886,0,1,0,0,3,2,1096,2211110130,1130,64,1116,17,59861,29483,4,0,0,43,15,2211110130,17,59861,11123,11320,1130,1150,1130.0,1132.0,2.6666666666666665,5.111111111111111,36.0,1130.0,1130.0,0.0,2192,1096,1096,1096.0,1096.0,0.0,-3.0,0.0,1096.0,1096.0,0.0,1634046404.333082,0.0,26.47243785858154
7887,0,1,0,0,3,2,1096,2211110130,1130,64,1116,17,59861,29483,4,0,0,43,15,2211110130,17,59861,11123,12450,1130,1150,1130.0,1131.8181818181818,2.8460498941515744,6.100000000000124,33.05785123966942,1130.0,1130.0,0.0,3288,1096,1096,1096.0,1096.0,0.0,-3.0,0.0,1096.0,1096.0,0.0,1634046404.333082,0.0,26.47243785858154
7888,0,1,0,0,3,2,1096,2211110130,1130,64,1116,17,59861,29483,4,0,0,43,15,2211110130,17,59861,11123,13580,1130,1150,1130.0,1131.6666666666667,3.015113445777593,7.090909090908916,30.555555555555568,1130.0,1130.0,0.0,4384,1096,1096,1096.0,1096.0,0.0,-3.0,0.0,1096.0,1096.0,0.0,1634046404.333082,0.0,26.47243785858154
7889,0,1,0,0,3,2,1096,2211110130,1130,64,1116,17,59861,29483,4,0,0,43,15,2211110130,17,59861,11123,14710,1130,1150,1130.0,1131.5384615384614,3.1754264805429995,8.083333333333577,28.40236686390534,1130.0,1130.0,0.0,5480,1096,1096,1096.0,1096.0,0.0,-3.0,0.0,1096.0,1096.0,0.0,1634046404.333082,0.0,26.47243785858154
7890,0,1,0,0,3,2,1096,2211110130,1130,64,1116,17,59861,29483,4,0,0,43,15,2211110130,17,59861,11123,15840,1130,1150,1130.0,1131.428571428571,3.3282011773514317,9.07692307692333,26.530612244897952,1130.0,1130.0,0.0,6576,1096,1096,1096.0,1096.0,0.0,-3.0,0.0,1096.0,1096.0,0.0,1634046404.333082,0.0,26.47243785858154
7891,0,1,0,0,3,2,1096,2211110130,1130,64,1116,17,59861,29483,4,0,0,43,15,2211110130,17,59861,11123,16970,1130,1150,1130.0,1131.3333333333333,3.474396144861561,10.071428571428772,24.888888888888903,1130.0,1130.0,0.0,7672,1096,1096,1096.0,1096.0,0.0,-3.0,0.0,1096.0,1096.0,0.0,1634046404.333082,0.0,26.47243785858154
7892,0,1,0,0,3,2,1096,2211110130,1130,64,1116,17,59861,29483,4,0,0,43,15,2211110130,17,59861,11123,18100,1130,1150,1130.0,1131.25,3.614784456460256,11.066666666666666,23.4375,1130.0,1130.0,0.0,8768,1096,1096,1096.0,1096.0,0.0,-3.0,0.0,1096.0,1096.0,0.0,1634046404.33345,0.0003681182861328,26.472805976867672
7893,0,1,0,0,3,2,1096,2211110130,1130,64,1116,17,59861,29483,4,0,0,43,15,2211110130,17,59861,11123,19230,1130,1150,1130.0,1131.1764705882354,3.749999999999957,12.06249999999979,22.14532871972318,1130.0,1130.0,0.0,9864,1096,1096,1096.0,1096.0,0.0,-3.0,0.0,1096.0,1096.0,0.0,1634046404.33345,0.0,26.472805976867672
7894,0,1,0,0,3,2,1096,2211110130,1130,64,1116,17,59861,29483,4,0,0,43,15,2211110130,17,59861,11123,20360,1130,1150,1130.0,1131.111111111111,3.880570000581343,13.058823529411846,20.98765432098766,1130.0,1130.0,0.0,10960,1096,1096,1096.0,1096.0,0.0,-3.0,0.0,1096.0,1096.0,0.0,1634046404.33345,0.0,26.472805976867672
7895,0,1,0,0,3,2,1096,2211110130,1130,64,1116,17,59861,29483,4,0,0,43,15,2211110130,17,59861,11123,21490,1130,1150,1130.0,1131.0526315789473,4.006938426723828,14.055555555555864,19.944598337950133,1130.0,1130.0,0.0,12056,1096,1096,1096.0,1096.0,0.0,-3.0,0.0,1096.0,1096.0,0.0,1634046404.33345,0.0,26.472805976867672
7896,0,1,0,0,3,2,1096,2211110130,1130,64,1116,17,59861,29483,4,0,0,43,15,2211110130,17,59861,11123,22620,1130,1150,1130.0,1131.0,4.129483209670112,15.05263157894737,19.0,1130.0,1130.0,0.0,13152,1096,1096,1096.0,1096.0,0.0,-3.0,0.0,1096.0,1096.0,0.0,1634046404.33345,0.0,26.472805976867672
7897,0,1,0,0,3,2,1096,2211110130,1130,64,1116,17,59861,29483,4,0,0,43,15,2211110130,17,59861,11123,1130,1130,1130,1130.0,1130.0,0.0,-3.0,0.0,1130.0,1130.0,0.0,14248,1096,1096,1096.0,1096.0,0.0,-3.0,0.0,1096.0,1096.0,0.0,1634046404.33345,0.0,26.472805976867672
7898,0,1,0,0,3,2,1096,2211110130,1130,64,1116,17,59861,29483,4,0,0,43,15,2211110130,17,59861,11123,2260,1130,1130,1130.0,1130.0,0.0,-3.0,0.0,1130.0,1130.0,0.0,15344,1096,1096,1096.0,1096.0,0.0,-3.0,0.0,1096.0,1096.0,0.0,1634046404.33345,0.0,26.472805976867672
7899,0,1,0,0,3,2,1096,2211110130,1130,64,1116,17,59861,29483,4,0,0,43,15,2211110130,17,59861,11123,3390,1130,1130,1130.0,1130.0,0.0,-3.0,0.0,1130.0,1130.0,0.0,16440,1096,1096,1096.0,1096.0,0.0,-3.0,0.0,1096.0,1096.0,0.0,1634046404.33345,0.0,26.472805976867672
7900,0,1,0,0,3,2,1096,2211110130,1130,64,1116,17,59861,29483,4,0,0,43,15,2211110130,17,59861,11123,4520,1130,1130,1130.0,1130.0,0.0,-3.0,0.0,1130.0,1130.0,0.0,17536,1096,1096,1096.0,1096.0,0.0,-3.0,0.0,1096.0,1096.0,0.0,1634046404.33345,0.0,26.472805976867672
7901,0,1,0,0,3,2,1096,2211110130,1130,64,1116,17,59861,29483,4,0,0,43,15,2211110130,17,59861,11123,5650,1130,1130,1130.0,1130.0,0.0,-3.0,0.0,1130.0,1130.0,0.0,18632,1096,1096,1096.0,1096.0,0.0,-3.0,0.0,1096.0,1096.0,0.0,1634046404.33345,0.0,26.472805976867672
7902,0,1,0,0,3,2,1096,2211110130,1130,64,1116,17,59861,29483,4,0,0,43,15,2211110130,17,59861,11123,6780,1130,1130,1130.0,1130.0,0.0,-3.0,0.0,1130.0,1130.0,0.0,19728,1096,1096,1096.0,1096.0,0.0,-3.0,0.0,1096.0,1096.0,0.0,1634046404.33345,0.0,26.472805976867672
7903,0,1,0,0,3,2,1096,2211110130,1130,64,1116,17,59861,29483,4,0,0,43,15,2211110130,17,59861,11123,7910,1130,1130,1130.0,1130.0,0.0,-3.0,0.0,1130.0,1130.0,0.0,20824,1096,1096,1096.0,1096.0,0.0,-3.0,0.0,1096.0,1096.0,0.0,1634046404.33345,0.0,26.472805976867672
7904,0,1,0,0,3,2,1096,2211110130,1130,64,1116,17,59861,29483,4,0,0,43,15,2211110130,17,59861,11123,9040,1130,1130,1130.0,1130.0,0.0,-3.0,0.0,1130.0,1130.0,0.0,21920,1096,1096,1096.0,1096.0,0.0,-3.0,0.0,1096.0,1096.0,0.0,1634046404.33345,0.0,26.472805976867672
7905,0,1,0,0,3,2,1096,2211110130,1130,64,1116,17,59861,29483,4,0,0,43,15,2211110130,17,59861,11123,10170,1130,1130,1130.0,1130.0,0.0,-3.0,0.0,1130.0,1130.0,0.0,1096,1096,1096,1096.0,1096.0,0.0,-3.0,0.0,1096.0,1096.0,0.0,1634046404.333992,0.0005419254302978,26.47334790229797
7906,0,1,0,0,3,2,1096,2211110130,1130,64,1116,17,59861,29483,4,0,0,43,15,2211110130,17,59861,11123,11300,1130,1130,1130.0,1130.0,0.0,-3.0,0.0,1130.0,1130.0,0.0,2192,1096,1096,1096.0,1096.0,0.0,-3.0,0.0,1096.0,1096.0,0.0,1634046404.333992,0.0,26.47334790229797
7907,0,1,0,0,3,2,1116,2211110130,1150,64,1136,17,59861,29483,4,0,0,43,15,2211110130,17,59861,11123,12450,1130,1150,1130.0,1131.8181818181818,2.846049894151573,6.100000000000126,33.05785123966942,1130.0,1130.0,0.0,3308,1096,1116,1096.0,1102.6666666666667,0.7071067811865238,-1.5000000000000222,88.88888888888887,1106.0,1096.0,10.0,1634046404.333992,0.0,26.47334790229797
7908,0,1,0,0,3,2,1096,2211110130,1130,64,1116,17,59861,29483,4,0,0,43,15,2211110130,17,59861,11123,13580,1130,1150,1130.0,1131.6666666666667,3.0151134457775943,7.090909090908923,30.55555555555556,1130.0,1130.0,0.0,4404,1096,1116,1096.0,1101.0,1.1547005383792517,-0.6666666666666665,75.0,1101.0,1096.0,5.0,1634046404.333992,0.0,26.47334790229797
7909,0,1,0,0,3,2,1096,2211110130,1130,64,1116,17,59861,29483,4,0,0,43,15,2211110130,17,59861,11123,14710,1130,1150,1130.0,1131.5384615384614,3.175426480543001,8.083333333333583,28.40236686390533,1130.0,1130.0,0.0,5500,1096,1116,1096.0,1100.0,1.5,0.25,64.0,1096.0,1096.0,0.0,1634046404.334516,0.0005240440368652,26.473871946334835
7910,0,1,0,0,3,2,1096,2211110130,1130,64,1116,17,59861,29483,4,0,0,43,15,2211110130,17,59861,11123,15840,1130,1150,1130.0,1131.428571428571,3.3282011773514317,9.076923076923327,26.53061224489796,1130.0,1130.0,0.0,6596,1096,1116,1096.0,1099.3333333333333,1.7888543819998612,1.2000000000000703,55.55555555555557,1096.0,1096.0,0.0,1634046404.334516,0.0,26.473871946334835
7911,0,1,0,0,3,2,1096,2211110130,1130,64,1116,17,59861,29483,4,0,0,43,15,2211110130,17,59861,11123,16970,1130,1150,1130.0,1131.3333333333333,3.474396144861561,10.071428571428774,24.8888888888889,1130.0,1130.0,0.0,7692,1096,1116,1096.0,1098.857142857143,2.041241452319301,2.166666666666627,48.9795918367347,1096.0,1096.0,0.0,1634046404.334516,0.0,26.473871946334835
7912,0,1,0,0,3,2,1096,2211110130,1130,64,1116,17,59861,29483,4,0,0,43,15,2211110130,17,59861,11123,18100,1130,1150,1130.0,1131.25,3.614784456460256,11.066666666666666,23.4375,1130.0,1130.0,0.0,8788,1096,1116,1096.0,1098.5,2.2677868380553634,3.1428571428571432,43.75,1096.0,1096.0,0.0,1634046404.334516,0.0,26.473871946334835
7913,0,1,0,0,3,2,1096,2211110130,1130,64,1116,17,59861,29483,4,0,0,43,15,2211110130,17,59861,11123,19230,1130,1150,1130.0,1131.1764705882354,3.749999999999957,12.06249999999979,22.14532871972318,1130.0,1130.0,0.0,9884,1096,1116,1096.0,1098.2222222222222,2.4748737341529403,4.125000000000078,39.50617283950618,1096.0,1096.0,0.0,1634046404.335086,0.0005700588226318,26.474442005157467
7914,0,1,0,0,3,2,1096,2211110130,1130,64,1116,17,59861,29483,4,0,0,43,15,2211110130,17,59861,11123,20360,1130,1150,1130.0,1131.111111111111,3.880570000581343,13.058823529411846,20.98765432098766,1130.0,1130.0,0.0,10980,1096,1116,1096.0,1098.0,2.6666666666666665,5.111111111111111,36.0,1096.0,1096.0,0.0,1634046404.335086,0.0,26.474442005157467
7915,0,1,0,0,3,2,1096,2211110130,1130,64,1116,17,59861,29483,4,0,0,43,15,2211110130,17,59861,11123,21490,1130,1150,1130.0,1131.0526315789473,4.006938426723828,14.055555555555864,19.944598337950133,1130.0,1130.0,0.0,12076,1096,1116,1096.0,1097.8181818181818,2.8460498941515744,6.100000000000124,33.05785123966942,1096.0,1096.0,0.0,1634046404.335086,0.0,26.474442005157467
7916,0,1,0,0,3,2,1096,2211110130,1130,64,1116,17,59861,29483,4,0,0,43,15,2211110130,17,59861,11123,22620,1130,1150,1130.0,1131.0,4.129483209670112,15.05263157894737,19.0,1130.0,1130.0,0.0,13172,1096,1116,1096.0,1097.6666666666667,3.015113445777593,7.090909090908916,30.555555555555568,1096.0,1096.0,0.0,1634046404.335086,0.0,26.474442005157467
7917,0,1,0,0,3,2,1096,2211110130,1130,64,1116,17,59861,29483,4,0,0,43,15,2211110130,17,59861,11123,1130,1130,1130,1130.0,1130.0,0.0,-3.0,0.0,1130.0,1130.0,0.0,14268,1096,1116,1096.0,1097.5384615384614,3.1754264805429995,8.083333333333577,28.40236686390534,1096.0,1096.0,0.0,1634046404.33559,0.0005037784576416,26.47494578361511
7918,0,1,0,0,3,2,1096,2211110130,1130,64,1116,17,59861,29483,4,0,0,43,15,2211110130,17,59861,11123,2260,1130,1130,1130.0,1130.0,0.0,-3.0,0.0,1130.0,1130.0,0.0,15364,1096,1116,1096.0,1097.428571428571,3.3282011773514317,9.07692307692333,26.530612244897952,1096.0,1096.0,0.0,1634046404.33559,0.0,26.47494578361511
7919,0,1,0,0,3,2,1096,2211110130,1130,64,1116,17,59861,29483,4,0,0,43,15,2211110130,17,59861,11123,3390,1130,1130,1130.0,1130.0,0.0,-3.0,0.0,1130.0,1130.0,0.0,16460,1096,1116,1096.0,1097.3333333333333,3.474396144861561,10.071428571428772,24.888888888888903,1096.0,1096.0,0.0,1634046404.33559,0.0,26.47494578361511
7920,0,1,0,0,3,2,1096,2211110130,1130,64,1116,17,59861,29483,4,0,0,43,15,2211110130,17,59861,11123,4520,1130,1130,1130.0,1130.0,0.0,-3.0,0.0,1130.0,1130.0,0.0,17556,1096,1116,1096.0,1097.25,3.614784456460256,11.066666666666666,23.4375,1096.0,1096.0,0.0,1634046404.33559,0.0,26.47494578361511
7921,0,1,0,0,3,2,1096,2211110130,1130,64,1116,17,59861,29483,4,0,0,43,15,2211110130,17,59861,11123,5650,1130,1130,1130.0,1130.0,0.0,-3.0,0.0,1130.0,1130.0,0.0,18652,1096,1116,1096.0,1097.1764705882354,3.749999999999957,12.06249999999979,22.14532871972318,1096.0,1096.0,0.0,1634046404.336125,0.0005350112915039,26.475480794906613
7922,0,1,0,0,3,2,1096,2211110130,1130,64,1116,17,59861,29483,4,0,0,43,15,2211110130,17,59861,11123,6780,1130,1130,1130.0,1130.0,0.0,-3.0,0.0,1130.0,1130.0,0.0,19748,1096,1116,1096.0,1097.111111111111,3.880570000581343,13.058823529411846,20.98765432098766,1096.0,1096.0,0.0,1634046404.336125,0.0,26.475480794906613
7923,0,1,0,0,3,2,1096,2211110130,1130,64,1116,17,59861,29483,4,0,0,43,15,2211110130,17,59861,11123,7910,1130,1130,1130.0,1130.0,0.0,-3.0,0.0,1130.0,1130.0,0.0,20844,1096,1116,1096.0,1097.0526315789473,4.006938426723828,14.055555555555864,19.944598337950133,1096.0,1096.0,0.0,1634046404.336125,0.0,26.475480794906613
7924,0,1,0,0,3,2,1096,2211110130,1130,64,1116,17,59861,29483,4,0,0,43,15,2211110130,17,59861,11123,9040,1130,1130,1130.0,1130.0,0.0,-3.0,0.0,1130.0,1130.0,0.0,21940,1096,1116,1096.0,1097.0,4.129483209670112,15.05263157894737,19.0,1096.0,1096.0,0.0,1634046404.348094,0.0119690895080566,26.48744988441467
7925,0,1,0,0,3,2,1096,2211110130,1130,64,1116,17,59861,29483,4,0,0,43,15,2211110130,17,59861,11123,10170,1130,1130,1130.0,1130.0,0.0,-3.0,0.0,1130.0,1130.0,0.0,1096,1096,1096,1096.0,1096.0,0.0,-3.0,0.0,1096.0,1096.0,0.0,1634046404.348094,0.0,26.48744988441467
7926,0,1,0,0,3,2,1096,2211110130,1130,64,1116,17,59861,29483,4,0,0,43,15,2211110130,17,59861,11123,11300,1130,1130,1130.0,1130.0,0.0,-3.0,0.0,1130.0,1130.0,0.0,2192,1096,1096,1096.0,1096.0,0.0,-3.0,0.0,1096.0,1096.0,0.0,1634046404.348094,0.0,26.48744988441467
7927,0,1,0,0,3,2,1096,2211110130,1130,64,1116,17,59861,29483,4,0,0,43,15,2211110130,17,59861,11123,12430,1130,1130,1130.0,1130.0,0.0,-3.0,0.0,1130.0,1130.0,0.0,3288,1096,1096,1096.0,1096.0,0.0,-3.0,0.0,1096.0,1096.0,0.0,1634046404.348724,0.0006299018859863,26.488079786300656
7928,0,1,0,0,3,2,1096,2211110130,1130,64,1116,17,59861,29483,4,0,0,43,15,2211110130,17,59861,11123,13560,1130,1130,1130.0,1130.0,0.0,-3.0,0.0,1130.0,1130.0,0.0,4384,1096,1096,1096.0,1096.0,0.0,-3.0,0.0,1096.0,1096.0,0.0,1634046404.348724,0.0,26.488079786300656
7929,0,1,0,0,3,2,1096,2211110130,1130,64,1116,17,59861,29483,4,0,0,43,15,2211110130,17,59861,11123,14690,1130,1130,1130.0,1130.0,0.0,-3.0,0.0,1130.0,1130.0,0.0,5480,1096,1096,1096.0,1096.0,0.0,-3.0,0.0,1096.0,1096.0,0.0,1634046404.348724,0.0,26.488079786300656
7930,0,1,0,0,3,2,1096,2211110130,1130,64,1116,17,59861,29483,4,0,0,43,15,2211110130,17,59861,11123,15820,1130,1130,1130.0,1130.0,0.0,-3.0,0.0,1130.0,1130.0,0.0,6576,1096,1096,1096.0,1096.0,0.0,-3.0,0.0,1096.0,1096.0,0.0,1634046404.349357,0.0006330013275146,26.48871278762817
7931,0,1,0,0,3,2,1096,2211110130,1130,64,1116,17,59861,29483,4,0,0,43,15,2211110130,17,59861,11123,16950,1130,1130,1130.0,1130.0,0.0,-3.0,0.0,1130.0,1130.0,0.0,7672,1096,1096,1096.0,1096.0,0.0,-3.0,0.0,1096.0,1096.0,0.0,1634046404.349357,0.0,26.48871278762817
7932,0,1,0,0,3,2,1096,2211110130,1130,64,1116,17,59861,29483,4,0,0,43,15,2211110130,17,59861,11123,18080,1130,1130,1130.0,1130.0,0.0,-3.0,0.0,1130.0,1130.0,0.0,8768,1096,1096,1096.0,1096.0,0.0,-3.0,0.0,1096.0,1096.0,0.0,1634046404.349357,0.0,26.48871278762817
7933,0,1,0,0,3,2,1116,2211110130,1150,64,1136,17,59861,29483,4,0,0,43,15,2211110130,17,59861,11123,19230,1130,1150,1130.0,1131.1764705882354,3.7499999999999583,12.062499999999789,22.14532871972318,1130.0,1130.0,0.0,9884,1096,1116,1096.0,1098.2222222222222,2.4748737341529408,4.125000000000081,39.50617283950617,1096.0,1096.0,0.0,1634046404.350037,0.0006802082061767,26.489392995834347
7934,0,1,0,0,3,2,1096,2211110130,1130,64,1116,17,59861,29483,4,0,0,43,15,2211110130,17,59861,11123,20360,1130,1150,1130.0,1131.111111111111,3.880570000581343,13.058823529411846,20.98765432098766,1130.0,1130.0,0.0,10980,1096,1116,1096.0,1098.0,2.6666666666666665,5.111111111111111,36.0,1096.0,1096.0,0.0,1634046404.350037,0.0,26.489392995834347
7935,0,1,0,0,3,2,1096,2211110130,1130,64,1116,17,59861,29483,4,0,0,43,15,2211110130,17,59861,11123,21490,1130,1150,1130.0,1131.0526315789473,4.006938426723827,14.055555555555864,19.944598337950133,1130.0,1130.0,0.0,12076,1096,1116,1096.0,1097.8181818181818,2.8460498941515744,6.100000000000124,33.05785123966942,1096.0,1096.0,0.0,1634046404.350037,0.0,26.489392995834347
7936,0,1,0,0,3,2,1096,2211110130,1130,64,1116,17,59861,29483,4,0,0,43,15,2211110130,17,59861,11123,22620,1130,1150,1130.0,1131.0,4.129483209670112,15.05263157894737,19.0,1130.0,1130.0,0.0,13172,1096,1116,1096.0,1097.6666666666667,3.0151134457775943,7.090909090908921,30.55555555555556,1096.0,1096.0,0.0,1634046404.350699,0.0006618499755859,26.490054845809933
7937,0,1,0,0,3,2,152,2211110130,186,64,172,17,59861,29483,4,0,0,43,15,2211110130,17,59861,11123,186,186,186,186.0,186.0,0.0,-3.0,0.0,186.0,186.0,0.0,13324,152,1116,1096.0,1024.923076923077,-3.172898199214057,8.073751875775798,63527.763313609474,1096.0,1096.0,0.0,1634046404.350699,0.0,26.490054845809933
7938,0,1,0,0,3,2,408,2211110130,442,64,428,17,59861,29483,4,0,0,43,15,2211110130,17,59861,11123,628,186,442,314.0,314.0,0.0,-2.0,16384.0,378.0,250.0,128.0,13732,152,1116,1096.0,980.8571428571428,-2.156724895399207,2.858354527210814,84233.55102040817,1096.0,1096.0,0.0,1634046404.350699,0.0,26.490054845809933
7939,0,1,0,0,3,2,1096,2211110130,1130,64,1116,17,59861,29483,4,0,0,43,15,2211110130,17,59861,11123,1758,186,1130,442.0,586.0,0.4947363290425014,-1.5,158890.66666666666,786.0,314.0,472.0,14828,152,1116,1096.0,988.5333333333332,-2.274919030700104,3.392358878853696,79442.91555555555,1096.0,1096.0,0.0,1634046404.350699,0.0,26.490054845809933
7940,0,1,0,0,3,2,1096,2211110130,1130,64,1116,17,59861,29483,4,0,0,43,15,2211110130,17,59861,11123,2888,186,1130,786.0,722.0,-0.1373713280850967,-1.818985340065131,174656.0,1130.0,378.0,752.0,15924,152,1116,1096.0,995.25,-2.387615900998416,3.9281444997299033,75154.4375,1096.0,1096.0,0.0,1634046404.351255,0.0005559921264648,26.490610837936398
7941,0,1,0,0,3,2,1036,2211110130,1070,64,1056,17,59861,29483,4,0,0,43,15,2211110130,17,59861,11123,3958,186,1130,1070.0,791.6,-0.5223677136270185,-1.564557039323783,159101.44,1130.0,442.0,688.0,16960,152,1116,1096.0,997.6470588235294,-2.4831185720358087,4.4310639216417655,70825.52249134949,1096.0,1096.0,0.0,1634046404.351255,0.0,26.490610837936398
7942,0,1,0,0,3,2,60,2211110130,94,64,80,17,59861,29483,4,0,0,43,15,2211110130,17,59861,11123,4052,94,1130,756.0,675.3333333333334,-0.143072050166835,-1.8177365549370288,200174.22222222225,1115.0,250.0,865.0,17020,60,1116,1096.0,945.5555555555557,-1.9001515152200823,1.795519246183039,113020.69135802468,1096.0,1096.0,0.0,1634046404.35218,0.000925064086914,26.491535902023312
7943,0,1,0,0,3,2,408,2211110130,442,64,428,17,59861,29483,4,0,0,43,15,2211110130,17,59861,11123,4494,94,1130,442.0,642.0,0.0672888882499762,-1.724801845290233,178244.57142857142,1100.0,314.0,786.0,17428,60,1116,1096.0,917.2631578947368,-1.5644471819471288,0.6826495597214781,121480.50969529086,1096.0,1066.0,30.0,1634046404.35218,0.0,26.491535902023312
7944,0,1,0,0,3,2,1096,2211110130,1130,64,1116,17,59861,29483,4,0,0,43,15,2211110130,17,59861,11123,5624,94,1130,756.0,703.0,-0.1877309257857735,-1.7316252694389116,182011.0,1130.0,378.0,752.0,18524,60,1116,1096.0,926.2,-1.6452271842522883,0.9481357186092764,116923.96,1096.0,1081.0,15.0,1634046404.35218,0.0,26.491535902023312
7945,0,1,0,0,3,2,1096,2211110130,1130,64,1116,17,59861,29483,4,0,0,43,15,2211110130,17,59861,11123,6754,94,1130,1070.0,750.4444444444445,-0.3935725854878065,-1.629457943296207,179795.35802469135,1130.0,442.0,688.0,1096,1096,1096,1096.0,1096.0,0.0,-3.0,0.0,1096.0,1096.0,0.0,1634046404.35218,0.0,26.491535902023312
7946,0,1,0,0,3,2,1096,2211110130,1130,64,1116,17,59861,29483,4,0,0,43,15,2211110130,17,59861,11123,7884,94,1130,1100.0,788.4,-0.5678466454448944,-1.4700980180850507,174781.44,1130.0,442.0,688.0,2192,1096,1096,1096.0,1096.0,0.0,-3.0,0.0,1096.0,1096.0,0.0,1634046404.352669,0.0004889965057373,26.49202489852905
7947,0,1,0,0,3,2,1096,2211110130,1130,64,1116,17,59861,29483,4,0,0,43,15,2211110130,17,59861,11123,9014,94,1130,1130.0,819.4545454545455,-0.7201750733447346,-1.2770671168817815,168536.06611570247,1130.0,442.0,688.0,3288,1096,1096,1096.0,1096.0,0.0,-3.0,0.0,1096.0,1096.0,0.0,1634046404.352669,0.0,26.49202489852905
7948,0,1,0,0,3,2,917,2211110130,951,64,937,17,59861,29483,4,0,0,43,15,2211110130,17,59861,11123,9965,94,1130,1100.0,830.4166666666666,-0.8228971058284538,-1.0643815917232649,155813.2430555556,1130.0,442.0,688.0,4205,917,1096,1096.0,1051.25,-1.1547005383792517,-0.6666666666666665,6007.6875,1096.0,1051.25,44.75,1634046404.353586,0.0009169578552246,26.492941856384274
7949,0,1,0,0,2,3,60,3232270721,94,47,80,17,29483,59861,4,0,0,43,15,2211110130,17,59861,11123,10059,94,1130,1070.0,773.7692307692307,-0.5942969505286286,-1.4360415563780078,182334.79289940823,1130.0,442.0,688.0,4265,60,1096,1096.0,853.0,-1.396517458056958,0.0927907337169124,162018.4,1096.0,917.0,179.0,1634046404.369229,0.0156431198120117,26.508584976196286
7950,0,1,0,0,3,2,408,2211110130,442,64,428,17,59861,29483,4,0,0,43,15,2211110130,17,59861,11123,10501,94,1130,1010.5,750.0714285714286,-0.4446843034879114,-1.5437506953333562,176611.4948979592,1130.0,442.0,688.0,4673,60,1096,1006.5,778.8333333333334,-0.8244120755355465,-1.0019817075391184,162518.80555555556,1096.0,535.25,560.75,1634046404.376827,0.0075979232788085,26.516182899475094
7951,0,1,0,0,2,3,60,3232270721,94,47,80,17,29483,59861,4,0,0,43,15,2211110130,17,59861,11123,10595,94,1130,951.0,706.3333333333334,-0.2909378504060106,-1.6853003578883543,191619.6888888889,1130.0,314.0,816.0,4733,60,1096,917.0,676.1428571428571,-0.3934118112000068,-1.642312427485596,202573.83673469388,1096.0,234.0,862.0,1634046404.38156,0.0047330856323242,26.52091598510742
7952,0,1,0,0,3,2,1096,2211110130,1130,64,1116,17,59861,29483,4,0,0,43,15,2211110130,17,59861,11123,11725,94,1130,1010.5,732.8125,-0.4009729078372859,-1.61754357491962,190160.65234375,1130.0,378.0,752.0,5829,60,1096,1006.5,728.625,-0.6108558016126331,-1.432325536709354,196532.734375,1096.0,321.0,775.0,1634046404.403037,0.0214769840240478,26.542392969131466
7953,0,1,0,0,3,2,1096,2211110130,1130,64,1116,17,59861,29483,4,0,0,43,15,2211110130,17,59861,11123,12855,94,1130,1070.0,756.1764705882352,-0.5014196183043187,-1.5323986461744803,187708.73356401385,1130.0,442.0,688.0,6925,60,1096,1096.0,769.4444444444445,-0.7959202882432962,-1.1738627118108382,188025.5802469136,1096.0,408.0,688.0,1634046404.403037,0.0,26.542392969131466
7954,0,1,0,0,3,2,1096,2211110130,1130,64,1116,17,59861,29483,4,0,0,43,15,2211110130,17,59861,11123,13985,94,1130,1100.0,776.9444444444445,-0.5940562530186919,-1.4343880585943871,184612.71913580244,1130.0,442.0,688.0,8021,60,1096,1096.0,802.1,-0.9584242074487568,-0.8871177903316045,178820.49,1096.0,535.25,560.75,1634046404.411464,0.0084269046783447,26.55081987380981
7955,0,1,0,0,3,2,1096,2211110130,1130,64,1116,17,59861,29483,4,0,0,43,15,2211110130,17,59861,11123,15115,94,1130,1130.0,795.5263157894736,-0.6802111405106113,-1.3265976011756753,181111.4072022161,1130.0,442.0,688.0,9117,60,1096,1096.0,828.8181818181819,-1.1042833845762494,-0.5824704323549135,169702.69421487598,1096.0,662.5,433.5,1634046404.411464,0.0,26.55081987380981
7956,0,1,0,0,3,2,1096,2211110130,1130,64,1116,17,59861,29483,4,0,0,43,15,2211110130,17,59861,11123,16245,94,1130,1130.0,812.25,-0.7609000685689546,-1.2112025691336072,177369.7875,1130.0,442.0,688.0,10213,60,1096,1096.0,851.0833333333334,-1.237324538084425,-0.2657857693650403,161013.90972222222,1096.0,789.75,306.25,1634046404.411464,0.0,26.55081987380981
7957,0,1,0,0,3,2,754,2211110130,788,64,774,17,59861,29483,4,0,0,43,15,2211110130,17,59861,11123,788,788,788,788.0,788.0,0.0,-3.0,0.0,788.0,788.0,0.0,10967,60,1096,1096.0,843.6153846153846,-1.2224290337582702,-0.1608714030752036,149297.46745562128,1096.0,754.0,342.0,1634046404.411464,0.0,26.55081987380981
7958,0,1,0,0,3,2,1096,2211110130,1130,64,1116,17,59861,29483,4,0,0,43,15,2211110130,17,59861,11123,1918,788,1130,959.0,959.0,0.0,-2.0,29241.0,1044.5,873.5,171.0,12063,60,1096,1096.0,861.6428571428571,-1.3346475220398493,0.1345275341176259,142858.22959183677,1096.0,794.75,301.25,1634046404.416774,0.00531005859375,26.55612993240356
7959,0,1,0,0,2,3,60,3232270721,94,47,80,17,29483,59861,4,0,0,43,15,2211110130,17,59861,11123,2012,94,1130,788.0,670.6666666666666,-0.3881719024439832,-1.5000000000000002,185766.22222222225,959.0,441.0,518.0,12123,60,1096,1096.0,808.2,-1.0208937937957183,-0.7192917365209408,173320.2933333333,1096.0,581.0,515.0,1634046404.417161,0.0003869533538818,26.556516885757443
7960,0,1,0,0,3,2,1096,2211110130,1130,64,1116,17,59861,29483,4,0,0,43,15,2211110130,17,59861,11123,3142,94,1130,959.0,785.5,-0.8223930989996734,-0.9935884355991732,178884.75,1130.0,614.5,515.5,13219,60,1096,1096.0,826.1875,-1.1190745563597366,-0.5057722229069097,167341.02734375,1096.0,667.5,428.5,1634046404.42082,0.0036590099334716,26.560175895690914
7961,0,1,0,0,3,2,1096,2211110130,1130,64,1116,17,59861,29483,4,0,0,43,15,2211110130,17,59861,11123,4272,94,1130,1130.0,854.4,-1.155838902294506,-0.3233303647817052,162096.63999999998,1130.0,788.0,342.0,14315,60,1096,1096.0,842.0588235294117,-1.2113473705475577,-0.2865481199715853,161527.82006920414,1096.0,754.0,342.0,1634046404.42082,0.0,26.560175895690914
7962,0,1,0,0,3,2,1096,2211110130,1130,64,1116,17,59861,29483,4,0,0,43,15,2211110130,17,59861,11123,5402,94,1130,1130.0,900.3333333333334,-1.43116324129136,0.4107593906377236,145629.88888888888,1130.0,873.5,256.5,15411,60,1096,1096.0,856.1666666666666,-1.2985680412524565,-0.0628482198492967,155937.58333333334,1096.0,794.75,301.25,1634046404.42082,0.0,26.560175895690914
7963,0,1,0,0,3,2,1116,2211110130,1150,64,1136,17,59861,29483,4,0,0,43,15,2211110130,17,59861,11123,6552,94,1150,1130.0,936.0,-1.6629846311935,1.1596477362513935,132458.2857142857,1130.0,959.0,171.0,16527,60,1116,1096.0,869.8421052631579,-1.3796833459027111,0.160957030103563,151096.65927977845,1096.0,835.5,260.5,1634046404.430201,0.0093810558319091,26.569556951522824
7964,0,1,0,0,3,2,1096,2211110130,1130,64,1116,17,59861,29483,4,0,0,43,15,2211110130,17,59861,11123,7682,94,1150,1130.0,960.25,-1.875517822117751,1.941375973097009,120017.4375,1130.0,1044.5,85.5,17623,60,1116,1096.0,881.15,-1.4587797441112442,0.3910712821176458,145971.32749999998,1096.0,876.25,219.75,1634046404.430201,0.0,26.569556951522824
7965,0,1,0,0,3,2,1096,2211110130,1130,64,1116,17,59861,29483,4,0,0,43,15,2211110130,17,59861,11123,8812,94,1150,1130.0,979.1111111111112,-2.068423765498137,2.7336295375988726,109528.09876543208,1130.0,1130.0,0.0,1096,1096,1096,1096.0,1096.0,0.0,-3.0,0.0,1096.0,1096.0,0.0,1634046404.430917,0.0007159709930419,26.570272922515866
7966,0,1,0,0,3,2,107,2211110130,141,64,127,17,59861,29483,4,0,0,43,15,2211110130,17,59861,11123,8953,94,1150,1130.0,895.3,-1.3073504026291476,-0.1022967359721112,161794.01,1130.0,873.5,256.5,1203,107,1096,601.5,601.5,0.0,-2.0,244530.25,848.75,354.25,494.5,1634046404.430917,0.0,26.570272922515866
7967,0,1,0,0,2,3,60,3232270721,94,47,80,17,29483,59861,4,0,0,43,15,2211110130,17,59861,11123,9047,94,1150,1130.0,822.4545454545455,-0.8933435671116746,-1.0846748750994235,200150.06611570247,1130.0,464.5,665.5,1263,60,1096,107.0,421.0,0.7019761480919782,-1.4999999999999998,228180.66666666663,601.5,83.5,518.0,1634046404.436466,0.0055489540100097,26.575821876525875
7968,0,1,0,0,2,3,52,3232270721,86,47,72,17,29483,59861,4,0,0,43,15,2211110130,17,59861,11123,9133,86,1150,1130.0,761.0833333333334,-0.6091869287566722,-1.5409341262226102,224901.57638888888,1130.0,129.25,1000.75,1315,52,1096,83.5,328.75,1.1470102547989554,-0.6728255064713933,196665.6875,354.25,58.0,296.25,1634046404.436521,5.507469177246094e-05,26.575876951217648
7969,0,1,0,0,3,2,60,2211110130,94,64,80,17,59861,29483,4,0,0,43,15,2211110130,17,59861,11123,9227,86,1150,1130.0,709.7692307692307,-0.3919460023806497,-1.7737956738582388,239199.10059171595,1130.0,94.0,1036.0,1375,52,1096,60.0,275.0,1.4917287707215752,0.2385613576249787,168888.8,107.0,60.0,47.0,1634046404.447729,0.0112080574035644,26.587085008621212
7970,0,1,0,0,3,2,416,2211110130,450,64,436,17,59861,29483,4,0,0,43,15,2211110130,17,59861,11123,9677,86,1150,959.0,691.2142857142857,-0.2893597585289268,-1.779025370427261,226589.16836734695,1130.0,105.75,1024.25,1791,52,1096,83.5,298.5,1.409419410380318,0.368512671863233,143501.91666666666,338.75,60.0,278.75,1634046404.447729,0.0,26.587085008621212
7971,0,1,0,0,3,2,56,2211110130,90,64,76,17,59861,29483,4,0,0,43,15,2211110130,17,59861,11123,9767,86,1150,788.0,651.1333333333333,-0.1362405671729509,-1.8585168797630147,233973.9822222222,1130.0,94.0,1036.0,1847,52,1096,60.0,263.85714285714283,1.6433656198780004,1.1121188609535766,130202.4081632653,261.5,58.0,203.5,1634046404.457932,0.0102028846740722,26.597287893295285
7972,0,1,0,0,3,2,1096,2211110130,1130,64,1116,17,59861,29483,4,0,0,43,15,2211110130,17,59861,11123,10897,86,1150,959.0,681.0625,-0.2539319474786359,-1.818364177560584,232786.93359375,1130.0,94.0,1036.0,2943,52,1096,83.5,367.875,0.9597352070057464,-0.9005896657695209,189665.109375,586.0,59.0,527.0,1634046404.458881,0.0009489059448242,26.59823679924011
7973,0,1,0,0,3,2,1096,2211110130,1130,64,1116,17,59861,29483,4,0,0,43,15,2211110130,17,59861,11123,12027,86,1150,1130.0,707.4705882352941,-0.3600500425460066,-1.7570985898088225,230251.7785467128,1130.0,94.0,1036.0,4039,52,1096,107.0,448.77777777777777,0.5700069374868983,-1.5562796360311604,220953.2839506172,1096.0,60.0,1036.0,1634046404.458881,0.0,26.59823679924011
7974,0,1,0,0,3,2,1096,2211110130,1130,64,1116,17,59861,29483,4,0,0,43,15,2211110130,17,59861,11123,13157,86,1150,1130.0,730.9444444444445,-0.4569657929912714,-1.6805124155090856,226827.3858024692,1130.0,105.75,1024.25,5135,52,1096,261.5,513.5,0.2971613426598686,-1.8175932401577748,236558.65,1096.0,60.0,1036.0,1634046404.458881,0.0,26.59823679924011
7975,0,1,0,0,3,2,1096,2211110130,1130,64,1116,17,59861,29483,4,0,0,43,15,2211110130,17,59861,11123,14287,86,1150,1130.0,751.9473684210526,-0.5463888432779209,-1.5924585410526573,222829.3130193906,1130.0,117.5,1012.5,6231,52,1096,416.0,566.4545454545455,0.0857874886567119,-1.911205888472873,243095.1570247934,1096.0,60.0,1036.0,1634046404.459496,0.000615119934082,26.59885191917419
7976,0,1,0,0,3,2,1096,2211110130,1130,64,1116,17,59861,29483,4,0,0,43,15,2211110130,17,59861,11123,15417,86,1150,1130.0,770.85,-0.629590919964607,-1.495598798424976,218476.72750000004,1130.0,129.25,1000.75,7327,52,1096,756.0,610.5833333333334,-0.0879936240501123,-1.918057643455838,244258.0763888889,1096.0,60.0,1036.0,1634046404.459496,0.0,26.59885191917419
7977,0,1,0,0,3,2,567,2211110130,601,64,587,17,59861,29483,4,0,0,43,15,2211110130,17,59861,11123,601,601,601,601.0,601.0,0.0,-3.0,0.0,601.0,601.0,0.0,7894,52,1096,567.0,607.2307692307693,-0.0703885446335948,-1.8315776185412649,225603.86982248529,1096.0,60.0,1036.0,1634046404.460143,0.0006470680236816,26.599498987197872
7978,0,1,0,0,2,3,60,3232270721,94,47,80,17,29483,59861,4,0,0,43,15,2211110130,17,59861,11123,695,94,601,347.5,347.5,0.0,-2.0,64262.25,474.25,220.75,253.5,7954,52,1096,491.5,568.1428571428571,0.0750665770720455,-1.8439380655797304,229351.5510204081,1096.0,60.0,1036.0,1634046404.471047,0.0109038352966308,26.610402822494503
7979,0,1,0,0,2,3,60,3232270721,94,47,80,17,29483,59861,4,0,0,43,15,2211110130,17,59861,11123,789,94,601,94.0,263.0,0.7071067811865476,-1.5,57122.0,347.5,94.0,253.5,8014,52,1096,416.0,534.2666666666667,0.2026772861545221,-1.8170419127449149,230127.7955555556,1096.0,60.0,1036.0,1634046404.487508,0.0164611339569091,26.626863956451412
7980,0,1,0,0,3,2,408,2211110130,442,64,428,17,59861,29483,4,0,0,43,15,2211110130,17,59861,11123,1231,94,601,268.0,307.75,0.1876919398581729,-1.753789134154905,48849.1875,481.75,94.0,387.75,8422,52,1096,412.0,526.375,0.2575900027930912,-1.7329528570241493,216678.984375,1096.0,60.0,1036.0,1634046404.490658,0.0031499862670898,26.630013942718502
7981,0,1,0,0,3,2,1096,2211110130,1130,64,1116,17,59861,29483,4,0,0,43,15,2211110130,17,59861,11123,2361,94,1130,442.0,472.2,0.6319485106265593,-0.893145045659856,147254.56,601.0,94.0,507.0,9518,52,1096,416.0,559.8823529411765,0.1241946978492304,-1.8028542351153904,221897.04498269895,1096.0,60.0,1036.0,1634046404.496324,0.0056660175323486,26.63567996025085
7982,0,1,0,0,3,2,1096,2211110130,1130,64,1116,17,59861,29483,4,0,0,43,15,2211110130,17,59861,11123,3491,94,1130,521.5,581.8333333333334,0.2015374260377555,-1.53259840451812,182809.47222222225,997.75,181.0,816.75,10614,52,1096,491.5,589.6666666666666,0.0067765166370939,-1.8313774022853715,224650.22222222225,1096.0,60.0,1036.0,1634046404.503411,0.0070869922637939,26.642766952514645
7983,0,1,0,0,3,2,1096,2211110130,1130,64,1116,17,59861,29483,4,0,0,43,15,2211110130,17,59861,11123,4621,94,1130,601.0,660.1428571428571,-0.1046040281009052,-1.6493641574116231,193488.1224489796,1130.0,268.0,862.0,11710,52,1096,567.0,616.3157894736842,-0.098357874389278,-1.831139921584945,225609.6897506925,1096.0,60.0,1036.0,1634046404.503411,0.0,26.642766952514645
7984,0,1,0,0,3,2,819,2211110130,853,64,839,17,59861,29483,4,0,0,43,15,2211110130,17,59861,11123,5474,94,1130,727.0,684.25,-0.2693787237274939,-1.479991250842165,173370.1875,1130.0,355.0,775.0,12529,52,1096,693.0,626.45,-0.1607953141721939,-1.7787522096204322,216280.5475,1096.0,60.0,1036.0,1634046404.503926,0.0005149841308593,26.643281936645504
7985,0,1,0,0,2,3,56,3232270721,90,47,76,17,29483,59861,4,0,0,43,15,2211110130,17,59861,11123,5564,90,1130,601.0,618.2222222222222,-0.0350460679947654,-1.635199592165482,188984.17283950615,1130.0,94.0,1036.0,56,56,56,56.0,56.0,0.0,-3.0,0.0,56.0,56.0,0.0,1634046404.506479,0.0025529861450195,26.645834922790524
7986,0,1,0,0,2,3,60,3232270721,94,47,80,17,29483,59861,4,0,0,43,15,2211110130,17,59861,11123,5658,90,1130,521.5,565.8,0.1603116139856632,-1.6538474296678536,194818.56,1060.75,94.0,966.75,116,56,60,58.0,58.0,0.0,-2.0,4.0,59.0,57.0,2.0,1634046404.506534,5.507469177246094e-05,26.645889997482296
7987,0,1,0,0,3,2,408,2211110130,442,64,428,17,59861,29483,4,0,0,43,15,2211110130,17,59861,11123,6100,90,1130,442.0,554.5454545454545,0.2440212249776902,-1.517767004439788,178374.42975206612,991.5,94.0,897.5,524,56,408,60.0,174.66666666666666,0.7067951202245192,-1.4999999999999996,27224.888888888887,234.0,58.0,176.0,1634046404.513718,0.0071837902069091,26.653073787689205
7988,0,1,0,0,2,3,60,3232270721,94,47,80,17,29483,59861,4,0,0,43,15,2211110130,17,59861,11123,6194,90,1130,442.0,516.1666666666666,0.3866825816757253,-1.4545743666165938,179712.1388888889,922.25,94.0,828.25,584,56,408,60.0,146.0,1.1542958580519225,-0.6669750091361579,22884.0,147.0,59.0,88.0,1634046404.523493,0.009775161743164,26.66284894943237
7989,0,1,0,0,3,2,1096,2211110130,1130,64,1116,17,59861,29483,4,0,0,43,15,2211110130,17,59861,11123,7324,90,1130,442.0,563.3846153846154,0.2080423706939397,-1.6233531509456451,192642.5443786982,1130.0,94.0,1036.0,1680,56,1096,60.0,336.0,1.143810438659429,-0.3452773881640691,162707.2,408.0,60.0,348.0,1634046404.52509,0.0015969276428222,26.66444587707519
7990,0,1,0,0,3,2,1096,2211110130,1130,64,1116,17,59861,29483,4,0,0,43,15,2211110130,17,59861,11123,8454,90,1130,521.5,603.8571428571429,0.0553438829623747,-1.7015514699473775,200176.693877551,1130.0,94.0,1036.0,2776,56,1096,234.0,462.6666666666667,0.5154783414065875,-1.5624575152775406,215811.5555555555,924.0,60.0,864.0,1634046404.526125,0.0010349750518798,26.66548085212707
7991,0,1,0,0,3,2,1096,2211110130,1130,64,1116,17,59861,29483,4,0,0,43,15,2211110130,17,59861,11123,9584,90,1130,601.0,638.9333333333333,-0.0778874698225965,-1.723085931817996,204056.3288888889,1130.0,94.0,1036.0,3872,56,1096,408.0,553.1428571428571,0.1439719083071144,-1.8521056214930969,234096.97959183677,1096.0,60.0,1036.0,1634046404.526125,0.0,26.66548085212707
7992,0,1,0,0,3,2,1096,2211110130,1130,64,1116,17,59861,29483,4,0,0,43,15,2211110130,17,59861,11123,10714,90,1130,727.0,669.625,-0.1962557027612571,-1.7071329730808504,205432.484375,1130.0,94.0,1036.0,4968,56,1096,752.0,621.0,-0.1239478006713258,-1.8752640921309192,237067.0,1096.0,60.0,1036.0,1634046404.526125,0.0,26.66548085212707
7993,0,1,0,0,3,2,1096,2211110130,1130,64,1116,17,59861,29483,4,0,0,43,15,2211110130,17,59861,11123,11844,90,1130,853.0,696.7058823529412,-0.3029967148716996,-1.665189819065844,205082.20761245675,1130.0,94.0,1036.0,6064,56,1096,1096.0,673.7777777777778,-0.3365102929248216,-1.785637673418634,233010.17283950615,1096.0,60.0,1036.0,1634046404.5268,0.0006749629974365,26.666155815124508
7994,0,1,0,0,3,2,985,2211110130,1019,64,1005,17,59861,29483,4,0,0,43,15,2211110130,17,59861,11123,12863,90,1130,936.0,714.6111111111111,-0.3985763457924461,-1.5935515326403402,199138.90432098767,1130.0,181.0,949.0,7049,56,1096,1040.5,704.9,-0.5042316169105976,-1.6289112521859972,218426.49000000005,1096.0,147.0,949.0,1634046404.5268,0.0,26.666155815124508
7995,0,1,0,0,3,2,408,2211110130,442,64,428,17,59861,29483,4,0,0,43,15,2211110130,17,59861,11123,13305,90,1130,853.0,700.2631578947369,-0.3121855749527391,-1.6114780876525594,192363.45706371192,1130.0,268.0,862.0,7457,56,1096,985.0,677.9090909090909,-0.3478154747156739,-1.6840036343520668,205854.6280991736,1096.0,234.0,862.0,1634046404.537429,0.0106291770935058,26.676784992218014
7996,0,1,0,0,3,2,60,2211110130,94,64,80,17,59861,29483,4,0,0,43,15,2211110130,17,59861,11123,13399,90,1130,727.0,669.95,-0.2001495847645248,-1.695473385076006,200204.1475,1130.0,94.0,1036.0,7517,56,1096,696.5,626.4166666666666,-0.1538661488857498,-1.8081471639359947,217866.2430555556,1096.0,60.0,1036.0,1634046404.560615,0.0231859683990478,26.699970960617062
7997,0,1,0,0,3,2,1096,2211110130,1130,64,1116,17,59861,29483,4,0,0,43,15,2211110130,17,59861,11123,1130,1130,1130,1130.0,1130.0,0.0,-3.0,0.0,1130.0,1130.0,0.0,8613,56,1096,985.0,662.5384615384615,-0.2974103497125607,-1.752869743213968,216764.7100591716,1096.0,60.0,1036.0,1634046404.560615,0.0,26.699970960617062
7998,0,1,0,0,3,2,1096,2211110130,1130,64,1116,17,59861,29483,4,0,0,43,15,2211110130,17,59861,11123,2260,1130,1130,1130.0,1130.0,0.0,-3.0,0.0,1130.0,1130.0,0.0,9709,56,1096,1040.5,693.5,-0.4243823597316938,-1.6670355338215983,213743.5357142857,1096.0,147.0,949.0,1634046404.561135,0.0005199909210205,26.700490951538082
7999,0,1,0,0,3,2,1116,2211110130,1150,64,1136,17,59861,29483,4,0,0,43,15,2211110130,17,59861,11123,3410,1130,1150,1130.0,1136.6666666666667,0.7071067811865238,-1.5000000000000222,88.88888888888887,1140.0,1130.0,10.0,10825,56,1116,1096.0,721.6666666666666,-0.5373273636888781,-1.5612982230137569,210601.02222222227,1096.0,234.0,862.0,1634046404.562565,0.0014300346374511,26.701920986175534
8000,0,1,0,0,3,2,1096,2211110130,1130,64,1116,17,59861,29483,4,0,0,43,15,2211110130,17,59861,11123,4540,1130,1150,1130.0,1135.0,1.1547005383792517,-0.6666666666666665,75.0,1135.0,1130.0,5.0,11921,56,1116,1096.0,745.0625,-0.6418065004062791,-1.4399900058152315,205648.93359375,1096.0,321.0,775.0,1634046404.562565,0.0,26.701920986175534
8001,0,1,0,0,3,2,1096,2211110130,1130,64,1116,17,59861,29483,4,0,0,43,15,2211110130,17,59861,11123,5670,1130,1150,1130.0,1134.0,1.5,0.25,64.0,1130.0,1130.0,0.0,13017,56,1116,1096.0,765.7058823529412,-0.7381838742180342,-1.3077467214260363,200370.3252595156,1096.0,408.0,688.0,1634046404.5631,0.0005350112915039,26.702455997467037
8002,0,1,0,0,3,2,1096,2211110130,1130,64,1116,17,59861,29483,4,0,0,43,15,2211110130,17,59861,11123,6800,1130,1150,1130.0,1133.3333333333333,1.7888543819998612,1.2000000000000703,55.55555555555557,1130.0,1130.0,0.0,14113,56,1116,1096.0,784.0555555555555,-0.8278706323714711,-1.1672239678630285,194962.7191358025,1096.0,408.0,688.0,1634046404.5631,0.0,26.702455997467037
8003,0,1,0,0,3,2,193,2211110130,227,64,213,17,59861,29483,4,0,0,43,15,2211110130,17,59861,11123,7027,227,1150,1130.0,1003.8571428571428,-2.039193452442209,2.162284641295292,100632.1224489796,1130.0,1130.0,0.0,14306,56,1116,1096.0,752.9473684210526,-0.6546896136527999,-1.4372070223270053,202120.47091412745,1096.0,300.5,795.5,1634046404.5631,0.0,26.702455997467037
8004,0,1,0,0,3,2,1096,2211110130,1130,64,1116,17,59861,29483,4,0,0,43,15,2211110130,17,59861,11123,8157,227,1150,1130.0,1019.625,-2.265599642659095,3.137439391375672,89793.484375,1130.0,1130.0,0.0,15402,56,1116,1096.0,770.1,-0.7362331620260075,-1.324279033682793,197604.49000000005,1096.0,354.25,741.75,1634046404.56723,0.0041298866271972,26.706585884094235
8005,0,1,0,0,3,2,1096,2211110130,1130,64,1116,17,59861,29483,4,0,0,43,15,2211110130,17,59861,11123,9287,227,1150,1130.0,1031.888888888889,-2.4725577815409445,4.118558915445011,81019.65432098764,1130.0,1130.0,0.0,1096,1096,1096,1096.0,1096.0,0.0,-3.0,0.0,1096.0,1096.0,0.0,1634046404.56723,0.0,26.706585884094235
8006,0,1,0,0,3,2,1096,2211110130,1130,64,1116,17,59861,29483,4,0,0,43,15,2211110130,17,59861,11123,10417,227,1150,1130.0,1041.7,-2.6642299837787213,5.103655444218223,73784.01000000001,1130.0,1130.0,0.0,2192,1096,1096,1096.0,1096.0,0.0,-3.0,0.0,1096.0,1096.0,0.0,1634046404.567758,0.0005280971527099,26.707113981246945
8007,0,1,0,0,3,2,308,2211110130,342,64,328,17,59861,29483,4,0,0,43,15,2211110130,17,59861,11123,10759,227,1150,1130.0,978.0909090909092,-1.6703904620407533,0.829138387003836,107537.53719008266,1130.0,1130.0,0.0,2500,308,1096,1096.0,833.3333333333334,-0.7071067811865479,-1.4999999999999996,137987.55555555553,1096.0,702.0,394.0,1634046404.567758,0.0,26.707113981246945
8008,0,1,0,0,3,2,408,2211110130,442,64,428,17,59861,29483,4,0,0,43,15,2211110130,17,59861,11123,11201,227,1150,1130.0,933.4166666666666,-1.2090680287677722,-0.4540525069532601,120529.74305555556,1130.0,958.0,172.0,2908,308,1096,752.0,727.0,-0.0271659804378174,-1.9638610663593064,137411.0,1096.0,383.0,713.0,1634046404.572019,0.0042610168457031,26.711374998092648
8009,0,1,0,0,2,3,60,3232270721,94,47,80,17,29483,59861,4,0,0,43,15,2211110130,17,59861,11123,11295,94,1150,1130.0,868.8461538461538,-0.9368629737895968,-0.9778234206450316,161290.4378698225,1130.0,442.0,688.0,2968,60,1096,408.0,593.6,0.1868212202979752,-1.6809768377304086,181111.04,1096.0,308.0,788.0,1634046404.574776,0.0027568340301513,26.7141318321228
8010,0,1,0,0,2,3,60,3232270721,94,47,80,17,29483,59861,4,0,0,43,15,2211110130,17,59861,11123,11389,94,1150,1130.0,813.5,-0.7017574760376284,-1.378712412224626,189591.25,1130.0,367.0,763.0,3028,60,1096,358.0,504.6666666666667,0.4595198655755301,-1.5100745381007228,190471.55555555556,924.0,122.0,802.0,1634046404.592107,0.0173311233520507,26.73146295547485
8011,0,1,0,0,3,2,1096,2211110130,1130,64,1116,17,59861,29483,4,0,0,43,15,2211110130,17,59861,11123,12519,94,1150,1130.0,834.6,-0.810689871144676,-1.2138939503171238,183184.7733333333,1130.0,392.0,738.0,4124,60,1096,408.0,589.1428571428571,0.1010351103221365,-1.7819029322827988,206078.69387755104,1096.0,184.0,912.0,1634046404.607861,0.0157539844512939,26.747216939926144
8012,0,1,0,0,3,2,1096,2211110130,1130,64,1116,17,59861,29483,4,0,0,43,15,2211110130,17,59861,11123,13649,94,1150,1130.0,853.0625,-0.911359956695464,-1.0396985264297085,176848.68359375,1130.0,417.0,713.0,5220,60,1096,752.0,652.5,-0.1610261740345835,-1.7945709221888104,208417.75,1096.0,246.0,850.0,1634046404.607861,0.0,26.747216939926144
8013,0,1,0,0,3,2,1096,2211110130,1130,64,1116,17,59861,29483,4,0,0,43,15,2211110130,17,59861,11123,14779,94,1150,1130.0,869.3529411764706,-1.005209520539987,-0.8584272032333042,170691.87543252597,1130.0,442.0,688.0,6316,60,1096,1096.0,701.7777777777778,-0.370451428844725,-1.6964105847769662,204686.61728395065,1096.0,308.0,788.0,1634046404.612928,0.0050668716430664,26.75228381156921
8014,0,1,0,0,3,2,1096,2211110130,1130,64,1116,17,59861,29483,4,0,0,43,15,2211110130,17,59861,11123,15909,94,1150,1130.0,883.8333333333334,-1.0933252367377035,-0.6716850958297034,164773.58333333334,1130.0,614.0,516.0,7412,60,1096,1096.0,741.2,-0.546804466084248,-1.5407322108215415,198204.96,1096.0,333.0,763.0,1634046404.612928,0.0,26.75228381156921
8015,0,1,0,0,3,2,189,2211110130,223,64,209,17,59861,29483,4,0,0,43,15,2211110130,17,59861,11123,16132,94,1150,1130.0,849.0526315789474,-0.877974892175208,-1.1204446982309275,177875.83933518003,1130.0,392.0,738.0,7601,60,1096,1096.0,691.0,-0.3020373055113315,-1.7717630060887757,205386.7272727273,1096.0,248.5,847.5,1634046404.612928,0.0,26.75228381156921
8016,0,1,0,0,3,2,408,2211110130,442,64,428,17,59861,29483,4,0,0,43,15,2211110130,17,59861,11123,16574,94,1150,1130.0,828.7,-0.7413659434696623,-1.307385576125357,176852.41,1130.0,417.0,713.0,8009,60,1096,752.0,667.4166666666666,-0.1621087393979909,-1.7808315268963144,194389.0763888889,1096.0,278.25,817.75,1634046404.615436,0.0025081634521484,26.75479197502136
8017,0,1,0,0,2,3,60,3232270721,94,47,80,17,29483,59861,4,0,0,43,15,2211110130,17,59861,11123,94,94,94,94.0,94.0,0.0,-3.0,0.0,94.0,94.0,0.0,8069,60,1096,408.0,620.6923076923077,-0.012200335209431,-1.8155364411791732,205634.05917159765,1096.0,189.0,907.0,1634046404.6247,0.0092639923095703,26.76405596733093
8018,0,1,0,0,2,3,52,3232270721,86,47,72,17,29483,59861,4,0,0,43,15,2211110130,17,59861,11123,180,86,94,90.0,90.0,0.0,-2.0,16.0,92.0,88.0,4.0,8121,52,1096,408.0,580.0714285714286,0.1201047922232135,-1.8077823004765807,212396.63775510204,1096.0,92.25,1003.75,1634046404.643057,0.0183570384979248,26.782413005828854
8019,0,1,0,0,3,2,52,2211110130,86,64,72,17,59861,29483,4,0,0,43,15,2211110130,17,59861,11123,266,86,94,86.0,88.66666666666667,0.7071067811865437,-1.5000000000000036,14.22222222222222,90.0,86.0,4.0,8173,52,1096,408.0,544.8666666666667,0.2394434668224514,-1.770331459234224,215588.11555555556,1096.0,60.0,1036.0,1634046404.65496,0.0119028091430664,26.79431581497192
8020,0,1,0,0,3,2,1096,2211110130,1130,64,1116,17,59861,29483,4,0,0,43,15,2211110130,17,59861,11123,1396,86,1130,90.0,349.0,1.154519126741376,-0.6668072690013536,203331.0,353.0,86.0,267.0,9269,52,1096,408.0,579.3125,0.0985901595272896,-1.8342009068761504,219911.58984375,1096.0,60.0,1036.0,1634046404.658793,0.0038330554962158,26.798148870468136
8021,0,1,0,0,3,2,1096,2211110130,1130,64,1116,17,59861,29483,4,0,0,43,15,2211110130,17,59861,11123,2526,86,1130,94.0,505.2,0.4081480712820668,-1.8332792469218755,260258.56,1130.0,86.0,1044.0,10365,52,1096,408.0,609.7058823529412,-0.0245585434234914,-1.854368084152781,221755.7370242214,1096.0,60.0,1036.0,1634046404.659681,0.0008881092071533,26.79903697967529
8022,0,1,0,0,3,2,1096,2211110130,1130,64,1116,17,59861,29483,4,0,0,43,15,2211110130,17,59861,11123,3656,86,1130,612.0,609.3333333333334,-7.855611820774279e-05,-1.9998956167456627,271100.8888888889,1130.0,88.0,1042.0,11461,52,1096,752.0,636.7222222222222,-0.1343026095247199,-1.84468329436498,221843.9783950617,1096.0,92.25,1003.75,1634046404.662993,0.0033118724822998,26.80234885215759
8023,0,1,0,0,3,2,1006,2211110130,1040,64,1026,17,59861,29483,4,0,0,43,15,2211110130,17,59861,11123,4696,86,1130,1040.0,670.8571428571429,-0.2787543341944365,-1.9096306954013875,255083.26530612243,1130.0,90.0,1040.0,12467,52,1096,1006.0,656.1578947368421,-0.2305721034167235,-1.8069112543887031,216967.39612188368,1096.0,124.5,971.5,1634046404.662993,0.0,26.80234885215759
8024,0,1,0,0,2,3,60,3232270721,94,47,80,17,29483,59861,4,0,0,43,15,2211110130,17,59861,11123,4790,86,1130,567.0,598.75,0.008412068238236,-1.9892114360934408,259593.9375,1130.0,92.0,1038.0,12527,52,1096,707.0,626.35,-0.121197316591359,-1.8545895531120105,223000.72750000004,1096.0,60.0,1036.0,1634046404.67138,0.0083870887756347,26.810735940933224
8025,0,1,0,0,3,2,56,2211110130,90,64,76,17,59861,29483,4,0,0,43,15,2211110130,17,59861,11123,4880,86,1130,94.0,542.2222222222222,0.231227614860554,-1.9367587146129648,256313.28395061727,1130.0,90.0,1040.0,56,56,56,56.0,56.0,0.0,-3.0,0.0,56.0,56.0,0.0,1634046404.672641,0.0012609958648681,26.811996936798092
8026,0,1,0,0,3,2,408,2211110130,442,64,428,17,59861,29483,4,0,0,43,15,2211110130,17,59861,11123,5322,86,1130,268.0,532.2,0.303893600833104,-1.804924664054472,231585.96,1107.5,91.0,1016.5,464,56,408,232.0,232.0,0.0,-2.0,30976.0,320.0,144.0,176.0,1634046404.672641,0.0,26.811996936798092
8027,0,1,0,0,3,2,60,2211110130,94,64,80,17,59861,29483,4,0,0,43,15,2211110130,17,59861,11123,5416,86,1130,94.0,492.3636363636364,0.4665548544405244,-1.6837144214505235,226402.04958677685,1085.0,92.0,993.0,524,56,408,60.0,174.66666666666666,0.7067951202245192,-1.4999999999999996,27224.888888888887,234.0,58.0,176.0,1634046404.680923,0.0082819461822509,26.820278882980343
8028,0,1,0,0,3,2,1096,2211110130,1130,64,1116,17,59861,29483,4,0,0,43,15,2211110130,17,59861,11123,6546,86,1130,268.0,545.5,0.2530554987249273,-1.852828739766328,238593.41666666663,1130.0,93.0,1037.0,1620,56,1096,234.0,405.0,0.8093560462813357,-1.0077398532512167,179579.0,580.0,59.0,521.0,1634046404.681944,0.0010209083557128,26.821299791336056
8029,0,1,0,0,3,2,1096,2211110130,1130,64,1116,17,59861,29483,4,0,0,43,15,2211110130,17,59861,11123,7676,86,1130,442.0,590.4615384615385,0.0786954712817432,-1.9197149630996853,244498.55621301773,1130.0,94.0,1036.0,2716,56,1096,408.0,543.2,0.2071544701374441,-1.769443639312971,220060.16,1096.0,60.0,1036.0,1634046404.681944,0.0,26.821299791336056
8030,0,1,0,0,3,2,1096,2211110130,1130,64,1116,17,59861,29483,4,0,0,43,15,2211110130,17,59861,11123,8806,86,1130,741.0,629.0,-0.0693984405548506,-1.9267494204153093,246342.14285714287,1130.0,94.0,1036.0,3812,56,1096,752.0,635.3333333333334,-0.1605074531781218,-1.823513566674962,225826.22222222225,1096.0,147.0,949.0,1634046404.68291,0.0009660720825195,26.822265863418576
8031,0,1,0,0,3,2,1096,2211110130,1130,64,1116,17,59861,29483,4,0,0,43,15,2211110130,17,59861,11123,9936,86,1130,1040.0,662.4,-0.1987056582009753,-1.8957602721027984,245537.1733333333,1130.0,94.0,1036.0,4908,56,1096,1096.0,701.1428571428571,-0.4318822664016841,-1.675757150248187,219550.69387755095,1096.0,234.0,862.0,1634046404.68291,0.0,26.822265863418576
8032,0,1,0,0,3,2,1096,2211110130,1130,64,1116,17,59861,29483,4,0,0,43,15,2211110130,17,59861,11123,11066,86,1130,1085.0,691.625,-0.3139295655829483,-1.8391218407599852,243002.609375,1130.0,94.0,1036.0,6004,56,1096,1096.0,750.5,-0.6509806317027035,-1.442840442641403,209159.75,1096.0,321.0,775.0,1634046404.68291,0.0,26.822265863418576
8033,0,1,0,0,3,2,1116,2211110130,1150,64,1136,17,59861,29483,4,0,0,43,15,2211110130,17,59861,11123,12216,86,1150,1130.0,718.5882352941177,-0.4174693075113572,-1.764432845244626,240340.5951557093,1130.0,94.0,1036.0,7120,56,1116,1096.0,791.1111111111111,-0.8357145685632495,-1.168181109864528,199113.87654320983,1096.0,408.0,688.0,1634046404.693879,0.0109689235687255,26.8332347869873
8034,0,1,0,0,3,2,796,2211110130,830,64,816,17,59861,29483,4,0,0,43,15,2211110130,17,59861,11123,13046,86,1150,1085.0,724.7777777777778,-0.4659434719362347,-1.6758937121535478,227639.61728395065,1130.0,94.0,1036.0,7916,56,1116,1096.0,791.6,-0.8843691191187353,-0.9606171929570052,179204.64,1096.0,505.0,591.0,1634046404.693879,0.0,26.8332347869873
8035,0,1,0,0,3,2,408,2211110130,442,64,428,17,59861,29483,4,0,0,43,15,2211110130,17,59861,11123,13488,86,1150,1040.0,709.8947368421053,-0.3819961780447098,-1.700213044217013,219645.67313019384,1130.0,94.0,1036.0,8324,56,1116,1096.0,756.7272727272727,-0.6520284612847035,-1.2523828903670111,175074.38016528927,1096.0,408.0,688.0,1634046404.706853,0.0129740238189697,26.84620881080627
8036,0,1,0,0,2,3,56,3232270721,90,47,76,17,29483,59861,4,0,0,43,15,2211110130,17,59861,11123,13578,86,1150,935.0,678.9,-0.2603075764499905,-1.7928429866829054,226916.19,1130.0,94.0,1036.0,8380,56,1116,946.0,698.3333333333334,-0.4264729684902127,-1.56240331367872,197993.22222222225,1096.0,321.0,775.0,1634046404.715995,0.0091421604156494,26.85535097122192
8037,0,1,0,0,3,2,1096,2211110130,1130,64,1116,17,59861,29483,4,0,0,43,15,2211110130,17,59861,11123,1130,1130,1130,1130.0,1130.0,0.0,-3.0,0.0,1130.0,1130.0,0.0,9476,56,1116,1096.0,728.9230769230769,-0.557984910669083,-1.4405136585564202,193991.76331360947,1096.0,408.0,688.0,1634046404.721634,0.005638837814331,26.86098980903625
8038,0,1,0,0,3,2,1096,2211110130,1130,64,1116,17,59861,29483,4,0,0,43,15,2211110130,17,59861,11123,2260,1130,1130,1130.0,1130.0,0.0,-3.0,0.0,1130.0,1130.0,0.0,10572,56,1116,1096.0,755.1428571428571,-0.6766258628550145,-1.2979213346594467,189072.4081632653,1096.0,408.0,688.0,1634046404.721634,0.0,26.86098980903625
8039,0,1,0,0,3,2,1096,2211110130,1130,64,1116,17,59861,29483,4,0,0,43,15,2211110130,17,59861,11123,3390,1130,1130,1130.0,1130.0,0.0,-3.0,0.0,1130.0,1130.0,0.0,11668,56,1116,1096.0,777.8666666666667,-0.7851125063852644,-1.1407587113181383,183696.78222222216,1096.0,408.0,688.0,1634046404.722515,0.0008811950683593,26.86187100410461
8040,0,1,0,0,3,2,639,2211110130,673,64,659,17,59861,29483,4,0,0,43,15,2211110130,17,59861,11123,4063,673,1130,1130.0,1015.75,-1.1547005383792517,-0.6666666666666665,39159.1875,1130.0,1015.75,114.25,12307,56,1116,1096.0,769.1875,-0.7427176253300618,-1.106343726880637,173345.65234375,1096.0,408.0,688.0,1634046404.722515,0.0,26.86187100410461
8041,0,1,0,0,3,2,408,2211110130,442,64,428,17,59861,29483,4,0,0,43,15,2211110130,17,59861,11123,4505,442,1130,1130.0,901.0,-0.5958475604942624,-1.431344732884319,83997.6,1130.0,673.0,457.0,12715,56,1116,1096.0,747.9411764705883,-0.6022700475668457,-1.2603823046928433,170371.34948096887,1096.0,408.0,688.0,1634046404.733608,0.0110929012298583,26.87296390533447
8042,0,1,0,0,2,3,60,3232270721,94,47,80,17,29483,59861,4,0,0,43,15,2211110130,17,59861,11123,4599,94,1130,901.5,766.5,-0.5057834984794649,-1.264466301290195,160449.25,1130.0,499.75,630.25,12775,56,1116,946.0,709.7222222222222,-0.4589226886408814,-1.466987270141363,185737.97839506168,1096.0,408.0,688.0,1634046404.737223,0.0036149024963378,26.876578807830807
8043,0,1,0,0,2,3,52,3232270721,86,48,72,17,10001,59861,4,0,0,43,15,2211110130,17,59861,11123,4685,86,1130,673.0,669.2857142857143,-0.1789202323942346,-1.6250075764984169,194231.63265306124,1130.0,268.0,862.0,12827,52,1116,796.0,675.1052631578947,-0.3328564423088794,-1.6036349484099588,197532.3047091413,1096.0,234.0,862.0,1634046404.742284,0.0050611495971679,26.881639957427975
8044,0,1,0,0,2,3,60,3232270721,94,47,80,17,29483,59861,4,0,0,43,15,2211110130,17,59861,11123,4779,86,1130,557.5,597.375,0.0816746280260597,-1.709212477996218,206150.734375,1130.0,94.0,1036.0,12887,52,1116,717.5,644.35,-0.2187383483908165,-1.6935287351937027,205627.5275,1096.0,60.0,1036.0,1634046404.750808,0.008523941040039,26.890163898468014
8045,0,1,0,0,3,2,1096,2211110130,1130,64,1116,17,59861,29483,4,0,0,43,15,2211110130,17,59861,11123,5909,86,1130,673.0,656.5555555555555,-0.1455257568290147,-1.7319410725648647,211263.8024691358,1130.0,94.0,1036.0,1096,1096,1096,1096.0,1096.0,0.0,-3.0,0.0,1096.0,1096.0,0.0,1634046404.761682,0.0108740329742431,26.901037931442257
8046,0,1,0,0,3,2,1096,2211110130,1130,64,1116,17,59861,29483,4,0,0,43,15,2211110130,17,59861,11123,7039,86,1130,901.5,703.9,-0.3326467838212398,-1.6614832821363186,210310.89,1130.0,181.0,949.0,2192,1096,1096,1096.0,1096.0,0.0,-3.0,0.0,1096.0,1096.0,0.0,1634046404.761682,0.0,26.901037931442257
8047,0,1,0,0,3,2,1096,2211110130,1130,64,1116,17,59861,29483,4,0,0,43,15,2211110130,17,59861,11123,8169,86,1130,1130.0,742.6363636363636,-0.4929258409692308,-1.5391587536437938,206196.7768595041,1130.0,268.0,862.0,3288,1096,1096,1096.0,1096.0,0.0,-3.0,0.0,1096.0,1096.0,0.0,1634046404.761682,0.0,26.901037931442257
8048,0,1,0,0,3,2,1096,2211110130,1130,64,1116,17,59861,29483,4,0,0,43,15,2211110130,17,59861,11123,9299,86,1130,1130.0,774.9166666666666,-0.6340264016535049,-1.3850665829596251,200475.90972222225,1130.0,355.0,775.0,4384,1096,1096,1096.0,1096.0,0.0,-3.0,0.0,1096.0,1096.0,0.0,1634046404.762316,0.000633955001831,26.90167188644409
8049,0,1,0,0,3,2,1096,2211110130,1130,64,1116,17,59861,29483,4,0,0,43,15,2211110130,17,59861,11123,10429,86,1130,1130.0,802.2307692307693,-0.760741671263444,-1.2101273918932849,194007.40828402367,1130.0,442.0,688.0,5480,1096,1096,1096.0,1096.0,0.0,-3.0,0.0,1096.0,1096.0,0.0,1634046404.762316,0.0,26.90167188644409
8050,0,1,0,0,3,2,547,2211110130,581,64,567,17,59861,29483,4,0,0,43,15,2211110130,17,59861,11123,11010,86,1130,1130.0,786.4285714285714,-0.667689265834871,-1.241713120418638,183395.95918367343,1130.0,476.75,653.25,6027,547,1096,1096.0,1004.5,-1.788854381999832,1.2000000000000002,41861.25,1096.0,1096.0,0.0,1634046404.762316,0.0,26.90167188644409
8051,0,1,0,0,2,3,60,3232270721,94,47,80,17,29483,59861,4,0,0,43,15,2211110130,17,59861,11123,11104,86,1130,1130.0,740.2666666666667,-0.4787374034295408,-1.515405459022228,201002.46222222215,1130.0,268.0,862.0,6087,60,1096,1096.0,869.5714285714286,-1.3079254296385634,0.0766491433340821,145115.38775510204,1096.0,821.5,274.5,1634046404.767676,0.0053601264953613,26.90703201293945
8052,0,1,0,0,2,3,60,3232270721,94,47,80,17,29483,59861,4,0,0,43,15,2211110130,17,59861,11123,11198,86,1130,901.5,699.875,-0.3201256904253463,-1.6771647598941402,212912.109375,1130.0,94.0,1036.0,6147,60,1096,1096.0,768.375,-0.7706925853402898,-1.2149092972187328,198660.984375,1096.0,425.25,670.75,1634046404.784992,0.0173158645629882,26.924347877502438
8053,0,1,0,0,3,2,408,2211110130,442,64,428,17,59861,29483,4,0,0,43,15,2211110130,17,59861,11123,11640,86,1130,673.0,684.7058823529412,-0.2312553664979501,-1.6763258071525995,204069.50173010377,1130.0,94.0,1036.0,6555,60,1096,1096.0,728.3333333333334,-0.5221233156868775,-1.4453241008739808,189414.22222222225,1096.0,408.0,688.0,1634046404.797006,0.0120139122009277,26.936361789703366
8054,0,1,0,0,3,2,60,2211110130,94,64,80,17,59861,29483,4,0,0,43,15,2211110130,17,59861,11123,11734,86,1130,627.0,651.8888888888889,-0.1111158022629164,-1.741609628095281,211040.54320987652,1130.0,94.0,1036.0,6615,60,1096,821.5,661.5,-0.2694154542846634,-1.7039831115383937,210673.05,1096.0,147.0,949.0,1634046404.797006,0.0,26.936361789703366
8055,0,1,0,0,3,2,1096,2211110130,1130,64,1116,17,59861,29483,4,0,0,43,15,2211110130,17,59861,11123,12864,86,1130,673.0,677.0526315789474,-0.2102213994720135,-1.7214940442643647,211330.9972299169,1130.0,94.0,1036.0,7711,60,1096,1096.0,701.0,-0.433167336354547,-1.6004175444918756,207123.45454545456,1096.0,234.0,862.0,1634046404.797006,0.0,26.936361789703366
8056,0,1,0,0,3,2,1096,2211110130,1130,64,1116,17,59861,29483,4,0,0,43,15,2211110130,17,59861,11123,13994,86,1130,901.5,699.7,-0.3009761962768369,-1.6836300669911477,210509.61,1130.0,94.0,1036.0,8807,60,1096,1096.0,733.9166666666666,-0.5765079916542029,-1.4616644844754725,201781.7430555556,1096.0,321.0,775.0,1634046404.797473,0.0004670619964599,26.936828851699826
8057,0,1,0,0,3,2,1096,2211110130,1130,64,1116,17,59861,29483,4,0,0,43,15,2211110130,17,59861,11123,1130,1130,1130,1130.0,1130.0,0.0,-3.0,0.0,1130.0,1130.0,0.0,9903,60,1096,1096.0,761.7692307692307,-0.7046925144734,-1.3000645837425566,195569.25443786976,1096.0,408.0,688.0,1634046404.797473,0.0,26.936828851699826
8058,0,1,0,0,3,2,652,2211110130,686,64,672,17,59861,29483,4,0,0,43,15,2211110130,17,59861,11123,1816,686,1130,908.0,908.0,0.0,-2.0,49284.0,1019.0,797.0,222.0,10555,60,1096,1096.0,753.9285714285714,-0.6726235623883394,-1.2364122314457906,182399.20918367343,1096.0,442.75,653.25,1634046404.797473,0.0,26.936828851699826
8059,0,1,0,0,2,3,60,3232270721,94,47,80,17,29483,59861,4,0,0,43,15,2211110130,17,59861,11123,1910,94,1130,686.0,636.6666666666666,-0.1728005440786499,-1.4999999999999998,180099.55555555553,908.0,390.0,518.0,10615,60,1096,1096.0,707.6666666666666,-0.483339473068486,-1.5121682456466206,200201.5555555556,1096.0,234.0,862.0,1634046404.802624,0.0051510334014892,26.941979885101315
8060,0,1,0,0,2,3,60,3232270721,94,47,80,17,29483,59861,4,0,0,43,15,2211110130,17,59861,11123,2004,94,1130,390.0,501.0,0.3624634706689947,-1.5323223435639977,190291.0,797.0,94.0,703.0,10675,60,1096,874.0,667.1875,-0.3244159046803274,-1.6755390611214815,212267.40234375,1096.0,60.0,1036.0,1634046404.820358,0.0177340507507324,26.959713935852047
8061,0,1,0,0,3,2,408,2211110130,442,64,428,17,59861,29483,4,0,0,43,15,2211110130,17,59861,11123,2446,94,1130,442.0,489.2,0.4929365024952263,-1.124595537324239,152789.75999999998,686.0,94.0,592.0,11083,60,1096,652.0,651.9411764705883,-0.2350012482018093,-1.6759423775846516,203500.29065743947,1096.0,60.0,1036.0,1634046404.827143,0.0067849159240722,26.96649885177612
8062,0,1,0,0,3,2,1096,2211110130,1130,64,1116,17,59861,29483,4,0,0,43,15,2211110130,17,59861,11123,3576,94,1130,564.0,596.0,0.1023529396262113,-1.5765791398485602,184356.0,1019.0,181.0,838.0,12179,60,1096,874.0,676.6111111111111,-0.334770722368609,-1.629604217641131,202541.0154320988,1096.0,147.0,949.0,1634046404.827143,0.0,26.96649885177612
8063,0,1,0,0,3,2,1096,2211110130,1130,64,1116,17,59861,29483,4,0,0,43,15,2211110130,17,59861,11123,4706,94,1130,686.0,672.2857142857143,-0.1876306688771986,-1.6255129769720684,192936.4897959184,1130.0,268.0,862.0,13275,60,1096,1096.0,698.6842105263158,-0.4263978710164475,-1.5672437043487455,200650.9529085873,1096.0,234.0,862.0,1634046404.827627,0.0004839897155761,26.966982841491696
8064,0,1,0,0,3,2,1096,2211110130,1130,64,1116,17,59861,29483,4,0,0,43,15,2211110130,17,59861,11123,5836,94,1130,908.0,729.5,-0.4171733872336347,-1.5176377590859915,191733.75,1130.0,355.0,775.0,14371,60,1096,1096.0,718.55,-0.5112968809418583,-1.4927681307804612,198116.7475,1096.0,321.0,775.0,1634046404.827627,0.0,26.966982841491696
8065,0,1,0,0,3,2,1096,2211110130,1130,64,1116,17,59861,29483,4,0,0,43,15,2211110130,17,59861,11123,6966,94,1130,1130.0,774.0,-0.6088791366592327,-1.334332392644667,186272.0,1130.0,442.0,688.0,1096,1096,1096,1096.0,1096.0,0.0,-3.0,0.0,1096.0,1096.0,0.0,1634046404.837325,0.0096981525421142,26.97668099403381
8066,0,1,0,0,3,2,1096,2211110130,1130,64,1116,17,59861,29483,4,0,0,43,15,2211110130,17,59861,11123,8096,94,1130,1130.0,809.6,-0.7749145005840536,-1.109184012256917,179051.03999999998,1130.0,503.0,627.0,2192,1096,1096,1096.0,1096.0,0.0,-3.0,0.0,1096.0,1096.0,0.0,1634046404.837325,0.0,26.97668099403381
8067,0,1,0,0,3,2,346,2211110130,380,64,366,17,59861,29483,4,0,0,43,15,2211110130,17,59861,11123,8476,94,1130,1130.0,770.5454545454545,-0.5280387024577136,-1.410512209550374,178026.2479338843,1130.0,411.0,719.0,2538,346,1096,1096.0,846.0,-0.7071067811865476,-1.5,125000.0,1096.0,721.0,375.0,1634046404.837325,0.0,26.97668099403381
8068,0,1,0,0,3,2,1116,2211110130,1150,64,1136,17,59861,29483,4,0,0,43,15,2211110130,17,59861,11123,9626,94,1150,1130.0,802.1666666666666,-0.6652166988961455,-1.2540144640092434,174189.6388888889,1130.0,426.5,703.5,3654,346,1116,1096.0,913.5,-1.1525385097944552,-0.6682916207122047,107418.75,1101.0,908.5,192.5,1634046404.83877,0.0014448165893554,26.978125810623165
8069,0,1,0,0,2,3,60,3232270721,94,47,80,17,29483,59861,4,0,0,43,15,2211110130,17,59861,11123,9720,94,1150,1130.0,747.6923076923077,-0.4561427438995187,-1.5458370074523011,196399.90532544375,1130.0,380.0,750.0,3714,60,1116,1096.0,742.8,-0.528342184562921,-1.57239628066779,202488.96,1096.0,346.0,750.0,1634046404.853099,0.014329195022583,26.99245500564575
8070,0,1,0,0,2,3,52,3232270721,86,47,72,17,29483,59861,4,0,0,43,15,2211110130,17,59861,11123,9806,86,1150,908.0,700.4285714285714,-0.2826789907764466,-1.708032395045321,211411.5306122449,1130.0,165.5,964.5,3766,52,1116,721.0,627.6666666666666,-0.1084663470576044,-1.874361273916604,235019.22222222225,1096.0,131.5,964.5,1634046404.853155,5.5789947509765625e-05,26.992510795593258
8071,0,1,0,0,3,2,1104,2211110130,1138,64,1124,17,59861,29483,4,0,0,43,15,2211110130,17,59861,11123,10944,86,1150,1130.0,729.6,-0.4011904021369215,-1.6351485384119575,209231.04,1130.0,237.0,893.0,4870,52,1116,1096.0,695.7142857142857,-0.3850907688282662,-1.748518407381006,229227.91836734692,1100.0,203.0,897.0,1634046404.86066,0.007505178451538,27.000015974044796
8072,0,1,0,0,3,2,1096,2211110130,1130,64,1116,17,59861,29483,4,0,0,43,15,2211110130,17,59861,11123,12074,86,1150,1130.0,754.625,-0.5089785411687714,-1.542076062760385,205547.859375,1130.0,308.5,821.5,5966,52,1116,1096.0,745.75,-0.6070094011270757,-1.5317534993986828,218099.4375,1098.0,274.5,823.5,1634046404.86066,0.0,27.000015974044796
8073,0,1,0,0,3,2,1096,2211110130,1130,64,1116,17,59861,29483,4,0,0,43,15,2211110130,17,59861,11123,13204,86,1150,1130.0,776.7058823529412,-0.607755204431634,-1.434767730453856,201257.85467128025,1130.0,380.0,750.0,7062,52,1116,1096.0,784.6666666666666,-0.7946731159989384,-1.2690205515960489,205982.22222222225,1096.0,346.0,750.0,1634046404.86066,0.0,27.000015974044796
8074,0,1,0,0,3,2,523,2211110130,557,64,543,17,59861,29483,4,0,0,43,15,2211110130,17,59861,11123,13761,86,1150,1130.0,764.5,-0.536593445601002,-1.4468411264168275,192609.5833333333,1130.0,395.5,734.5,7585,52,1116,1096.0,758.5,-0.6393580772295024,-1.3600344270311893,191546.25,1096.0,390.25,705.75,1634046404.861162,0.0005018711090087,27.000517845153805
8075,0,1,0,0,3,2,408,2211110130,442,64,428,17,59861,29483,4,0,0,43,15,2211110130,17,59861,11123,14203,86,1150,1130.0,747.5263157894736,-0.4327119357356602,-1.5107801297253145,187658.14404432132,1130.0,411.0,719.0,7993,52,1116,1096.0,726.6363636363636,-0.4423163687940281,-1.5133450901682013,184285.86776859505,1096.0,377.0,719.0,1634046404.861643,0.0004811286926269,27.000998973846432
8076,0,1,0,0,3,2,56,2211110130,90,64,76,17,59861,29483,4,0,0,43,15,2211110130,17,59861,11123,14293,86,1150,908.0,714.65,-0.3157160631922839,-1.6288375830971753,198811.4275,1130.0,308.5,821.5,8049,52,1116,809.5,670.75,-0.2504398131693603,-1.6887451302862744,203284.85416666663,1096.0,274.5,821.5,1634046404.87219,0.0105469226837158,27.011545896530148
8077,0,1,0,0,3,2,1096,2211110130,1130,64,1116,17,59861,29483,4,0,0,43,15,2211110130,17,59861,11123,1130,1130,1130,1130.0,1130.0,0.0,-3.0,0.0,1130.0,1130.0,0.0,9145,52,1116,1096.0,703.4615384615385,-0.3896919624774595,-1.6111971649695458,200488.09467455625,1096.0,346.0,750.0,1634046404.888737,0.0165469646453857,27.028092861175534
8078,0,1,0,0,3,2,1096,2211110130,1130,64,1116,17,59861,29483,4,0,0,43,15,2211110130,17,59861,11123,2260,1130,1130,1130.0,1130.0,0.0,-3.0,0.0,1130.0,1130.0,0.0,10241,52,1116,1096.0,731.5,-0.5136702800725157,-1.5060448500068535,196387.5357142857,1096.0,361.5,734.5,1634046404.889576,0.0008389949798583,27.028931856155392
8079,0,1,0,0,3,2,1096,2211110130,1130,64,1116,17,59861,29483,4,0,0,43,15,2211110130,17,59861,11123,3390,1130,1130,1130.0,1130.0,0.0,-3.0,0.0,1130.0,1130.0,0.0,11337,52,1116,1096.0,755.8,-0.6258802361729264,-1.381946032067526,191561.89333333337,1096.0,377.0,719.0,1634046404.889576,0.0,27.028931856155392
8080,0,1,0,0,3,2,1096,2211110130,1130,64,1116,17,59861,29483,4,0,0,43,15,2211110130,17,59861,11123,4520,1130,1130,1130.0,1130.0,0.0,-3.0,0.0,1130.0,1130.0,0.0,12433,52,1116,1096.0,777.0625,-0.728738849887504,-1.2442820564033512,186370.68359375,1096.0,392.5,703.5,1634046404.889576,0.0,27.028931856155392
8081,0,1,0,0,3,2,1096,2211110130,1130,64,1116,17,59861,29483,4,0,0,43,15,2211110130,17,59861,11123,5650,1130,1130,1130.0,1130.0,0.0,-3.0,0.0,1130.0,1130.0,0.0,13529,52,1116,1096.0,795.8235294117648,-0.8239810096459824,-1.0965732328381097,181039.32179930797,1096.0,408.0,688.0,1634046404.890189,0.0006129741668701,27.029544830322262
8082,0,1,0,0,3,2,442,2211110130,476,64,462,17,59861,29483,4,0,0,43,15,2211110130,17,59861,11123,6126,476,1130,1130.0,1021.0,-1.7888543819998317,1.2000000000000002,59405.0,1130.0,1130.0,0.0,13971,52,1116,1096.0,776.1666666666666,-0.6940965914818011,-1.2459325254503433,177550.25,1096.0,416.5,679.5,1634046404.890189,0.0,27.029544830322262
8083,0,1,0,0,2,3,60,3232270721,94,47,80,17,29483,59861,4,0,0,43,15,2211110130,17,59861,11123,6220,94,1130,1130.0,888.5714285714286,-1.161185099821246,-0.3951334490525782,156142.5306122449,1130.0,803.0,327.0,14031,52,1116,1096.0,738.4736842105264,-0.5458423442792839,-1.4672236810875623,193779.1966759003,1096.0,377.0,719.0,1634046404.90251,0.0123209953308105,27.041865825653073
8084,0,1,0,0,3,2,408,2211110130,442,64,428,17,59861,29483,4,0,0,43,15,2211110130,17,59861,11123,6662,94,1130,1130.0,832.75,-0.747089200310846,-1.1257131237721454,158436.9375,1130.0,467.5,662.5,14439,52,1116,1096.0,721.95,-0.4450769337857591,-1.5334072360727249,189277.8475,1096.0,392.5,703.5,1634046404.902847,0.0003371238708496,27.042202949523922
8085,0,1,0,0,2,3,56,3232270721,90,47,76,17,29483,59861,4,0,0,43,15,2211110130,17,59861,11123,6752,90,1130,1130.0,750.2222222222222,-0.4458754120865823,-1.5608272380206758,195319.5061728395,1130.0,442.0,688.0,56,56,56,56.0,56.0,0.0,-3.0,0.0,56.0,56.0,0.0,1634046404.921537,0.0186898708343505,27.060892820358273
8086,0,1,0,0,2,3,60,3232270721,94,47,80,17,29483,59861,4,0,0,43,15,2211110130,17,59861,11123,6846,90,1130,803.0,684.6,-0.2050759781319402,-1.7606454084269292,214544.04,1130.0,181.0,949.0,116,56,60,58.0,58.0,0.0,-2.0,4.0,59.0,57.0,2.0,1634046404.921588,5.1021575927734375e-05,27.0609438419342
8087,0,1,0,0,3,2,60,2211110130,94,64,80,17,59861,29483,4,0,0,43,15,2211110130,17,59861,11123,6940,90,1130,476.0,630.9090909090909,-0.0098262202595207,-1.8263918592329729,223867.17355371895,1130.0,94.0,1036.0,176,56,60,60.0,58.66666666666666,-0.7071067811865437,-1.5000000000000036,3.555555555555556,60.0,58.0,2.0,1634046404.921628,4.00543212890625e-05,27.06098389625549
8088,0,1,0,0,3,2,1096,2211110130,1130,64,1116,17,59861,29483,4,0,0,43,15,2211110130,17,59861,11123,8070,90,1130,803.0,672.5,-0.1755881607466251,-1.8095893091568136,224239.41666666663,1130.0,94.0,1036.0,1272,56,1096,60.0,318.0,1.154654715169188,-0.6667018203542612,201764.0,319.0,59.0,260.0,1634046404.921628,0.0,27.06098389625549
8089,0,1,0,0,3,2,1096,2211110130,1130,64,1116,17,59861,29483,4,0,0,43,15,2211110130,17,59861,11123,9200,90,1130,1130.0,707.6923076923077,-0.3187796456260603,-1.7471695682308548,221852.21301775143,1130.0,94.0,1036.0,2368,56,1096,60.0,473.6,0.4082229763206219,-1.8333194950443288,258256.64,1096.0,60.0,1036.0,1634046404.921628,0.0,27.06098389625549
8090,0,1,0,0,3,2,1096,2211110130,1130,64,1116,17,59861,29483,4,0,0,43,15,2211110130,17,59861,11123,10330,90,1130,1130.0,737.8571428571429,-0.4454842726900306,-1.6553839223641431,217834.5510204082,1130.0,181.0,949.0,3464,56,1096,578.0,577.3333333333334,-1.98421959330261e-05,-1.999973498437163,269016.8888888888,1096.0,60.0,1036.0,1634046404.922113,0.0004849433898925,27.061468839645382
8091,0,1,0,0,3,2,545,2211110130,579,64,565,17,59861,29483,4,0,0,43,15,2211110130,17,59861,11123,10909,90,1130,1130.0,727.2666666666667,-0.3885067526535185,-1.6199709391816812,204882.46222222224,1130.0,268.0,862.0,4009,56,1096,545.0,572.7142857142857,0.0287853003347089,-1.8340414423847795,230713.91836734692,1096.0,60.0,1036.0,1634046404.922113,0.0,27.061468839645382
8092,0,1,0,0,3,2,408,2211110130,442,64,428,17,59861,29483,4,0,0,43,15,2211110130,17,59861,11123,11351,90,1130,854.5,709.4375,-0.2827493327593233,-1.6428791505701892,196845.49609375,1130.0,355.0,775.0,4417,56,1096,476.5,552.125,0.1606503636094511,-1.6867987635131756,204842.109375,1096.0,60.0,1036.0,1634046404.93185,0.0097370147705078,27.07120585441589
8093,0,1,0,0,3,2,1096,2211110130,1130,64,1116,17,59861,29483,4,0,0,43,15,2211110130,17,59861,11123,12481,90,1130,1130.0,734.1764705882352,-0.3872088634343743,-1.582912959247087,195058.61591695505,1130.0,442.0,688.0,5513,56,1096,545.0,612.5555555555555,-0.0763184487505242,-1.749045321617436,211296.69135802472,1096.0,60.0,1036.0,1634046404.949015,0.0171649456024169,27.088370800018307
8094,0,1,0,0,3,2,1096,2211110130,1130,64,1116,17,59861,29483,4,0,0,43,15,2211110130,17,59861,11123,13611,90,1130,1130.0,756.1666666666666,-0.4828770589804807,-1.506444262963604,192442.69444444444,1130.0,442.0,688.0,6609,56,1096,820.5,660.9,-0.269073185805366,-1.703966378026473,211201.69000000003,1096.0,147.0,949.0,1634046404.949679,0.0006639957427978,27.089034795761105
8095,0,1,0,0,3,2,1096,2211110130,1130,64,1116,17,59861,29483,4,0,0,43,15,2211110130,17,59861,11123,14741,90,1130,1130.0,775.8421052631579,-0.5713418971033173,-1.417640089840122,189282.34349030472,1130.0,442.0,688.0,7705,56,1096,1096.0,700.4545454545455,-0.4328438859663245,-1.6005182543983212,207647.1570247934,1096.0,234.0,862.0,1634046404.949679,0.0,27.089034795761105
8096,0,1,0,0,3,2,1096,2211110130,1130,64,1116,17,59861,29483,4,0,0,43,15,2211110130,17,59861,11123,15871,90,1130,1130.0,793.55,-0.6537964912802436,-1.319375158642957,185776.0475,1130.0,442.0,688.0,8801,56,1096,1096.0,733.4166666666666,-0.5761966968846517,-1.4618569457136932,202294.7430555555,1096.0,321.0,775.0,1634046404.950541,0.0008621215820312,27.089896917343136
8097,0,1,0,0,3,2,1096,2211110130,1130,64,1116,17,59861,29483,4,0,0,43,15,2211110130,17,59861,11123,1130,1130,1130,1130.0,1130.0,0.0,-3.0,0.0,1130.0,1130.0,0.0,9897,56,1096,1096.0,761.3076923076923,-0.7043892032726856,-1.3003337033324118,196068.52071005924,1096.0,408.0,688.0,1634046404.950541,0.0,27.089896917343136
8098,0,1,0,0,3,2,319,2211110130,353,64,339,17,59861,29483,4,0,0,43,15,2211110130,17,59861,11123,1483,353,1130,741.5,741.5,0.0,-2.0,150932.25,935.75,547.25,388.5,10216,56,1096,1096.0,729.7142857142857,-0.5160361313069881,-1.5115707209975433,195039.4897959184,1096.0,341.25,754.75,1634046404.950541,0.0,27.089896917343136
8099,0,1,0,0,2,3,60,3232270721,94,47,80,17,29483,59861,4,0,0,43,15,2211110130,17,59861,11123,1577,94,1130,353.0,525.6666666666666,0.5280049792181882,-1.4999999999999996,193789.55555555556,741.5,223.5,518.0,10276,56,1096,1096.0,685.0666666666667,-0.3461844830992093,-1.6887734558249174,209944.59555555557,1096.0,189.5,906.5,1634046404.957686,0.0071449279785156,27.09704184532165
8100,0,1,0,0,3,2,408,2211110130,442,64,428,17,59861,29483,4,0,0,43,15,2211110130,17,59861,11123,2019,94,1130,397.5,504.75,0.7629343113411795,-0.8862944129467598,146654.6875,614.0,288.25,325.75,10684,56,1096,820.5,667.75,-0.2444994311873847,-1.7007549624582576,201321.0625,1096.0,254.25,841.75,1634046404.972104,0.0144181251525878,27.11145997047424
8101,0,1,0,0,2,3,60,3232270721,94,47,80,17,29483,59861,4,0,0,43,15,2211110130,17,59861,11123,2113,94,1130,353.0,422.6,1.0312753440628353,-0.3712286592572629,144318.24,442.0,94.0,348.0,10744,56,1096,545.0,632.0,-0.1188421565710307,-1.766947984341853,209927.64705882352,1096.0,60.0,1036.0,1634046404.974783,0.0026788711547851,27.114138841629025
8102,0,1,0,0,3,2,1096,2211110130,1130,64,1116,17,59861,29483,4,0,0,43,15,2211110130,17,59861,11123,3243,94,1130,397.5,540.5,0.4518868313090135,-1.5081317565087973,189767.25,958.0,158.75,799.25,11840,56,1096,820.5,657.7777777777778,-0.2237929306386216,-1.7413667533212884,209561.3950617284,1096.0,124.75,971.25,1634046404.979831,0.0050480365753173,27.119186878204342
8103,0,1,0,0,3,2,1116,2211110130,1150,64,1136,17,59861,29483,4,0,0,43,15,2211110130,17,59861,11123,4393,94,1150,442.0,627.5714285714286,0.0982997525474955,-1.7769677961066248,208146.2448979592,1130.0,223.5,906.5,12956,56,1116,1096.0,681.8947368421053,-0.3182765359645635,-1.6976347137567174,209001.14681440443,1096.0,189.5,906.5,1634046404.982898,0.0030670166015625,27.122253894805905
8104,0,1,0,0,3,2,1096,2211110130,1130,64,1116,17,59861,29483,4,0,0,43,15,2211110130,17,59861,11123,5523,94,1150,786.0,690.375,-0.1638958386309523,-1.7882410846005892,209737.984375,1130.0,288.25,841.75,14052,56,1116,1096.0,702.6,-0.4063712461603949,-1.6390150421159582,206696.54,1096.0,254.25,841.75,1634046404.983356,0.0004580020904541,27.12271189689636
8105,0,1,0,0,3,2,1096,2211110130,1130,64,1116,17,59861,29483,4,0,0,43,15,2211110130,17,59861,11123,6653,94,1150,1130.0,739.2222222222222,-0.373361594532476,-1.6888567951382,205522.17283950615,1130.0,353.0,777.0,1096,1096,1096,1096.0,1096.0,0.0,-3.0,0.0,1096.0,1096.0,0.0,1634046404.989383,0.0060269832611083,27.128738880157467
8106,0,1,0,0,3,2,367,2211110130,401,64,387,17,59861,29483,4,0,0,43,15,2211110130,17,59861,11123,7054,94,1150,786.0,705.4,-0.1776171563035071,-1.7479915139077278,195265.44,1130.0,365.0,765.0,1463,367,1096,731.5,731.5,0.0,-2.0,132860.25,913.75,549.25,364.5,1634046404.989383,0.0,27.128738880157467
8107,0,1,0,0,2,3,60,3232270721,94,47,80,17,29483,59861,4,0,0,43,15,2211110130,17,59861,11123,7148,94,1150,442.0,649.8181818181819,0.0022400738065091,-1.7964301012769774,208407.4214876033,1130.0,223.5,906.5,1523,60,1096,367.0,507.6666666666667,0.4516983176600046,-1.5000000000000004,188776.22222222225,731.5,213.5,518.0,1634046404.991588,0.0022051334381103,27.130944013595578
8108,0,1,0,0,2,3,60,3232270721,94,47,80,17,29483,59861,4,0,0,43,15,2211110130,17,59861,11123,7242,94,1150,421.5,603.5,0.1589952125403703,-1.783714710517501,214639.25,1130.0,94.0,1036.0,1583,60,1096,213.5,395.75,0.8823631358892805,-0.9292950712576262,179158.1875,549.25,60.0,489.25,1634046405.008853,0.0172648429870605,27.148208856582638
8109,0,1,0,0,3,2,408,2211110130,442,64,428,17,59861,29483,4,0,0,43,15,2211110130,17,59861,11123,7684,94,1150,442.0,591.0769230769231,0.2429327831522146,-1.6829772887755017,199980.5325443787,1130.0,94.0,1036.0,1991,60,1096,367.0,398.2,0.9668578651725612,-0.4377627101125454,143350.56,408.0,60.0,348.0,1634046405.013394,0.0045411586761474,27.152750015258786
8110,0,1,0,0,3,2,60,2211110130,94,64,80,17,59861,29483,4,0,0,43,15,2211110130,17,59861,11123,7778,94,1150,421.5,555.5714285714286,0.3629356804959489,-1.6184068838331132,202084.5306122449,1130.0,94.0,1036.0,2051,60,1096,213.5,341.8333333333333,1.2120105175655391,0.115689686249595,135344.80555555556,397.75,60.0,337.75,1634046405.024186,0.0107917785644531,27.16354179382324
8111,0,1,0,0,3,2,1096,2211110130,1130,64,1116,17,59861,29483,4,0,0,43,15,2211110130,17,59861,11123,8908,94,1150,442.0,593.8666666666667,0.2020489183071216,-1.7399433733970966,209143.58222222223,1130.0,94.0,1036.0,3147,60,1096,367.0,449.57142857142856,0.6469033250721619,-1.2659603567126363,185654.8163265306,752.0,60.0,692.0,1634046405.024186,0.0,27.16354179382324
8112,0,1,0,0,3,2,1096,2211110130,1130,64,1116,17,59861,29483,4,0,0,43,15,2211110130,17,59861,11123,10038,94,1150,442.0,627.375,0.0642085664125336,-1.796577527114981,212914.234375,1130.0,94.0,1036.0,4243,60,1096,387.5,530.375,0.2954653801349041,-1.6877153333617425,208152.484375,1096.0,60.0,1036.0,1634046405.024861,0.0006752014160156,27.164216995239254
8113,0,1,0,0,3,2,1096,2211110130,1130,64,1116,17,59861,29483,4,0,0,43,15,2211110130,17,59861,11123,11168,94,1150,442.0,656.9411764705883,-0.0567642302256597,-1.8110575980333472,214376.40830449827,1130.0,94.0,1036.0,5339,60,1096,408.0,593.2222222222222,0.0392564544086041,-1.811536302980637,216622.61728395065,1096.0,60.0,1036.0,1634046405.024861,0.0,27.164216995239254
8114,0,1,0,0,3,2,1096,2211110130,1130,64,1116,17,59861,29483,4,0,0,43,15,2211110130,17,59861,11123,12298,94,1150,786.0,683.2222222222222,-0.1648858898780585,-1.7966193585298835,214208.3950617284,1130.0,158.75,971.25,6435,60,1096,752.0,643.5,-0.1643343071999994,-1.805204345632756,217711.05,1096.0,136.75,959.25,1634046405.025419,0.0005578994750976,27.164774894714352
8115,0,1,0,0,3,2,277,2211110130,311,64,297,17,59861,29483,4,0,0,43,15,2211110130,17,59861,11123,12609,94,1150,442.0,663.6315789473684,-0.0609673332838519,-1.810486173068339,209842.54847645428,1130.0,202.5,927.5,6712,60,1096,408.0,610.1818181818181,0.0133753281720961,-1.8120716472929197,209020.14876033057,1096.0,168.5,927.5,1634046405.025419,0.0,27.164774894714352
8116,0,1,0,0,2,3,60,3232270721,94,47,80,17,29483,59861,4,0,0,43,15,2211110130,17,59861,11123,12703,94,1150,442.0,635.15,0.0358122112772001,-1.8208882419224373,214763.2275,1130.0,94.0,1036.0,6772,60,1096,387.5,564.3333333333334,0.170091455496746,-1.7940655906141676,214724.72222222225,1096.0,60.0,1036.0,1634046405.025723,0.0003039836883544,27.165078878402706
8117,0,1,0,0,2,3,60,3232270721,94,47,80,17,29483,59861,4,0,0,43,15,2211110130,17,59861,11123,94,94,94,94.0,94.0,0.0,-3.0,0.0,94.0,94.0,0.0,6832,60,1096,367.0,525.5384615384615,0.3080633093485922,-1.7352660830173423,216267.9408284024,1096.0,60.0,1036.0,1634046405.045533,0.0198099613189697,27.184888839721676
8118,0,1,0,0,3,2,1096,2211110130,1130,64,1116,17,59861,29483,4,0,0,43,15,2211110130,17,59861,11123,1224,94,1130,612.0,612.0,0.0,-2.0,268324.0,871.0,353.0,518.0,7928,60,1096,387.5,566.2857142857143,0.1408743312915258,-1.830125767885876,222404.63265306124,1096.0,60.0,1036.0,1634046405.047866,0.0023331642150878,27.187222003936764
8119,0,1,0,0,3,2,1096,2211110130,1130,64,1116,17,59861,29483,4,0,0,43,15,2211110130,17,59861,11123,2354,94,1130,1130.0,784.6666666666666,-0.7071067811865472,-1.5,238510.22222222225,1130.0,612.0,518.0,9024,60,1096,408.0,601.6,-0.0017365085254376,-1.8626274839019168,225037.04,1096.0,60.0,1036.0,1634046405.047866,0.0,27.187222003936764
8120,0,1,0,0,3,2,1096,2211110130,1130,64,1116,17,59861,29483,4,0,0,43,15,2211110130,17,59861,11123,3484,94,1130,1130.0,871.0,-1.1547005383792517,-0.6666666666666665,201243.0,1130.0,871.0,259.0,10120,60,1096,752.0,632.5,-0.1265720192152097,-1.8550657842010272,225294.375,1096.0,60.0,1036.0,1634046405.047866,0.0,27.187222003936764
8121,0,1,0,0,3,2,1096,2211110130,1130,64,1116,17,59861,29483,4,0,0,43,15,2211110130,17,59861,11123,4614,94,1130,1130.0,922.8,-1.5000000000000004,0.2500000000000004,171727.35999999996,1130.0,1130.0,0.0,11216,60,1096,1096.0,659.7647058823529,-0.2379768916921527,-1.8202436357099596,223935.5916955017,1096.0,60.0,1036.0,1634046405.048496,0.0006299018859863,27.18785190582275
8122,0,1,0,0,3,2,1096,2211110130,1130,64,1116,17,59861,29483,4,0,0,43,15,2211110130,17,59861,11123,5744,94,1130,1130.0,957.3333333333334,-1.7888543819998324,1.2000000000000002,149068.88888888888,1130.0,1130.0,0.0,12312,60,1096,1096.0,684.0,-0.3388845080763574,-1.766035802767743,221479.66666666663,1096.0,114.25,981.75,1634046405.048496,0.0,27.18785190582275
8123,0,1,0,0,3,2,702,2211110130,736,64,722,17,59861,29483,4,0,0,43,15,2211110130,17,59861,11123,6480,94,1130,1130.0,925.7142857142856,-1.5753494298404094,0.8999056057570942,133771.91836734692,1130.0,933.0,197.0,13014,60,1096,1096.0,684.9473684210526,-0.3543317042796503,-1.694777120377487,209838.9972299169,1096.0,168.5,927.5,1634046405.048496,0.0,27.18785190582275
8124,0,1,0,0,3,2,52,2211110130,86,64,72,17,59861,29483,4,0,0,43,15,2211110130,17,59861,11123,6566,86,1130,1130.0,820.75,-0.9251095753570938,-0.9571077783316332,194172.9375,1130.0,575.5,554.5,13066,52,1096,899.0,653.3,-0.2378307611248359,-1.778784791378574,218376.61,1096.0,60.0,1036.0,1634046405.060801,0.0123050212860107,27.20015692710876
8125,0,1,0,0,2,3,60,3232270721,94,47,80,17,29483,59861,4,0,0,43,15,2211110130,17,59861,11123,6660,86,1130,1130.0,740.0,-0.5446208274733545,-1.5771517474678751,224762.66666666663,1130.0,94.0,1036.0,60,60,60,60.0,60.0,0.0,-3.0,0.0,60.0,60.0,0.0,1634046405.062449,0.00164794921875,27.20180487632751
8126,0,1,0,0,2,3,52,3232270721,86,47,72,17,29483,59861,4,0,0,43,15,2211110130,17,59861,11123,6746,86,1130,933.0,674.6,-0.2766155091029553,-1.822968982574136,240780.84000000003,1130.0,94.0,1036.0,112,52,60,56.0,56.0,0.0,-2.0,16.0,58.0,54.0,4.0,1634046405.062505,5.602836608886719e-05,27.2018609046936
8127,0,1,0,0,3,2,408,2211110130,442,64,428,17,59861,29483,4,0,0,43,15,2211110130,17,59861,11123,7188,86,1130,736.0,653.4545454545455,-0.1579720801255415,-1.7915362005579658,223362.9752066116,1130.0,94.0,1036.0,520,52,408,60.0,173.33333333333334,0.705874768647165,-1.5,27544.888888888887,234.0,56.0,178.0,1634046405.070538,0.0080330371856689,27.20989394187927
8128,0,1,0,0,3,2,1096,2211110130,1130,64,1116,17,59861,29483,4,0,0,43,15,2211110130,17,59861,11123,8318,86,1130,933.0,693.1666666666666,-0.3132812508545283,-1.7295091381354573,222096.97222222225,1130.0,94.0,1036.0,1616,52,1096,234.0,404.0,0.8068770070569964,-1.010312693087089,180280.0,580.0,58.0,522.0,1634046405.070538,0.0,27.20989394187927
8129,0,1,0,0,3,2,1096,2211110130,1130,64,1116,17,59861,29483,4,0,0,43,15,2211110130,17,59861,11123,9448,86,1130,1130.0,726.7692307692307,-0.44947221108787,-1.6321601580147624,218562.1775147929,1130.0,94.0,1036.0,2712,52,1096,408.0,542.4,0.2056277821717038,-1.769079447190631,220842.24,1096.0,60.0,1036.0,1634046405.071246,0.0007078647613525,27.21060180664062
8130,0,1,0,0,3,2,1096,2211110130,1130,64,1116,17,59861,29483,4,0,0,43,15,2211110130,17,59861,11123,10578,86,1130,1130.0,755.5714285714286,-0.5713341116899545,-1.511432584828736,213734.95918367343,1130.0,181.0,949.0,3808,52,1096,752.0,634.6666666666666,-0.1617496194897335,-1.8222586973094632,226600.88888888888,1096.0,147.0,949.0,1634046405.071246,0.0,27.21060180664062
8131,0,1,0,0,3,2,922,2211110130,956,64,942,17,59861,29483,4,0,0,43,15,2211110130,17,59861,11123,11534,86,1130,1130.0,768.9333333333333,-0.6637494457038164,-1.3680675117304038,201985.5288888889,1130.0,268.0,862.0,4730,52,1096,922.0,675.7142857142857,-0.3983826051665861,-1.6400823815639896,204338.77551020408,1096.0,234.0,862.0,1634046405.071246,0.0,27.21060180664062
8132,0,1,0,0,2,3,60,3232270721,94,47,80,17,29483,59861,4,0,0,43,15,2211110130,17,59861,11123,11628,86,1130,1043.0,726.75,-0.4808319730940282,-1.6089952022725578,216052.9375,1130.0,94.0,1036.0,4790,52,1096,665.0,598.75,-0.0973498231836713,-1.83152988952853,220260.9375,1096.0,60.0,1036.0,1634046405.07837,0.0071241855621337,27.217725992202755
8133,0,1,0,0,3,2,56,2211110130,90,64,76,17,59861,29483,4,0,0,43,15,2211110130,17,59861,11123,11718,86,1130,956.0,689.2941176470588,-0.3281688063053385,-1.7524257257435305,225791.0311418685,1130.0,94.0,1036.0,4846,52,1096,408.0,538.4444444444445,0.1331015959592021,-1.8425353356293532,224881.5802469136,1096.0,60.0,1036.0,1634046405.092991,0.0146210193634033,27.23234701156616
8134,0,1,0,0,3,2,408,2211110130,442,64,428,17,59861,29483,4,0,0,43,15,2211110130,17,59861,11123,12160,86,1130,846.0,675.5555555555555,-0.2499306439280444,-1.7482318664825591,216455.80246913584,1130.0,94.0,1036.0,5254,52,1096,408.0,525.4,0.2229963584490281,-1.7117165450691612,203924.84000000003,1052.5,60.0,992.5,1634046405.097404,0.0044128894805908,27.23675990104675
8135,0,1,0,0,2,3,56,3232270721,90,47,76,17,29483,59861,4,0,0,43,15,2211110130,17,59861,11123,12250,86,1130,736.0,644.7368421052631,-0.1321945645218028,-1.8091028963901303,222159.66759002773,1130.0,94.0,1036.0,5310,52,1096,408.0,482.7272727272728,0.3854307098623064,-1.6265104945373892,203595.83471074377,1009.0,58.0,951.0,1634046405.113639,0.0162351131439209,27.25299501419067
8136,0,1,0,0,2,3,60,3232270721,94,47,80,17,29483,59861,4,0,0,43,15,2211110130,17,59861,11123,12344,86,1130,589.0,617.2,-0.0266814582939991,-1.837405181254722,225458.96,1130.0,94.0,1036.0,5370,52,1096,234.0,447.5,0.5285225023803546,-1.5033970728121202,200280.0833333333,965.5,59.0,906.5,1634046405.113693,5.3882598876953125e-05,27.253048896789547
8137,0,1,0,0,3,2,1096,2211110130,1130,64,1116,17,59861,29483,4,0,0,43,15,2211110130,17,59861,11123,1130,1130,1130,1130.0,1130.0,0.0,-3.0,0.0,1130.0,1130.0,0.0,6466,52,1096,408.0,497.38461538461536,0.3260734555147599,-1.7132843088520966,214735.6213017752,1096.0,60.0,1036.0,1634046405.11627,0.0025770664215087,27.255625963211056
8138,0,1,0,0,3,2,1096,2211110130,1130,64,1116,17,59861,29483,4,0,0,43,15,2211110130,17,59861,11123,2260,1130,1130,1130.0,1130.0,0.0,-3.0,0.0,1130.0,1130.0,0.0,7562,52,1096,408.0,540.1428571428571,0.1588500432886942,-1.816312951271048,223164.83673469388,1096.0,60.0,1036.0,1634046405.11627,0.0,27.255625963211056
8139,0,1,0,0,3,2,1096,2211110130,1130,64,1116,17,59861,29483,4,0,0,43,15,2211110130,17,59861,11123,3390,1130,1130,1130.0,1130.0,0.0,-3.0,0.0,1130.0,1130.0,0.0,8658,52,1096,408.0,577.2,0.0159987646094388,-1.855311754597287,227512.42666666667,1096.0,60.0,1036.0,1634046405.117784,0.0015139579772949,27.25713992118835
8140,0,1,0,0,3,2,1096,2211110130,1130,64,1116,17,59861,29483,4,0,0,43,15,2211110130,17,59861,11123,4520,1130,1130,1130.0,1130.0,0.0,-3.0,0.0,1130.0,1130.0,0.0,9754,52,1096,665.0,609.625,-0.1091047748466343,-1.8530420803024137,229063.609375,1096.0,60.0,1036.0,1634046405.117784,0.0,27.25713992118835
8141,0,1,0,0,3,2,1116,2211110130,1150,64,1136,17,59861,29483,4,0,0,43,15,2211110130,17,59861,11123,5670,1130,1150,1130.0,1134.0,1.5,0.25,64.0,1130.0,1130.0,0.0,10870,52,1116,922.0,639.4117647058823,-0.2195194104216573,-1.8226519383987505,229785.3010380623,1096.0,60.0,1036.0,1634046405.124706,0.0069220066070556,27.264061927795407
8142,0,1,0,0,3,2,1096,2211110130,1130,64,1116,17,59861,29483,4,0,0,43,15,2211110130,17,59861,11123,6800,1130,1150,1130.0,1133.3333333333333,1.788854381999862,1.200000000000072,55.55555555555557,1130.0,1130.0,0.0,11966,52,1116,1009.0,664.7777777777778,-0.3207694754976872,-1.772472524322083,227957.83950617287,1096.0,60.0,1036.0,1634046405.124706,0.0,27.264061927795407
8143,0,1,0,0,3,2,725,2211110130,759,64,745,17,59861,29483,4,0,0,43,15,2211110130,17,59861,11123,7559,759,1150,1130.0,1079.857142857143,-2.0291070317382847,2.141363849562503,17205.836734693876,1130.0,1130.0,0.0,12691,52,1116,922.0,667.9473684210526,-0.3494846783528215,-1.6971771800094635,216140.891966759,1096.0,60.0,1036.0,1634046405.125347,0.000640869140625,27.26470279693603
8144,0,1,0,0,3,2,60,2211110130,94,64,80,17,59861,29483,4,0,0,43,15,2211110130,17,59861,11123,7653,94,1150,1130.0,956.625,-1.822292798417978,1.7627438983288304,121358.234375,1130.0,1037.25,92.75,12751,52,1116,823.5,637.55,-0.2303868379621054,-1.7828766582150335,222889.8475,1096.0,60.0,1036.0,1634046405.133816,0.0084691047668457,27.273171901702877
8145,0,1,0,0,3,2,408,2211110130,442,64,428,17,59861,29483,4,0,0,43,15,2211110130,17,59861,11123,8095,94,1150,1130.0,899.4444444444445,-1.2318502943881888,-0.0119090730690754,134030.9135802469,1130.0,759.0,371.0,408,408,408,408.0,408.0,0.0,-3.0,0.0,408.0,408.0,0.0,1634046405.133816,0.0,27.273171901702877
8146,0,1,0,0,2,3,60,3232270721,94,47,80,17,29483,59861,4,0,0,43,15,2211110130,17,59861,11123,8189,94,1150,1130.0,818.9,-0.8301318877481946,-1.030019467836203,179014.49000000002,1130.0,521.25,608.75,468,60,408,234.0,234.0,0.0,-2.0,30276.0,321.0,147.0,174.0,1634046405.137613,0.0037970542907714,27.27696895599365
8147,0,1,0,0,3,2,1096,2211110130,1130,64,1116,17,59861,29483,4,0,0,43,15,2211110130,17,59861,11123,9319,94,1150,1130.0,847.1818181818181,-0.97704827760357,-0.7627222707835033,170739.0578512397,1130.0,600.5,529.5,1564,60,1096,408.0,521.3333333333334,0.3766675336035382,-1.5000000000000004,185304.8888888889,752.0,234.0,518.0,1634046405.147454,0.009840965270996,27.286809921264645
8148,0,1,0,0,3,2,1096,2211110130,1130,64,1116,17,59861,29483,4,0,0,43,15,2211110130,17,59861,11123,10449,94,1150,1130.0,870.75,-1.1103086538313267,-0.480074318818056,162620.85416666666,1130.0,679.75,450.25,2660,60,1096,752.0,665.0,-0.2173703793443629,-1.715628269693377,200899.0,1096.0,321.0,775.0,1634046405.147454,0.0,27.286809921264645
8149,0,1,0,0,3,2,1096,2211110130,1130,64,1116,17,59861,29483,4,0,0,43,15,2211110130,17,59861,11123,11579,94,1150,1130.0,890.6923076923077,-1.232805788677372,-0.1867699659717594,154883.90532544375,1130.0,759.0,371.0,3756,60,1096,1096.0,751.2,-0.5960310217014525,-1.4309581812273606,190440.96,1096.0,408.0,688.0,1634046405.147454,0.0,27.286809921264645
8150,0,1,0,0,3,2,951,2211110130,985,64,971,17,59861,29483,4,0,0,43,15,2211110130,17,59861,11123,12564,94,1150,1130.0,897.4285714285714,-1.3236049481848893,0.0971676181920546,144410.67346938775,1130.0,815.5,314.5,4707,60,1096,1023.5,784.5,-0.8472239860471094,-0.9943763228973252,164245.25,1096.0,543.75,552.25,1634046405.148115,0.0006608963012695,27.287470817565914
8151,0,1,0,0,2,3,60,3232270721,94,47,80,17,29483,59861,4,0,0,43,15,2211110130,17,59861,11123,12658,94,1150,1130.0,843.8666666666667,-1.0126876166353955,-0.7401836622721856,174947.5822222222,1130.0,600.5,529.5,4767,60,1096,951.0,681.0,-0.4080232369396168,-1.6501992104212166,205055.14285714287,1096.0,234.0,862.0,1634046405.16645,0.0183351039886474,27.305805921554562
8152,0,1,0,0,2,3,60,3232270721,94,47,80,17,29483,59861,4,0,0,43,15,2211110130,17,59861,11123,12752,94,1150,1130.0,797.0,-0.7782643998386888,-1.2149032042904455,196960.625,1130.0,355.0,775.0,4827,60,1096,679.5,603.375,-0.1055713829101867,-1.843693750495914,221602.734375,1096.0,60.0,1036.0,1634046405.182705,0.0162549018859863,27.322060823440548
8153,0,1,0,0,3,2,1096,2211110130,1130,64,1116,17,59861,29483,4,0,0,43,15,2211110130,17,59861,11123,13882,94,1150,1130.0,816.5882352941177,-0.8724078487609551,-1.0590913201589602,191513.8892733564,1130.0,442.0,688.0,5923,60,1096,951.0,658.1111111111111,-0.3172784957534943,-1.7657935146188355,220948.5432098765,1096.0,60.0,1036.0,1634046405.183103,0.0003981590270996,27.322458982467648
8154,0,1,0,0,3,2,1096,2211110130,1130,64,1116,17,59861,29483,4,0,0,43,15,2211110130,17,59861,11123,15012,94,1150,1130.0,834.0,-0.9605122142056918,-0.8964041243735252,186028.11111111112,1130.0,521.25,608.75,7019,60,1096,1023.5,701.9,-0.4950364103009785,-1.6269999339727166,216110.89,1096.0,147.0,949.0,1634046405.183103,0.0,27.322458982467648
8155,0,1,0,0,3,2,1096,2211110130,1130,64,1116,17,59861,29483,4,0,0,43,15,2211110130,17,59861,11123,16142,94,1150,1130.0,849.578947368421,-1.0434846052424926,-0.7283285758384297,180605.82271468145,1130.0,600.5,529.5,8115,60,1096,1096.0,737.7272727272727,-0.6494802734779516,-1.4525917919088918,209300.38016528924,1096.0,234.0,862.0,1634046405.183103,0.0,27.322458982467648
8156,0,1,0,0,3,2,1096,2211110130,1130,64,1116,17,59861,29483,4,0,0,43,15,2211110130,17,59861,11123,17272,94,1150,1130.0,863.6,-1.1220380195088968,-0.555952471777617,175310.74,1130.0,679.75,450.25,9211,60,1096,1096.0,767.5833333333334,-0.7869210891911618,-1.2555901564235603,201663.90972222225,1096.0,321.0,775.0,1634046405.183818,0.0007150173187255,27.323173999786373
8157,0,1,0,0,3,2,1096,2211110130,1130,64,1116,17,59861,29483,4,0,0,43,15,2211110130,17,59861,11123,1130,1130,1130,1130.0,1130.0,0.0,-3.0,0.0,1130.0,1130.0,0.0,10307,60,1096,1096.0,792.8461538461538,-0.9113951887042644,-1.0433690102315596,193809.8224852071,1096.0,408.0,688.0,1634046405.183818,0.0,27.323173999786373
8158,0,1,0,0,3,2,412,2211110130,446,64,432,17,59861,29483,4,0,0,43,15,2211110130,17,59861,11123,1576,446,1130,788.0,788.0,0.0,-2.0,116964.0,959.0,617.0,342.0,10719,60,1096,1096.0,765.6428571428571,-0.7348552050944839,-1.2665528286088916,189586.51530612243,1096.0,409.0,687.0,1634046405.184762,0.000943899154663,27.324117898941036
8159,0,1,0,0,3,2,408,2211110130,442,64,428,17,59861,29483,4,0,0,43,15,2211110130,17,59861,11123,2018,442,1130,446.0,672.6666666666666,0.7070256449532154,-1.4999999999999991,104579.55555555556,788.0,444.0,344.0,11127,60,1096,1096.0,741.8,-0.5839124564592447,-1.4152366468647233,184906.16000000003,1096.0,408.0,688.0,1634046405.184762,0.0,27.324117898941036
8160,0,1,0,0,2,3,60,3232270721,94,47,80,17,29483,59861,4,0,0,43,15,2211110130,17,59861,11123,2112,94,1130,444.0,528.0,0.6370584485862095,-0.9076140114787838,141220.0,617.0,355.0,262.0,11187,60,1096,1023.5,699.1875,-0.4186963112088492,-1.6155765424581074,200586.90234375,1096.0,321.0,775.0,1634046405.198055,0.0132930278778076,27.337410926818844
8161,0,1,0,0,3,2,1096,2211110130,1130,64,1116,17,59861,29483,4,0,0,43,15,2211110130,17,59861,11123,3242,94,1130,446.0,648.4,0.101626887780285,-1.5934238757276455,170960.64,1130.0,442.0,688.0,12283,60,1096,1096.0,722.5294117647059,-0.519165587922188,-1.5261336812704458,197505.1903114187,1096.0,408.0,688.0,1634046405.214825,0.0167698860168457,27.35418081283569
8162,0,1,0,0,3,2,1096,2211110130,1130,64,1116,17,59861,29483,4,0,0,43,15,2211110130,17,59861,11123,4372,94,1130,788.0,728.6666666666666,-0.2462329766834827,-1.6169160415671229,174680.8888888889,1130.0,443.0,687.0,13379,60,1096,1096.0,743.2777777777778,-0.6118238468401113,-1.424281813970397,193851.0895061728,1096.0,408.0,688.0,1634046405.214825,0.0,27.35418081283569
8163,0,1,0,0,3,2,1096,2211110130,1130,64,1116,17,59861,29483,4,0,0,43,15,2211110130,17,59861,11123,5502,94,1130,1130.0,786.0,-0.5090560895750704,-1.4442537022566415,169449.14285714287,1130.0,444.0,686.0,14475,60,1096,1096.0,761.8421052631579,-0.6980087220616548,-1.3129953624059172,189851.81717451525,1096.0,408.0,688.0,1634046405.216396,0.0015711784362792,27.35575199127197
8164,0,1,0,0,3,2,1037,2211110130,1071,64,1057,17,59861,29483,4,0,0,43,15,2211110130,17,59861,11123,6573,94,1130,1100.5,821.625,-0.7225912880643803,-1.1727291673083196,157151.984375,1130.0,445.0,685.0,15512,60,1096,1096.0,775.6,-0.7783062516824231,-1.1908017664797272,183955.54000000004,1096.0,408.0,688.0,1634046405.216396,0.0,27.35575199127197
8165,0,1,0,0,3,2,408,2211110130,442,64,428,17,59861,29483,4,0,0,43,15,2211110130,17,59861,11123,7015,94,1130,1071.0,779.4444444444445,-0.439493161489755,-1.4680158266481176,153924.24691358022,1130.0,442.0,688.0,408,408,408,408.0,408.0,0.0,-3.0,0.0,408.0,408.0,0.0,1634046405.228461,0.0120649337768554,27.367816925048825
8166,0,1,0,0,2,3,60,3232270721,94,47,80,17,29483,59861,4,0,0,43,15,2211110130,17,59861,11123,7109,94,1130,758.5,710.9,-0.2417430715828533,-1.6381287462155183,180816.89,1130.0,442.0,688.0,468,60,408,234.0,234.0,0.0,-2.0,30276.0,321.0,147.0,174.0,1634046405.233862,0.0054008960723876,27.373217821121212
8167,0,1,0,0,2,3,52,3232270721,86,48,72,17,10001,59861,4,0,0,43,15,2211110130,17,59861,11123,7195,86,1130,446.0,654.0909090909091,-0.0617295969211505,-1.725187985757045,196651.71900826448,1130.0,268.0,862.0,520,52,408,60.0,173.33333333333334,0.7058747686471649,-1.5000000000000009,27544.88888888889,234.0,56.0,178.0,1634046405.243886,0.010024070739746,27.38324189186096
8168,0,1,0,0,3,2,60,2211110130,94,64,80,17,59861,29483,4,0,0,43,15,2211110130,17,59861,11123,7289,86,1130,444.0,607.4166666666666,0.0988343664333929,-1.7431757160237098,204227.40972222216,1130.0,94.0,1036.0,580,52,408,60.0,145.0,1.153090823479084,-0.6678805445104996,23067.0,147.0,58.0,89.0,1634046405.257161,0.0132749080657958,27.396516799926754
8169,0,1,0,0,3,2,1096,2211110130,1130,64,1116,17,59861,29483,4,0,0,43,15,2211110130,17,59861,11123,8419,86,1130,446.0,647.6153846153846,-0.0605470015661927,-1.77320012520606,207908.8520710059,1130.0,94.0,1036.0,1676,52,1096,60.0,335.2,1.142121382070315,-0.3481986872288898,163157.75999999995,408.0,60.0,348.0,1634046405.258292,0.0011310577392578,27.397647857666012
8170,0,1,0,0,3,2,1104,2211110130,1138,64,1124,17,59861,29483,4,0,0,43,15,2211110130,17,59861,11123,9557,86,1138,758.5,682.6428571428571,-0.1979279485881846,-1.7528213481741457,209008.22959183672,1130.0,181.0,949.0,2780,52,1104,234.0,463.3333333333333,0.5159352465045549,-1.5619843848402126,218055.5555555556,924.0,60.0,864.0,1634046405.259665,0.0013730525970458,27.399020910263058
8171,0,1,0,0,3,2,1096,2211110130,1130,64,1116,17,59861,29483,4,0,0,43,15,2211110130,17,59861,11123,10687,86,1138,1071.0,712.4666666666667,-0.3202639831362644,-1.6991569160734312,207526.78222222225,1130.0,268.0,862.0,3876,52,1104,408.0,553.7142857142857,0.1440003653993034,-1.851894702988236,235917.0612244898,1096.0,60.0,1036.0,1634046405.259665,0.0,27.399020910263058
8172,0,1,0,0,3,2,1096,2211110130,1130,64,1116,17,59861,29483,4,0,0,43,15,2211110130,17,59861,11123,11817,86,1138,1100.5,738.5625,-0.4304283736414345,-1.6227926481134298,204771.24609375,1130.0,355.0,775.0,4972,52,1104,752.0,621.5,-0.1240639429683278,-1.874964661017401,238591.75,1096.0,60.0,1036.0,1634046405.260352,0.0006868839263916,27.39970779418945
8173,0,1,0,0,3,2,1096,2211110130,1130,64,1116,17,59861,29483,4,0,0,43,15,2211110130,17,59861,11123,12947,86,1138,1130.0,761.5882352941177,-0.5309569700143588,-1.5301842566118995,201208.83044982704,1130.0,442.0,688.0,6068,52,1104,1096.0,674.2222222222222,-0.3366943787011046,-1.785207152276708,234318.61728395065,1096.0,60.0,1036.0,1634046405.261434,0.0010821819305419,27.40078997611999
8174,0,1,0,0,3,2,208,2211110130,242,64,228,17,59861,29483,4,0,0,43,15,2211110130,17,59861,11123,13189,86,1138,1100.5,732.7222222222222,-0.3830537748346522,-1.6774213131564135,204195.7561728395,1130.0,292.0,838.0,6276,52,1104,752.0,627.6,-0.1100189676895622,-1.880121770690548,230449.44000000003,1096.0,97.0,999.0,1634046405.261962,0.0005278587341308,27.401317834854122
8175,0,1,0,0,3,2,1116,2211110130,1150,64,1136,17,59861,29483,4,0,0,43,15,2211110130,17,59861,11123,14339,86,1150,1130.0,754.6842105263158,-0.4730526126780508,-1.6041308668668648,202130.5318559557,1130.0,342.0,788.0,7392,52,1116,1096.0,672.0,-0.2833320798429508,-1.8190364222382092,229213.0909090909,1096.0,134.0,962.0,1634046405.266824,0.0048620700836181,27.40617990493774
8176,0,1,0,0,2,3,52,3232270721,86,47,72,17,29483,59861,4,0,0,43,15,2211110130,17,59861,11123,14425,86,1150,1100.5,721.25,-0.3488935094096584,-1.7214739084718274,213263.0875,1130.0,205.0,925.0,7444,52,1116,752.0,620.3333333333334,-0.0947635118669503,-1.900559744116662,239475.88888888896,1096.0,60.0,1036.0,1634046405.268229,0.0014050006866455,27.407584905624386
8177,0,1,0,0,3,2,56,2211110130,90,64,76,17,59861,29483,4,0,0,43,15,2211110130,17,59861,11123,90,90,90,90.0,90.0,0.0,-3.0,0.0,90.0,90.0,0.0,7500,52,1116,408.0,576.9230769230769,0.0643391960639094,-1.9121797309930195,243668.07100591715,1096.0,60.0,1036.0,1634046405.276821,0.008591890335083,27.41617679595947
8178,0,1,0,0,3,2,408,2211110130,442,64,428,17,59861,29483,4,0,0,43,15,2211110130,17,59861,11123,532,90,442,266.0,266.0,0.0,-2.0,30976.0,354.0,178.0,176.0,7908,52,1116,408.0,564.8571428571429,0.138577746090871,-1.8365660301413875,228155.8367346939,1096.0,60.0,1036.0,1634046405.276821,0.0,27.41617679595947
8179,0,1,0,0,2,3,60,3232270721,94,47,80,17,29483,59861,4,0,0,43,15,2211110130,17,59861,11123,626,90,442,94.0,208.66666666666663,0.7067951202245192,-1.4999999999999996,27224.888888888887,268.0,92.0,176.0,7968,52,1116,408.0,531.2,0.2618449207350177,-1.793583667876283,228804.69333333336,1096.0,60.0,1036.0,1634046405.287038,0.0102171897888183,27.426393985748287
8180,0,1,0,0,3,2,408,2211110130,442,64,428,17,59861,29483,4,0,0,43,15,2211110130,17,59861,11123,1068,90,442,268.0,267.0,-0.0001958991769101,-1.9997388053616465,30627.0,442.0,93.0,349.0,8376,52,1116,408.0,523.5,0.3173677220464851,-1.7040400359765082,215393.75,1096.0,60.0,1036.0,1634046405.30193,0.0148918628692626,27.44128584861755
8181,0,1,0,0,3,2,1096,2211110130,1130,64,1116,17,59861,29483,4,0,0,43,15,2211110130,17,59861,11123,2198,90,1130,442.0,439.6,0.9001251093778908,-0.515439305024437,143664.63999999998,442.0,94.0,348.0,9472,52,1116,408.0,557.1764705882352,0.1786563476680904,-1.7925076567170912,220869.20415224912,1096.0,60.0,1036.0,1634046405.30193,0.0,27.44128584861755
8182,0,1,0,0,3,2,1096,2211110130,1130,64,1116,17,59861,29483,4,0,0,43,15,2211110130,17,59861,11123,3328,90,1130,442.0,554.6666666666666,0.3740756512557918,-1.4999719732511163,185922.22222222225,958.0,181.0,777.0,10568,52,1116,408.0,587.1111111111111,0.0573918074699208,-1.8346744088313167,223832.0987654321,1096.0,60.0,1036.0,1634046405.302386,0.0004560947418212,27.44174194335937
8183,0,1,0,0,3,2,1096,2211110130,1130,64,1116,17,59861,29483,4,0,0,43,15,2211110130,17,59861,11123,4458,90,1130,442.0,636.8571428571429,0.0343176113255732,-1.725127895524559,199893.5510204081,1130.0,268.0,862.0,11664,52,1116,408.0,613.8947368421053,-0.0506219375719696,-1.8450523834734684,224963.9889196676,1096.0,60.0,1036.0,1634046405.307885,0.0054988861083984,27.44724082946777
8184,0,1,0,0,3,2,1096,2211110130,1130,64,1116,17,59861,29483,4,0,0,43,15,2211110130,17,59861,11123,5588,90,1130,786.0,698.5,-0.2191577607373009,-1.713319146228024,201505.75,1130.0,355.0,775.0,12760,52,1116,752.0,638.0,-0.148245884983843,-1.8326652837490431,224756.0,1096.0,60.0,1036.0,1634046405.307885,0.0,27.44724082946777
8185,0,1,0,0,3,2,1096,2211110130,1130,64,1116,17,59861,29483,4,0,0,43,15,2211110130,17,59861,11123,6718,90,1130,1130.0,746.4444444444445,-0.4239540165663519,-1.597758189462832,197505.5802469136,1130.0,442.0,688.0,1096,1096,1096,1096.0,1096.0,0.0,-3.0,0.0,1096.0,1096.0,0.0,1634046405.307885,0.0,27.44724082946777
8186,0,1,0,0,3,2,1096,2211110130,1130,64,1116,17,59861,29483,4,0,0,43,15,2211110130,17,59861,11123,7848,90,1130,1130.0,784.8,-0.597600167584861,-1.4276366101614522,190995.36,1130.0,442.0,688.0,2192,1096,1096,1096.0,1096.0,0.0,-3.0,0.0,1096.0,1096.0,0.0,1634046405.307885,0.0,27.44724082946777
8187,0,1,0,0,3,2,1096,2211110130,1130,64,1116,17,59861,29483,4,0,0,43,15,2211110130,17,59861,11123,8978,90,1130,1130.0,816.1818181818181,-0.749589939080441,-1.2253076732626045,183480.3305785124,1130.0,442.0,688.0,3288,1096,1096,1096.0,1096.0,0.0,-3.0,0.0,1096.0,1096.0,0.0,1634046405.307885,0.0,27.44724082946777
8188,0,1,0,0,3,2,1096,2211110130,1130,64,1116,17,59861,29483,4,0,0,43,15,2211110130,17,59861,11123,10108,90,1130,1130.0,842.3333333333334,-0.885621702097955,-1.002385483665081,175713.22222222222,1130.0,442.0,688.0,4384,1096,1096,1096.0,1096.0,0.0,-3.0,0.0,1096.0,1096.0,0.0,1634046405.308486,0.000601053237915,27.447841882705685
8189,0,1,0,0,3,2,1096,2211110130,1130,64,1116,17,59861,29483,4,0,0,43,15,2211110130,17,59861,11123,11238,90,1130,1130.0,864.4615384615385,-1.0093790622600367,-0.7655007645617191,168072.71005917157,1130.0,442.0,688.0,5480,1096,1096,1096.0,1096.0,0.0,-3.0,0.0,1096.0,1096.0,0.0,1634046405.308486,0.0,27.447841882705685
8190,0,1,0,0,3,2,1096,2211110130,1130,64,1116,17,59861,29483,4,0,0,43,15,2211110130,17,59861,11123,12368,90,1130,1130.0,883.4285714285714,-1.1233801200544402,-0.5187141247681342,160744.2448979592,1130.0,614.0,516.0,6576,1096,1096,1096.0,1096.0,0.0,-3.0,0.0,1096.0,1096.0,0.0,1634046405.308486,0.0,27.447841882705685
8191,0,1,0,0,3,2,1096,2211110130,1130,64,1116,17,59861,29483,4,0,0,43,15,2211110130,17,59861,11123,13498,90,1130,1130.0,899.8666666666667,-1.2294229389979885,-0.2646510565551265,153810.91555555555,1130.0,786.0,344.0,7672,1096,1096,1096.0,1096.0,0.0,-3.0,0.0,1096.0,1096.0,0.0,1634046405.309186,0.0006999969482421,27.448541879653927
8192,0,1,0,0,3,2,1096,2211110130,1130,64,1116,17,59861,29483,4,0,0,43,15,2211110130,17,59861,11123,14628,90,1130,1130.0,914.25,-1.3288370577798625,-0.0050843702153344,147300.9375,1130.0,958.0,172.0,8768,1096,1096,1096.0,1096.0,0.0,-3.0,0.0,1096.0,1096.0,0.0,1634046405.309186,0.0,27.448541879653927
8193,0,1,0,0,3,2,1096,2211110130,1130,64,1116,17,59861,29483,4,0,0,43,15,2211110130,17,59861,11123,15758,90,1130,1130.0,926.9411764705884,-1.422634072349808,0.2587456898970868,141213.23183391002,1130.0,1130.0,0.0,9864,1096,1096,1096.0,1096.0,0.0,-3.0,0.0,1096.0,1096.0,0.0,1634046405.309186,0.0,27.448541879653927
8194,0,1,0,0,3,2,1096,2211110130,1130,64,1116,17,59861,29483,4,0,0,43,15,2211110130,17,59861,11123,16888,90,1130,1130.0,938.2222222222222,-1.5116022084867116,0.5259454546337814,135531.50617283952,1130.0,1130.0,0.0,10960,1096,1096,1096.0,1096.0,0.0,-3.0,0.0,1096.0,1096.0,0.0,1634046405.309811,0.0006251335144042,27.44916701316833
8195,0,1,0,0,3,2,1096,2211110130,1130,64,1116,17,59861,29483,4,0,0,43,15,2211110130,17,59861,11123,18018,90,1130,1130.0,948.3157894736842,-1.5963681278627335,0.79585468788328,130232.11080332407,1130.0,1130.0,0.0,12056,1096,1096,1096.0,1096.0,0.0,-3.0,0.0,1096.0,1096.0,0.0,1634046405.309811,0.0,27.44916701316833
8196,0,1,0,0,3,2,1096,2211110130,1130,64,1116,17,59861,29483,4,0,0,43,15,2211110130,17,59861,11123,19148,90,1130,1130.0,957.4,-1.6774387001429718,1.067975047223456,125288.43999999994,1130.0,1130.0,0.0,13152,1096,1096,1096.0,1096.0,0.0,-3.0,0.0,1096.0,1096.0,0.0,1634046405.309811,0.0,27.44916701316833
8197,0,1,0,0,3,2,1096,2211110130,1130,64,1116,17,59861,29483,4,0,0,43,15,2211110130,17,59861,11123,1130,1130,1130,1130.0,1130.0,0.0,-3.0,0.0,1130.0,1130.0,0.0,14248,1096,1096,1096.0,1096.0,0.0,-3.0,0.0,1096.0,1096.0,0.0,1634046405.31047,0.0006589889526367,27.449826002120968
8198,0,1,0,0,3,2,1096,2211110130,1130,64,1116,17,59861,29483,4,0,0,43,15,2211110130,17,59861,11123,2260,1130,1130,1130.0,1130.0,0.0,-3.0,0.0,1130.0,1130.0,0.0,15344,1096,1096,1096.0,1096.0,0.0,-3.0,0.0,1096.0,1096.0,0.0,1634046405.31047,0.0,27.449826002120968
8199,0,1,0,0,3,2,1096,2211110130,1130,64,1116,17,59861,29483,4,0,0,43,15,2211110130,17,59861,11123,3390,1130,1130,1130.0,1130.0,0.0,-3.0,0.0,1130.0,1130.0,0.0,16440,1096,1096,1096.0,1096.0,0.0,-3.0,0.0,1096.0,1096.0,0.0,1634046405.31047,0.0,27.449826002120968
8200,0,1,0,0,3,2,1096,2211110130,1130,64,1116,17,59861,29483,4,0,0,43,15,2211110130,17,59861,11123,4520,1130,1130,1130.0,1130.0,0.0,-3.0,0.0,1130.0,1130.0,0.0,17536,1096,1096,1096.0,1096.0,0.0,-3.0,0.0,1096.0,1096.0,0.0,1634046405.311151,0.000680923461914,27.450506925582882
8201,0,1,0,0,3,2,1096,2211110130,1130,64,1116,17,59861,29483,4,0,0,43,15,2211110130,17,59861,11123,5650,1130,1130,1130.0,1130.0,0.0,-3.0,0.0,1130.0,1130.0,0.0,18632,1096,1096,1096.0,1096.0,0.0,-3.0,0.0,1096.0,1096.0,0.0,1634046405.311151,0.0,27.450506925582882
8202,0,1,0,0,3,2,1096,2211110130,1130,64,1116,17,59861,29483,4,0,0,43,15,2211110130,17,59861,11123,6780,1130,1130,1130.0,1130.0,0.0,-3.0,0.0,1130.0,1130.0,0.0,19728,1096,1096,1096.0,1096.0,0.0,-3.0,0.0,1096.0,1096.0,0.0,1634046405.311151,0.0,27.450506925582882
8203,0,1,0,0,3,2,1096,2211110130,1130,64,1116,17,59861,29483,4,0,0,43,15,2211110130,17,59861,11123,7910,1130,1130,1130.0,1130.0,0.0,-3.0,0.0,1130.0,1130.0,0.0,20824,1096,1096,1096.0,1096.0,0.0,-3.0,0.0,1096.0,1096.0,0.0,1634046405.311763,0.0006120204925537,27.451118946075436
8204,0,1,0,0,3,2,1116,2211110130,1150,64,1136,17,59861,29483,4,0,0,43,15,2211110130,17,59861,11123,9060,1130,1150,1130.0,1132.5,2.2677868380553634,3.1428571428571432,43.75,1130.0,1130.0,0.0,21940,1096,1116,1096.0,1097.0,4.129483209670112,15.05263157894737,19.0,1096.0,1096.0,0.0,1634046405.311763,0.0,27.451118946075436
8205,0,1,0,0,3,2,1096,2211110130,1130,64,1116,17,59861,29483,4,0,0,43,15,2211110130,17,59861,11123,10190,1130,1150,1130.0,1132.2222222222222,2.4748737341529403,4.125000000000078,39.50617283950618,1130.0,1130.0,0.0,1096,1096,1096,1096.0,1096.0,0.0,-3.0,0.0,1096.0,1096.0,0.0,1634046405.311763,0.0,27.451118946075436
8206,0,1,0,0,3,2,1096,2211110130,1130,64,1116,17,59861,29483,4,0,0,43,15,2211110130,17,59861,11123,11320,1130,1150,1130.0,1132.0,2.6666666666666665,5.111111111111111,36.0,1130.0,1130.0,0.0,2192,1096,1096,1096.0,1096.0,0.0,-3.0,0.0,1096.0,1096.0,0.0,1634046405.312265,0.0005018711090087,27.451620817184445
8207,0,1,0,0,3,2,1096,2211110130,1130,64,1116,17,59861,29483,4,0,0,43,15,2211110130,17,59861,11123,12450,1130,1150,1130.0,1131.8181818181818,2.8460498941515744,6.100000000000124,33.05785123966942,1130.0,1130.0,0.0,3288,1096,1096,1096.0,1096.0,0.0,-3.0,0.0,1096.0,1096.0,0.0,1634046405.312265,0.0,27.451620817184445
8208,0,1,0,0,3,2,1096,2211110130,1130,64,1116,17,59861,29483,4,0,0,43,15,2211110130,17,59861,11123,13580,1130,1150,1130.0,1131.6666666666667,3.015113445777593,7.090909090908916,30.555555555555568,1130.0,1130.0,0.0,4384,1096,1096,1096.0,1096.0,0.0,-3.0,0.0,1096.0,1096.0,0.0,1634046405.312265,0.0,27.451620817184445
8209,0,1,0,0,3,2,1096,2211110130,1130,64,1116,17,59861,29483,4,0,0,43,15,2211110130,17,59861,11123,14710,1130,1150,1130.0,1131.5384615384614,3.1754264805429995,8.083333333333577,28.40236686390534,1130.0,1130.0,0.0,5480,1096,1096,1096.0,1096.0,0.0,-3.0,0.0,1096.0,1096.0,0.0,1634046405.312265,0.0,27.451620817184445
8210,0,1,0,0,3,2,1096,2211110130,1130,64,1116,17,59861,29483,4,0,0,43,15,2211110130,17,59861,11123,15840,1130,1150,1130.0,1131.428571428571,3.3282011773514317,9.07692307692333,26.530612244897952,1130.0,1130.0,0.0,6576,1096,1096,1096.0,1096.0,0.0,-3.0,0.0,1096.0,1096.0,0.0,1634046405.31279,0.0005249977111816,27.452145814895626
8211,0,1,0,0,3,2,1096,2211110130,1130,64,1116,17,59861,29483,4,0,0,43,15,2211110130,17,59861,11123,16970,1130,1150,1130.0,1131.3333333333333,3.474396144861561,10.071428571428772,24.888888888888903,1130.0,1130.0,0.0,7672,1096,1096,1096.0,1096.0,0.0,-3.0,0.0,1096.0,1096.0,0.0,1634046405.31279,0.0,27.452145814895626
8212,0,1,0,0,3,2,1096,2211110130,1130,64,1116,17,59861,29483,4,0,0,43,15,2211110130,17,59861,11123,18100,1130,1150,1130.0,1131.25,3.614784456460256,11.066666666666666,23.4375,1130.0,1130.0,0.0,8768,1096,1096,1096.0,1096.0,0.0,-3.0,0.0,1096.0,1096.0,0.0,1634046405.313668,0.000878095626831,27.453023910522457
8213,0,1,0,0,3,2,1096,2211110130,1130,64,1116,17,59861,29483,4,0,0,43,15,2211110130,17,59861,11123,19230,1130,1150,1130.0,1131.1764705882354,3.749999999999957,12.06249999999979,22.14532871972318,1130.0,1130.0,0.0,9864,1096,1096,1096.0,1096.0,0.0,-3.0,0.0,1096.0,1096.0,0.0,1634046405.313668,0.0,27.453023910522457
8214,0,1,0,0,3,2,1096,2211110130,1130,64,1116,17,59861,29483,4,0,0,43,15,2211110130,17,59861,11123,20360,1130,1150,1130.0,1131.111111111111,3.880570000581343,13.058823529411846,20.98765432098766,1130.0,1130.0,0.0,10960,1096,1096,1096.0,1096.0,0.0,-3.0,0.0,1096.0,1096.0,0.0,1634046405.313668,0.0,27.453023910522457
8215,0,1,0,0,3,2,1096,2211110130,1130,64,1116,17,59861,29483,4,0,0,43,15,2211110130,17,59861,11123,21490,1130,1150,1130.0,1131.0526315789473,4.006938426723828,14.055555555555864,19.944598337950133,1130.0,1130.0,0.0,12056,1096,1096,1096.0,1096.0,0.0,-3.0,0.0,1096.0,1096.0,0.0,1634046405.313668,0.0,27.453023910522457
8216,0,1,0,0,3,2,1096,2211110130,1130,64,1116,17,59861,29483,4,0,0,43,15,2211110130,17,59861,11123,22620,1130,1150,1130.0,1131.0,4.129483209670112,15.05263157894737,19.0,1130.0,1130.0,0.0,13152,1096,1096,1096.0,1096.0,0.0,-3.0,0.0,1096.0,1096.0,0.0,1634046405.314165,0.0004971027374267,27.453521013259884
8217,0,1,0,0,3,2,1096,2211110130,1130,64,1116,17,59861,29483,4,0,0,43,15,2211110130,17,59861,11123,1130,1130,1130,1130.0,1130.0,0.0,-3.0,0.0,1130.0,1130.0,0.0,14248,1096,1096,1096.0,1096.0,0.0,-3.0,0.0,1096.0,1096.0,0.0,1634046405.314165,0.0,27.453521013259884
8218,0,1,0,0,3,2,1096,2211110130,1130,64,1116,17,59861,29483,4,0,0,43,15,2211110130,17,59861,11123,2260,1130,1130,1130.0,1130.0,0.0,-3.0,0.0,1130.0,1130.0,0.0,15344,1096,1096,1096.0,1096.0,0.0,-3.0,0.0,1096.0,1096.0,0.0,1634046405.314165,0.0,27.453521013259884
8219,0,1,0,0,3,2,1096,2211110130,1130,64,1116,17,59861,29483,4,0,0,43,15,2211110130,17,59861,11123,3390,1130,1130,1130.0,1130.0,0.0,-3.0,0.0,1130.0,1130.0,0.0,16440,1096,1096,1096.0,1096.0,0.0,-3.0,0.0,1096.0,1096.0,0.0,1634046405.314165,0.0,27.453521013259884
8220,0,1,0,0,3,2,1096,2211110130,1130,64,1116,17,59861,29483,4,0,0,43,15,2211110130,17,59861,11123,4520,1130,1130,1130.0,1130.0,0.0,-3.0,0.0,1130.0,1130.0,0.0,17536,1096,1096,1096.0,1096.0,0.0,-3.0,0.0,1096.0,1096.0,0.0,1634046405.314791,0.0006258487701416,27.454146862030026
8221,0,1,0,0,3,2,1096,2211110130,1130,64,1116,17,59861,29483,4,0,0,43,15,2211110130,17,59861,11123,5650,1130,1130,1130.0,1130.0,0.0,-3.0,0.0,1130.0,1130.0,0.0,18632,1096,1096,1096.0,1096.0,0.0,-3.0,0.0,1096.0,1096.0,0.0,1634046405.314791,0.0,27.454146862030026
8222,0,1,0,0,3,2,1096,2211110130,1130,64,1116,17,59861,29483,4,0,0,43,15,2211110130,17,59861,11123,6780,1130,1130,1130.0,1130.0,0.0,-3.0,0.0,1130.0,1130.0,0.0,19728,1096,1096,1096.0,1096.0,0.0,-3.0,0.0,1096.0,1096.0,0.0,1634046405.314791,0.0,27.454146862030026
8223,0,1,0,0,3,2,1096,2211110130,1130,64,1116,17,59861,29483,4,0,0,43,15,2211110130,17,59861,11123,7910,1130,1130,1130.0,1130.0,0.0,-3.0,0.0,1130.0,1130.0,0.0,20824,1096,1096,1096.0,1096.0,0.0,-3.0,0.0,1096.0,1096.0,0.0,1634046405.314791,0.0,27.454146862030026
8224,0,1,0,0,3,2,1096,2211110130,1130,64,1116,17,59861,29483,4,0,0,43,15,2211110130,17,59861,11123,9040,1130,1130,1130.0,1130.0,0.0,-3.0,0.0,1130.0,1130.0,0.0,21920,1096,1096,1096.0,1096.0,0.0,-3.0,0.0,1096.0,1096.0,0.0,1634046405.315321,0.0005300045013427,27.45467686653137
8225,0,1,0,0,2,3,56,3232270721,90,47,76,17,29483,59861,4,0,0,43,15,2211110130,17,59861,11123,9130,90,1130,1130.0,1014.4444444444443,-2.4748737341529163,4.125,106824.69135802468,1130.0,1130.0,0.0,56,56,56,56.0,56.0,0.0,-3.0,0.0,56.0,56.0,0.0,1634046405.320319,0.004997968673706,27.459674835205075
8226,0,1,0,0,2,3,60,3232270721,94,47,80,17,29483,59861,4,0,0,43,15,2211110130,17,59861,11123,9224,90,1130,1130.0,922.4,-1.500017402163297,0.2500812100011726,172391.84,1130.0,1130.0,0.0,116,56,60,58.0,58.0,0.0,-2.0,4.0,59.0,57.0,2.0,1634046405.320366,4.696846008300781e-05,27.459721803665158
8227,0,1,0,0,3,2,1096,2211110130,1130,64,1116,17,59861,29483,4,0,0,43,15,2211110130,17,59861,11123,10354,90,1130,1130.0,941.2727272727273,-1.649933469321507,0.7223109545462236,160281.65289256198,1130.0,1130.0,0.0,1212,56,1096,60.0,404.0,0.7070713425338421,-1.4999999999999998,239434.66666666663,578.0,58.0,520.0,1634046405.33281,0.0124440193176269,27.472165822982785
8228,0,1,0,0,3,2,1096,2211110130,1130,64,1116,17,59861,29483,4,0,0,43,15,2211110130,17,59861,11123,11484,90,1130,1130.0,957.0,-1.7888723128471693,1.200096226917326,149645.66666666666,1130.0,1130.0,0.0,2308,56,1096,578.0,577.0,-2.2274691495062288e-05,-1.9999703004664693,269363.0,1096.0,59.0,1037.0,1634046405.33281,0.0,27.472165822982785
8229,0,1,0,0,3,2,1096,2211110130,1130,64,1116,17,59861,29483,4,0,0,43,15,2211110130,17,59861,11123,12614,90,1130,1130.0,970.3076923076924,-1.918824687670908,1.6819218852073383,140259.59763313612,1130.0,1130.0,0.0,3404,56,1096,1096.0,680.8,-0.4082672355030085,-1.8332920839046392,258588.16,1096.0,60.0,1036.0,1634046405.33281,0.0,27.472165822982785
8230,0,1,0,0,3,2,1096,2211110130,1130,64,1116,17,59861,29483,4,0,0,43,15,2211110130,17,59861,11123,13744,90,1130,1130.0,981.7142857142856,-2.041260018500755,2.16677783418652,131932.4897959184,1130.0,1130.0,0.0,4500,56,1096,1096.0,750.0,-0.7071245006362423,-1.4999498818976211,239433.3333333333,1096.0,319.0,777.0,1634046405.33344,0.0006301403045654,27.47279596328735
8231,0,1,0,0,3,2,1096,2211110130,1130,64,1116,17,59861,29483,4,0,0,43,15,2211110130,17,59861,11123,14874,90,1130,1130.0,991.6,-2.1572963884392764,2.653964776802339,124505.17333333335,1130.0,1130.0,0.0,5596,56,1096,1096.0,799.4285714285714,-0.9487005555945932,-1.099941788719783,219887.67346938775,1096.0,578.0,518.0,1634046405.33344,0.0,27.47279596328735
8232,0,1,0,0,3,2,1116,2211110130,1150,64,1136,17,59861,29483,4,0,0,43,15,2211110130,17,59861,11123,16024,90,1150,1130.0,1001.5,-2.266905458275907,3.140753688757365,118193.75,1130.0,1130.0,0.0,6712,56,1116,1096.0,839.0,-1.1540018148703026,-0.6671332489155342,203363.0,1096.0,837.0,259.0,1634046405.33344,0.0,27.47279596328735
8233,0,1,0,0,3,2,1096,2211110130,1130,64,1116,17,59861,29483,4,0,0,43,15,2211110130,17,59861,11123,17154,90,1150,1130.0,1009.0588235294116,-2.3725622629571927,3.631040988611232,112155.34948096884,1130.0,1130.0,0.0,7808,56,1116,1096.0,867.5555555555555,-1.33558279251397,-0.2149823832725657,187290.46913580247,1096.0,1096.0,0.0,1634046405.334071,0.0006308555603027,27.473426818847653
8234,0,1,0,0,3,2,1096,2211110130,1130,64,1116,17,59861,29483,4,0,0,43,15,2211110130,17,59861,11123,18284,90,1150,1130.0,1015.7777777777778,-2.4739512092954894,4.122520109124643,106691.95061728396,1130.0,1130.0,0.0,8904,56,1116,1096.0,890.4,-1.4992525481442736,0.2490856760349991,173258.24000000002,1096.0,1096.0,0.0,1634046405.334071,0.0,27.473426818847653
8235,0,1,0,0,3,2,1096,2211110130,1130,64,1116,17,59861,29483,4,0,0,43,15,2211110130,17,59861,11123,19414,90,1150,1130.0,1021.7894736842104,-2.571536265020847,4.614980730490763,101727.1135734072,1130.0,1130.0,0.0,10000,56,1116,1096.0,909.0909090909092,-1.6491448701823852,0.7210987688350308,161000.99173553716,1096.0,1096.0,0.0,1634046405.334071,0.0,27.473426818847653
8236,0,1,0,0,3,2,1096,2211110130,1130,64,1116,17,59861,29483,4,0,0,43,15,2211110130,17,59861,11123,20544,90,1150,1130.0,1027.2,-2.665704535720945,5.108259270111722,97196.96000000002,1130.0,1130.0,0.0,11096,56,1116,1096.0,924.6666666666666,-1.7880604215558749,1.198673490466252,150252.88888888885,1096.0,1096.0,0.0,1634046405.334775,0.0007040500640869,27.47413086891174
8237,0,1,0,0,3,2,1096,2211110130,1130,64,1116,17,59861,29483,4,0,0,43,15,2211110130,17,59861,11123,1130,1130,1130,1130.0,1130.0,0.0,-3.0,0.0,1130.0,1130.0,0.0,12192,56,1116,1096.0,937.8461538461538,-1.9179899535904996,1.68029308361276,140779.36094674555,1096.0,1096.0,0.0,1634046405.334775,0.0,27.47413086891174
8238,0,1,0,0,3,2,1096,2211110130,1130,64,1116,17,59861,29483,4,0,0,43,15,2211110130,17,59861,11123,2260,1130,1130,1130.0,1130.0,0.0,-3.0,0.0,1130.0,1130.0,0.0,13288,56,1116,1096.0,949.1428571428572,-2.040402886957831,2.16494635615444,132382.69387755104,1096.0,1096.0,0.0,1634046405.334775,0.0,27.47413086891174
8239,0,1,0,0,3,2,1096,2211110130,1130,64,1116,17,59861,29483,4,0,0,43,15,2211110130,17,59861,11123,3390,1130,1130,1130.0,1130.0,0.0,-3.0,0.0,1130.0,1130.0,0.0,14384,56,1116,1096.0,958.9333333333332,-2.156417297338416,2.651933241991472,124899.12888888892,1096.0,1096.0,0.0,1634046405.335397,0.0006220340728759,27.474752902984616
8240,0,1,0,0,3,2,1096,2211110130,1130,64,1116,17,59861,29483,4,0,0,43,15,2211110130,17,59861,11123,4520,1130,1130,1130.0,1130.0,0.0,-3.0,0.0,1130.0,1130.0,0.0,15480,56,1116,1096.0,967.5,-2.266905458275907,3.140753688757365,118193.75,1096.0,1096.0,0.0,1634046405.335397,0.0,27.474752902984616
8241,0,1,0,0,3,2,1096,2211110130,1130,64,1116,17,59861,29483,4,0,0,43,15,2211110130,17,59861,11123,5650,1130,1130,1130.0,1130.0,0.0,-3.0,0.0,1130.0,1130.0,0.0,16576,56,1116,1096.0,975.0588235294116,-2.3725622629571927,3.631040988611232,112155.34948096884,1096.0,1096.0,0.0,1634046405.335397,0.0,27.474752902984616
8242,0,1,0,0,3,2,1096,2211110130,1130,64,1116,17,59861,29483,4,0,0,43,15,2211110130,17,59861,11123,6780,1130,1130,1130.0,1130.0,0.0,-3.0,0.0,1130.0,1130.0,0.0,17672,56,1116,1096.0,981.7777777777778,-2.4739512092954894,4.122520109124643,106691.95061728396,1096.0,1096.0,0.0,1634046405.336049,0.0006520748138427,27.47540497779846
8243,0,1,0,0,3,2,1096,2211110130,1130,64,1116,17,59861,29483,4,0,0,43,15,2211110130,17,59861,11123,7910,1130,1130,1130.0,1130.0,0.0,-3.0,0.0,1130.0,1130.0,0.0,18768,56,1116,1096.0,987.7894736842104,-2.571536265020847,4.614980730490763,101727.1135734072,1096.0,1096.0,0.0,1634046405.336049,0.0,27.47540497779846
8244,0,1,0,0,3,2,1096,2211110130,1130,64,1116,17,59861,29483,4,0,0,43,15,2211110130,17,59861,11123,9040,1130,1130,1130.0,1130.0,0.0,-3.0,0.0,1130.0,1130.0,0.0,19864,56,1116,1096.0,993.2,-2.665704535720945,5.108259270111722,97196.96000000002,1096.0,1096.0,0.0,1634046405.336049,0.0,27.47540497779846
8245,0,1,0,0,3,2,1096,2211110130,1130,64,1116,17,59861,29483,4,0,0,43,15,2211110130,17,59861,11123,10170,1130,1130,1130.0,1130.0,0.0,-3.0,0.0,1130.0,1130.0,0.0,1096,1096,1096,1096.0,1096.0,0.0,-3.0,0.0,1096.0,1096.0,0.0,1634046405.336662,0.0006129741668701,27.47601795196533
8246,0,1,0,0,3,2,1096,2211110130,1130,64,1116,17,59861,29483,4,0,0,43,15,2211110130,17,59861,11123,11300,1130,1130,1130.0,1130.0,0.0,-3.0,0.0,1130.0,1130.0,0.0,2192,1096,1096,1096.0,1096.0,0.0,-3.0,0.0,1096.0,1096.0,0.0,1634046405.336662,0.0,27.47601795196533
8247,0,1,0,0,3,2,1096,2211110130,1130,64,1116,17,59861,29483,4,0,0,43,15,2211110130,17,59861,11123,12430,1130,1130,1130.0,1130.0,0.0,-3.0,0.0,1130.0,1130.0,0.0,3288,1096,1096,1096.0,1096.0,0.0,-3.0,0.0,1096.0,1096.0,0.0,1634046405.336662,0.0,27.47601795196533
8248,0,1,0,0,3,2,1096,2211110130,1130,64,1116,17,59861,29483,4,0,0,43,15,2211110130,17,59861,11123,13560,1130,1130,1130.0,1130.0,0.0,-3.0,0.0,1130.0,1130.0,0.0,4384,1096,1096,1096.0,1096.0,0.0,-3.0,0.0,1096.0,1096.0,0.0,1634046405.33731,0.000648021697998,27.476665973663327
8249,0,1,0,0,3,2,1096,2211110130,1130,64,1116,17,59861,29483,4,0,0,43,15,2211110130,17,59861,11123,14690,1130,1130,1130.0,1130.0,0.0,-3.0,0.0,1130.0,1130.0,0.0,5480,1096,1096,1096.0,1096.0,0.0,-3.0,0.0,1096.0,1096.0,0.0,1634046405.33731,0.0,27.476665973663327
8250,0,1,0,0,3,2,1096,2211110130,1130,64,1116,17,59861,29483,4,0,0,43,15,2211110130,17,59861,11123,15820,1130,1130,1130.0,1130.0,0.0,-3.0,0.0,1130.0,1130.0,0.0,6576,1096,1096,1096.0,1096.0,0.0,-3.0,0.0,1096.0,1096.0,0.0,1634046405.33731,0.0,27.476665973663327
8251,0,1,0,0,3,2,1096,2211110130,1130,64,1116,17,59861,29483,4,0,0,43,15,2211110130,17,59861,11123,16950,1130,1130,1130.0,1130.0,0.0,-3.0,0.0,1130.0,1130.0,0.0,7672,1096,1096,1096.0,1096.0,0.0,-3.0,0.0,1096.0,1096.0,0.0,1634046405.338005,0.000694990158081,27.477360963821408
8252,0,1,0,0,3,2,1096,2211110130,1130,64,1116,17,59861,29483,4,0,0,43,15,2211110130,17,59861,11123,18080,1130,1130,1130.0,1130.0,0.0,-3.0,0.0,1130.0,1130.0,0.0,8768,1096,1096,1096.0,1096.0,0.0,-3.0,0.0,1096.0,1096.0,0.0,1634046405.338005,0.0,27.477360963821408
8253,0,1,0,0,3,2,1096,2211110130,1130,64,1116,17,59861,29483,4,0,0,43,15,2211110130,17,59861,11123,19210,1130,1130,1130.0,1130.0,0.0,-3.0,0.0,1130.0,1130.0,0.0,9864,1096,1096,1096.0,1096.0,0.0,-3.0,0.0,1096.0,1096.0,0.0,1634046405.338005,0.0,27.477360963821408
8254,0,1,0,0,3,2,1096,2211110130,1130,64,1116,17,59861,29483,4,0,0,43,15,2211110130,17,59861,11123,20340,1130,1130,1130.0,1130.0,0.0,-3.0,0.0,1130.0,1130.0,0.0,10960,1096,1096,1096.0,1096.0,0.0,-3.0,0.0,1096.0,1096.0,0.0,1634046405.338005,0.0,27.477360963821408
8255,0,1,0,0,2,3,60,3232270721,94,47,80,17,29483,59861,4,0,0,43,15,2211110130,17,59861,11123,20434,94,1130,1130.0,1075.4736842105262,-4.006938426723768,14.05555555555555,53516.14404432133,1130.0,1130.0,0.0,11020,60,1096,1096.0,1001.818181818182,-2.846049894151541,6.100000000000001,88702.14876033057,1096.0,1096.0,0.0,1634046405.338161,0.0001559257507324,27.47751688957214
8256,0,1,0,0,3,2,1096,2211110130,1130,64,1116,17,59861,29483,4,0,0,43,15,2211110130,17,59861,11123,21564,94,1130,1130.0,1078.2,-4.129483209670113,15.052631578947372,50981.560000000005,1130.0,1130.0,0.0,12116,60,1096,1096.0,1009.6666666666666,-3.015113445777636,7.090909090909092,81987.88888888889,1096.0,1096.0,0.0,1634046405.338518,0.000356912612915,27.477873802185055
8257,0,1,0,0,3,2,1096,2211110130,1130,64,1116,17,59861,29483,4,0,0,43,15,2211110130,17,59861,11123,1130,1130,1130,1130.0,1130.0,0.0,-3.0,0.0,1130.0,1130.0,0.0,13212,60,1096,1096.0,1016.3076923076924,-3.1754264805429413,8.083333333333332,76210.36686390532,1096.0,1096.0,0.0,1634046405.338518,0.0,27.477873802185055
8258,0,1,0,0,3,2,1096,2211110130,1130,64,1116,17,59861,29483,4,0,0,43,15,2211110130,17,59861,11123,2260,1130,1130,1130.0,1130.0,0.0,-3.0,0.0,1130.0,1130.0,0.0,14308,60,1096,1096.0,1022.0,-3.328201177351375,9.076923076923077,71188.0,1096.0,1096.0,0.0,1634046405.338518,0.0,27.477873802185055
8259,0,1,0,0,3,2,1116,2211110130,1150,64,1136,17,59861,29483,4,0,0,43,15,2211110130,17,59861,11123,3410,1130,1150,1130.0,1136.6666666666667,0.7071067811865238,-1.5000000000000222,88.88888888888887,1140.0,1130.0,10.0,15424,60,1116,1096.0,1028.2666666666669,-3.472149200414126,10.061953585421174,66991.92888888888,1096.0,1096.0,0.0,1634046405.338518,0.0,27.477873802185055
8260,0,1,0,0,3,2,1096,2211110130,1130,64,1116,17,59861,29483,4,0,0,43,15,2211110130,17,59861,11123,4540,1130,1150,1130.0,1135.0,1.1547005383792517,-0.6666666666666665,75.0,1135.0,1130.0,5.0,16520,60,1116,1096.0,1032.5,-3.612466745270548,11.056437214953894,63073.75,1096.0,1096.0,0.0,1634046405.339079,0.0005609989166259,27.47843480110168
8261,0,1,0,0,3,2,1096,2211110130,1130,64,1116,17,59861,29483,4,0,0,43,15,2211110130,17,59861,11123,5670,1130,1150,1130.0,1134.0,1.5,0.25,64.0,1130.0,1130.0,0.0,17616,60,1116,1096.0,1036.235294117647,-3.7476137006394223,12.051517244761015,59586.76816608997,1096.0,1096.0,0.0,1634046405.339079,0.0,27.47843480110168
8262,0,1,0,0,3,2,1096,2211110130,1130,64,1116,17,59861,29483,4,0,0,43,15,2211110130,17,59861,11123,6800,1130,1150,1130.0,1133.3333333333333,1.7888543819998612,1.2000000000000703,55.55555555555557,1130.0,1130.0,0.0,18712,60,1116,1096.0,1039.5555555555557,-3.878117093396444,13.047088435632762,56463.80246913579,1096.0,1096.0,0.0,1634046405.339079,0.0,27.47843480110168
8263,0,1,0,0,3,2,1096,2211110130,1130,64,1116,17,59861,29483,4,0,0,43,15,2211110130,17,59861,11123,7930,1130,1150,1130.0,1132.857142857143,2.041241452319301,2.166666666666627,48.9795918367347,1130.0,1130.0,0.0,19808,60,1116,1096.0,1042.5263157894738,-4.004420723481373,14.043068933092911,53650.88088642659,1096.0,1096.0,0.0,1634046405.339079,0.0,27.47843480110168
8264,0,1,0,0,3,2,1096,2211110130,1130,64,1116,17,59861,29483,4,0,0,43,15,2211110130,17,59861,11123,9060,1130,1150,1130.0,1132.5,2.2677868380553634,3.1428571428571432,43.75,1130.0,1130.0,0.0,20904,60,1116,1096.0,1045.2,-4.126902377109573,15.039394113983292,51104.16,1096.0,1096.0,0.0,1634046405.339079,0.0,27.47843480110168
8265,0,1,0,0,3,2,1096,2211110130,1130,64,1116,17,59861,29483,4,0,0,43,15,2211110130,17,59861,11123,10190,1130,1150,1130.0,1132.2222222222222,2.4748737341529403,4.125000000000078,39.50617283950618,1130.0,1130.0,0.0,1096,1096,1096,1096.0,1096.0,0.0,-3.0,0.0,1096.0,1096.0,0.0,1634046405.339684,0.0006051063537597,27.47903990745544
8266,0,1,0,0,3,2,1096,2211110130,1130,64,1116,17,59861,29483,4,0,0,43,15,2211110130,17,59861,11123,11320,1130,1150,1130.0,1132.0,2.6666666666666665,5.111111111111111,36.0,1130.0,1130.0,0.0,2192,1096,1096,1096.0,1096.0,0.0,-3.0,0.0,1096.0,1096.0,0.0,1634046405.339684,0.0,27.47903990745544
8267,0,1,0,0,3,2,1096,2211110130,1130,64,1116,17,59861,29483,4,0,0,43,15,2211110130,17,59861,11123,12450,1130,1150,1130.0,1131.8181818181818,2.8460498941515744,6.100000000000124,33.05785123966942,1130.0,1130.0,0.0,3288,1096,1096,1096.0,1096.0,0.0,-3.0,0.0,1096.0,1096.0,0.0,1634046405.339684,0.0,27.47903990745544
8268,0,1,0,0,3,2,1096,2211110130,1130,64,1116,17,59861,29483,4,0,0,43,15,2211110130,17,59861,11123,13580,1130,1150,1130.0,1131.6666666666667,3.015113445777593,7.090909090908916,30.555555555555568,1130.0,1130.0,0.0,4384,1096,1096,1096.0,1096.0,0.0,-3.0,0.0,1096.0,1096.0,0.0,1634046405.339684,0.0,27.47903990745544
8269,0,1,0,0,3,2,1096,2211110130,1130,64,1116,17,59861,29483,4,0,0,43,15,2211110130,17,59861,11123,14710,1130,1150,1130.0,1131.5384615384614,3.1754264805429995,8.083333333333577,28.40236686390534,1130.0,1130.0,0.0,5480,1096,1096,1096.0,1096.0,0.0,-3.0,0.0,1096.0,1096.0,0.0,1634046405.340218,0.0005340576171875,27.47957396507263
8270,0,1,0,0,3,2,1096,2211110130,1130,64,1116,17,59861,29483,4,0,0,43,15,2211110130,17,59861,11123,15840,1130,1150,1130.0,1131.428571428571,3.3282011773514317,9.07692307692333,26.530612244897952,1130.0,1130.0,0.0,6576,1096,1096,1096.0,1096.0,0.0,-3.0,0.0,1096.0,1096.0,0.0,1634046405.340218,0.0,27.47957396507263
8271,0,1,0,0,3,2,1096,2211110130,1130,64,1116,17,59861,29483,4,0,0,43,15,2211110130,17,59861,11123,16970,1130,1150,1130.0,1131.3333333333333,3.474396144861561,10.071428571428772,24.888888888888903,1130.0,1130.0,0.0,7672,1096,1096,1096.0,1096.0,0.0,-3.0,0.0,1096.0,1096.0,0.0,1634046405.340218,0.0,27.47957396507263
8272,0,1,0,0,3,2,1096,2211110130,1130,64,1116,17,59861,29483,4,0,0,43,15,2211110130,17,59861,11123,18100,1130,1150,1130.0,1131.25,3.614784456460256,11.066666666666666,23.4375,1130.0,1130.0,0.0,8768,1096,1096,1096.0,1096.0,0.0,-3.0,0.0,1096.0,1096.0,0.0,1634046405.340218,0.0,27.47957396507263
8273,0,1,0,0,3,2,1096,2211110130,1130,64,1116,17,59861,29483,4,0,0,43,15,2211110130,17,59861,11123,19230,1130,1150,1130.0,1131.1764705882354,3.749999999999957,12.06249999999979,22.14532871972318,1130.0,1130.0,0.0,9864,1096,1096,1096.0,1096.0,0.0,-3.0,0.0,1096.0,1096.0,0.0,1634046405.340751,0.0005328655242919,27.48010683059692
8274,0,1,0,0,3,2,1096,2211110130,1130,64,1116,17,59861,29483,4,0,0,43,15,2211110130,17,59861,11123,20360,1130,1150,1130.0,1131.111111111111,3.880570000581343,13.058823529411846,20.98765432098766,1130.0,1130.0,0.0,10960,1096,1096,1096.0,1096.0,0.0,-3.0,0.0,1096.0,1096.0,0.0,1634046405.340751,0.0,27.48010683059692
8275,0,1,0,0,3,2,1096,2211110130,1130,64,1116,17,59861,29483,4,0,0,43,15,2211110130,17,59861,11123,21490,1130,1150,1130.0,1131.0526315789473,4.006938426723828,14.055555555555864,19.944598337950133,1130.0,1130.0,0.0,12056,1096,1096,1096.0,1096.0,0.0,-3.0,0.0,1096.0,1096.0,0.0,1634046405.340751,0.0,27.48010683059692
8276,0,1,0,0,3,2,1096,2211110130,1130,64,1116,17,59861,29483,4,0,0,43,15,2211110130,17,59861,11123,22620,1130,1150,1130.0,1131.0,4.129483209670112,15.05263157894737,19.0,1130.0,1130.0,0.0,13152,1096,1096,1096.0,1096.0,0.0,-3.0,0.0,1096.0,1096.0,0.0,1634046405.340751,0.0,27.48010683059692
8277,0,1,0,0,3,2,1096,2211110130,1130,64,1116,17,59861,29483,4,0,0,43,15,2211110130,17,59861,11123,1130,1130,1130,1130.0,1130.0,0.0,-3.0,0.0,1130.0,1130.0,0.0,14248,1096,1096,1096.0,1096.0,0.0,-3.0,0.0,1096.0,1096.0,0.0,1634046405.341265,0.0005140304565429,27.480620861053463
8278,0,1,0,0,3,2,1096,2211110130,1130,64,1116,17,59861,29483,4,0,0,43,15,2211110130,17,59861,11123,2260,1130,1130,1130.0,1130.0,0.0,-3.0,0.0,1130.0,1130.0,0.0,15344,1096,1096,1096.0,1096.0,0.0,-3.0,0.0,1096.0,1096.0,0.0,1634046405.345594,0.004328966140747,27.48494982719421
8279,0,1,0,0,3,2,1096,2211110130,1130,64,1116,17,59861,29483,4,0,0,43,15,2211110130,17,59861,11123,3390,1130,1130,1130.0,1130.0,0.0,-3.0,0.0,1130.0,1130.0,0.0,16440,1096,1096,1096.0,1096.0,0.0,-3.0,0.0,1096.0,1096.0,0.0,1634046405.345594,0.0,27.48494982719421
8280,0,1,0,0,3,2,1096,2211110130,1130,64,1116,17,59861,29483,4,0,0,43,15,2211110130,17,59861,11123,4520,1130,1130,1130.0,1130.0,0.0,-3.0,0.0,1130.0,1130.0,0.0,17536,1096,1096,1096.0,1096.0,0.0,-3.0,0.0,1096.0,1096.0,0.0,1634046405.345594,0.0,27.48494982719421
8281,0,1,0,0,3,2,1096,2211110130,1130,64,1116,17,59861,29483,4,0,0,43,15,2211110130,17,59861,11123,5650,1130,1130,1130.0,1130.0,0.0,-3.0,0.0,1130.0,1130.0,0.0,18632,1096,1096,1096.0,1096.0,0.0,-3.0,0.0,1096.0,1096.0,0.0,1634046405.345594,0.0,27.48494982719421
8282,0,1,0,0,3,2,1096,2211110130,1130,64,1116,17,59861,29483,4,0,0,43,15,2211110130,17,59861,11123,6780,1130,1130,1130.0,1130.0,0.0,-3.0,0.0,1130.0,1130.0,0.0,19728,1096,1096,1096.0,1096.0,0.0,-3.0,0.0,1096.0,1096.0,0.0,1634046405.346115,0.000521183013916,27.485471010208126
8283,0,1,0,0,3,2,1096,2211110130,1130,64,1116,17,59861,29483,4,0,0,43,15,2211110130,17,59861,11123,7910,1130,1130,1130.0,1130.0,0.0,-3.0,0.0,1130.0,1130.0,0.0,20824,1096,1096,1096.0,1096.0,0.0,-3.0,0.0,1096.0,1096.0,0.0,1634046405.346115,0.0,27.485471010208126
8284,0,1,0,0,3,2,1096,2211110130,1130,64,1116,17,59861,29483,4,0,0,43,15,2211110130,17,59861,11123,9040,1130,1130,1130.0,1130.0,0.0,-3.0,0.0,1130.0,1130.0,0.0,21920,1096,1096,1096.0,1096.0,0.0,-3.0,0.0,1096.0,1096.0,0.0,1634046405.346115,0.0,27.485471010208126
8285,0,1,0,0,3,2,1116,2211110130,1150,64,1136,17,59861,29483,4,0,0,43,15,2211110130,17,59861,11123,10190,1130,1150,1130.0,1132.2222222222222,2.4748737341529408,4.125000000000081,39.50617283950617,1130.0,1130.0,0.0,1116,1116,1116,1116.0,1116.0,0.0,-3.0,0.0,1116.0,1116.0,0.0,1634046405.346115,0.0,27.485471010208126
8286,0,1,0,0,3,2,1096,2211110130,1130,64,1116,17,59861,29483,4,0,0,43,15,2211110130,17,59861,11123,11320,1130,1150,1130.0,1132.0,2.6666666666666665,5.111111111111111,36.0,1130.0,1130.0,0.0,2212,1096,1116,1106.0,1106.0,0.0,-2.0,100.0,1111.0,1101.0,10.0,1634046405.346638,0.0005228519439697,27.485993862152096
8287,0,1,0,0,3,2,1096,2211110130,1130,64,1116,17,59861,29483,4,0,0,43,15,2211110130,17,59861,11123,12450,1130,1150,1130.0,1131.8181818181818,2.8460498941515744,6.100000000000124,33.05785123966942,1130.0,1130.0,0.0,3308,1096,1116,1096.0,1102.6666666666667,0.7071067811865236,-1.5000000000000222,88.88888888888887,1106.0,1096.0,10.0,1634046405.346638,0.0,27.485993862152096
8288,0,1,0,0,3,2,1096,2211110130,1130,64,1116,17,59861,29483,4,0,0,43,15,2211110130,17,59861,11123,13580,1130,1150,1130.0,1131.6666666666667,3.0151134457775943,7.090909090908921,30.55555555555556,1130.0,1130.0,0.0,4404,1096,1116,1096.0,1101.0,1.1547005383792517,-0.6666666666666665,75.0,1101.0,1096.0,5.0,1634046405.346638,0.0,27.485993862152096
8289,0,1,0,0,3,2,1096,2211110130,1130,64,1116,17,59861,29483,4,0,0,43,15,2211110130,17,59861,11123,14710,1130,1150,1130.0,1131.5384615384614,3.175426480543,8.08333333333358,28.402366863905332,1130.0,1130.0,0.0,5500,1096,1116,1096.0,1100.0,1.5,0.25,64.0,1096.0,1096.0,0.0,1634046405.346638,0.0,27.485993862152096
8290,0,1,0,0,3,2,1096,2211110130,1130,64,1116,17,59861,29483,4,0,0,43,15,2211110130,17,59861,11123,15840,1130,1150,1130.0,1131.428571428571,3.328201177351432,9.07692307692333,26.530612244897952,1130.0,1130.0,0.0,6596,1096,1116,1096.0,1099.3333333333333,1.7888543819998608,1.2000000000000697,55.55555555555558,1096.0,1096.0,0.0,1634046405.347158,0.0005199909210205,27.486513853073117
8291,0,1,0,0,3,2,1096,2211110130,1130,64,1116,17,59861,29483,4,0,0,43,15,2211110130,17,59861,11123,16970,1130,1150,1130.0,1131.3333333333333,3.474396144861562,10.071428571428774,24.8888888888889,1130.0,1130.0,0.0,7692,1096,1116,1096.0,1098.857142857143,2.041241452319301,2.166666666666627,48.9795918367347,1096.0,1096.0,0.0,1634046405.347158,0.0,27.486513853073117
8292,0,1,0,0,3,2,1096,2211110130,1130,64,1116,17,59861,29483,4,0,0,43,15,2211110130,17,59861,11123,18100,1130,1150,1130.0,1131.25,3.614784456460256,11.066666666666666,23.4375,1130.0,1130.0,0.0,8788,1096,1116,1096.0,1098.5,2.2677868380553634,3.1428571428571432,43.75,1096.0,1096.0,0.0,1634046405.347158,0.0,27.486513853073117
8293,0,1,0,0,3,2,1096,2211110130,1130,64,1116,17,59861,29483,4,0,0,43,15,2211110130,17,59861,11123,19230,1130,1150,1130.0,1131.1764705882354,3.749999999999957,12.06249999999979,22.14532871972318,1130.0,1130.0,0.0,9884,1096,1116,1096.0,1098.2222222222222,2.4748737341529403,4.125000000000078,39.50617283950618,1096.0,1096.0,0.0,1634046405.347158,0.0,27.486513853073117
8294,0,1,0,0,3,2,1096,2211110130,1130,64,1116,17,59861,29483,4,0,0,43,15,2211110130,17,59861,11123,20360,1130,1150,1130.0,1131.111111111111,3.880570000581343,13.058823529411846,20.98765432098766,1130.0,1130.0,0.0,10980,1096,1116,1096.0,1098.0,2.6666666666666665,5.111111111111111,36.0,1096.0,1096.0,0.0,1634046405.347663,0.0005049705505371,27.487018823623654
8295,0,1,0,0,3,2,1096,2211110130,1130,64,1116,17,59861,29483,4,0,0,43,15,2211110130,17,59861,11123,21490,1130,1150,1130.0,1131.0526315789473,4.006938426723828,14.055555555555864,19.944598337950133,1130.0,1130.0,0.0,12076,1096,1116,1096.0,1097.8181818181818,2.8460498941515744,6.100000000000124,33.05785123966942,1096.0,1096.0,0.0,1634046405.347663,0.0,27.487018823623654
8296,0,1,0,0,3,2,1096,2211110130,1130,64,1116,17,59861,29483,4,0,0,43,15,2211110130,17,59861,11123,22620,1130,1150,1130.0,1131.0,4.129483209670112,15.05263157894737,19.0,1130.0,1130.0,0.0,13172,1096,1116,1096.0,1097.6666666666667,3.015113445777593,7.090909090908916,30.555555555555568,1096.0,1096.0,0.0,1634046405.347663,0.0,27.487018823623654
8297,0,1,0,0,3,2,1096,2211110130,1130,64,1116,17,59861,29483,4,0,0,43,15,2211110130,17,59861,11123,1130,1130,1130,1130.0,1130.0,0.0,-3.0,0.0,1130.0,1130.0,0.0,14268,1096,1116,1096.0,1097.5384615384614,3.1754264805429995,8.083333333333577,28.40236686390534,1096.0,1096.0,0.0,1634046405.347663,0.0,27.487018823623654
8298,0,1,0,0,3,2,1096,2211110130,1130,64,1116,17,59861,29483,4,0,0,43,15,2211110130,17,59861,11123,2260,1130,1130,1130.0,1130.0,0.0,-3.0,0.0,1130.0,1130.0,0.0,15364,1096,1116,1096.0,1097.428571428571,3.3282011773514317,9.07692307692333,26.530612244897952,1096.0,1096.0,0.0,1634046405.348174,0.0005111694335937,27.487529993057247
8299,0,1,0,0,3,2,1096,2211110130,1130,64,1116,17,59861,29483,4,0,0,43,15,2211110130,17,59861,11123,3390,1130,1130,1130.0,1130.0,0.0,-3.0,0.0,1130.0,1130.0,0.0,16460,1096,1116,1096.0,1097.3333333333333,3.474396144861561,10.071428571428772,24.888888888888903,1096.0,1096.0,0.0,1634046405.348174,0.0,27.487529993057247
8300,0,1,0,0,3,2,1096,2211110130,1130,64,1116,17,59861,29483,4,0,0,43,15,2211110130,17,59861,11123,4520,1130,1130,1130.0,1130.0,0.0,-3.0,0.0,1130.0,1130.0,0.0,17556,1096,1116,1096.0,1097.25,3.614784456460256,11.066666666666666,23.4375,1096.0,1096.0,0.0,1634046405.348174,0.0,27.487529993057247
8301,0,1,0,0,3,2,1096,2211110130,1130,64,1116,17,59861,29483,4,0,0,43,15,2211110130,17,59861,11123,5650,1130,1130,1130.0,1130.0,0.0,-3.0,0.0,1130.0,1130.0,0.0,18652,1096,1116,1096.0,1097.1764705882354,3.749999999999957,12.06249999999979,22.14532871972318,1096.0,1096.0,0.0,1634046405.348174,0.0,27.487529993057247
8302,0,1,0,0,3,2,1096,2211110130,1130,64,1116,17,59861,29483,4,0,0,43,15,2211110130,17,59861,11123,6780,1130,1130,1130.0,1130.0,0.0,-3.0,0.0,1130.0,1130.0,0.0,19748,1096,1116,1096.0,1097.111111111111,3.880570000581343,13.058823529411846,20.98765432098766,1096.0,1096.0,0.0,1634046405.348721,0.0005469322204589,27.488076925277706
8303,0,1,0,0,3,2,1096,2211110130,1130,64,1116,17,59861,29483,4,0,0,43,15,2211110130,17,59861,11123,7910,1130,1130,1130.0,1130.0,0.0,-3.0,0.0,1130.0,1130.0,0.0,20844,1096,1116,1096.0,1097.0526315789473,4.006938426723828,14.055555555555864,19.944598337950133,1096.0,1096.0,0.0,1634046405.348721,0.0,27.488076925277706
8304,0,1,0,0,3,2,1096,2211110130,1130,64,1116,17,59861,29483,4,0,0,43,15,2211110130,17,59861,11123,9040,1130,1130,1130.0,1130.0,0.0,-3.0,0.0,1130.0,1130.0,0.0,21940,1096,1116,1096.0,1097.0,4.129483209670112,15.05263157894737,19.0,1096.0,1096.0,0.0,1634046405.348721,0.0,27.488076925277706
8305,0,1,0,0,3,2,1096,2211110130,1130,64,1116,17,59861,29483,4,0,0,43,15,2211110130,17,59861,11123,10170,1130,1130,1130.0,1130.0,0.0,-3.0,0.0,1130.0,1130.0,0.0,1096,1096,1096,1096.0,1096.0,0.0,-3.0,0.0,1096.0,1096.0,0.0,1634046405.348721,0.0,27.488076925277706
8306,0,1,0,0,3,2,1096,2211110130,1130,64,1116,17,59861,29483,4,0,0,43,15,2211110130,17,59861,11123,11300,1130,1130,1130.0,1130.0,0.0,-3.0,0.0,1130.0,1130.0,0.0,2192,1096,1096,1096.0,1096.0,0.0,-3.0,0.0,1096.0,1096.0,0.0,1634046405.349254,0.0005328655242919,27.488609790802
8307,0,1,0,0,3,2,1096,2211110130,1130,64,1116,17,59861,29483,4,0,0,43,15,2211110130,17,59861,11123,12430,1130,1130,1130.0,1130.0,0.0,-3.0,0.0,1130.0,1130.0,0.0,3288,1096,1096,1096.0,1096.0,0.0,-3.0,0.0,1096.0,1096.0,0.0,1634046405.349254,0.0,27.488609790802
8308,0,1,0,0,3,2,380,2211110130,414,64,400,17,59861,29483,4,0,0,43,15,2211110130,17,59861,11123,12844,414,1130,1130.0,1070.3333333333333,-3.015113445777635,7.090909090909088,39161.22222222222,1130.0,1130.0,0.0,3668,380,1096,1096.0,917.0,-1.1547005383792517,-0.6666666666666665,96123.0,1096.0,917.0,179.0,1634046405.349254,0.0,27.488609790802
8309,0,1,0,0,3,2,1096,2211110130,1130,64,1116,17,59861,29483,4,0,0,43,15,2211110130,17,59861,11123,13974,414,1130,1130.0,1074.923076923077,-3.175426480542941,8.08333333333333,36401.60946745562,1130.0,1130.0,0.0,4764,380,1096,1096.0,952.8,-1.5000000000000002,0.25,82024.95999999999,1096.0,1096.0,0.0,1634046405.349254,0.0,27.488609790802
8310,0,1,0,0,3,2,1096,2211110130,1130,64,1116,17,59861,29483,4,0,0,43,15,2211110130,17,59861,11123,15104,414,1130,1130.0,1078.857142857143,-3.328201177351375,9.076923076923082,34002.69387755102,1130.0,1130.0,0.0,5860,380,1096,1096.0,976.6666666666666,-1.7888543819998317,1.2000000000000002,71202.22222222222,1096.0,1096.0,0.0,1634046405.349788,0.0005340576171875,27.489143848419186
8311,0,1,0,0,3,2,1116,2211110130,1150,64,1136,17,59861,29483,4,0,0,43,15,2211110130,17,59861,11123,16254,414,1150,1130.0,1083.6,-3.4696773450737703,10.051656459943612,32050.77333333333,1130.0,1130.0,0.0,6976,380,1116,1096.0,996.5714285714286,-2.037983229902641,2.1597273763093368,63407.67346938775,1096.0,1096.0,0.0,1634046405.349788,0.0,27.489143848419186
8312,0,1,0,0,3,2,1026,2211110130,1060,64,1046,17,59861,29483,4,0,0,43,15,2211110130,17,59861,11123,17314,414,1150,1130.0,1082.125,-3.5522805200073155,10.770320770822808,30080.234375,1130.0,1130.0,0.0,8002,380,1116,1096.0,1000.25,-2.219700529873617,3.0138611244102567,55576.4375,1096.0,1078.5,17.5,1634046405.350436,0.000648021697998,27.489791870117184
8313,0,1,0,0,3,2,1096,2211110130,1130,64,1116,17,59861,29483,4,0,0,43,15,2211110130,17,59861,11123,18444,414,1150,1130.0,1084.9411764705883,-3.6858845322917486,11.745609321640783,28437.702422145325,1130.0,1130.0,0.0,9098,380,1116,1096.0,1010.8888888888888,-2.424831988247381,3.974490038594582,50306.76543209877,1096.0,1096.0,0.0,1634046405.350436,0.0,27.489791870117184
8314,0,1,0,0,3,2,1096,2211110130,1130,64,1116,17,59861,29483,4,0,0,43,15,2211110130,17,59861,11123,19574,414,1150,1130.0,1087.4444444444443,-3.814879252900184,12.721421184845005,26964.358024691355,1130.0,1130.0,0.0,10194,380,1116,1096.0,1019.4,-2.6147089375473382,4.939375105534703,45928.03999999999,1096.0,1096.0,0.0,1634046405.351625,0.0011889934539794,27.490980863571163
8315,0,1,0,0,3,2,1096,2211110130,1130,64,1116,17,59861,29483,4,0,0,43,15,2211110130,17,59861,11123,20704,414,1150,1130.0,1089.6842105263158,-3.939706639488414,13.697669015575729,25635.47922437673,1130.0,1130.0,0.0,11290,380,1116,1096.0,1026.3636363636365,-2.7922213628130543,5.907236514684117,42237.68595041322,1096.0,1096.0,0.0,1634046405.351625,0.0,27.490980863571163
8316,0,1,0,0,3,2,1096,2211110130,1130,64,1116,17,59861,29483,4,0,0,43,15,2211110130,17,59861,11123,21834,414,1150,1130.0,1091.7,-4.060742734600515,14.67428388196453,24430.910000000003,1130.0,1130.0,0.0,12386,380,1116,1096.0,1032.1666666666667,-2.9594608470210324,6.877260775797808,39088.30555555556,1096.0,1096.0,0.0,1634046405.351625,0.0,27.490980863571163
8317,0,1,0,0,3,2,816,2211110130,850,64,836,17,59861,29483,4,0,0,43,15,2211110130,17,59861,11123,850,850,850,850.0,850.0,0.0,-3.0,0.0,850.0,850.0,0.0,13202,380,1116,1096.0,1015.5384615384615,-2.5469603743836235,5.186608716923956,39399.47928994084,1096.0,1096.0,0.0,1634046405.352278,0.0006530284881591,27.491633892059323
8318,0,1,0,0,3,2,408,2211110130,442,64,428,17,59861,29483,4,0,0,43,15,2211110130,17,59861,11123,1292,442,850,646.0,646.0,0.0,-2.0,41616.0,748.0,544.0,204.0,13610,380,1116,1096.0,972.1428571428572,-1.7548378981803512,1.3553002709452509,61066.55102040815,1096.0,1043.5,52.5,1634046405.352278,0.0,27.491633892059323
8319,0,1,0,0,3,2,60,2211110130,94,64,80,17,59861,29483,4,0,0,43,15,2211110130,17,59861,11123,1386,94,850,442.0,462.0,0.0968288318240904,-1.5,95456.0,646.0,268.0,378.0,13670,60,1116,1096.0,911.3333333333334,-1.54009457278904,0.8414530180898736,108764.6222222222,1096.0,921.0,175.0,1634046405.376619,0.0243411064147949,27.515974998474118
8320,0,1,0,0,3,2,408,2211110130,442,64,428,17,59861,29483,4,0,0,43,15,2211110130,17,59861,11123,1828,94,850,442.0,457.0,0.167566531442226,-0.993750529200188,71667.0,544.0,355.0,189.0,14078,60,1116,1096.0,879.875,-1.2199655989148404,-0.0837856210534555,116811.234375,1096.0,714.0,382.0,1634046405.376619,0.0,27.515974998474118
8321,0,1,0,0,3,2,1096,2211110130,1130,64,1116,17,59861,29483,4,0,0,43,15,2211110130,17,59861,11123,2958,94,1130,442.0,591.6,0.1856814781186149,-1.2099909640010833,129802.24,850.0,442.0,408.0,15174,60,1116,1096.0,892.5882352941177,-1.3124322574421827,0.1581747910894031,112526.0069204152,1096.0,816.0,280.0,1634046405.382463,0.0058438777923583,27.521818876266476
8322,0,1,0,0,3,2,1096,2211110130,1130,64,1116,17,59861,29483,4,0,0,43,15,2211110130,17,59861,11123,4088,94,1130,646.0,681.3333333333334,-0.1299652199208036,-1.430902963824788,148428.88888888888,1060.0,442.0,618.0,16270,60,1116,1096.0,903.8888888888888,-1.400027862032337,0.4045985784186392,108445.54320987652,1096.0,868.5,227.5,1634046405.382463,0.0,27.521818876266476
8323,0,1,0,0,3,2,1096,2211110130,1130,64,1116,17,59861,29483,4,0,0,43,15,2211110130,17,59861,11123,5218,94,1130,850.0,745.4285714285714,-0.3874899465551878,-1.3725208490798917,151873.95918367346,1130.0,442.0,688.0,17366,60,1116,1096.0,914.0,-1.4833887832574095,0.6545898909910024,104578.1052631579,1096.0,921.0,175.0,1634046405.382463,0.0,27.521818876266476
8324,0,1,0,0,3,2,1096,2211110130,1130,64,1116,17,59861,29483,4,0,0,43,15,2211110130,17,59861,11123,6348,94,1130,990.0,793.5,-0.600604065077567,-1.1928849620267232,149065.75,1130.0,442.0,688.0,18462,60,1116,1096.0,923.1,-1.563030076485448,0.9074773354117762,100922.58999999998,1096.0,973.5,122.5,1634046405.383063,0.0006000995635986,27.522418975830075
8325,0,1,0,0,3,2,1096,2211110130,1130,64,1116,17,59861,29483,4,0,0,43,15,2211110130,17,59861,11123,7478,94,1130,1130.0,830.8888888888889,-0.7832673399788188,-0.9515796315886602,143686.3209876543,1130.0,442.0,688.0,1096,1096,1096,1096.0,1096.0,0.0,-3.0,0.0,1096.0,1096.0,0.0,1634046405.383063,0.0,27.522418975830075
8326,0,1,0,0,3,2,452,2211110130,486,64,472,17,59861,29483,4,0,0,43,15,2211110130,17,59861,11123,7964,94,1130,990.0,796.4,-0.5337940069574612,-1.234369169488208,140023.03999999998,1130.0,453.0,677.0,1548,452,1096,774.0,774.0,0.0,-2.0,103684.0,935.0,613.0,322.0,1634046405.384015,0.0009520053863525,27.523370981216427
8327,0,1,0,0,2,3,60,3232270721,94,47,80,17,29483,59861,4,0,0,43,15,2211110130,17,59861,11123,8058,94,1130,850.0,732.5454545454545,-0.3552010319377915,-1.4699302274318116,168067.70247933886,1130.0,442.0,688.0,1608,60,1096,452.0,536.0,0.2874080445748516,-1.5,182410.66666666663,774.0,256.0,518.0,1634046405.390947,0.0069320201873779,27.530303001403805
8328,0,1,0,0,3,2,1096,2211110130,1130,64,1116,17,59861,29483,4,0,0,43,15,2211110130,17,59861,11123,9188,94,1130,990.0,765.6666666666666,-0.4983664257252966,-1.366837069188978,166129.22222222222,1130.0,442.0,688.0,2704,60,1096,774.0,676.0,-0.2797517250343858,-1.63614202352601,195608.0,1096.0,354.0,742.0,1634046405.40458,0.0136330127716064,27.54393601417541
8329,0,1,0,0,3,2,1096,2211110130,1130,64,1116,17,59861,29483,4,0,0,43,15,2211110130,17,59861,11123,10318,94,1130,1130.0,793.6923076923077,-0.6264034432286627,-1.2334713218535336,162775.28994082843,1130.0,442.0,688.0,3800,60,1096,1096.0,760.0,-0.6510544623513911,-1.3156323774000418,184710.4,1096.0,452.0,644.0,1634046405.40458,0.0,27.54393601417541
8330,0,1,0,0,3,2,1096,2211110130,1130,64,1116,17,59861,29483,4,0,0,43,15,2211110130,17,59861,11123,11448,94,1130,1130.0,817.7142857142857,-0.7426465716766081,-1.0796197449647071,158650.20408163263,1130.0,453.0,677.0,4896,60,1096,1096.0,816.0,-0.9365502862900004,-0.8632458137563779,169605.33333333334,1096.0,613.0,483.0,1634046405.40458,0.0,27.54393601417541
8331,0,1,0,0,3,2,1096,2211110130,1130,64,1116,17,59861,29483,4,0,0,43,15,2211110130,17,59861,11123,12578,94,1130,1130.0,838.5333333333333,-0.8494514428150526,-0.9112760122696172,154141.5822222223,1130.0,464.0,666.0,5992,60,1096,1096.0,856.0,-1.1735374165659211,-0.3549264582897828,154976.0,1096.0,774.0,322.0,1634046405.40522,0.0006399154663085,27.54457592964172
8332,0,1,0,0,3,2,1096,2211110130,1130,64,1116,17,59861,29483,4,0,0,43,15,2211110130,17,59861,11123,13708,94,1130,1130.0,856.75,-0.9485330905392214,-0.732309787283008,149485.4375,1130.0,475.0,655.0,7088,60,1096,1096.0,886.0,-1.3790467706443454,0.1822880101340009,141904.0,1096.0,935.0,161.0,1634046405.406155,0.0009350776672363,27.545511007308956
8333,0,1,0,0,3,2,1090,2211110130,1124,64,1110,17,59861,29483,4,0,0,43,15,2211110130,17,59861,11123,14832,94,1130,1130.0,872.4705882352941,-1.041573535739599,-0.5442107522020461,144646.36678200692,1130.0,486.0,644.0,8178,60,1096,1096.0,908.6666666666666,-1.5626104582658629,0.7379131241228571,130247.11111111112,1096.0,1090.0,6.0,1634046405.406155,0.0,27.545511007308956
8334,0,1,0,0,2,3,60,3232270721,94,47,80,17,29483,59861,4,0,0,43,15,2211110130,17,59861,11123,14926,94,1130,1130.0,829.2222222222222,-0.8449469120224097,-0.9925097065191912,168407.61728395062,1130.0,453.0,677.0,8238,60,1096,1096.0,823.8,-1.0334662147348728,-0.7738052546050715,182043.56,1096.0,611.5,484.5,1634046405.408492,0.0023369789123535,27.54784798622131
8335,0,1,0,0,2,3,60,3232270721,94,47,80,17,29483,59861,4,0,0,43,15,2211110130,17,59861,11123,15020,94,1130,1130.0,790.5263157894736,-0.6770661514138517,-1.297961207624826,186496.77562326868,1130.0,442.0,688.0,8298,60,1096,1096.0,754.3636363636364,-0.6946767153915298,-1.407265762416578,213708.23140495867,1096.0,256.0,840.0,1634046405.427171,0.0186789035797119,27.566526889801022
8336,0,1,0,0,3,2,408,2211110130,442,64,428,17,59861,29483,4,0,0,43,15,2211110130,17,59861,11123,15462,94,1130,1127.0,773.1,-0.5668092807677507,-1.3999028041196684,182941.79,1130.0,442.0,688.0,8706,60,1096,1093.0,725.5,-0.5232882992274059,-1.5435877710616233,205063.41666666663,1096.0,321.0,775.0,1634046405.436446,0.0092749595642089,27.57580184936523
8337,0,1,0,0,2,3,60,3232270721,94,47,80,17,29483,59861,4,0,0,43,15,2211110130,17,59861,11123,94,94,94,94.0,94.0,0.0,-3.0,0.0,94.0,94.0,0.0,8766,60,1096,1090.0,674.3076923076923,-0.3229573072421258,-1.74222318698193,220737.13609467453,1096.0,60.0,1036.0,1634046405.446367,0.0099210739135742,27.585722923278805
8338,0,1,0,0,3,2,1096,2211110130,1130,64,1116,17,59861,29483,4,0,0,43,15,2211110130,17,59861,11123,1224,94,1130,612.0,612.0,0.0,-2.0,268324.0,871.0,353.0,518.0,9862,60,1096,1093.0,704.4285714285714,-0.4494539566503887,-1.6496142875388191,216764.67346938775,1096.0,147.0,949.0,1634046405.44648,0.0001130104064941,27.5858359336853
8339,0,1,0,0,3,2,1096,2211110130,1130,64,1116,17,59861,29483,4,0,0,43,15,2211110130,17,59861,11123,2354,94,1130,1130.0,784.6666666666666,-0.7071067811865472,-1.5,238510.22222222225,1130.0,612.0,518.0,10958,60,1096,1096.0,730.5333333333333,-0.563440854146275,-1.5371018274720372,211854.1155555556,1096.0,234.0,862.0,1634046405.44648,0.0,27.5858359336853
8340,0,1,0,0,3,2,1096,2211110130,1130,64,1116,17,59861,29483,4,0,0,43,15,2211110130,17,59861,11123,3484,94,1130,1130.0,871.0,-1.1547005383792517,-0.6666666666666665,201243.0,1130.0,871.0,259.0,12054,60,1096,1096.0,753.375,-0.6675625920045647,-1.410411242091615,206439.359375,1096.0,321.0,775.0,1634046405.44648,0.0,27.5858359336853
8341,0,1,0,0,3,2,1096,2211110130,1130,64,1116,17,59861,29483,4,0,0,43,15,2211110130,17,59861,11123,4614,94,1130,1130.0,922.8,-1.5000000000000004,0.2500000000000004,171727.35999999996,1130.0,1130.0,0.0,13150,60,1096,1096.0,773.5294117647059,-0.7636988646042862,-1.2732649820672426,200795.07266435988,1096.0,408.0,688.0,1634046405.447149,0.0006690025329589,27.586504936218258
8342,0,1,0,0,3,2,1116,2211110130,1150,64,1136,17,59861,29483,4,0,0,43,15,2211110130,17,59861,11123,5764,94,1150,1130.0,960.6666666666666,-1.787415105428971,1.1974652125141103,150275.55555555553,1130.0,1130.0,0.0,14266,60,1116,1096.0,792.5555555555555,-0.8524004702078559,-1.1293696601705263,195793.6913580247,1096.0,419.0,677.0,1634046405.455972,0.0088229179382324,27.59532785415649
8343,0,1,0,0,3,2,754,2211110130,788,64,774,17,59861,29483,4,0,0,43,15,2211110130,17,59861,11123,6552,94,1150,1130.0,936.0,-1.6629846311935,1.1596477362513935,132458.2857142857,1130.0,959.0,171.0,15020,60,1116,1096.0,790.5263157894736,-0.8611390255059745,-1.0433789840534904,185562.88088642657,1096.0,430.0,666.0,1634046405.455972,0.0,27.59532785415649
8344,0,1,0,0,3,2,416,2211110130,450,64,436,17,59861,29483,4,0,0,43,15,2211110130,17,59861,11123,7002,94,1150,1130.0,875.25,-1.0952309407660847,-0.3378542329150473,141734.9375,1130.0,703.5,426.5,15436,60,1116,1096.0,771.8,-0.7378271082984493,-1.1990092203370712,182947.56,1096.0,414.0,682.0,1634046405.471995,0.0160231590270996,27.61135101318359
8345,0,1,0,0,3,2,1096,2211110130,1130,64,1116,17,59861,29483,4,0,0,43,15,2211110130,17,59861,11123,8132,94,1150,1130.0,903.5555555555557,-1.2740527784853954,0.098745199747857,132396.24691358025,1130.0,788.0,342.0,1096,1096,1096,1096.0,1096.0,0.0,-3.0,0.0,1096.0,1096.0,0.0,1634046405.479449,0.0074539184570312,27.61880493164062
8346,0,1,0,0,3,2,1096,2211110130,1130,64,1116,17,59861,29483,4,0,0,43,15,2211110130,17,59861,11123,9262,94,1150,1130.0,926.2,-1.4352598637199352,0.5528944922364301,123771.55999999998,1130.0,873.5,256.5,2192,1096,1096,1096.0,1096.0,0.0,-3.0,0.0,1096.0,1096.0,0.0,1634046405.479449,0.0,27.61880493164062
8347,0,1,0,0,3,2,1096,2211110130,1130,64,1116,17,59861,29483,4,0,0,43,15,2211110130,17,59861,11123,10392,94,1150,1130.0,944.7272727272727,-1.5828654744197732,1.0185997157208249,115952.19834710743,1130.0,959.0,171.0,3288,1096,1096,1096.0,1096.0,0.0,-3.0,0.0,1096.0,1096.0,0.0,1634046405.479449,0.0,27.61880493164062
8348,0,1,0,0,3,2,1096,2211110130,1130,64,1116,17,59861,29483,4,0,0,43,15,2211110130,17,59861,11123,11522,94,1150,1130.0,960.1666666666666,-1.7196133169290555,1.492315097615709,108911.63888888888,1130.0,1044.5,85.5,4384,1096,1096,1096.0,1096.0,0.0,-3.0,0.0,1096.0,1096.0,0.0,1634046405.480062,0.0006129741668701,27.61941790580749
8349,0,1,0,0,3,2,686,2211110130,720,64,706,17,59861,29483,4,0,0,43,15,2211110130,17,59861,11123,12242,94,1150,1130.0,941.6923076923076,-1.545731139732642,1.1437921765150063,104629.44378698224,1130.0,788.0,342.0,5070,686,1096,1096.0,1014.0,-1.5,0.25,26896.0,1096.0,1096.0,0.0,1634046405.480062,0.0,27.61941790580749
8350,0,1,0,0,2,3,60,3232270721,94,47,80,17,29483,59861,4,0,0,43,15,2211110130,17,59861,11123,12336,94,1150,1130.0,881.1428571428571,-1.1896048633506084,-0.1424321011415434,144816.97959183672,1130.0,737.0,393.0,5130,60,1096,1096.0,855.0,-1.3101654922999744,0.1137917725243893,148818.33333333334,1096.0,788.5,307.5,1634046405.481136,0.0010740756988525,27.620491981506344
8351,0,1,0,0,2,3,52,3232270721,86,47,72,17,29483,59861,4,0,0,43,15,2211110130,17,59861,11123,12422,86,1150,1130.0,828.1333333333333,-0.9164285121043492,-0.8500640950992904,174502.6488888889,1130.0,585.0,545.0,5182,52,1096,1096.0,740.2857142857143,-0.7017660553496252,-1.3162939334341697,206514.77551020408,1096.0,373.0,723.0,1634046405.481191,5.4836273193359375e-05,27.620546817779537
8352,0,1,0,0,3,2,60,2211110130,94,64,80,17,59861,29483,4,0,0,43,15,2211110130,17,59861,11123,12516,86,1150,1130.0,782.25,-0.7004280005170176,-1.2680408364085145,195175.4375,1130.0,361.0,769.0,5242,52,1096,891.0,655.25,-0.3357640591771156,-1.7514261172982375,231317.9375,1096.0,60.0,1036.0,1634046405.488187,0.0069961547851562,27.627542972564694
8353,0,1,0,0,3,2,56,2211110130,90,64,76,17,59861,29483,4,0,0,43,15,2211110130,17,59861,11123,12606,86,1150,1130.0,741.5294117647059,-0.5250302454003261,-1.5232045404878218,210225.19031141867,1130.0,94.0,1036.0,5298,52,1096,686.0,588.6666666666666,-0.0731850809813015,-1.8820897062708115,241082.66666666663,1096.0,60.0,1036.0,1634046405.494848,0.0066609382629394,27.634203910827633
8354,0,1,0,0,3,2,408,2211110130,442,64,428,17,59861,29483,4,0,0,43,15,2211110130,17,59861,11123,13048,86,1150,959.0,724.8888888888889,-0.4271033909653874,-1.5683352084786562,203253.43209876545,1130.0,181.0,949.0,5706,52,1096,547.0,570.6,0.0343135990687808,-1.7922578173357302,219912.04,1096.0,60.0,1036.0,1634046405.494848,0.0,27.634203910827633
8355,0,1,0,0,3,2,1096,2211110130,1130,64,1116,17,59861,29483,4,0,0,43,15,2211110130,17,59861,11123,14178,86,1150,1130.0,746.2105263157895,-0.5162184703866572,-1.489643501686555,200738.9030470914,1130.0,268.0,862.0,6802,52,1096,686.0,618.3636363636364,-0.1486208240457247,-1.7914543189071124,222733.68595041323,1096.0,60.0,1036.0,1634046405.500629,0.0057809352874755,27.63998484611511
8356,0,1,0,0,3,2,1096,2211110130,1130,64,1116,17,59861,29483,4,0,0,43,15,2211110130,17,59861,11123,15308,86,1150,1130.0,765.4,-0.5991638548712959,-1.4006779519745145,197698.44,1130.0,355.0,775.0,7898,52,1096,891.0,658.1666666666666,-0.304500187573014,-1.7324370479679123,221599.6388888889,1096.0,60.0,1036.0,1634046405.500629,0.0,27.63998484611511
8357,0,1,0,0,3,2,1096,2211110130,1130,64,1116,17,59861,29483,4,0,0,43,15,2211110130,17,59861,11123,1130,1130,1130,1130.0,1130.0,0.0,-3.0,0.0,1130.0,1130.0,0.0,8994,52,1096,1096.0,691.8461538461538,-0.4410754293061601,-1.6374277139043552,218165.20710059177,1096.0,60.0,1036.0,1634046405.501814,0.0011849403381347,27.641169786453244
8358,0,1,0,0,3,2,1096,2211110130,1130,64,1116,17,59861,29483,4,0,0,43,15,2211110130,17,59861,11123,2260,1130,1130,1130.0,1130.0,0.0,-3.0,0.0,1130.0,1130.0,0.0,10090,52,1096,1096.0,720.7142857142857,-0.5632028070519989,-1.5186400361796104,213415.77551020405,1096.0,147.0,949.0,1634046405.501814,0.0,27.641169786453244
8359,0,1,0,0,3,2,597,2211110130,631,64,617,17,59861,29483,4,0,0,43,15,2211110130,17,59861,11123,2891,631,1130,1130.0,963.6666666666666,-0.707106781186547,-1.5000000000000004,55333.55555555556,1130.0,880.5,249.5,10687,52,1096,1096.0,712.4666666666667,-0.5249105939384391,-1.4682551349592332,200140.38222222216,1096.0,234.0,862.0,1634046405.501814,0.0,27.641169786453244
8360,0,1,0,0,2,3,60,3232270721,94,47,80,17,29483,59861,4,0,0,43,15,2211110130,17,59861,11123,2985,94,1130,880.5,746.25,-0.5287474977883084,-1.3294417191075272,183310.1875,1130.0,496.75,633.25,10747,52,1096,891.0,671.6875,-0.3606555572102366,-1.6510163047624635,212575.71484375,1096.0,60.0,1036.0,1634046405.516052,0.0142381191253662,27.65540790557861
8361,0,1,0,0,3,2,408,2211110130,442,64,428,17,59861,29483,4,0,0,43,15,2211110130,17,59861,11123,3427,94,1130,631.0,685.4,-0.1407514320539103,-1.434980901647611,161459.03999999998,1130.0,442.0,688.0,11155,52,1096,686.0,656.1764705882352,-0.2699038441709628,-1.657632374992139,203920.73356401385,1096.0,60.0,1036.0,1634046405.535023,0.0189709663391113,27.67437887191772
8362,0,1,0,0,2,3,56,3232270721,90,47,76,17,29483,59861,4,0,0,43,15,2211110130,17,59861,11123,3517,90,1130,536.5,586.1666666666666,0.1637549199546197,-1.5460692977440618,183785.47222222225,1005.25,181.0,824.25,11211,52,1096,641.5,622.8333333333334,-0.1469402231117005,-1.7343769581623472,211491.8055555556,1096.0,60.0,1036.0,1634046405.537193,0.0021700859069824,27.676548957824703
8363,0,1,0,0,2,3,60,3232270721,94,47,80,17,29483,59861,4,0,0,43,15,2211110130,17,59861,11123,3611,90,1130,442.0,515.8571428571429,0.4180742521511248,-1.4468833103642076,187190.97959183672,880.5,94.0,786.5,11271,52,1096,597.0,593.2105263157895,-0.0366972875379408,-1.7728601796492462,216155.85041551245,1096.0,60.0,1036.0,1634046405.537247,5.3882598876953125e-05,27.67660284042358
8364,0,1,0,0,3,2,1096,2211110130,1130,64,1116,17,59861,29483,4,0,0,43,15,2211110130,17,59861,11123,4741,90,1130,536.5,592.625,0.1174673490634263,-1.6973683343654329,205045.234375,1130.0,94.0,1036.0,12367,52,1096,641.5,618.35,-0.1337835567269229,-1.7680182601606391,217355.92750000005,1096.0,60.0,1036.0,1634046405.545299,0.008052110671997,27.684654951095578
8365,0,1,0,0,3,2,1096,2211110130,1130,64,1116,17,59861,29483,4,0,0,43,15,2211110130,17,59861,11123,5871,90,1130,631.0,652.3333333333334,-0.1140039808543173,-1.7382052971623476,210783.11111111112,1130.0,94.0,1036.0,1096,1096,1096,1096.0,1096.0,0.0,-3.0,0.0,1096.0,1096.0,0.0,1634046405.546585,0.0012860298156738,27.68594098091125
8366,0,1,0,0,3,2,1096,2211110130,1130,64,1116,17,59861,29483,4,0,0,43,15,2211110130,17,59861,11123,7001,90,1130,880.5,700.1,-0.3036017874834412,-1.6794484383582144,210239.69,1130.0,181.0,949.0,2192,1096,1096,1096.0,1096.0,0.0,-3.0,0.0,1096.0,1096.0,0.0,1634046405.546585,0.0,27.68594098091125
8367,0,1,0,0,3,2,1096,2211110130,1130,64,1116,17,59861,29483,4,0,0,43,15,2211110130,17,59861,11123,8131,90,1130,1130.0,739.1818181818181,-0.4654185946666625,-1.565846772457341,206400.87603305784,1130.0,268.0,862.0,3288,1096,1096,1096.0,1096.0,0.0,-3.0,0.0,1096.0,1096.0,0.0,1634046405.546585,0.0,27.68594098091125
8368,0,1,0,0,3,2,821,2211110130,855,64,841,17,59861,29483,4,0,0,43,15,2211110130,17,59861,11123,8986,90,1130,992.5,748.8333333333334,-0.5470287124703368,-1.4063821182557468,190225.47222222225,1130.0,355.0,775.0,4109,821,1096,1096.0,1027.25,-1.1547005383792517,-0.6666666666666665,14179.6875,1096.0,1027.25,68.75,1634046405.547277,0.0006918907165527,27.686632871627804
8369,0,1,0,0,2,3,60,3232270721,94,47,80,17,29483,59861,4,0,0,43,15,2211110130,17,59861,11123,9080,90,1130,855.0,698.4615384615385,-0.3446124297975801,-1.639957274921506,206040.55621301776,1130.0,94.0,1036.0,4169,60,1096,1096.0,833.8,-1.266591372350415,-0.1255983256005128,161035.36000000002,1096.0,821.0,275.0,1634046405.551091,0.0038139820098876,27.69044685363769
8370,0,1,0,0,2,3,60,3232270721,94,47,80,17,29483,59861,4,0,0,43,15,2211110130,17,59861,11123,9174,90,1130,743.0,655.2857142857143,-0.1768803886819699,-1.7586929745950834,215557.34693877556,1130.0,94.0,1036.0,4229,60,1096,958.5,704.8333333333334,-0.5840796666385848,-1.5316987102209845,217358.13888888888,1096.0,250.25,845.75,1634046405.569598,0.0185070037841796,27.70895385742187
8371,0,1,0,0,3,2,1096,2211110130,1130,64,1116,17,59861,29483,4,0,0,43,15,2211110130,17,59861,11123,10304,90,1130,855.0,686.9333333333333,-0.2990309337448312,-1.710937588290386,215208.8622222222,1130.0,94.0,1036.0,5325,60,1096,1096.0,760.7142857142857,-0.8264237556965836,-1.189844939469765,205043.06122448976,1096.0,440.5,655.5,1634046405.578706,0.0091080665588378,27.71806192398071
8372,0,1,0,0,3,2,1096,2211110130,1130,64,1116,17,59861,29483,4,0,0,43,15,2211110130,17,59861,11123,11434,90,1130,992.5,714.625,-0.409102810972447,-1.6398265296646035,213260.734375,1130.0,94.0,1036.0,6421,60,1096,1096.0,802.625,-1.03177461315622,-0.805135887106454,191708.234375,1096.0,630.75,465.25,1634046405.578706,0.0,27.71806192398071
8373,0,1,0,0,3,2,1096,2211110130,1130,64,1116,17,59861,29483,4,0,0,43,15,2211110130,17,59861,11123,12564,90,1130,1130.0,739.0588235294117,-0.509569964149636,-1.5519662799326135,210268.17301038065,1130.0,94.0,1036.0,7517,60,1096,1096.0,835.2222222222222,-1.2118820973291242,-0.3962219780460665,178907.95061728396,1096.0,821.0,275.0,1634046405.579257,0.0005509853363037,27.718612909317013
8374,0,1,0,0,3,2,1096,2211110130,1130,64,1116,17,59861,29483,4,0,0,43,15,2211110130,17,59861,11123,13694,90,1130,1130.0,760.7777777777778,-0.6022234054653822,-1.4516975840770134,206605.7283950617,1130.0,181.0,949.0,8613,60,1096,1096.0,861.3,-1.373581467470954,0.0276742967066874,167137.61000000002,1096.0,889.75,206.25,1634046405.579257,0.0,27.718612909317013
8375,0,1,0,0,3,2,520,2211110130,554,64,540,17,59861,29483,4,0,0,43,15,2211110130,17,59861,11123,14248,90,1130,1130.0,749.8947368421053,-0.540626430202702,-1.4547524078682836,197863.67313019396,1130.0,268.0,862.0,9133,60,1096,1096.0,830.2727272727273,-1.1374258811203986,-0.3943389702205775,161570.19834710745,1096.0,670.5,425.5,1634046405.579257,0.0,27.718612909317013
8376,0,1,0,0,3,2,408,2211110130,442,64,428,17,59861,29483,4,0,0,43,15,2211110130,17,59861,11123,14690,90,1130,992.5,734.5,-0.4472893293498145,-1.506683729994183,192473.45,1130.0,355.0,775.0,9541,60,1096,1096.0,795.0833333333334,-0.8744216054127987,-0.8668651673107539,161727.24305555556,1096.0,492.0,604.0,1634046405.580684,0.0014269351959228,27.720039844512936
8377,0,1,0,0,3,2,1116,2211110130,1150,64,1136,17,59861,29483,4,0,0,43,15,2211110130,17,59861,11123,1150,1150,1150,1150.0,1150.0,0.0,-3.0,0.0,1150.0,1150.0,0.0,10657,60,1116,1096.0,819.7692307692307,-0.9934881446211632,-0.6420827835989211,156599.4082840237,1096.0,520.0,576.0,1634046405.590056,0.0093719959259033,27.72941184043884
8378,0,1,0,0,3,2,60,2211110130,94,64,80,17,59861,29483,4,0,0,43,15,2211110130,17,59861,11123,1244,94,1150,622.0,622.0,0.0,-2.0,278784.0,886.0,358.0,528.0,10717,60,1116,1096.0,765.5,-0.7420934509331286,-1.1758788337160155,183700.67857142855,1096.0,436.0,660.0,1634046405.604566,0.014510154724121,27.74392199516296
8379,0,1,0,0,2,3,60,3232270721,94,47,80,17,29483,59861,4,0,0,43,15,2211110130,17,59861,11123,1338,94,1150,94.0,446.0,0.7071067811865476,-1.5,247808.0,622.0,94.0,528.0,10777,60,1116,1096.0,718.4666666666667,-0.541069300990281,-1.48674380911785,202423.8488888889,1096.0,234.0,862.0,1634046405.60599,0.0014238357543945,27.745345830917355
8380,0,1,0,0,3,2,1096,2211110130,1130,64,1116,17,59861,29483,4,0,0,43,15,2211110130,17,59861,11123,2468,94,1150,612.0,617.0,0.0005482375919979,-1.9992690499431056,273579.0,1135.0,94.0,1041.0,11873,60,1116,1096.0,742.0625,-0.6449015393354621,-1.3668472540996572,198123.80859375,1096.0,321.0,775.0,1634046405.615689,0.0096991062164306,27.755044937133786
8381,0,1,0,0,3,2,1096,2211110130,1130,64,1116,17,59861,29483,4,0,0,43,15,2211110130,17,59861,11123,3598,94,1150,1130.0,719.6,-0.4076199417981641,-1.83298402850746,260970.24,1130.0,94.0,1036.0,12969,60,1116,1096.0,762.8823529411765,-0.7407823006440146,-1.235487593856559,193404.92733564012,1096.0,408.0,688.0,1634046405.615689,0.0,27.755044937133786
8382,0,1,0,0,3,2,1096,2211110130,1130,64,1116,17,59861,29483,4,0,0,43,15,2211110130,17,59861,11123,4728,94,1150,1130.0,788.0,-0.7064420849866182,-1.4999879518889294,240868.0,1130.0,353.0,777.0,14065,60,1116,1096.0,781.3888888888889,-0.8300761437414066,-1.0954499485926867,188482.57098765436,1096.0,436.0,660.0,1634046405.616256,0.0005669593811035,27.75561189651489
8383,0,1,0,0,3,2,1096,2211110130,1130,64,1116,17,59861,29483,4,0,0,43,15,2211110130,17,59861,11123,5858,94,1150,1130.0,836.8571428571429,-0.9479905532977594,-1.1002763308153762,220780.40816326535,1130.0,612.0,518.0,15161,60,1116,1096.0,797.9473684210526,-0.91382050988831,-0.9486863047432452,183497.7340720221,1096.0,464.0,632.0,1634046405.616256,0.0,27.75561189651489
8384,0,1,0,0,3,2,1096,2211110130,1130,64,1116,17,59861,29483,4,0,0,43,15,2211110130,17,59861,11123,6988,94,1150,1130.0,873.5,-1.153982009919004,-0.6672008214901801,202581.75,1130.0,871.0,259.0,16257,60,1116,1096.0,812.85,-0.9928220050938638,-0.7966048719241181,178542.5275,1096.0,492.0,604.0,1634046405.616256,0.0,27.75561189651489
8385,0,1,0,0,3,2,1096,2211110130,1130,64,1116,17,59861,29483,4,0,0,43,15,2211110130,17,59861,11123,8118,94,1150,1130.0,902.0,-1.3355627998434974,-0.2150585323034595,186570.66666666663,1130.0,1130.0,0.0,1096,1096,1096,1096.0,1096.0,0.0,-3.0,0.0,1096.0,1096.0,0.0,1634046405.616787,0.0005309581756591,27.756142854690548
8386,0,1,0,0,3,2,328,2211110130,362,64,348,17,59861,29483,4,0,0,43,15,2211110130,17,59861,11123,8480,94,1150,1130.0,848.0,-0.9468072152614092,-1.0145142678540744,194157.6,1130.0,554.0,576.0,1424,328,1096,712.0,712.0,0.0,-2.0,147456.0,904.0,520.0,384.0,1634046405.616787,0.0,27.756142854690548
8387,0,1,0,0,2,3,60,3232270721,94,47,80,17,29483,59861,4,0,0,43,15,2211110130,17,59861,11123,8574,94,1150,1130.0,779.4545454545455,-0.6277652405129688,-1.540146388540754,223491.70247933888,1130.0,228.0,902.0,1484,60,1096,328.0,494.6666666666667,0.5147020961596946,-1.5,192771.55555555556,712.0,194.0,518.0,1634046405.623691,0.006904125213623,27.76304697990417
8388,0,1,0,0,3,2,408,2211110130,442,64,428,17,59861,29483,4,0,0,43,15,2211110130,17,59861,11123,9016,94,1150,1130.0,751.3333333333334,-0.4656981476438094,-1.6464158350003777,213566.22222222225,1130.0,295.0,835.0,1892,60,1096,368.0,473.0,0.7531324800718503,-0.8862134082533148,145987.0,580.0,261.0,319.0,1634046405.628732,0.0050408840179443,27.768087863922116
8389,0,1,0,0,3,2,1096,2211110130,1130,64,1116,17,59861,29483,4,0,0,43,15,2211110130,17,59861,11123,10146,94,1150,1130.0,780.4615384615385,-0.5973837953130446,-1.509018903019273,207319.4792899408,1130.0,362.0,768.0,2988,60,1096,408.0,597.6,0.1739899221049984,-1.6656224229012353,178890.24,1096.0,328.0,768.0,1634046405.636689,0.0079569816589355,27.77604484558105
8390,0,1,0,0,3,2,1096,2211110130,1130,64,1116,17,59861,29483,4,0,0,43,15,2211110130,17,59861,11123,11276,94,1150,1130.0,805.4285714285714,-0.7162066062996845,-1.3538944304198897,200614.53061224488,1130.0,382.0,748.0,4084,60,1096,752.0,680.6666666666666,-0.1870949115122681,-1.720737067771391,183575.55555555556,1096.0,348.0,748.0,1634046405.636689,0.0,27.77604484558105
8391,0,1,0,0,3,2,1096,2211110130,1130,64,1116,17,59861,29483,4,0,0,43,15,2211110130,17,59861,11123,12406,94,1150,1130.0,827.0666666666667,-0.8249090560128371,-1.1862227277178303,193795.12888888884,1130.0,402.0,728.0,5180,60,1096,1096.0,740.0,-0.4556564956924105,-1.5691971218172691,178473.14285714287,1096.0,368.0,728.0,1634046405.637216,0.0005271434783935,27.776571989059445
8392,0,1,0,0,3,2,623,2211110130,657,64,643,17,59861,29483,4,0,0,43,15,2211110130,17,59861,11123,13063,94,1150,1130.0,816.4375,-0.7696150203670101,-1.1794519379654298,183377.62109375,1130.0,422.0,708.0,5803,60,1096,859.5,725.375,-0.3728448792369033,-1.4578376569867146,157661.234375,1096.0,388.0,708.0,1634046405.637216,0.0,27.776571989059445
8393,0,1,0,0,2,3,60,3232270721,94,47,80,17,29483,59861,4,0,0,43,15,2211110130,17,59861,11123,13157,94,1150,1130.0,773.9411764705883,-0.5892905523214771,-1.4630127755438973,201485.7024221453,1130.0,362.0,768.0,5863,60,1096,623.0,651.4444444444445,-0.1559233329468127,-1.6347135417544,183869.13580246916,1096.0,328.0,768.0,1634046405.64265,0.0054337978363037,27.78200578689575
8394,0,1,0,0,2,3,32,3232270721,66,47,52,17,29483,59861,4,0,0,43,15,2211110130,17,59861,11123,13223,66,1150,1130.0,734.6111111111111,-0.4407866616079922,-1.6382189167608272,216588.5709876543,1130.0,161.0,969.0,5895,32,1096,515.5,589.5,0.0287798726938314,-1.6931279584725831,200016.25,1096.0,127.0,969.0,1634046405.667465,0.0248150825500488,27.806820869445797
8395,0,1,0,0,3,2,416,2211110130,450,64,436,17,59861,29483,4,0,0,43,15,2211110130,17,59861,11123,13673,66,1150,1130.0,719.6315789473684,-0.3542142377589101,-1.6624720667847706,209228.1274238227,1130.0,228.0,902.0,6311,32,1096,416.0,573.7272727272727,0.1338402870619349,-1.5869916183041155,184320.7438016529,1096.0,194.0,902.0,1634046405.67181,0.0043449401855468,27.811165809631344
8396,0,1,0,0,2,3,60,3232270721,94,47,80,17,29483,59861,4,0,0,43,15,2211110130,17,59861,11123,13767,66,1150,893.5,688.35,-0.237033943162211,-1.7511422980549949,217358.9275,1130.0,94.0,1036.0,6371,32,1096,412.0,530.9166666666666,0.2769516532011268,-1.5565612399222868,189120.90972222225,1096.0,60.0,1036.0,1634046405.673843,0.002032995223999,27.813198804855343
8397,0,1,0,0,2,3,60,3232270721,94,47,80,17,29483,59861,4,0,0,43,15,2211110130,17,59861,11123,94,94,94,94.0,94.0,0.0,-3.0,0.0,94.0,94.0,0.0,6431,32,1096,408.0,494.6923076923077,0.4061596860746088,-1.4864009149314732,190319.5976331361,1096.0,60.0,1036.0,1634046405.688985,0.0151422023773193,27.828341007232662
8398,0,1,0,0,2,3,52,3232270721,86,47,72,17,29483,59861,4,0,0,43,15,2211110130,17,59861,11123,180,86,94,90.0,90.0,0.0,-2.0,16.0,92.0,88.0,4.0,6483,32,1096,368.0,463.07142857142856,0.522108472496168,-1.3894961331512483,189723.7806122449,977.75,60.0,917.75,1634046405.68904,5.4836273193359375e-05,27.828395843505856
8399,0,1,0,0,3,2,1096,2211110130,1130,64,1116,17,59861,29483,4,0,0,43,15,2211110130,17,59861,11123,1310,86,1130,94.0,436.6666666666667,0.7069655779110001,-1.4999999999999996,240366.22222222216,612.0,90.0,522.0,7579,32,1096,408.0,505.26666666666665,0.3472626186821851,-1.5952131204115816,202001.66222222225,1096.0,60.0,1036.0,1634046405.689096,5.602836608886719e-05,27.828451871871945
8400,0,1,0,0,3,2,1096,2211110130,1130,64,1116,17,59861,29483,4,0,0,43,15,2211110130,17,59861,11123,2440,86,1130,612.0,610.0,-8.875345765765763e-05,-1.999881662931711,270408.0,1130.0,92.0,1038.0,8675,32,1096,412.0,542.1875,0.1992474823949062,-1.7097591729473016,209823.77734375,1096.0,60.0,1036.0,1634046405.689096,0.0,27.828451871871945
8401,0,1,0,0,3,2,1096,2211110130,1130,64,1116,17,59861,29483,4,0,0,43,15,2211110130,17,59861,11123,3570,86,1130,1130.0,714.0,-0.4083237772777952,-1.8331689750784217,259590.4,1130.0,94.0,1036.0,9771,32,1096,416.0,574.7647058823529,0.070695040291304,-1.7669069931236605,214461.5916955017,1096.0,60.0,1036.0,1634046405.689867,0.0007710456848144,27.82922291755676
8402,0,1,0,0,3,2,1096,2211110130,1130,64,1116,17,59861,29483,4,0,0,43,15,2211110130,17,59861,11123,4700,86,1130,1130.0,783.3333333333334,-0.7071773847825287,-1.499800303981785,240360.88888888888,1130.0,353.0,777.0,10867,32,1096,519.5,603.7222222222222,-0.04318998963172,-1.785655698680976,216802.200617284,1096.0,60.0,1036.0,1634046405.689867,0.0,27.82922291755676
8403,0,1,0,0,3,2,1096,2211110130,1130,64,1116,17,59861,29483,4,0,0,43,15,2211110130,17,59861,11123,5830,86,1130,1130.0,832.8571428571429,-0.948752061267114,-1.0997680562582628,220739.26530612243,1130.0,612.0,518.0,11963,32,1096,623.0,629.6315789473684,-0.1456643635558658,-1.7774791681761466,217474.864265928,1096.0,60.0,1036.0,1634046405.689867,0.0,27.82922291755676
8404,0,1,0,0,3,2,542,2211110130,576,64,562,17,59861,29483,4,0,0,43,15,2211110130,17,59861,11123,6406,86,1130,1130.0,800.75,-0.7680258140507571,-1.2196180608879292,200362.9375,1130.0,455.5,674.5,12505,32,1096,582.5,625.25,-0.1205163731684135,-1.7227986423078223,206965.8875,1096.0,60.0,1036.0,1634046405.690827,0.0009598731994628,27.830182790756222
8405,0,1,0,0,3,2,408,2211110130,442,64,428,17,59861,29483,4,0,0,43,15,2211110130,17,59861,11123,6848,86,1130,1130.0,760.8888888888889,-0.5216159079083654,-1.4449179352024892,190811.65432098767,1130.0,442.0,688.0,408,408,408,408.0,408.0,0.0,-3.0,0.0,408.0,408.0,0.0,1634046405.69557,0.0047430992126464,27.83492588996887
8406,0,1,0,0,3,2,56,2211110130,90,64,76,17,59861,29483,4,0,0,43,15,2211110130,17,59861,11123,6938,86,1130,853.0,693.8,-0.2690486480332141,-1.703437609639704,212238.76,1130.0,181.0,949.0,464,56,408,232.0,232.0,0.0,-2.0,30976.0,320.0,144.0,176.0,1634046405.706113,0.0105431079864501,27.84546899795532
8407,0,1,0,0,3,2,60,2211110130,94,64,80,17,59861,29483,4,0,0,43,15,2211110130,17,59861,11123,7032,86,1130,576.0,639.2727272727273,-0.066084620068219,-1.8027615811215976,222676.56198347107,1130.0,94.0,1036.0,524,56,408,60.0,174.66666666666666,0.7067951202245192,-1.4999999999999996,27224.888888888887,234.0,58.0,176.0,1634046405.713228,0.0071148872375488,27.852583885192868
8408,0,1,0,0,3,2,1096,2211110130,1130,64,1116,17,59861,29483,4,0,0,43,15,2211110130,17,59861,11123,8162,86,1130,853.0,680.1666666666666,-0.227549951761734,-1.7695840070621336,222515.6388888889,1130.0,94.0,1036.0,1620,56,1096,234.0,405.0,0.8093560462813357,-1.0077398532512167,179579.0,580.0,59.0,521.0,1634046405.713228,0.0,27.852583885192868
8409,0,1,0,0,3,2,1096,2211110130,1130,64,1116,17,59861,29483,4,0,0,43,15,2211110130,17,59861,11123,9292,86,1130,1130.0,714.7692307692307,-0.3678747583835941,-1.6945356618181628,219767.100591716,1130.0,94.0,1036.0,2716,56,1096,408.0,543.2,0.2071544701374441,-1.769443639312971,220060.16,1096.0,60.0,1036.0,1634046405.713697,0.0004689693450927,27.85305285453796
8410,0,1,0,0,3,2,1096,2211110130,1130,64,1116,17,59861,29483,4,0,0,43,15,2211110130,17,59861,11123,10422,86,1130,1130.0,744.4285714285714,-0.4925961608962763,-1.592262727708952,215505.2448979591,1130.0,181.0,949.0,3812,56,1096,752.0,635.3333333333334,-0.1605074531781218,-1.823513566674962,225826.22222222225,1096.0,147.0,949.0,1634046405.713697,0.0,27.85305285453796
8411,0,1,0,0,3,2,445,2211110130,479,64,465,17,59861,29483,4,0,0,43,15,2211110130,17,59861,11123,10901,86,1130,1130.0,726.7333333333333,-0.3898823229511212,-1.6175483529997194,205521.9288888889,1130.0,268.0,862.0,4257,56,1096,445.0,608.1428571428571,0.0047911269945558,-1.7047086134260996,198001.26530612243,1096.0,234.0,862.0,1634046405.713697,0.0,27.85305285453796
8412,0,1,0,0,2,3,56,3232270721,90,47,76,17,29483,59861,4,0,0,43,15,2211110130,17,59861,11123,10991,86,1130,853.0,686.9375,-0.2412164223633976,-1.7385072289840846,216432.43359375,1130.0,94.0,1036.0,4313,56,1096,426.5,539.125,0.2389002965785773,-1.6805313925867644,206595.359375,1096.0,59.0,1037.0,1634046405.729078,0.0153810977935791,27.86843395233154
8413,0,1,0,0,2,3,60,3232270721,94,47,80,17,29483,59861,4,0,0,43,15,2211110130,17,59861,11123,11085,86,1130,576.0,652.0588235294117,-0.1112467990083343,-1.8028724271659704,223165.46712802767,1130.0,94.0,1036.0,4373,56,1096,408.0,485.8888888888889,0.4356034605874406,-1.564755388037713,206312.987654321,1096.0,60.0,1036.0,1634046405.729133,5.4836273193359375e-05,27.868488788604733
8414,0,1,0,0,3,2,1096,2211110130,1130,64,1116,17,59861,29483,4,0,0,43,15,2211110130,17,59861,11123,12215,86,1130,853.0,678.6111111111111,-0.2166208825400598,-1.7770171065890596,222752.7932098765,1130.0,94.0,1036.0,5469,56,1096,426.5,546.9,0.1861750767917433,-1.7663355688805835,219182.89,1096.0,60.0,1036.0,1634046405.739475,0.0103421211242675,27.878830909729
8415,0,1,0,0,3,2,1116,2211110130,1150,64,1136,17,59861,29483,4,0,0,43,15,2211110130,17,59861,11123,13365,86,1150,1130.0,703.421052631579,-0.3115223426736826,-1.7330125250519468,222108.5595567867,1130.0,94.0,1036.0,6585,56,1116,445.0,598.6363636363636,-0.0101971462650001,-1.825441162782393,226023.68595041323,1096.0,60.0,1036.0,1634046405.739475,0.0,27.878830909729
8416,0,1,0,0,3,2,1096,2211110130,1130,64,1116,17,59861,29483,4,0,0,43,15,2211110130,17,59861,11123,14495,86,1150,1130.0,724.75,-0.3998566091701348,-1.6745527590875575,219646.6875,1130.0,94.0,1036.0,7681,56,1116,770.5,640.0833333333334,-0.1761350978441012,-1.8083727955442213,226084.74305555556,1096.0,60.0,1036.0,1634046405.741652,0.0021770000457763,27.881007909774777
8417,0,1,0,0,3,2,1096,2211110130,1130,64,1116,17,59861,29483,4,0,0,43,15,2211110130,17,59861,11123,1130,1130,1130,1130.0,1130.0,0.0,-3.0,0.0,1130.0,1130.0,0.0,8777,56,1116,1096.0,675.1538461538462,-0.3194338968647077,-1.7456706987716313,223452.899408284,1096.0,60.0,1036.0,1634046405.741652,0.0,27.881007909774777
8418,0,1,0,0,3,2,1096,2211110130,1130,64,1116,17,59861,29483,4,0,0,43,15,2211110130,17,59861,11123,2260,1130,1130,1130.0,1130.0,0.0,-3.0,0.0,1130.0,1130.0,0.0,9873,56,1116,1096.0,705.2142857142857,-0.4462108244257413,-1.653607829502794,219239.16836734692,1096.0,147.0,949.0,1634046405.741652,0.0,27.881007909774777
8419,0,1,0,0,3,2,1096,2211110130,1130,64,1116,17,59861,29483,4,0,0,43,15,2211110130,17,59861,11123,3390,1130,1130,1130.0,1130.0,0.0,-3.0,0.0,1130.0,1130.0,0.0,10969,56,1116,1096.0,731.2666666666667,-0.5603981791514909,-1.5415439905120814,214125.3955555556,1096.0,234.0,862.0,1634046405.742283,0.0006310939788818,27.88163900375366
8420,0,1,0,0,3,2,715,2211110130,749,64,735,17,59861,29483,4,0,0,43,15,2211110130,17,59861,11123,4139,749,1130,1130.0,1034.75,-1.1547005383792517,-0.6666666666666665,27217.6875,1130.0,1034.75,95.25,11684,56,1116,1096.0,730.25,-0.5719055652252542,-1.4497753543916887,200758.0625,1096.0,321.0,775.0,1634046405.742283,0.0,27.88163900375366
8421,0,1,0,0,3,2,408,2211110130,442,64,428,17,59861,29483,4,0,0,43,15,2211110130,17,59861,11123,4581,442,1130,1130.0,916.2,-0.75285443827922,-1.1055763907455252,77990.56000000001,1130.0,749.0,381.0,12092,56,1116,1096.0,711.2941176470588,-0.4575436045759133,-1.5216916952698325,194697.9723183391,1096.0,408.0,688.0,1634046405.742283,0.0,27.88163900375366
8422,0,1,0,0,2,3,52,3232270721,86,48,72,17,10001,59861,4,0,0,43,15,2211110130,17,59861,11123,4667,86,1130,939.5,777.8333333333334,-0.6156552952764278,-1.142026336169861,160718.80555555556,1130.0,518.75,611.25,12144,52,1116,905.5,674.6666666666666,-0.3222846689918569,-1.6582507851393566,206688.11111111112,1096.0,147.0,949.0,1634046405.746392,0.0041089057922363,27.885747909545895
8423,0,1,0,0,2,3,60,3232270721,94,47,80,17,29483,59861,4,0,0,43,15,2211110130,17,59861,11123,4761,86,1130,749.0,680.1428571428571,-0.2507678062474293,-1.6149101018491827,195019.5510204081,1130.0,268.0,862.0,12204,52,1116,715.0,642.3157894736842,-0.2015821070052728,-1.743920071311775,214648.216066482,1096.0,60.0,1036.0,1634046405.753529,0.0071370601654052,27.8928849697113
8424,0,1,0,0,3,2,408,2211110130,442,64,428,17,59861,29483,4,0,0,43,15,2211110130,17,59861,11123,5203,86,1130,595.5,650.375,-0.0640877549433987,-1.5615187158780708,176844.984375,1130.0,355.0,775.0,12612,52,1116,580.0,630.6,-0.1324096087740845,-1.7251009766701375,206523.74,1096.0,60.0,1036.0,1634046405.773194,0.0196650028228759,27.912549972534176
8425,0,1,0,0,3,2,1096,2211110130,1130,64,1116,17,59861,29483,4,0,0,43,15,2211110130,17,59861,11123,6333,86,1130,749.0,703.6666666666666,-0.2737731463514528,-1.5403495221114791,179915.5555555556,1130.0,442.0,688.0,1096,1096,1096,1096.0,1096.0,0.0,-3.0,0.0,1096.0,1096.0,0.0,1634046405.778911,0.0057170391082763,27.918267011642453
8426,0,1,0,0,3,2,1096,2211110130,1130,64,1116,17,59861,29483,4,0,0,43,15,2211110130,17,59861,11123,7463,86,1130,939.5,746.3,-0.4507902627364982,-1.4374051105850143,178282.40999999997,1130.0,442.0,688.0,2192,1096,1096,1096.0,1096.0,0.0,-3.0,0.0,1096.0,1096.0,0.0,1634046405.778911,0.0,27.918267011642453
8427,0,1,0,0,3,2,1096,2211110130,1130,64,1116,17,59861,29483,4,0,0,43,15,2211110130,17,59861,11123,8593,86,1130,1130.0,781.1818181818181,-0.6048143105210723,-1.2877000011843516,174242.3305785124,1130.0,442.0,688.0,3288,1096,1096,1096.0,1096.0,0.0,-3.0,0.0,1096.0,1096.0,0.0,1634046405.779539,0.0006279945373535,27.918895006179806
8428,0,1,0,0,3,2,541,2211110130,575,64,561,17,59861,29483,4,0,0,43,15,2211110130,17,59861,11123,9168,86,1130,939.5,764.0,-0.4962619254233189,-1.2954257543172634,162969.5,1130.0,442.0,688.0,3829,541,1096,1096.0,957.25,-1.1547005383792517,-0.6666666666666665,57754.6875,1096.0,957.25,138.75,1634046405.779539,0.0,27.918895006179806
8429,0,1,0,0,2,3,60,3232270721,94,47,80,17,29483,59861,4,0,0,43,15,2211110130,17,59861,11123,9262,86,1130,749.0,712.4615384615385,-0.3205082876903801,-1.5186482669692851,182307.9408284024,1130.0,442.0,688.0,3889,60,1096,1096.0,777.8,-0.7825103823635539,-1.0452282342916142,175012.96000000002,1096.0,541.0,555.0,1634046405.781719,0.0021798610687255,27.92107486724853
8430,0,1,0,0,2,3,60,3232270721,94,47,80,17,29483,59861,4,0,0,43,15,2211110130,17,59861,11123,9356,86,1130,662.0,668.2857142857143,-0.1651139236143262,-1.6440187889467974,194655.4897959184,1130.0,181.0,949.0,3949,60,1096,818.5,658.1666666666666,-0.2924394875164904,-1.7077100114370636,217404.80555555556,1096.0,180.25,915.75,1634046405.798599,0.0168800354003906,27.937954902648922
8431,0,1,0,0,3,2,408,2211110130,442,64,428,17,59861,29483,4,0,0,43,15,2211110130,17,59861,11123,9798,86,1130,575.0,653.2,-0.0709259228469755,-1.60903732479302,184864.56000000003,1130.0,268.0,862.0,4357,60,1096,541.0,622.4285714285714,-0.079569555668497,-1.6595816305257227,194010.2448979592,1096.0,234.0,862.0,1634046405.814779,0.0161800384521484,27.95413494110107
8432,0,1,0,0,3,2,60,2211110130,94,64,80,17,59861,29483,4,0,0,43,15,2211110130,17,59861,11123,9892,86,1130,508.5,618.25,0.0467432188208896,-1.6433997009095798,191633.0625,1130.0,94.0,1036.0,4417,60,1096,474.5,552.125,0.1651856829590705,-1.6863359714048811,204357.109375,1096.0,60.0,1036.0,1634046405.822328,0.0075490474700927,27.961683988571163
8433,0,1,0,0,3,2,1096,2211110130,1130,64,1116,17,59861,29483,4,0,0,43,15,2211110130,17,59861,11123,11022,86,1130,575.0,648.3529411764706,-0.0703425110355883,-1.6676159282681828,194859.5224913495,1130.0,94.0,1036.0,5513,60,1096,541.0,612.5555555555555,-0.0723845571096276,-1.750730299624672,210865.5802469136,1096.0,60.0,1036.0,1634046405.822328,0.0,27.961683988571163
8434,0,1,0,0,3,2,1096,2211110130,1130,64,1116,17,59861,29483,4,0,0,43,15,2211110130,17,59861,11123,12152,86,1130,662.0,675.1111111111111,-0.175774505006321,-1.6606206017863157,196205.987654321,1130.0,181.0,949.0,6609,60,1096,818.5,660.9,-0.2654823599312217,-1.707022046915044,210813.69,1096.0,147.0,949.0,1634046405.823154,0.0008258819580078,27.96250987052917
8435,0,1,0,0,3,2,1096,2211110130,1130,64,1116,17,59861,29483,4,0,0,43,15,2211110130,17,59861,11123,13282,86,1130,749.0,699.0526315789474,-0.2718399530602047,-1.631217063694822,196196.891966759,1130.0,268.0,862.0,7705,60,1096,1096.0,700.4545454545455,-0.429464884534402,-1.6045954091577284,207294.42975206612,1096.0,234.0,862.0,1634046405.823154,0.0,27.96250987052917
8436,0,1,0,0,3,2,1096,2211110130,1130,64,1116,17,59861,29483,4,0,0,43,15,2211110130,17,59861,11123,14412,86,1130,939.5,720.6,-0.3602375563098072,-1.5852025150775295,195208.54,1130.0,355.0,775.0,8801,60,1096,1096.0,733.4166666666666,-0.5729545100366712,-1.4667736504028892,201971.40972222216,1096.0,321.0,775.0,1634046405.823154,0.0,27.96250987052917
8437,0,1,0,0,3,2,1096,2211110130,1130,64,1116,17,59861,29483,4,0,0,43,15,2211110130,17,59861,11123,1130,1130,1130,1130.0,1130.0,0.0,-3.0,0.0,1130.0,1130.0,0.0,9897,60,1096,1096.0,761.3076923076923,-0.7012373114980803,-1.30598496997922,195770.05917159765,1096.0,408.0,688.0,1634046405.823851,0.0006971359252929,27.963207006454464
8438,0,1,0,0,3,2,496,2211110130,530,64,516,17,59861,29483,4,0,0,43,15,2211110130,17,59861,11123,1660,530,1130,830.0,830.0,0.0,-2.0,90000.0,980.0,680.0,300.0,10393,60,1096,1096.0,742.3571428571429,-0.5853712467017562,-1.3700310865878318,186455.0867346939,1096.0,430.0,666.0,1634046405.823851,0.0,27.963207006454464
8439,0,1,0,0,2,3,60,3232270721,94,47,80,17,29483,59861,4,0,0,43,15,2211110130,17,59861,11123,1754,94,1130,530.0,584.6666666666666,0.1909412912620677,-1.5,180376.8888888889,830.0,312.0,518.0,10453,60,1096,1096.0,696.8666666666667,-0.4086055254776612,-1.5920747989205015,202996.1155555555,1096.0,234.0,862.0,1634046405.833654,0.0098028182983398,27.973009824752804
8440,0,1,0,0,3,2,1096,2211110130,1130,64,1116,17,59861,29483,4,0,0,43,15,2211110130,17,59861,11123,2884,94,1130,830.0,721.0,-0.349165125697043,-1.5488899327339554,191043.0,1130.0,421.0,709.0,11549,60,1096,1096.0,721.8125,-0.5158727852700173,-1.4990737578245554,199643.27734375,1096.0,321.0,775.0,1634046405.850802,0.0171480178833007,27.990157842636105
8441,0,1,0,0,3,2,1096,2211110130,1130,64,1116,17,59861,29483,4,0,0,43,15,2211110130,17,59861,11123,4014,94,1130,1130.0,802.8,-0.7129193114047695,-1.187453114463495,179599.36000000002,1130.0,530.0,600.0,12645,60,1096,1096.0,743.8235294117648,-0.6142602419054506,-1.3916003134396793,195651.32179930797,1096.0,408.0,688.0,1634046405.850802,0.0,27.990157842636105
8442,0,1,0,0,3,2,1096,2211110130,1130,64,1116,17,59861,29483,4,0,0,43,15,2211110130,17,59861,11123,5144,94,1130,1130.0,857.3333333333334,-0.9958024085319211,-0.7030106742636284,164535.5555555556,1130.0,680.0,450.0,13741,60,1096,1096.0,763.3888888888889,-0.7053780685396718,-1.2733270811794997,191289.45987654323,1096.0,430.0,666.0,1634046405.851531,0.0007290840148925,27.990886926650997
8443,0,1,0,0,3,2,481,2211110130,515,64,501,17,59861,29483,4,0,0,43,15,2211110130,17,59861,11123,5659,94,1130,1130.0,808.4285714285714,-0.6495479035339582,-1.1259809733228765,155380.5306122449,1130.0,522.5,607.5,14222,60,1096,1096.0,748.5263157894736,-0.6127146547199639,-1.3368653316206696,185197.7229916898,1096.0,444.5,651.5,1634046405.851531,0.0,27.990886926650997
8444,0,1,0,0,3,2,408,2211110130,442,64,428,17,59861,29483,4,0,0,43,15,2211110130,17,59861,11123,6101,94,1130,830.0,762.625,-0.3448776328503969,-1.402739748350993,150643.734375,1130.0,496.75,633.25,14630,60,1096,1096.0,731.5,-0.5057932482608072,-1.424042377700098,181445.85,1096.0,408.0,688.0,1634046405.86435,0.0128190517425537,28.00370597839355
8445,0,1,0,0,3,2,1096,2211110130,1130,64,1116,17,59861,29483,4,0,0,43,15,2211110130,17,59861,11123,7231,94,1130,1130.0,803.4444444444445,-0.5400944979442158,-1.258563226387869,147235.35802469135,1130.0,515.0,615.0,1096,1096,1096,1096.0,1096.0,0.0,-3.0,0.0,1096.0,1096.0,0.0,1634046405.870397,0.0060470104217529,28.009752988815304
8446,0,1,0,0,3,2,1096,2211110130,1130,64,1116,17,59861,29483,4,0,0,43,15,2211110130,17,59861,11123,8361,94,1130,1130.0,836.1,-0.708144371984504,-1.060995992740258,142109.28999999998,1130.0,518.75,611.25,2192,1096,1096,1096.0,1096.0,0.0,-3.0,0.0,1096.0,1096.0,0.0,1634046405.870397,0.0,28.009752988815304
8447,0,1,0,0,2,3,60,3232270721,94,47,80,17,29483,59861,4,0,0,43,15,2211110130,17,59861,11123,8455,94,1130,1130.0,768.6363636363636,-0.4926626742203246,-1.4053756199893297,174703.68595041323,1130.0,478.5,651.5,2252,60,1096,1096.0,750.6666666666666,-0.7071067811865472,-1.5000000000000004,238510.22222222225,1096.0,578.0,518.0,1634046405.870847,0.0004498958587646,28.01020288467407
8448,0,1,0,0,3,2,1116,2211110130,1150,64,1136,17,59861,29483,4,0,0,43,15,2211110130,17,59861,11123,9605,94,1150,1130.0,800.4166666666666,-0.6309389041495244,-1.2602990766293525,171254.90972222225,1130.0,496.75,633.25,3368,60,1116,1096.0,842.0,-1.1535632802536944,-0.6675271247646477,203908.0,1101.0,837.0,264.0,1634046405.871683,0.00083589553833,28.0110387802124
8449,0,1,0,0,3,2,1104,2211110130,1138,64,1124,17,59861,29483,4,0,0,43,15,2211110130,17,59861,11123,10743,94,1150,1130.0,826.3846153846154,-0.7570011704144815,-1.0897017430938136,166173.46745562128,1130.0,515.0,615.0,4472,60,1116,1096.0,894.4,-1.498841515647894,0.2484694478370457,174109.44,1104.0,1096.0,8.0,1634046405.871683,0.0,28.0110387802124
8450,0,1,0,0,3,2,1096,2211110130,1130,64,1116,17,59861,29483,4,0,0,43,15,2211110130,17,59861,11123,11873,94,1150,1130.0,848.0714285714286,-0.8725792366387888,-0.9016111235254723,160418.06632653062,1130.0,518.75,611.25,5568,60,1116,1096.0,928.0,-1.787480361977669,1.1975676794117431,150736.0,1102.0,1096.0,6.0,1634046405.871683,0.0,28.0110387802124
8451,0,1,0,0,3,2,1096,2211110130,1130,64,1116,17,59861,29483,4,0,0,43,15,2211110130,17,59861,11123,13003,94,1150,1130.0,866.8666666666667,-0.9791551202854002,-0.702131755475071,154669.18222222218,1130.0,522.5,607.5,6664,60,1116,1096.0,952.0,-2.039693342038409,2.163332992365283,132658.2857142857,1100.0,1096.0,4.0,1634046405.872298,0.000615119934082,28.01165390014648
8452,0,1,0,0,3,2,390,2211110130,424,64,410,17,59861,29483,4,0,0,43,15,2211110130,17,59861,11123,13427,94,1150,1130.0,839.1875,-0.779387000428248,-1.0450655960695248,156494.40234375,1130.0,496.75,633.25,7054,60,1116,1096.0,881.75,-1.3057837298685422,-0.0888987867718955,150621.4375,1098.0,919.5,178.5,1634046405.872298,0.0,28.01165390014648
8453,0,1,0,0,2,3,60,3232270721,94,47,80,17,29483,59861,4,0,0,43,15,2211110130,17,59861,11123,13521,94,1150,1130.0,795.3529411764706,-0.6157926665991679,-1.3267952534126397,178032.34602076124,1130.0,442.0,688.0,7114,60,1116,1096.0,790.4444444444445,-0.8215681489080037,-1.2025673008697788,200579.35802469135,1096.0,390.0,706.0,1634046405.887937,0.0156390666961669,28.027292966842648
8454,0,1,0,0,3,2,408,2211110130,442,64,428,17,59861,29483,4,0,0,43,15,2211110130,17,59861,11123,13963,94,1150,1130.0,775.7222222222222,-0.4909006400110902,-1.4358430121203087,174692.86728395065,1130.0,442.0,688.0,7522,60,1116,1096.0,752.2,-0.5835066580093186,-1.456264926972802,193685.16,1096.0,394.5,701.5,1634046405.894923,0.0069859027862548,28.034278869628903
8455,0,1,0,0,2,3,60,3232270721,94,47,80,17,29483,59861,4,0,0,43,15,2211110130,17,59861,11123,14057,94,1150,1130.0,739.8421052631579,-0.369447729633686,-1.5733193334012956,188671.39612188368,1130.0,433.0,697.0,7582,60,1116,1096.0,689.2727272727273,-0.3434715932307135,-1.7161850326001045,215675.83471074383,1096.0,225.0,871.0,1634046405.903886,0.0089631080627441,28.043241977691647
8456,0,1,0,0,2,3,52,3232270721,86,47,72,17,29483,59861,4,0,0,43,15,2211110130,17,59861,11123,14143,86,1150,830.0,707.15,-0.2595292875887675,-1.6669744262242832,199544.5275,1130.0,341.5,788.5,7634,52,1116,752.0,636.1666666666666,-0.1509587120987623,-1.8320918728779312,228725.63888888888,1096.0,60.0,1036.0,1634046405.903943,5.698204040527344e-05,28.043298959732052
8457,0,1,0,0,3,2,1096,2211110130,1130,64,1116,17,59861,29483,4,0,0,43,15,2211110130,17,59861,11123,1130,1130,1130,1130.0,1130.0,0.0,-3.0,0.0,1130.0,1130.0,0.0,8730,52,1116,1096.0,671.5384615384615,-0.295746672239327,-1.7751745341899214,226145.32544378695,1096.0,60.0,1036.0,1634046405.913416,0.0094728469848632,28.052771806716915
8458,0,1,0,0,3,2,1096,2211110130,1130,64,1116,17,59861,29483,4,0,0,43,15,2211110130,17,59861,11123,2260,1130,1130,1130.0,1130.0,0.0,-3.0,0.0,1130.0,1130.0,0.0,9826,52,1116,1096.0,701.8571428571429,-0.4235525691072838,-1.6879384472029928,221941.97959183677,1096.0,142.5,953.5,1634046405.913416,0.0,28.052771806716915
8459,0,1,0,0,3,2,1096,2211110130,1130,64,1116,17,59861,29483,4,0,0,43,15,2211110130,17,59861,11123,3390,1130,1130,1130.0,1130.0,0.0,-3.0,0.0,1130.0,1130.0,0.0,10922,52,1116,1096.0,728.1333333333333,-0.5384688315956512,-1.5801183663707736,216811.9822222222,1096.0,225.0,871.0,1634046405.913416,0.0,28.052771806716915
8460,0,1,0,0,3,2,1096,2211110130,1130,64,1116,17,59861,29483,4,0,0,43,15,2211110130,17,59861,11123,4520,1130,1130,1130.0,1130.0,0.0,-3.0,0.0,1130.0,1130.0,0.0,12018,52,1116,1096.0,751.125,-0.6432618416810505,-1.4576848603193606,211190.484375,1096.0,307.5,788.5,1634046405.914005,0.0005891323089599,28.053360939025875
8461,0,1,0,0,3,2,927,2211110130,961,64,947,17,59861,29483,4,0,0,43,15,2211110130,17,59861,11123,5481,961,1130,1130.0,1096.2,-1.500000000000002,0.2500000000000035,4569.76,1130.0,1130.0,0.0,12945,52,1116,1096.0,761.4705882352941,-0.7203460678603688,-1.32439303399848,200480.01384083048,1096.0,390.0,706.0,1634046405.914005,0.0,28.053360939025875
8462,0,1,0,0,2,3,56,3232270721,90,47,76,17,29483,59861,4,0,0,43,15,2211110130,17,59861,11123,5571,90,1130,1130.0,928.5,-1.69070009397594,1.0025320680520915,144424.58333333334,1130.0,1003.25,126.75,13001,52,1116,1096.0,722.2777777777778,-0.5517754033352964,-1.5625792751368808,215455.53395061727,1096.0,142.5,953.5,1634046405.924661,0.0106558799743652,28.06401681900024
8463,0,1,0,0,2,3,60,3232270721,94,47,80,17,29483,59861,4,0,0,43,15,2211110130,17,59861,11123,5665,90,1130,1130.0,809.2857142857143,-0.9006418881515876,-1.1295014786704398,209064.77551020408,1130.0,527.5,602.5,13061,52,1116,1096.0,687.421052631579,-0.4085745254082448,-1.7160386216060397,225985.6121883657,1096.0,60.0,1036.0,1634046405.924715,5.412101745605469e-05,28.064070940017697
8464,0,1,0,0,3,2,56,2211110130,90,64,76,17,59861,29483,4,0,0,43,15,2211110130,17,59861,11123,5755,90,1130,1045.5,719.375,-0.4821327684515513,-1.7277747629432745,239519.234375,1130.0,93.0,1037.0,13117,52,1116,1011.5,655.85,-0.2845025570857304,-1.8130280117336943,233624.2275,1096.0,60.0,1036.0,1634046405.934783,0.0100679397583007,28.074138879775997
8465,0,1,0,0,3,2,60,2211110130,94,64,80,17,59861,29483,4,0,0,43,15,2211110130,17,59861,11123,5849,90,1130,961.0,649.8888888888889,-0.1953462380859572,-1.9297609994889011,251532.54320987652,1130.0,94.0,1036.0,60,60,60,60.0,60.0,0.0,-3.0,0.0,60.0,60.0,0.0,1634046405.943796,0.0090129375457763,28.083151817321774
8466,0,1,0,0,3,2,408,2211110130,442,64,428,17,59861,29483,4,0,0,43,15,2211110130,17,59861,11123,6291,90,1130,701.5,629.1,-0.0787999146281168,-1.872076886424917,230268.89000000004,1130.0,94.0,1036.0,468,60,408,234.0,234.0,0.0,-2.0,30276.0,321.0,147.0,174.0,1634046405.946101,0.0023050308227539,28.085456848144528
8467,0,1,0,0,3,2,1096,2211110130,1130,64,1116,17,59861,29483,4,0,0,43,15,2211110130,17,59861,11123,7421,90,1130,961.0,674.6363636363636,-0.2538597317735405,-1.8224913240732232,230070.95867768597,1130.0,94.0,1036.0,1564,60,1096,408.0,521.3333333333334,0.3766675336035382,-1.5000000000000004,185304.8888888889,752.0,234.0,518.0,1634046405.946101,0.0,28.085456848144528
8468,0,1,0,0,3,2,1096,2211110130,1130,64,1116,17,59861,29483,4,0,0,43,15,2211110130,17,59861,11123,8551,90,1130,1045.5,712.5833333333334,-0.4045568458888074,-1.7281417326611352,226738.07638888888,1130.0,94.0,1036.0,2660,60,1096,752.0,665.0,-0.2173703793443629,-1.715628269693377,200899.0,1096.0,321.0,775.0,1634046405.94661,0.0005090236663818,28.08596587181091
8469,0,1,0,0,3,2,1096,2211110130,1130,64,1116,17,59861,29483,4,0,0,43,15,2211110130,17,59861,11123,9681,90,1130,1130.0,744.6923076923077,-0.5376277354216638,-1.6054038436131353,221668.52071005912,1130.0,94.0,1036.0,3756,60,1096,1096.0,751.2,-0.5960310217014525,-1.4309581812273606,190440.96,1096.0,408.0,688.0,1634046405.94661,0.0,28.08596587181091
8470,0,1,0,0,3,2,544,2211110130,578,64,564,17,59861,29483,4,0,0,43,15,2211110130,17,59861,11123,10259,90,1130,1045.5,732.7857142857143,-0.4756088820608273,-1.5771875240111792,207678.02551020405,1130.0,181.0,949.0,4300,60,1096,820.0,716.6666666666666,-0.3840431260653851,-1.413951802817563,164663.55555555553,1096.0,442.0,654.0,1634046405.94661,0.0,28.08596587181091
8471,0,1,0,0,2,3,60,3232270721,94,47,80,17,29483,59861,4,0,0,43,15,2211110130,17,59861,11123,10353,90,1130,961.0,690.2,-0.3049850037781195,-1.737911778522803,219222.42666666667,1130.0,94.0,1036.0,4360,60,1096,544.0,622.8571428571429,-0.0824351573725538,-1.658339983303544,193941.5510204081,1096.0,234.0,862.0,1634046405.956358,0.0097479820251464,28.095713853836056
8472,0,1,0,0,2,3,60,3232270721,94,47,80,17,29483,59861,4,0,0,43,15,2211110130,17,59861,11123,10447,90,1130,769.5,652.9375,-0.1600773809427307,-1.822981934363411,226348.43359375,1130.0,94.0,1036.0,4420,60,1096,476.0,552.5,0.1627070837977212,-1.6867854085451723,204349.75,1096.0,60.0,1036.0,1634046405.972645,0.016287088394165,28.11200094223022
8473,0,1,0,0,3,2,408,2211110130,442,64,428,17,59861,29483,4,0,0,43,15,2211110130,17,59861,11123,10889,90,1130,578.0,640.5294117647059,-0.0874953437873626,-1.7889800587519396,215497.1903114187,1130.0,94.0,1036.0,4828,60,1096,408.0,536.4444444444445,0.2778527954768743,-1.5209694251821697,183706.46913580247,1096.0,60.0,1036.0,1634046405.972833,0.000187873840332,28.112188816070553
8474,0,1,0,0,3,2,1096,2211110130,1130,64,1116,17,59861,29483,4,0,0,43,15,2211110130,17,59861,11123,12019,90,1130,769.5,667.7222222222222,-0.1931273284566046,-1.769652407421869,216095.7561728395,1130.0,94.0,1036.0,5924,60,1096,476.0,592.4,0.0534468176494635,-1.6631424039181668,193515.04,1096.0,147.0,949.0,1634046405.98334,0.0105071067810058,28.12269592285156
8475,0,1,0,0,3,2,1096,2211110130,1130,64,1116,17,59861,29483,4,0,0,43,15,2211110130,17,59861,11123,13149,90,1130,961.0,692.0526315789474,-0.2892832836468596,-1.73064222798655,215377.73407202217,1130.0,94.0,1036.0,7020,60,1096,544.0,638.1818181818181,-0.1303785032902192,-1.6852255649546426,196882.5123966942,1096.0,234.0,862.0,1634046405.98334,0.0,28.12269592285156
8476,0,1,0,0,3,2,1096,2211110130,1130,64,1116,17,59861,29483,4,0,0,43,15,2211110130,17,59861,11123,14279,90,1130,1045.5,713.95,-0.3777216770653035,-1.6769540952658095,213719.2475,1130.0,94.0,1036.0,8116,60,1096,820.0,676.3333333333334,-0.2869070093481186,-1.6408291932972647,196486.55555555556,1096.0,321.0,775.0,1634046405.984905,0.0015649795532226,28.12426090240478
8477,0,1,0,0,3,2,1096,2211110130,1130,64,1116,17,59861,29483,4,0,0,43,15,2211110130,17,59861,11123,1130,1130,1130,1130.0,1130.0,0.0,-3.0,0.0,1130.0,1130.0,0.0,9212,60,1096,1096.0,708.6153846153846,-0.4239412417381916,-1.5558663502557928,193877.77514792897,1096.0,408.0,688.0,1634046405.984905,0.0,28.12426090240478
8478,0,1,0,0,3,2,1096,2211110130,1130,64,1116,17,59861,29483,4,0,0,43,15,2211110130,17,59861,11123,2260,1130,1130,1130.0,1130.0,0.0,-3.0,0.0,1130.0,1130.0,0.0,10308,60,1096,1096.0,736.2857142857143,-0.5463874299706255,-1.4443545191661165,189982.77551020405,1096.0,408.0,688.0,1634046405.984905,0.0,28.12426090240478
8479,0,1,0,0,3,2,197,2211110130,231,64,217,17,59861,29483,4,0,0,43,15,2211110130,17,59861,11123,2491,231,1130,1130.0,830.3333333333334,-0.7071067811865476,-1.5000000000000002,179600.22222222225,1130.0,680.5,449.5,10505,60,1096,1096.0,700.3333333333334,-0.3653659591303838,-1.6385685907137262,195413.28888888887,1096.0,302.5,793.5,1634046405.984905,0.0,28.12426090240478
8480,0,1,0,0,3,2,1096,2211110130,1130,64,1116,17,59861,29483,4,0,0,43,15,2211110130,17,59861,11123,3621,231,1130,1130.0,905.25,-1.1547005383792517,-0.6666666666666665,151537.6875,1130.0,905.25,224.75,11601,60,1096,1096.0,725.0625,-0.4741238679204679,-1.553759956506835,192372.93359375,1096.0,355.25,740.75,1634046406.005791,0.020885944366455,28.145146846771237
8481,0,1,0,0,3,2,1096,2211110130,1130,64,1116,17,59861,29483,4,0,0,43,15,2211110130,17,59861,11123,4751,231,1130,1130.0,950.2,-1.4999999999999996,0.2499999999999995,129312.16000000005,1130.0,1130.0,0.0,12697,60,1096,1096.0,746.8823529411765,-0.5736127414814498,-1.45355107891,188674.57439446368,1096.0,408.0,688.0,1634046406.005791,0.0,28.145146846771237
8482,0,1,0,0,3,2,1096,2211110130,1130,64,1116,17,59861,29483,4,0,0,43,15,2211110130,17,59861,11123,5881,231,1130,1130.0,980.1666666666666,-1.7888543819998317,1.200000000000002,112250.13888888888,1130.0,1130.0,0.0,13793,60,1096,1096.0,766.2777777777778,-0.6655510764805308,-1.3419037851785354,184587.7561728395,1096.0,408.0,688.0,1634046406.007565,0.0017740726470947,28.14692091941833
8483,0,1,0,0,2,3,60,3232270721,94,47,80,17,29483,59861,4,0,0,43,15,2211110130,17,59861,11123,5975,94,1130,1130.0,853.5714285714286,-0.9717249943904074,-1.0224135181079803,192372.5306122449,1130.0,680.5,449.5,13853,60,1096,1096.0,729.1052631578947,-0.5177483344564404,-1.5440860583065354,199744.93628808865,1096.0,302.5,793.5,1634046406.009205,0.0016400814056396,28.14856100082397
8484,0,1,0,0,3,2,1116,2211110130,1150,64,1136,17,59861,29483,4,0,0,43,15,2211110130,17,59861,11123,7125,94,1150,1130.0,890.625,-1.1766237980755976,-0.5799033848004829,177936.734375,1130.0,905.25,224.75,14969,60,1116,1096.0,748.45,-0.600411867050946,-1.4539530818556423,196867.8475,1096.0,355.25,740.75,1634046406.021372,0.0121669769287109,28.160727977752682
8485,0,1,0,0,3,2,510,2211110130,544,64,530,17,59861,29483,4,0,0,43,15,2211110130,17,59861,11123,7669,94,1150,1130.0,852.1111111111111,-0.9046397383781162,-0.979067630288434,170032.54320987652,1130.0,544.0,586.0,510,510,510,510.0,510.0,0.0,-3.0,0.0,510.0,510.0,0.0,1634046406.022469,0.0010969638824462,28.16182494163513
8486,0,1,0,0,2,3,60,3232270721,94,47,80,17,29483,59861,4,0,0,43,15,2211110130,17,59861,11123,7763,94,1150,1130.0,776.3,-0.5790675792879061,-1.5151232802247057,204755.21,1130.0,309.25,820.75,570,60,510,285.0,285.0,0.0,-2.0,50625.0,397.5,172.5,225.0,1634046406.026243,0.0037739276885986,28.165598869323727
8487,0,1,0,0,3,2,408,2211110130,442,64,428,17,59861,29483,4,0,0,43,15,2211110130,17,59861,11123,8205,94,1150,1130.0,745.9090909090909,-0.3975157895162065,-1.62538086920817,195377.173553719,1130.0,336.5,793.5,978,60,510,408.0,326.0,-0.5613603997141009,-1.5,37112.0,459.0,234.0,225.0,1634046406.041097,0.0148539543151855,28.180452823638912
8488,0,1,0,0,3,2,1096,2211110130,1130,64,1116,17,59861,29483,4,0,0,43,15,2211110130,17,59861,11123,9335,94,1150,1130.0,777.9166666666666,-0.5424982024757674,-1.495787872533645,190365.07638888888,1130.0,389.25,740.75,2074,60,1096,459.0,518.5,0.4576171407526012,-0.9871286011642382,139002.75,656.5,321.0,335.5,1634046406.046547,0.0054500102996826,28.185902833938595
8489,0,1,0,0,3,2,1096,2211110130,1130,64,1116,17,59861,29483,4,0,0,43,15,2211110130,17,59861,11123,10465,94,1150,1130.0,805.0,-0.6717743397436187,-1.3419268546194154,184523.6923076923,1130.0,442.0,688.0,3170,60,1096,510.0,634.0,-0.0160185149216389,-1.5043687746732586,164563.2,1096.0,408.0,688.0,1634046406.046547,0.0,28.185902833938595
8490,0,1,0,0,3,2,1096,2211110130,1130,64,1116,17,59861,29483,4,0,0,43,15,2211110130,17,59861,11123,11595,94,1150,1130.0,828.2142857142857,-0.7889820749127383,-1.1715159805643196,178349.16836734692,1130.0,467.5,662.5,4266,60,1096,803.0,711.0,-0.3441256696055645,-1.4686195381072369,166781.0,1096.0,433.5,662.5,1634046406.046547,0.0,28.185902833938595
8491,0,1,0,0,2,3,60,3232270721,94,47,80,17,29483,59861,4,0,0,43,15,2211110130,17,59861,11123,11689,94,1150,1130.0,779.2666666666667,-0.5854422285337333,-1.4869277920987738,200001.3955555556,1130.0,336.5,793.5,4326,60,1096,510.0,618.0,-0.050420987179115,-1.673290371380544,194849.14285714287,1096.0,234.0,862.0,1634046406.046706,0.0001590251922607,28.186061859130856
8492,0,1,0,0,3,2,1096,2211110130,1130,64,1116,17,59861,29483,4,0,0,43,15,2211110130,17,59861,11123,12819,94,1150,1130.0,801.1875,-0.6891512032119883,-1.3562603329740472,194709.15234375,1130.0,389.25,740.75,5422,60,1096,803.0,677.75,-0.2938375887323087,-1.6269576808394377,195483.4375,1096.0,321.0,775.0,1634046406.047217,0.0005109310150146,28.18657279014587
8493,0,1,0,0,3,2,394,2211110130,428,64,414,17,59861,29483,4,0,0,43,15,2211110130,17,59861,11123,13247,94,1150,1130.0,779.2352941176471,-0.5535816412759137,-1.4868062434357718,190966.062283737,1130.0,428.0,702.0,5816,60,1096,510.0,646.2222222222222,-0.1019145122369205,-1.628749540690677,181715.06172839503,1096.0,394.0,702.0,1634046406.047217,0.0,28.18657279014587
8494,0,1,0,0,3,2,60,2211110130,94,64,80,17,59861,29483,4,0,0,43,15,2211110130,17,59861,11123,13341,94,1150,1130.0,741.1666666666666,-0.4098452124081219,-1.6485983488989069,204993.5833333333,1130.0,280.25,849.75,5876,60,1096,459.0,587.6,0.083392532109753,-1.6722086661466729,194472.64,1096.0,143.5,952.5,1634046406.060227,0.013010025024414,28.199582815170285
8495,0,1,0,0,3,2,408,2211110130,442,64,428,17,59861,29483,4,0,0,43,15,2211110130,17,59861,11123,13783,94,1150,1130.0,725.421052631579,-0.3168600605300361,-1.6784675684890942,198667.0858725762,1130.0,329.5,800.5,6284,60,1096,408.0,571.2727272727273,0.1942760749051653,-1.5585267827389038,179459.10743801654,1096.0,227.0,869.0,1634046406.060227,0.0,28.199582815170285
8496,0,1,0,0,3,2,1096,2211110130,1130,64,1116,17,59861,29483,4,0,0,43,15,2211110130,17,59861,11123,14913,94,1150,1130.0,745.65,-0.4049742669819768,-1.6207002878891494,196508.7275,1130.0,378.75,751.25,7380,60,1096,459.0,615.0,0.0144633353858845,-1.648091491629882,185537.0,1096.0,310.5,785.5,1634046406.072141,0.0119140148162841,28.21149682998657
8497,0,1,0,0,3,2,1096,2211110130,1130,64,1116,17,59861,29483,4,0,0,43,15,2211110130,17,59861,11123,1130,1130,1130,1130.0,1130.0,0.0,-3.0,0.0,1130.0,1130.0,0.0,8476,60,1096,510.0,652.0,-0.1384395254729817,-1.6602308194790636,187692.92307692303,1096.0,394.0,702.0,1634046406.072141,0.0,28.21149682998657
8498,0,1,0,0,3,2,1096,2211110130,1130,64,1116,17,59861,29483,4,0,0,43,15,2211110130,17,59861,11123,2260,1130,1130,1130.0,1130.0,0.0,-3.0,0.0,1130.0,1130.0,0.0,9572,60,1096,803.0,683.7142857142857,-0.2719992189794208,-1.6249722741623578,187361.6326530613,1096.0,397.5,698.5,1634046406.072694,0.0005531311035156,28.212049961090084
8499,0,1,0,0,3,2,1096,2211110130,1130,64,1116,17,59861,29483,4,0,0,43,15,2211110130,17,59861,11123,3390,1130,1130,1130.0,1130.0,0.0,-3.0,0.0,1130.0,1130.0,0.0,10668,60,1096,1096.0,711.2,-0.391042189394073,-1.558624462148129,185447.36000000004,1096.0,401.0,695.0,1634046406.072694,0.0,28.212049961090084
8500,0,1,0,0,3,2,189,2211110130,223,64,209,17,59861,29483,4,0,0,43,15,2211110130,17,59861,11123,3613,223,1130,1130.0,903.25,-1.1547005383792517,-0.6666666666666665,154246.6875,1130.0,903.25,226.75,10857,60,1096,803.0,678.5625,-0.2364247711160356,-1.6860264160832314,189834.99609375,1096.0,342.75,753.25,1634046406.072694,0.0,28.212049961090084
8501,0,1,0,0,3,2,52,2211110130,86,64,72,17,59861,29483,4,0,0,43,15,2211110130,17,59861,11123,3699,86,1130,1130.0,739.8,-0.4330939741777932,-1.7793464473053189,230260.96,1130.0,223.0,907.0,10909,52,1096,510.0,641.7058823529412,-0.1188824203827405,-1.7444384215006814,200402.79584775088,1096.0,189.0,907.0,1634046406.078655,0.0059609413146972,28.21801090240478
8502,0,1,0,0,2,3,60,3232270721,94,47,80,17,29483,59861,4,0,0,43,15,2211110130,17,59861,11123,3793,86,1130,676.5,632.1666666666666,-0.0228816940232608,-1.971325743186086,249808.80555555556,1130.0,126.25,1003.75,10969,52,1096,459.0,609.3888888888889,-0.0095901149393459,-1.7734247327929924,207023.90432098767,1096.0,92.25,1003.75,1634046406.097852,0.0191969871520996,28.23720788955688
8503,0,1,0,0,2,3,60,3232270721,94,47,80,17,29483,59861,4,0,0,43,15,2211110130,17,59861,11123,3887,86,1130,223.0,555.2857142857143,0.2670978072886884,-1.9025758440592355,249585.9183673469,1130.0,94.0,1036.0,11029,52,1096,408.0,580.4736842105264,0.090264383120796,-1.776779718509136,211177.512465374,1096.0,60.0,1036.0,1634046406.111718,0.0138659477233886,28.25107383728027
8504,0,1,0,0,2,3,52,3232270721,86,47,72,17,29483,59861,4,0,0,43,15,2211110130,17,59861,11123,3973,86,1130,158.5,496.625,0.4949420865906708,-1.7289976805853078,242475.234375,1130.0,92.0,1038.0,11081,52,1096,408.0,554.05,0.1811148667041262,-1.7601240803375957,213884.6475,1096.0,60.0,1036.0,1634046406.111773,5.507469177246094e-05,28.251128911972042
8505,0,1,0,0,3,2,408,2211110130,442,64,428,17,59861,29483,4,0,0,43,15,2211110130,17,59861,11123,4415,86,1130,223.0,490.55555555555554,0.5629057848439943,-1.5456110329790536,215828.24691358025,1130.0,94.0,1036.0,408,408,408,408.0,408.0,0.0,-3.0,0.0,408.0,408.0,0.0,1634046406.115089,0.0033159255981445,28.254444837570187
8506,0,1,0,0,3,2,1096,2211110130,1130,64,1116,17,59861,29483,4,0,0,43,15,2211110130,17,59861,11123,5545,86,1130,332.5,554.5,0.2913800969657553,-1.806144945929176,231045.45,1130.0,94.0,1036.0,1504,408,1096,752.0,752.0,0.0,-2.0,118336.0,924.0,580.0,344.0,1634046406.119152,0.0040631294250488,28.258507966995236
8507,0,1,0,0,3,2,1096,2211110130,1130,64,1116,17,59861,29483,4,0,0,43,15,2211110130,17,59861,11123,6675,86,1130,442.0,606.8181818181819,0.0807359465880038,-1.8991799287413225,237413.23966942148,1130.0,94.0,1036.0,2600,408,1096,1096.0,866.6666666666666,-0.7071067811865471,-1.5000000000000009,105187.55555555556,1096.0,752.0,344.0,1634046406.119152,0.0,28.258507966995236
8508,0,1,0,0,3,2,1096,2211110130,1130,64,1116,17,59861,29483,4,0,0,43,15,2211110130,17,59861,11123,7805,86,1130,786.0,650.4166666666666,-0.0925950984497037,-1.9054932050765312,238537.90972222225,1130.0,94.0,1036.0,3696,408,1096,1096.0,924.0,-1.1547005383792517,-0.6666666666666665,88752.0,1096.0,924.0,172.0,1634046406.119152,0.0,28.258507966995236
8509,0,1,0,0,3,2,1096,2211110130,1130,64,1116,17,59861,29483,4,0,0,43,15,2211110130,17,59861,11123,8935,86,1130,1130.0,687.3076923076923,-0.2408068232646041,-1.8611258613545976,236520.21301775152,1130.0,94.0,1036.0,4792,408,1096,1096.0,958.4,-1.5,0.2499999999999982,75735.04000000001,1096.0,1096.0,0.0,1634046406.122388,0.0032358169555664,28.261743783950802
8510,0,1,0,0,3,2,1096,2211110130,1130,64,1116,17,59861,29483,4,0,0,43,15,2211110130,17,59861,11123,10065,86,1130,1130.0,718.9285714285714,-0.3709796368313406,-1.784580874696943,232624.3520408164,1130.0,126.25,1003.75,5888,408,1096,1096.0,981.3333333333334,-1.7888543819998322,1.2000000000000002,65742.22222222223,1096.0,1096.0,0.0,1634046406.122388,0.0,28.261743783950802
8511,0,1,0,0,3,2,676,2211110130,710,64,696,17,59861,29483,4,0,0,43,15,2211110130,17,59861,11123,10775,86,1130,1130.0,718.3333333333334,-0.3801554001251639,-1.6997770052600676,217121.02222222227,1130.0,158.5,971.5,6564,408,1096,1096.0,937.7142857142856,-1.1882606262396649,-0.3071174656300148,67766.20408163268,1096.0,886.0,210.0,1634046406.122388,0.0,28.261743783950802
8512,0,1,0,0,2,3,56,3232270721,90,47,76,17,29483,59861,4,0,0,43,15,2211110130,17,59861,11123,10865,86,1130,920.0,679.0625,-0.2297298386620777,-1.808795537649087,226683.93359375,1130.0,94.0,1036.0,6620,56,1096,1096.0,827.5,-1.002475671966908,-0.5290357722204093,144325.75,1096.0,609.0,487.0,1634046406.127193,0.0048050880432128,28.266548871994015
8513,0,1,0,0,2,3,60,3232270721,94,47,80,17,29483,59861,4,0,0,43,15,2211110130,17,59861,11123,10959,86,1130,710.0,644.6470588235294,-0.0990599398932437,-1.863614223297192,232300.34602076124,1130.0,94.0,1036.0,6680,56,1096,1096.0,742.2222222222222,-0.6304816605087261,-1.308930854580669,186467.95061728396,1096.0,408.0,688.0,1634046406.127249,5.602836608886719e-05,28.266604900360104
8514,0,1,0,0,3,2,56,2211110130,90,64,76,17,59861,29483,4,0,0,43,15,2211110130,17,59861,11123,11049,86,1130,576.0,613.8333333333334,0.0161688584746395,-1.881356918532664,235536.02777777775,1130.0,94.0,1036.0,6736,56,1096,886.0,673.6,-0.3570237809126916,-1.649130828091017,210202.24,1096.0,147.0,949.0,1634046406.132951,0.0057020187377929,28.272306919097897
8515,0,1,0,0,3,2,408,2211110130,442,64,428,17,59861,29483,4,0,0,43,15,2211110130,17,59861,11123,11491,86,1130,442.0,604.7894736842105,0.0711950949434936,-1.83047975879397,224611.6398891967,1130.0,94.0,1036.0,7144,56,1096,676.0,649.4545454545455,-0.2140419651532044,-1.6534178445334111,196922.9752066116,1096.0,234.0,862.0,1634046406.132951,0.0,28.272306919097897
8516,0,1,0,0,3,2,1096,2211110130,1130,64,1116,17,59861,29483,4,0,0,43,15,2211110130,17,59861,11123,12621,86,1130,576.0,631.05,-0.0317037421505402,-1.8443581787547003,226483.7475,1130.0,94.0,1036.0,8240,56,1096,886.0,686.6666666666666,-0.3652190576640534,-1.5838767317932414,195744.88888888888,1096.0,321.0,775.0,1634046406.155804,0.0228528976440429,28.29515981674194
8517,0,1,0,0,3,2,1096,2211110130,1130,64,1116,17,59861,29483,4,0,0,43,15,2211110130,17,59861,11123,1130,1130,1130,1130.0,1130.0,0.0,-3.0,0.0,1130.0,1130.0,0.0,9336,56,1096,1096.0,718.1538461538462,-0.4986520081628737,-1.4791349364822222,192584.89940828405,1096.0,408.0,688.0,1634046406.156485,0.0006811618804931,28.295840978622433
8518,0,1,0,0,3,2,1096,2211110130,1130,64,1116,17,59861,29483,4,0,0,43,15,2211110130,17,59861,11123,2260,1130,1130,1130.0,1130.0,0.0,-3.0,0.0,1130.0,1130.0,0.0,10432,56,1096,1096.0,745.1428571428571,-0.6186077972789191,-1.3509976746580308,188298.1224489795,1096.0,408.0,688.0,1634046406.156485,0.0,28.295840978622433
8519,0,1,0,0,3,2,863,2211110130,897,64,883,17,59861,29483,4,0,0,43,15,2211110130,17,59861,11123,3157,897,1130,1130.0,1052.3333333333333,-0.7071067811865456,-1.5000000000000016,12064.22222222222,1130.0,1013.5,116.5,11295,56,1096,1096.0,753.0,-0.6902505503167123,-1.2005262753292452,176609.2,1096.0,408.0,688.0,1634046406.156485,0.0,28.295840978622433
8520,0,1,0,0,3,2,1116,2211110130,1150,64,1136,17,59861,29483,4,0,0,43,15,2211110130,17,59861,11123,4307,897,1150,1130.0,1076.75,-1.1330448408543663,-0.6820764839032201,10836.6875,1135.0,1071.75,63.25,12411,56,1116,1096.0,775.6875,-0.7880004821214026,-1.057697409560664,173291.96484375,1096.0,408.0,688.0,1634046406.16185,0.0053648948669433,28.301205873489376
8521,0,1,0,0,3,2,60,2211110130,94,64,80,17,59861,29483,4,0,0,43,15,2211110130,17,59861,11123,4401,94,1150,1130.0,880.2,-1.3200495745387593,-0.0326802767065341,163196.96000000002,1130.0,897.0,233.0,12471,56,1116,1096.0,733.5882352941177,-0.6065206295559975,-1.3703889161904723,191455.8892733564,1096.0,408.0,688.0,1634046406.172561,0.0107109546661376,28.311916828155514
8522,0,1,0,0,3,2,408,2211110130,442,64,428,17,59861,29483,4,0,0,43,15,2211110130,17,59861,11123,4843,94,1150,1013.5,807.1666666666666,-0.7699999448088463,-1.0343912194436256,162666.80555555553,1130.0,555.75,574.25,12879,56,1116,979.5,715.5,-0.4944389182655579,-1.451406292070542,186381.5833333333,1096.0,408.0,688.0,1634046406.172561,0.0,28.311916828155514
8523,0,1,0,0,2,3,60,3232270721,94,47,80,17,29483,59861,4,0,0,43,15,2211110130,17,59861,11123,4937,94,1150,897.0,705.2857142857143,-0.3577641188627946,-1.6320102501448837,201707.0612244898,1130.0,268.0,862.0,12939,56,1116,863.0,681.0,-0.3630006259573646,-1.6008034704813805,197996.52631578947,1096.0,234.0,862.0,1634046406.181868,0.0093071460723876,28.3212239742279
8524,0,1,0,0,3,2,1096,2211110130,1130,64,1116,17,59861,29483,4,0,0,43,15,2211110130,17,59861,11123,6067,94,1150,1013.5,758.375,-0.5773516282412295,-1.439143537003145,196222.984375,1130.0,355.0,775.0,14035,56,1116,979.5,701.75,-0.448906059913028,-1.5379461433734132,196277.3875,1096.0,321.0,775.0,1634046406.196065,0.0141968727111816,28.335420846939083
8525,0,1,0,0,3,2,1096,2211110130,1130,64,1116,17,59861,29483,4,0,0,43,15,2211110130,17,59861,11123,7197,94,1150,1130.0,799.6666666666666,-0.7635635270424276,-1.1932607909862614,188060.44444444444,1130.0,442.0,688.0,1096,1096,1096,1096.0,1096.0,0.0,-3.0,0.0,1096.0,1096.0,0.0,1634046406.196065,0.0,28.335420846939083
8526,0,1,0,0,3,2,1096,2211110130,1130,64,1116,17,59861,29483,4,0,0,43,15,2211110130,17,59861,11123,8327,94,1150,1130.0,832.7,-0.926664514520767,-0.916784167796432,179075.21000000002,1130.0,555.75,574.25,2192,1096,1096,1096.0,1096.0,0.0,-3.0,0.0,1096.0,1096.0,0.0,1634046406.197006,0.0009410381317138,28.336361885070797
8527,0,1,0,0,3,2,1096,2211110130,1130,64,1116,17,59861,29483,4,0,0,43,15,2211110130,17,59861,11123,9457,94,1150,1130.0,859.7272727272727,-1.0727902588467566,-0.621083693409354,170100.38016528924,1130.0,669.5,460.5,3288,1096,1096,1096.0,1096.0,0.0,-3.0,0.0,1096.0,1096.0,0.0,1634046406.197006,0.0,28.336361885070797
8528,0,1,0,0,3,2,1096,2211110130,1130,64,1116,17,59861,29483,4,0,0,43,15,2211110130,17,59861,11123,10587,94,1150,1130.0,882.25,-1.205887211278275,-0.3125257089092041,161505.35416666666,1130.0,783.25,346.75,4384,1096,1096,1096.0,1096.0,0.0,-3.0,0.0,1096.0,1096.0,0.0,1634046406.197006,0.0,28.336361885070797
8529,0,1,0,0,3,2,187,2211110130,221,64,207,17,59861,29483,4,0,0,43,15,2211110130,17,59861,11123,10808,94,1150,1130.0,831.3846153846154,-0.8746935312849955,-1.0581591819538767,180129.3136094675,1130.0,442.0,688.0,4571,187,1096,1096.0,914.2,-1.4999999999999998,0.25,132204.96000000002,1096.0,1096.0,0.0,1634046406.197006,0.0,28.336361885070797
8530,0,1,0,0,2,3,60,3232270721,94,47,80,17,29483,59861,4,0,0,43,15,2211110130,17,59861,11123,10902,94,1150,1130.0,778.7142857142857,-0.6376093657160289,-1.4539837456142304,203327.06122448985,1130.0,276.25,853.75,4631,60,1096,1096.0,771.8333333333334,-0.7272520399899731,-1.4431111078152732,211512.13888888888,1096.0,414.25,681.75,1634046406.217204,0.020198106765747,28.356559991836544
8531,0,1,0,0,3,2,408,2211110130,442,64,428,17,59861,29483,4,0,0,43,15,2211110130,17,59861,11123,11344,94,1150,1130.0,756.2666666666667,-0.5020493013060766,-1.5550215116689603,196826.4622222222,1130.0,331.5,798.5,5039,60,1096,1096.0,719.8571428571429,-0.4167577955976382,-1.6825818361448197,197505.26530612243,1096.0,297.5,798.5,1634046406.228062,0.0108578205108642,28.36741781234741
8532,0,1,0,0,3,2,1096,2211110130,1130,64,1116,17,59861,29483,4,0,0,43,15,2211110130,17,59861,11123,12474,94,1150,1130.0,779.625,-0.6070493295960719,-1.4417837933139386,192708.984375,1130.0,386.75,743.25,6135,60,1096,1096.0,766.875,-0.6366707431000462,-1.4557496384028228,188291.859375,1096.0,352.75,743.25,1634046406.228062,0.0,28.36741781234741
8533,0,1,0,0,3,2,1096,2211110130,1130,64,1116,17,59861,29483,4,0,0,43,15,2211110130,17,59861,11123,13604,94,1150,1130.0,800.2352941176471,-0.7037864543187387,-1.3165914056682373,188169.70934256056,1130.0,442.0,688.0,7231,60,1096,1096.0,803.4444444444445,-0.8232726427160293,-1.183820167258591,178069.13580246916,1096.0,408.0,688.0,1634046406.228062,0.0,28.36741781234741
8534,0,1,0,0,3,2,1096,2211110130,1130,64,1116,17,59861,29483,4,0,0,43,15,2211110130,17,59861,11123,14734,94,1150,1130.0,818.5555555555555,-0.7937103338512556,-1.182381841172447,183421.5802469136,1130.0,442.0,688.0,8327,60,1096,1096.0,832.7,-0.986938420521116,-0.8856988953681122,167965.20999999996,1096.0,580.0,516.0,1634046406.229437,0.0013751983642578,28.368793010711666
8535,0,1,0,0,3,2,1096,2211110130,1130,64,1116,17,59861,29483,4,0,0,43,15,2211110130,17,59861,11123,15864,94,1150,1130.0,834.9473684210526,-0.877915710733032,-1.0412040862701553,178604.2603878116,1130.0,442.0,688.0,9423,60,1096,1096.0,856.6363636363636,-1.1337820086414332,-0.5710204779396761,158425.14049586776,1096.0,752.0,344.0,1634046406.229437,0.0,28.368793010711666
8536,0,1,0,0,3,2,1096,2211110130,1130,64,1116,17,59861,29483,4,0,0,43,15,2211110130,17,59861,11123,16994,94,1150,1130.0,849.7,-0.9572491151793032,-0.8945306043703956,173809.20999999996,1130.0,442.0,688.0,10519,60,1096,1096.0,876.5833333333334,-1.267712196266196,-0.245210531361002,149599.74305555553,1096.0,924.0,172.0,1634046406.229437,0.0,28.368793010711666
8537,0,1,0,0,3,2,227,2211110130,261,64,247,17,59861,29483,4,0,0,43,15,2211110130,17,59861,11123,261,261,261,261.0,261.0,0.0,-3.0,0.0,261.0,261.0,0.0,10746,60,1096,1096.0,826.6153846153846,-0.9214078641697724,-1.0385710316708494,168053.62130177516,1096.0,408.0,688.0,1634046406.229437,0.0,28.368793010711666
8538,0,1,0,0,3,2,1096,2211110130,1130,64,1116,17,59861,29483,4,0,0,43,15,2211110130,17,59861,11123,1391,261,1130,695.5,695.5,0.0,-2.0,188790.25,912.75,478.25,434.5,11842,60,1096,1096.0,845.8571428571429,-1.0359910070611036,-0.8126770773273071,160862.97959183672,1096.0,580.0,516.0,1634046406.24473,0.0152928829193115,28.384085893630978
8539,0,1,0,0,3,2,1096,2211110130,1130,64,1116,17,59861,29483,4,0,0,43,15,2211110130,17,59861,11123,2521,261,1130,1130.0,840.3333333333334,-0.7071067811865479,-1.4999999999999996,167813.55555555556,1130.0,695.5,434.5,12938,60,1096,1096.0,862.5333333333333,-1.1422406238635183,-0.5791122021523565,154032.11555555556,1096.0,752.0,344.0,1634046406.24473,0.0,28.384085893630978
8540,0,1,0,0,2,3,52,3232270721,86,48,72,17,10001,59861,4,0,0,43,15,2211110130,17,59861,11123,2607,86,1130,695.5,651.75,-0.0489761341127732,-1.934967217617377,232551.1875,1130.0,217.25,912.75,12990,52,1096,1096.0,811.875,-0.8960710833734022,-1.0928689563022018,182899.109375,1096.0,362.75,733.25,1634046406.247465,0.002734899520874,28.386820793151852
8541,0,1,0,0,3,2,1096,2211110130,1130,64,1116,17,59861,29483,4,0,0,43,15,2211110130,17,59861,11123,3737,86,1130,1130.0,747.4,-0.4500462520311084,-1.7426385047187336,222636.64,1130.0,261.0,869.0,14086,52,1096,1096.0,828.5882352941177,-0.990004437146734,-0.9146457919641052,176609.65397923876,1096.0,408.0,688.0,1634046406.251472,0.0040071010589599,28.390827894210812
8542,0,1,0,0,3,2,1096,2211110130,1130,64,1116,17,59861,29483,4,0,0,43,15,2211110130,17,59861,11123,4867,86,1130,1130.0,811.1666666666666,-0.7462678814206921,-1.3895788430379044,205861.47222222225,1130.0,478.25,651.75,15182,52,1096,1096.0,843.4444444444445,-1.0781589495776456,-0.7309192575063377,170550.024691358,1096.0,580.0,516.0,1634046406.251472,0.0,28.390827894210812
8543,0,1,0,0,3,2,1096,2211110130,1130,64,1116,17,59861,29483,4,0,0,43,15,2211110130,17,59861,11123,5997,86,1130,1130.0,856.7142857142857,-0.9868628841544264,-0.9715892544626978,188900.20408163263,1130.0,695.5,434.5,16278,52,1096,1096.0,856.7368421052631,-1.1613848509804845,-0.5428522071502648,164754.0886426593,1096.0,752.0,344.0,1634046406.251472,0.0,28.390827894210812
8544,0,1,0,0,3,2,191,2211110130,225,64,211,17,59861,29483,4,0,0,43,15,2211110130,17,59861,11123,6222,86,1130,1130.0,777.75,-0.5488697642004831,-1.6524280242635865,208935.1875,1130.0,252.0,878.0,16469,52,1096,1096.0,823.45,-0.9457548921216088,-1.015287432996531,177568.64749999996,1096.0,362.75,733.25,1634046406.251472,0.0,28.390827894210812
8545,0,1,0,0,3,2,32,2211110130,66,64,52,17,59861,29483,4,0,0,43,15,2211110130,17,59861,11123,6288,66,1130,1130.0,698.6666666666666,-0.2640891743721218,-1.878070352111624,235753.5555555556,1130.0,225.0,905.0,32,32,32,32.0,32.0,0.0,-3.0,0.0,32.0,32.0,0.0,1634046406.252653,0.00118088722229,28.392008781433102
8546,0,1,0,0,2,3,60,3232270721,94,47,80,17,29483,59861,4,0,0,43,15,2211110130,17,59861,11123,6382,66,1130,695.5,638.2,-0.0382059151516186,-1.9515278643222973,245084.16,1130.0,126.75,1003.25,92,32,60,46.0,46.0,0.0,-2.0,196.0,53.0,39.0,14.0,1634046406.27279,0.020137071609497,28.4121458530426
8547,0,1,0,0,3,2,408,2211110130,442,64,428,17,59861,29483,4,0,0,43,15,2211110130,17,59861,11123,6824,66,1130,442.0,620.3636363636364,0.0669949786413755,-1.8746804521540268,225985.14049586776,1130.0,159.5,970.5,500,32,408,60.0,166.66666666666666,0.6929193609610961,-1.4999999999999991,29251.55555555555,234.0,46.0,188.0,1634046406.275319,0.0025291442871093,28.41467499732971
8548,0,1,0,0,3,2,60,2211110130,94,64,80,17,59861,29483,4,0,0,43,15,2211110130,17,59861,11123,6918,66,1130,351.5,576.5,0.2252467586427215,-1.8346346686603785,228317.25,1130.0,94.0,1036.0,560,32,408,60.0,140.0,1.135608625324076,-0.6803209514030191,24072.0,147.0,53.0,94.0,1634046406.293002,0.0176827907562255,28.432357788085934
8549,0,1,0,0,3,2,1104,2211110130,1138,64,1124,17,59861,29483,4,0,0,43,15,2211110130,17,59861,11123,8056,66,1138,442.0,619.6923076923077,0.0533941954652106,-1.8948396991907752,233141.2899408284,1130.0,94.0,1036.0,1664,32,1104,60.0,332.8,1.137005923340957,-0.3549689215050278,167944.96000000002,408.0,60.0,348.0,1634046406.294601,0.0015990734100341,28.433956861495968
8550,0,1,0,0,3,2,1096,2211110130,1130,64,1116,17,59861,29483,4,0,0,43,15,2211110130,17,59861,11123,9186,66,1138,786.0,656.1428571428571,-0.0932306943829651,-1.8965852790324471,233760.69387755104,1130.0,126.75,1003.25,2760,32,1104,234.0,460.0,0.5103345994773795,-1.5635525194045845,220853.3333333333,924.0,60.0,864.0,1634046406.294601,0.0,28.433956861495968
8551,0,1,0,0,3,2,1096,2211110130,1130,64,1116,17,59861,29483,4,0,0,43,15,2211110130,17,59861,11123,10316,66,1138,1130.0,687.7333333333333,-0.2214844681702922,-1.861144290696903,232148.06222222224,1130.0,159.5,970.5,3856,32,1104,408.0,550.8571428571429,0.1396786269640996,-1.8498400556621444,238832.97959183677,1096.0,60.0,1036.0,1634046406.294601,0.0,28.433956861495968
8552,0,1,0,0,3,2,1096,2211110130,1130,64,1116,17,59861,29483,4,0,0,43,15,2211110130,17,59861,11123,11446,66,1138,1130.0,715.375,-0.3359366973613891,-1.8005832135215396,229099.734375,1130.0,192.25,937.75,4952,32,1104,752.0,619.0,-0.1278068053269524,-1.8711170361093863,241483.0,1096.0,60.0,1036.0,1634046406.295216,0.000615119934082,28.43457198143005
8553,0,1,0,0,3,2,1116,2211110130,1150,64,1136,17,59861,29483,4,0,0,43,15,2211110130,17,59861,11123,12596,66,1150,1130.0,740.9411764705883,-0.4390655974508361,-1.7226498082755357,226081.34948096884,1130.0,225.0,905.0,6068,32,1116,1096.0,674.2222222222222,-0.3389182795196205,-1.780947524108308,239047.5061728395,1096.0,60.0,1036.0,1634046406.29737,0.0021538734436035,28.436725854873654
8554,0,1,0,0,3,2,1096,2211110130,1130,64,1116,17,59861,29483,4,0,0,43,15,2211110130,17,59861,11123,13726,66,1150,1130.0,762.5555555555555,-0.5342040097983614,-1.631343431335171,221463.35802469132,1130.0,234.0,896.0,7164,32,1116,1096.0,716.4,-0.5171256861930092,-1.6321792149851857,231153.44,1096.0,147.0,949.0,1634046406.29737,0.0,28.436725854873654
8555,0,1,0,0,3,2,1096,2211110130,1130,64,1116,17,59861,29483,4,0,0,43,15,2211110130,17,59861,11123,14856,66,1150,1130.0,781.8947368421053,-0.6222848615302984,-1.530197036534749,216539.4626038781,1130.0,243.0,887.0,8260,32,1116,1096.0,750.9090909090909,-0.671893594925514,-1.449560647555048,222048.26446280992,1096.0,234.0,862.0,1634046406.29737,0.0,28.436725854873654
8556,0,1,0,0,3,2,1096,2211110130,1130,64,1116,17,59861,29483,4,0,0,43,15,2211110130,17,59861,11123,15986,66,1150,1130.0,799.3,-0.7044755906454945,-1.4214403401427234,211468.41,1130.0,252.0,878.0,9356,32,1116,1096.0,779.6666666666666,-0.8096278598052497,-1.245483232100126,212641.22222222225,1096.0,321.0,775.0,1634046406.29798,0.0006101131439208,28.437335968017575
8557,0,1,0,0,3,2,1096,2211110130,1130,64,1116,17,59861,29483,4,0,0,43,15,2211110130,17,59861,11123,1130,1130,1130,1130.0,1130.0,0.0,-3.0,0.0,1130.0,1130.0,0.0,10452,32,1116,1096.0,804.0,-0.9343951007352628,-1.0269481093440065,203389.53846153847,1096.0,408.0,688.0,1634046406.29798,0.0,28.437335968017575
8558,0,1,0,0,3,2,1096,2211110130,1130,64,1116,17,59861,29483,4,0,0,43,15,2211110130,17,59861,11123,2260,1130,1130,1130.0,1130.0,0.0,-3.0,0.0,1130.0,1130.0,0.0,11548,32,1116,1096.0,824.8571428571429,-1.0489379021028218,-0.7982096016124993,194516.9795918368,1096.0,580.0,516.0,1634046406.29798,0.0,28.437335968017575
8559,0,1,0,0,3,2,1096,2211110130,1130,64,1116,17,59861,29483,4,0,0,43,15,2211110130,17,59861,11123,3390,1130,1130,1130.0,1130.0,0.0,-3.0,0.0,1130.0,1130.0,0.0,12644,32,1116,1096.0,842.9333333333333,-1.1551940930332485,-0.5620019765732214,186123.66222222228,1096.0,752.0,344.0,1634046406.29798,0.0,28.437335968017575
8560,0,1,0,0,3,2,1096,2211110130,1130,64,1116,17,59861,29483,4,0,0,43,15,2211110130,17,59861,11123,4520,1130,1130,1130.0,1130.0,0.0,-3.0,0.0,1130.0,1130.0,0.0,13740,32,1116,1096.0,858.75,-1.254584465442499,-0.3201626613317949,178243.4375,1096.0,924.0,172.0,1634046406.298612,0.0006320476531982,28.437968015670773
8561,0,1,0,0,3,2,1096,2211110130,1130,64,1116,17,59861,29483,4,0,0,43,15,2211110130,17,59861,11123,5650,1130,1130,1130.0,1130.0,0.0,-3.0,0.0,1130.0,1130.0,0.0,14836,32,1116,1096.0,872.7058823529412,-1.3481825195603687,-0.0739720782010788,170874.79584775088,1096.0,1096.0,0.0,1634046406.298612,0.0,28.437968015670773
8562,0,1,0,0,3,2,1096,2211110130,1130,64,1116,17,59861,29483,4,0,0,43,15,2211110130,17,59861,11123,6780,1130,1130,1130.0,1130.0,0.0,-3.0,0.0,1130.0,1130.0,0.0,15932,32,1116,1096.0,885.1111111111111,-1.436819817347609,0.1756501597189395,163997.8765432099,1096.0,1096.0,0.0,1634046406.298612,0.0,28.437968015670773
8563,0,1,0,0,2,3,60,3232270721,94,47,80,17,29483,59861,4,0,0,43,15,2211110130,17,59861,11123,6874,94,1130,1130.0,982.0,-2.0412414523193148,2.166666666666667,131424.0,1130.0,1130.0,0.0,15992,32,1116,1096.0,841.6842105263158,-1.1560257289634506,-0.5830095104742412,189312.5318559557,1096.0,752.0,344.0,1634046406.302664,0.004051923751831,28.442019939422604
8564,0,1,0,0,3,2,1096,2211110130,1130,64,1116,17,59861,29483,4,0,0,43,15,2211110130,17,59861,11123,8004,94,1130,1130.0,1000.5,-2.2677868380553634,3.1428571428571432,117391.75,1130.0,1130.0,0.0,17088,32,1116,1096.0,854.4,-1.2350111237820582,-0.3927213949602111,182919.04,1096.0,924.0,172.0,1634046406.314055,0.0113909244537353,28.45341086387634
8565,0,1,0,0,3,2,1096,2211110130,1130,64,1116,17,59861,29483,4,0,0,43,15,2211110130,17,59861,11123,9134,94,1130,1130.0,1014.8888888888888,-2.474873734152917,4.124999999999999,106004.54320987656,1130.0,1130.0,0.0,1096,1096,1096,1096.0,1096.0,0.0,-3.0,0.0,1096.0,1096.0,0.0,1634046406.314055,0.0,28.45341086387634
8566,0,1,0,0,3,2,1096,2211110130,1130,64,1116,17,59861,29483,4,0,0,43,15,2211110130,17,59861,11123,10264,94,1130,1130.0,1026.4,-2.666666666666668,5.111111111111114,96596.63999999998,1130.0,1130.0,0.0,2192,1096,1096,1096.0,1096.0,0.0,-3.0,0.0,1096.0,1096.0,0.0,1634046406.314055,0.0,28.45341086387634
8567,0,1,0,0,3,2,1096,2211110130,1130,64,1116,17,59861,29483,4,0,0,43,15,2211110130,17,59861,11123,11394,94,1130,1130.0,1035.8181818181818,-2.846049894151541,6.100000000000001,88702.14876033057,1130.0,1130.0,0.0,3288,1096,1096,1096.0,1096.0,0.0,-3.0,0.0,1096.0,1096.0,0.0,1634046406.314055,0.0,28.45341086387634
8568,0,1,0,0,3,2,1096,2211110130,1130,64,1116,17,59861,29483,4,0,0,43,15,2211110130,17,59861,11123,12524,94,1130,1130.0,1043.6666666666667,-3.015113445777637,7.090909090909101,81987.88888888886,1130.0,1130.0,0.0,4384,1096,1096,1096.0,1096.0,0.0,-3.0,0.0,1096.0,1096.0,0.0,1634046406.314055,0.0,28.45341086387634
8569,0,1,0,0,3,2,1096,2211110130,1130,64,1116,17,59861,29483,4,0,0,43,15,2211110130,17,59861,11123,13654,94,1130,1130.0,1050.3076923076924,-3.175426480542943,8.083333333333341,76210.36686390532,1130.0,1130.0,0.0,5480,1096,1096,1096.0,1096.0,0.0,-3.0,0.0,1096.0,1096.0,0.0,1634046406.314055,0.0,28.45341086387634
8570,0,1,0,0,3,2,1096,2211110130,1130,64,1116,17,59861,29483,4,0,0,43,15,2211110130,17,59861,11123,14784,94,1130,1130.0,1056.0,-3.328201177351375,9.076923076923077,71188.0,1130.0,1130.0,0.0,6576,1096,1096,1096.0,1096.0,0.0,-3.0,0.0,1096.0,1096.0,0.0,1634046406.314055,0.0,28.45341086387634
8571,0,1,0,0,3,2,1096,2211110130,1130,64,1116,17,59861,29483,4,0,0,43,15,2211110130,17,59861,11123,15914,94,1130,1130.0,1060.9333333333334,-3.47439614486152,10.071428571428577,66782.8622222222,1130.0,1130.0,0.0,7672,1096,1096,1096.0,1096.0,0.0,-3.0,0.0,1096.0,1096.0,0.0,1634046406.314055,0.0,28.45341086387634
8572,0,1,0,0,3,2,1096,2211110130,1130,64,1116,17,59861,29483,4,0,0,43,15,2211110130,17,59861,11123,17044,94,1130,1130.0,1065.25,-3.614784456460256,11.066666666666666,62888.4375,1130.0,1130.0,0.0,8768,1096,1096,1096.0,1096.0,0.0,-3.0,0.0,1096.0,1096.0,0.0,1634046406.314055,0.0,28.45341086387634
8573,0,1,0,0,3,2,1096,2211110130,1130,64,1116,17,59861,29483,4,0,0,43,15,2211110130,17,59861,11123,18174,94,1130,1130.0,1069.0588235294117,-3.749999999999999,12.062499999999991,59421.231833910046,1130.0,1130.0,0.0,9864,1096,1096,1096.0,1096.0,0.0,-3.0,0.0,1096.0,1096.0,0.0,1634046406.314055,0.0,28.45341086387634
8574,0,1,0,0,3,2,1096,2211110130,1130,64,1116,17,59861,29483,4,0,0,43,15,2211110130,17,59861,11123,19304,94,1130,1130.0,1072.4444444444443,-3.8805700005813257,13.058823529411756,56314.91358024691,1130.0,1130.0,0.0,10960,1096,1096,1096.0,1096.0,0.0,-3.0,0.0,1096.0,1096.0,0.0,1634046406.314055,0.0,28.45341086387634
8575,0,1,0,0,3,2,1096,2211110130,1130,64,1116,17,59861,29483,4,0,0,43,15,2211110130,17,59861,11123,20434,94,1130,1130.0,1075.4736842105262,-4.006938426723766,14.055555555555546,53516.144044321336,1130.0,1130.0,0.0,12056,1096,1096,1096.0,1096.0,0.0,-3.0,0.0,1096.0,1096.0,0.0,1634046406.314055,0.0,28.45341086387634
8576,0,1,0,0,3,2,1096,2211110130,1130,64,1116,17,59861,29483,4,0,0,43,15,2211110130,17,59861,11123,21564,94,1130,1130.0,1078.2,-4.129483209670113,15.052631578947372,50981.56,1130.0,1130.0,0.0,13152,1096,1096,1096.0,1096.0,0.0,-3.0,0.0,1096.0,1096.0,0.0,1634046406.314055,0.0,28.45341086387634
8577,0,1,0,0,3,2,1096,2211110130,1130,64,1116,17,59861,29483,4,0,0,43,15,2211110130,17,59861,11123,1130,1130,1130,1130.0,1130.0,0.0,-3.0,0.0,1130.0,1130.0,0.0,14248,1096,1096,1096.0,1096.0,0.0,-3.0,0.0,1096.0,1096.0,0.0,1634046406.314261,0.0002059936523437,28.453616857528683
8578,0,1,0,0,3,2,1096,2211110130,1130,64,1116,17,59861,29483,4,0,0,43,15,2211110130,17,59861,11123,2260,1130,1130,1130.0,1130.0,0.0,-3.0,0.0,1130.0,1130.0,0.0,15344,1096,1096,1096.0,1096.0,0.0,-3.0,0.0,1096.0,1096.0,0.0,1634046406.314261,0.0,28.453616857528683
8579,0,1,0,0,3,2,1096,2211110130,1130,64,1116,17,59861,29483,4,0,0,43,15,2211110130,17,59861,11123,3390,1130,1130,1130.0,1130.0,0.0,-3.0,0.0,1130.0,1130.0,0.0,16440,1096,1096,1096.0,1096.0,0.0,-3.0,0.0,1096.0,1096.0,0.0,1634046406.314261,0.0,28.453616857528683
8580,0,1,0,0,3,2,1116,2211110130,1150,64,1136,17,59861,29483,4,0,0,43,15,2211110130,17,59861,11123,4540,1130,1150,1130.0,1135.0,1.1547005383792517,-0.6666666666666665,75.0,1135.0,1130.0,5.0,17556,1096,1116,1096.0,1097.25,3.614784456460256,11.066666666666666,23.4375,1096.0,1096.0,0.0,1634046406.314261,0.0,28.453616857528683
8581,0,1,0,0,3,2,1096,2211110130,1130,64,1116,17,59861,29483,4,0,0,43,15,2211110130,17,59861,11123,5670,1130,1150,1130.0,1134.0,1.5,0.25,64.0,1130.0,1130.0,0.0,18652,1096,1116,1096.0,1097.1764705882354,3.749999999999957,12.06249999999979,22.14532871972318,1096.0,1096.0,0.0,1634046406.314261,0.0,28.453616857528683
8582,0,1,0,0,3,2,1096,2211110130,1130,64,1116,17,59861,29483,4,0,0,43,15,2211110130,17,59861,11123,6800,1130,1150,1130.0,1133.3333333333333,1.788854381999862,1.2000000000000703,55.55555555555557,1130.0,1130.0,0.0,19748,1096,1116,1096.0,1097.111111111111,3.880570000581343,13.058823529411846,20.98765432098766,1096.0,1096.0,0.0,1634046406.314261,0.0,28.453616857528683
8583,0,1,0,0,3,2,1096,2211110130,1130,64,1116,17,59861,29483,4,0,0,43,15,2211110130,17,59861,11123,7930,1130,1150,1130.0,1132.857142857143,2.041241452319301,2.166666666666627,48.9795918367347,1130.0,1130.0,0.0,20844,1096,1116,1096.0,1097.0526315789473,4.006938426723828,14.055555555555864,19.944598337950133,1096.0,1096.0,0.0,1634046406.314261,0.0,28.453616857528683
8584,0,1,0,0,3,2,1096,2211110130,1130,64,1116,17,59861,29483,4,0,0,43,15,2211110130,17,59861,11123,9060,1130,1150,1130.0,1132.5,2.2677868380553634,3.1428571428571432,43.75,1130.0,1130.0,0.0,21940,1096,1116,1096.0,1097.0,4.129483209670112,15.05263157894737,19.0,1096.0,1096.0,0.0,1634046406.314261,0.0,28.453616857528683
8585,0,1,0,0,3,2,1096,2211110130,1130,64,1116,17,59861,29483,4,0,0,43,15,2211110130,17,59861,11123,10190,1130,1150,1130.0,1132.2222222222222,2.4748737341529403,4.125000000000078,39.50617283950618,1130.0,1130.0,0.0,1096,1096,1096,1096.0,1096.0,0.0,-3.0,0.0,1096.0,1096.0,0.0,1634046406.314261,0.0,28.453616857528683
8586,0,1,0,0,3,2,1096,2211110130,1130,64,1116,17,59861,29483,4,0,0,43,15,2211110130,17,59861,11123,11320,1130,1150,1130.0,1132.0,2.6666666666666665,5.111111111111111,36.0,1130.0,1130.0,0.0,2192,1096,1096,1096.0,1096.0,0.0,-3.0,0.0,1096.0,1096.0,0.0,1634046406.314261,0.0,28.453616857528683
8587,0,1,0,0,3,2,1096,2211110130,1130,64,1116,17,59861,29483,4,0,0,43,15,2211110130,17,59861,11123,12450,1130,1150,1130.0,1131.8181818181818,2.8460498941515744,6.100000000000124,33.05785123966942,1130.0,1130.0,0.0,3288,1096,1096,1096.0,1096.0,0.0,-3.0,0.0,1096.0,1096.0,0.0,1634046406.314261,0.0,28.453616857528683
8588,0,1,0,0,3,2,1096,2211110130,1130,64,1116,17,59861,29483,4,0,0,43,15,2211110130,17,59861,11123,13580,1130,1150,1130.0,1131.6666666666667,3.015113445777593,7.090909090908916,30.555555555555568,1130.0,1130.0,0.0,4384,1096,1096,1096.0,1096.0,0.0,-3.0,0.0,1096.0,1096.0,0.0,1634046406.314261,0.0,28.453616857528683
8589,0,1,0,0,3,2,1096,2211110130,1130,64,1116,17,59861,29483,4,0,0,43,15,2211110130,17,59861,11123,14710,1130,1150,1130.0,1131.5384615384614,3.1754264805429995,8.083333333333577,28.40236686390534,1130.0,1130.0,0.0,5480,1096,1096,1096.0,1096.0,0.0,-3.0,0.0,1096.0,1096.0,0.0,1634046406.314261,0.0,28.453616857528683
8590,0,1,0,0,3,2,1096,2211110130,1130,64,1116,17,59861,29483,4,0,0,43,15,2211110130,17,59861,11123,15840,1130,1150,1130.0,1131.428571428571,3.3282011773514317,9.07692307692333,26.530612244897952,1130.0,1130.0,0.0,6576,1096,1096,1096.0,1096.0,0.0,-3.0,0.0,1096.0,1096.0,0.0,1634046406.314683,0.0004220008850097,28.454038858413693
8591,0,1,0,0,3,2,1096,2211110130,1130,64,1116,17,59861,29483,4,0,0,43,15,2211110130,17,59861,11123,16970,1130,1150,1130.0,1131.3333333333333,3.474396144861561,10.071428571428772,24.888888888888903,1130.0,1130.0,0.0,7672,1096,1096,1096.0,1096.0,0.0,-3.0,0.0,1096.0,1096.0,0.0,1634046406.314683,0.0,28.454038858413693
8592,0,1,0,0,3,2,1096,2211110130,1130,64,1116,17,59861,29483,4,0,0,43,15,2211110130,17,59861,11123,18100,1130,1150,1130.0,1131.25,3.614784456460256,11.066666666666666,23.4375,1130.0,1130.0,0.0,8768,1096,1096,1096.0,1096.0,0.0,-3.0,0.0,1096.0,1096.0,0.0,1634046406.314683,0.0,28.454038858413693
8593,0,1,0,0,3,2,1096,2211110130,1130,64,1116,17,59861,29483,4,0,0,43,15,2211110130,17,59861,11123,19230,1130,1150,1130.0,1131.1764705882354,3.749999999999957,12.06249999999979,22.14532871972318,1130.0,1130.0,0.0,9864,1096,1096,1096.0,1096.0,0.0,-3.0,0.0,1096.0,1096.0,0.0,1634046406.314683,0.0,28.454038858413693
8594,0,1,0,0,3,2,1096,2211110130,1130,64,1116,17,59861,29483,4,0,0,43,15,2211110130,17,59861,11123,20360,1130,1150,1130.0,1131.111111111111,3.880570000581343,13.058823529411846,20.98765432098766,1130.0,1130.0,0.0,10960,1096,1096,1096.0,1096.0,0.0,-3.0,0.0,1096.0,1096.0,0.0,1634046406.314683,0.0,28.454038858413693
8595,0,1,0,0,3,2,1096,2211110130,1130,64,1116,17,59861,29483,4,0,0,43,15,2211110130,17,59861,11123,21490,1130,1150,1130.0,1131.0526315789473,4.006938426723828,14.055555555555864,19.944598337950133,1130.0,1130.0,0.0,12056,1096,1096,1096.0,1096.0,0.0,-3.0,0.0,1096.0,1096.0,0.0,1634046406.314683,0.0,28.454038858413693
8596,0,1,0,0,3,2,1096,2211110130,1130,64,1116,17,59861,29483,4,0,0,43,15,2211110130,17,59861,11123,22620,1130,1150,1130.0,1131.0,4.129483209670112,15.05263157894737,19.0,1130.0,1130.0,0.0,13152,1096,1096,1096.0,1096.0,0.0,-3.0,0.0,1096.0,1096.0,0.0,1634046406.314683,0.0,28.454038858413693
8597,0,1,0,0,2,3,52,3232270721,86,47,72,17,29483,59861,4,0,0,43,15,2211110130,17,59861,11123,86,86,86,86.0,86.0,0.0,-3.0,0.0,86.0,86.0,0.0,13204,52,1096,1096.0,1015.6923076923076,-3.175426480542942,8.083333333333337,77391.90532544379,1096.0,1096.0,0.0,1634046406.323515,0.0088319778442382,28.46287083625793
8598,0,1,0,0,3,2,1096,2211110130,1130,64,1116,17,59861,29483,4,0,0,43,15,2211110130,17,59861,11123,1216,86,1130,608.0,608.0,0.0,-2.0,272484.0,869.0,347.0,522.0,14300,52,1096,1096.0,1021.4285714285714,-3.3282011773513744,9.076923076923078,72291.67346938775,1096.0,1096.0,0.0,1634046406.33343,0.0099151134490966,28.472785949707028
8599,0,1,0,0,3,2,1096,2211110130,1130,64,1116,17,59861,29483,4,0,0,43,15,2211110130,17,59861,11123,2346,86,1130,1130.0,782.0,-0.7071067811865475,-1.5,242208.0,1130.0,608.0,522.0,15396,52,1096,1096.0,1026.4,-3.474396144861517,10.071428571428577,67818.24,1096.0,1096.0,0.0,1634046406.33343,0.0,28.472785949707028
8600,0,1,0,0,3,2,1096,2211110130,1130,64,1116,17,59861,29483,4,0,0,43,15,2211110130,17,59861,11123,3476,86,1130,1130.0,869.0,-1.1547005383792517,-0.6666666666666665,204363.0,1130.0,869.0,261.0,16492,52,1096,1096.0,1030.75,-3.614784456460256,11.066666666666666,63863.4375,1096.0,1096.0,0.0,1634046406.347126,0.0136959552764892,28.486481904983517
8601,0,1,0,0,3,2,1096,2211110130,1130,64,1116,17,59861,29483,4,0,0,43,15,2211110130,17,59861,11123,4606,86,1130,1130.0,921.2,-1.5000000000000009,0.2500000000000018,174389.75999999995,1130.0,1130.0,0.0,17588,52,1096,1096.0,1034.5882352941176,-3.749999999999999,12.062499999999991,60342.477508650525,1096.0,1096.0,0.0,1634046406.347126,0.0,28.486481904983517
8602,0,1,0,0,3,2,1096,2211110130,1130,64,1116,17,59861,29483,4,0,0,43,15,2211110130,17,59861,11123,5736,86,1130,1130.0,956.0,-1.7888543819998317,1.2000000000000002,151380.0,1130.0,1130.0,0.0,18684,52,1096,1096.0,1038.0,-3.880570000581328,13.058823529411764,57188.0,1096.0,1096.0,0.0,1634046406.347126,0.0,28.486481904983517
8603,0,1,0,0,3,2,1096,2211110130,1130,64,1116,17,59861,29483,4,0,0,43,15,2211110130,17,59861,11123,6866,86,1130,1130.0,980.8571428571428,-2.041241452319316,2.166666666666666,133461.55102040814,1130.0,1130.0,0.0,19780,52,1096,1096.0,1041.0526315789473,-4.006938426723769,14.055555555555554,54345.839335180055,1096.0,1096.0,0.0,1634046406.347126,0.0,28.486481904983517
8604,0,1,0,0,2,3,60,3232270721,94,47,80,17,29483,59861,4,0,0,43,15,2211110130,17,59861,11123,6960,86,1130,1130.0,870.0,-1.1547688616650316,-0.6664036915137879,202804.0,1130.0,871.0,259.0,19840,52,1096,1096.0,992.0,-2.666748847144843,5.1117320277281575,97345.6,1096.0,1096.0,0.0,1634046406.347592,0.0004661083221435,28.48694801330566
8605,0,1,0,0,3,2,1096,2211110130,1130,64,1116,17,59861,29483,4,0,0,43,15,2211110130,17,59861,11123,8090,86,1130,1130.0,898.8888888888889,-1.336374830079309,-0.2139922820066173,186946.7654320988,1130.0,1130.0,0.0,1096,1096,1096,1096.0,1096.0,0.0,-3.0,0.0,1096.0,1096.0,0.0,1634046406.358384,0.0107917785644531,28.497739791870114
8606,0,1,0,0,3,2,1096,2211110130,1130,64,1116,17,59861,29483,4,0,0,43,15,2211110130,17,59861,11123,9220,86,1130,1130.0,922.0,-1.5000693396003864,0.25032358330597,173059.2,1130.0,1130.0,0.0,2192,1096,1096,1096.0,1096.0,0.0,-3.0,0.0,1096.0,1096.0,0.0,1634046406.358384,0.0,28.497739791870114
8607,0,1,0,0,3,2,1096,2211110130,1130,64,1116,17,59861,29483,4,0,0,43,15,2211110130,17,59861,11123,10350,86,1130,1130.0,940.9090909090908,-1.6499861361759638,0.7225757785772013,160902.0826446281,1130.0,1130.0,0.0,3288,1096,1096,1096.0,1096.0,0.0,-3.0,0.0,1096.0,1096.0,0.0,1634046406.358384,0.0,28.497739791870114
8608,0,1,0,0,3,2,1116,2211110130,1150,64,1136,17,59861,29483,4,0,0,43,15,2211110130,17,59861,11123,11500,86,1150,1130.0,958.3333333333334,-1.7881168567913834,1.1989649071173512,150833.22222222222,1130.0,1130.0,0.0,4404,1096,1116,1096.0,1101.0,1.1547005383792517,-0.6666666666666665,75.0,1101.0,1096.0,5.0,1634046406.359017,0.0006330013275146,28.49837279319763
8609,0,1,0,0,3,2,1096,2211110130,1130,64,1116,17,59861,29483,4,0,0,43,15,2211110130,17,59861,11123,12630,86,1150,1130.0,971.5384615384615,-1.918047417106872,1.6806076215672183,141323.17159763316,1130.0,1130.0,0.0,5500,1096,1116,1096.0,1100.0,1.5,0.25,64.0,1096.0,1096.0,0.0,1634046406.359017,0.0,28.49837279319763
8610,0,1,0,0,3,2,1096,2211110130,1130,64,1116,17,59861,29483,4,0,0,43,15,2211110130,17,59861,11123,13760,86,1150,1130.0,982.8571428571428,-2.040461422240186,2.165283962036505,132894.12244897962,1130.0,1130.0,0.0,6596,1096,1116,1096.0,1099.3333333333333,1.788854381999862,1.2000000000000703,55.55555555555557,1096.0,1096.0,0.0,1634046406.359017,0.0,28.49837279319763
8611,0,1,0,0,3,2,1096,2211110130,1130,64,1116,17,59861,29483,4,0,0,43,15,2211110130,17,59861,11123,14890,86,1150,1130.0,992.6666666666666,-2.1564769305113187,2.652293877034293,125381.68888888892,1130.0,1130.0,0.0,7692,1096,1116,1096.0,1098.857142857143,2.041241452319301,2.166666666666627,48.9795918367347,1096.0,1096.0,0.0,1634046406.359665,0.000648021697998,28.499020814895626
8612,0,1,0,0,3,2,1096,2211110130,1130,64,1116,17,59861,29483,4,0,0,43,15,2211110130,17,59861,11123,16020,86,1150,1130.0,1001.25,-2.2669662038046843,3.1411373240286107,118650.4375,1130.0,1130.0,0.0,8788,1096,1116,1096.0,1098.5,2.2677868380553634,3.1428571428571432,43.75,1096.0,1096.0,0.0,1634046406.359665,0.0,28.499020814895626
8613,0,1,0,0,3,2,1096,2211110130,1130,64,1116,17,59861,29483,4,0,0,43,15,2211110130,17,59861,11123,17150,86,1150,1130.0,1008.8235294117648,-2.372624127324901,3.631447602014785,112588.73356401383,1130.0,1130.0,0.0,9884,1096,1116,1096.0,1098.2222222222222,2.4748737341529403,4.125000000000078,39.50617283950618,1096.0,1096.0,0.0,1634046406.359665,0.0,28.499020814895626
8614,0,1,0,0,3,2,1096,2211110130,1130,64,1116,17,59861,29483,4,0,0,43,15,2211110130,17,59861,11123,18280,86,1150,1130.0,1015.5555555555557,-2.474014193443235,4.12294968344815,107104.24691358024,1130.0,1130.0,0.0,10980,1096,1116,1096.0,1098.0,2.6666666666666665,5.111111111111111,36.0,1096.0,1096.0,0.0,1634046406.360242,0.0005769729614257,28.499597787857052
8615,0,1,0,0,3,2,1096,2211110130,1130,64,1116,17,59861,29483,4,0,0,43,15,2211110130,17,59861,11123,19410,86,1150,1130.0,1021.578947368421,-2.571600366006558,4.615433252094151,102120.24376731303,1130.0,1130.0,0.0,12076,1096,1116,1096.0,1097.8181818181818,2.8460498941515744,6.100000000000124,33.05785123966942,1096.0,1096.0,0.0,1634046406.360242,0.0,28.499597787857052
8616,0,1,0,0,3,2,1096,2211110130,1130,64,1116,17,59861,29483,4,0,0,43,15,2211110130,17,59861,11123,20540,86,1150,1130.0,1027.0,-2.6657697478697195,5.108734728022167,97572.6,1130.0,1130.0,0.0,13172,1096,1116,1096.0,1097.6666666666667,3.015113445777593,7.090909090908916,30.555555555555568,1096.0,1096.0,0.0,1634046406.360242,0.0,28.499597787857052
8617,0,1,0,0,3,2,1096,2211110130,1130,64,1116,17,59861,29483,4,0,0,43,15,2211110130,17,59861,11123,1130,1130,1130,1130.0,1130.0,0.0,-3.0,0.0,1130.0,1130.0,0.0,14268,1096,1116,1096.0,1097.5384615384614,3.1754264805429995,8.083333333333577,28.40236686390534,1096.0,1096.0,0.0,1634046406.360242,0.0,28.499597787857052
8618,0,1,0,0,3,2,1096,2211110130,1130,64,1116,17,59861,29483,4,0,0,43,15,2211110130,17,59861,11123,2260,1130,1130,1130.0,1130.0,0.0,-3.0,0.0,1130.0,1130.0,0.0,15364,1096,1116,1096.0,1097.428571428571,3.3282011773514317,9.07692307692333,26.530612244897952,1096.0,1096.0,0.0,1634046406.360242,0.0,28.499597787857052
8619,0,1,0,0,3,2,1096,2211110130,1130,64,1116,17,59861,29483,4,0,0,43,15,2211110130,17,59861,11123,3390,1130,1130,1130.0,1130.0,0.0,-3.0,0.0,1130.0,1130.0,0.0,16460,1096,1116,1096.0,1097.3333333333333,3.474396144861561,10.071428571428772,24.888888888888903,1096.0,1096.0,0.0,1634046406.360242,0.0,28.499597787857052
8620,0,1,0,0,3,2,1096,2211110130,1130,64,1116,17,59861,29483,4,0,0,43,15,2211110130,17,59861,11123,4520,1130,1130,1130.0,1130.0,0.0,-3.0,0.0,1130.0,1130.0,0.0,17556,1096,1116,1096.0,1097.25,3.614784456460256,11.066666666666666,23.4375,1096.0,1096.0,0.0,1634046406.360242,0.0,28.499597787857052
8621,0,1,0,0,3,2,1096,2211110130,1130,64,1116,17,59861,29483,4,0,0,43,15,2211110130,17,59861,11123,5650,1130,1130,1130.0,1130.0,0.0,-3.0,0.0,1130.0,1130.0,0.0,18652,1096,1116,1096.0,1097.1764705882354,3.749999999999957,12.06249999999979,22.14532871972318,1096.0,1096.0,0.0,1634046406.360242,0.0,28.499597787857052
8622,0,1,0,0,3,2,1096,2211110130,1130,64,1116,17,59861,29483,4,0,0,43,15,2211110130,17,59861,11123,6780,1130,1130,1130.0,1130.0,0.0,-3.0,0.0,1130.0,1130.0,0.0,19748,1096,1116,1096.0,1097.111111111111,3.880570000581343,13.058823529411846,20.98765432098766,1096.0,1096.0,0.0,1634046406.360242,0.0,28.499597787857052
8623,0,1,0,0,3,2,1096,2211110130,1130,64,1116,17,59861,29483,4,0,0,43,15,2211110130,17,59861,11123,7910,1130,1130,1130.0,1130.0,0.0,-3.0,0.0,1130.0,1130.0,0.0,20844,1096,1116,1096.0,1097.0526315789473,4.006938426723828,14.055555555555864,19.944598337950133,1096.0,1096.0,0.0,1634046406.360242,0.0,28.499597787857052
8624,0,1,0,0,3,2,1096,2211110130,1130,64,1116,17,59861,29483,4,0,0,43,15,2211110130,17,59861,11123,9040,1130,1130,1130.0,1130.0,0.0,-3.0,0.0,1130.0,1130.0,0.0,21940,1096,1116,1096.0,1097.0,4.129483209670112,15.05263157894737,19.0,1096.0,1096.0,0.0,1634046406.360242,0.0,28.499597787857052
8625,0,1,0,0,3,2,1096,2211110130,1130,64,1116,17,59861,29483,4,0,0,43,15,2211110130,17,59861,11123,10170,1130,1130,1130.0,1130.0,0.0,-3.0,0.0,1130.0,1130.0,0.0,1096,1096,1096,1096.0,1096.0,0.0,-3.0,0.0,1096.0,1096.0,0.0,1634046406.360242,0.0,28.499597787857052
8626,0,1,0,0,3,2,1096,2211110130,1130,64,1116,17,59861,29483,4,0,0,43,15,2211110130,17,59861,11123,11300,1130,1130,1130.0,1130.0,0.0,-3.0,0.0,1130.0,1130.0,0.0,2192,1096,1096,1096.0,1096.0,0.0,-3.0,0.0,1096.0,1096.0,0.0,1634046406.360242,0.0,28.499597787857052
8627,0,1,0,0,3,2,1096,2211110130,1130,64,1116,17,59861,29483,4,0,0,43,15,2211110130,17,59861,11123,12430,1130,1130,1130.0,1130.0,0.0,-3.0,0.0,1130.0,1130.0,0.0,3288,1096,1096,1096.0,1096.0,0.0,-3.0,0.0,1096.0,1096.0,0.0,1634046406.360951,0.000709056854248,28.5003068447113
8628,0,1,0,0,3,2,1096,2211110130,1130,64,1116,17,59861,29483,4,0,0,43,15,2211110130,17,59861,11123,13560,1130,1130,1130.0,1130.0,0.0,-3.0,0.0,1130.0,1130.0,0.0,4384,1096,1096,1096.0,1096.0,0.0,-3.0,0.0,1096.0,1096.0,0.0,1634046406.360951,0.0,28.5003068447113
8629,0,1,0,0,3,2,1096,2211110130,1130,64,1116,17,59861,29483,4,0,0,43,15,2211110130,17,59861,11123,14690,1130,1130,1130.0,1130.0,0.0,-3.0,0.0,1130.0,1130.0,0.0,5480,1096,1096,1096.0,1096.0,0.0,-3.0,0.0,1096.0,1096.0,0.0,1634046406.360951,0.0,28.5003068447113
8630,0,1,0,0,3,2,1096,2211110130,1130,64,1116,17,59861,29483,4,0,0,43,15,2211110130,17,59861,11123,15820,1130,1130,1130.0,1130.0,0.0,-3.0,0.0,1130.0,1130.0,0.0,6576,1096,1096,1096.0,1096.0,0.0,-3.0,0.0,1096.0,1096.0,0.0,1634046406.36159,0.0006389617919921,28.500945806503292
8631,0,1,0,0,3,2,1096,2211110130,1130,64,1116,17,59861,29483,4,0,0,43,15,2211110130,17,59861,11123,16950,1130,1130,1130.0,1130.0,0.0,-3.0,0.0,1130.0,1130.0,0.0,7672,1096,1096,1096.0,1096.0,0.0,-3.0,0.0,1096.0,1096.0,0.0,1634046406.36159,0.0,28.500945806503292
8632,0,1,0,0,3,2,1096,2211110130,1130,64,1116,17,59861,29483,4,0,0,43,15,2211110130,17,59861,11123,18080,1130,1130,1130.0,1130.0,0.0,-3.0,0.0,1130.0,1130.0,0.0,8768,1096,1096,1096.0,1096.0,0.0,-3.0,0.0,1096.0,1096.0,0.0,1634046406.36159,0.0,28.500945806503292
8633,0,1,0,0,3,2,1096,2211110130,1130,64,1116,17,59861,29483,4,0,0,43,15,2211110130,17,59861,11123,19210,1130,1130,1130.0,1130.0,0.0,-3.0,0.0,1130.0,1130.0,0.0,9864,1096,1096,1096.0,1096.0,0.0,-3.0,0.0,1096.0,1096.0,0.0,1634046406.362251,0.0006611347198486,28.50160694122314
8634,0,1,0,0,3,2,1116,2211110130,1150,64,1136,17,59861,29483,4,0,0,43,15,2211110130,17,59861,11123,20360,1130,1150,1130.0,1131.111111111111,3.880570000581344,13.05882352941185,20.98765432098765,1130.0,1130.0,0.0,10980,1096,1116,1096.0,1098.0,2.6666666666666665,5.111111111111111,36.0,1096.0,1096.0,0.0,1634046406.362251,0.0,28.50160694122314
8635,0,1,0,0,3,2,1096,2211110130,1130,64,1116,17,59861,29483,4,0,0,43,15,2211110130,17,59861,11123,21490,1130,1150,1130.0,1131.0526315789473,4.006938426723826,14.05555555555586,19.944598337950136,1130.0,1130.0,0.0,12076,1096,1116,1096.0,1097.8181818181818,2.846049894151573,6.100000000000124,33.05785123966942,1096.0,1096.0,0.0,1634046406.362251,0.0,28.50160694122314
8636,0,1,0,0,3,2,1096,2211110130,1130,64,1116,17,59861,29483,4,0,0,43,15,2211110130,17,59861,11123,22620,1130,1150,1130.0,1131.0,4.129483209670112,15.05263157894737,19.0,1130.0,1130.0,0.0,13172,1096,1116,1096.0,1097.6666666666667,3.0151134457775943,7.090909090908921,30.55555555555556,1096.0,1096.0,0.0,1634046406.362899,0.000648021697998,28.50225496292114
8637,0,1,0,0,3,2,1096,2211110130,1130,64,1116,17,59861,29483,4,0,0,43,15,2211110130,17,59861,11123,1130,1130,1130,1130.0,1130.0,0.0,-3.0,0.0,1130.0,1130.0,0.0,14268,1096,1116,1096.0,1097.5384615384614,3.175426480543,8.08333333333358,28.402366863905332,1096.0,1096.0,0.0,1634046406.362899,0.0,28.50225496292114
8638,0,1,0,0,3,2,1096,2211110130,1130,64,1116,17,59861,29483,4,0,0,43,15,2211110130,17,59861,11123,2260,1130,1130,1130.0,1130.0,0.0,-3.0,0.0,1130.0,1130.0,0.0,15364,1096,1116,1096.0,1097.428571428571,3.328201177351432,9.07692307692333,26.530612244897952,1096.0,1096.0,0.0,1634046406.362899,0.0,28.50225496292114
8639,0,1,0,0,3,2,1096,2211110130,1130,64,1116,17,59861,29483,4,0,0,43,15,2211110130,17,59861,11123,3390,1130,1130,1130.0,1130.0,0.0,-3.0,0.0,1130.0,1130.0,0.0,16460,1096,1116,1096.0,1097.3333333333333,3.474396144861562,10.071428571428774,24.8888888888889,1096.0,1096.0,0.0,1634046406.363407,0.0005078315734863,28.502762794494625
8640,0,1,0,0,3,2,1096,2211110130,1130,64,1116,17,59861,29483,4,0,0,43,15,2211110130,17,59861,11123,4520,1130,1130,1130.0,1130.0,0.0,-3.0,0.0,1130.0,1130.0,0.0,17556,1096,1116,1096.0,1097.25,3.614784456460256,11.066666666666666,23.4375,1096.0,1096.0,0.0,1634046406.363407,0.0,28.502762794494625
8641,0,1,0,0,3,2,1096,2211110130,1130,64,1116,17,59861,29483,4,0,0,43,15,2211110130,17,59861,11123,5650,1130,1130,1130.0,1130.0,0.0,-3.0,0.0,1130.0,1130.0,0.0,18652,1096,1116,1096.0,1097.1764705882354,3.749999999999957,12.06249999999979,22.14532871972318,1096.0,1096.0,0.0,1634046406.363407,0.0,28.502762794494625
8642,0,1,0,0,3,2,1096,2211110130,1130,64,1116,17,59861,29483,4,0,0,43,15,2211110130,17,59861,11123,6780,1130,1130,1130.0,1130.0,0.0,-3.0,0.0,1130.0,1130.0,0.0,19748,1096,1116,1096.0,1097.111111111111,3.880570000581343,13.058823529411846,20.98765432098766,1096.0,1096.0,0.0,1634046406.363407,0.0,28.502762794494625
8643,0,1,0,0,3,2,1096,2211110130,1130,64,1116,17,59861,29483,4,0,0,43,15,2211110130,17,59861,11123,7910,1130,1130,1130.0,1130.0,0.0,-3.0,0.0,1130.0,1130.0,0.0,20844,1096,1116,1096.0,1097.0526315789473,4.006938426723828,14.055555555555864,19.944598337950133,1096.0,1096.0,0.0,1634046406.363407,0.0,28.502762794494625
8644,0,1,0,0,3,2,1096,2211110130,1130,64,1116,17,59861,29483,4,0,0,43,15,2211110130,17,59861,11123,9040,1130,1130,1130.0,1130.0,0.0,-3.0,0.0,1130.0,1130.0,0.0,21940,1096,1116,1096.0,1097.0,4.129483209670112,15.05263157894737,19.0,1096.0,1096.0,0.0,1634046406.364032,0.0006251335144042,28.50338792800903
8645,0,1,0,0,3,2,1096,2211110130,1130,64,1116,17,59861,29483,4,0,0,43,15,2211110130,17,59861,11123,10170,1130,1130,1130.0,1130.0,0.0,-3.0,0.0,1130.0,1130.0,0.0,1096,1096,1096,1096.0,1096.0,0.0,-3.0,0.0,1096.0,1096.0,0.0,1634046406.364032,0.0,28.50338792800903
8646,0,1,0,0,3,2,1096,2211110130,1130,64,1116,17,59861,29483,4,0,0,43,15,2211110130,17,59861,11123,11300,1130,1130,1130.0,1130.0,0.0,-3.0,0.0,1130.0,1130.0,0.0,2192,1096,1096,1096.0,1096.0,0.0,-3.0,0.0,1096.0,1096.0,0.0,1634046406.364032,0.0,28.50338792800903
8647,0,1,0,0,3,2,1096,2211110130,1130,64,1116,17,59861,29483,4,0,0,43,15,2211110130,17,59861,11123,12430,1130,1130,1130.0,1130.0,0.0,-3.0,0.0,1130.0,1130.0,0.0,3288,1096,1096,1096.0,1096.0,0.0,-3.0,0.0,1096.0,1096.0,0.0,1634046406.364032,0.0,28.50338792800903
8648,0,1,0,0,3,2,1096,2211110130,1130,64,1116,17,59861,29483,4,0,0,43,15,2211110130,17,59861,11123,13560,1130,1130,1130.0,1130.0,0.0,-3.0,0.0,1130.0,1130.0,0.0,4384,1096,1096,1096.0,1096.0,0.0,-3.0,0.0,1096.0,1096.0,0.0,1634046406.364578,0.0005459785461425,28.503933906555172
8649,0,1,0,0,3,2,1096,2211110130,1130,64,1116,17,59861,29483,4,0,0,43,15,2211110130,17,59861,11123,14690,1130,1130,1130.0,1130.0,0.0,-3.0,0.0,1130.0,1130.0,0.0,5480,1096,1096,1096.0,1096.0,0.0,-3.0,0.0,1096.0,1096.0,0.0,1634046406.364578,0.0,28.503933906555172
8650,0,1,0,0,3,2,1096,2211110130,1130,64,1116,17,59861,29483,4,0,0,43,15,2211110130,17,59861,11123,15820,1130,1130,1130.0,1130.0,0.0,-3.0,0.0,1130.0,1130.0,0.0,6576,1096,1096,1096.0,1096.0,0.0,-3.0,0.0,1096.0,1096.0,0.0,1634046406.364578,0.0,28.503933906555172
8651,0,1,0,0,3,2,1096,2211110130,1130,64,1116,17,59861,29483,4,0,0,43,15,2211110130,17,59861,11123,16950,1130,1130,1130.0,1130.0,0.0,-3.0,0.0,1130.0,1130.0,0.0,7672,1096,1096,1096.0,1096.0,0.0,-3.0,0.0,1096.0,1096.0,0.0,1634046406.364578,0.0,28.503933906555172
8652,0,1,0,0,3,2,1096,2211110130,1130,64,1116,17,59861,29483,4,0,0,43,15,2211110130,17,59861,11123,18080,1130,1130,1130.0,1130.0,0.0,-3.0,0.0,1130.0,1130.0,0.0,8768,1096,1096,1096.0,1096.0,0.0,-3.0,0.0,1096.0,1096.0,0.0,1634046406.365063,0.0004849433898925,28.504418849945065
8653,0,1,0,0,3,2,1096,2211110130,1130,64,1116,17,59861,29483,4,0,0,43,15,2211110130,17,59861,11123,19210,1130,1130,1130.0,1130.0,0.0,-3.0,0.0,1130.0,1130.0,0.0,9864,1096,1096,1096.0,1096.0,0.0,-3.0,0.0,1096.0,1096.0,0.0,1634046406.365063,0.0,28.504418849945065
8654,0,1,0,0,3,2,1096,2211110130,1130,64,1116,17,59861,29483,4,0,0,43,15,2211110130,17,59861,11123,20340,1130,1130,1130.0,1130.0,0.0,-3.0,0.0,1130.0,1130.0,0.0,10960,1096,1096,1096.0,1096.0,0.0,-3.0,0.0,1096.0,1096.0,0.0,1634046406.365063,0.0,28.504418849945065
8655,0,1,0,0,3,2,1096,2211110130,1130,64,1116,17,59861,29483,4,0,0,43,15,2211110130,17,59861,11123,21470,1130,1130,1130.0,1130.0,0.0,-3.0,0.0,1130.0,1130.0,0.0,12056,1096,1096,1096.0,1096.0,0.0,-3.0,0.0,1096.0,1096.0,0.0,1634046406.365063,0.0,28.504418849945065
8656,0,1,0,0,3,2,1096,2211110130,1130,64,1116,17,59861,29483,4,0,0,43,15,2211110130,17,59861,11123,22600,1130,1130,1130.0,1130.0,0.0,-3.0,0.0,1130.0,1130.0,0.0,13152,1096,1096,1096.0,1096.0,0.0,-3.0,0.0,1096.0,1096.0,0.0,1634046406.365624,0.0005609989166259,28.50497984886169
8657,0,1,0,0,3,2,1096,2211110130,1130,64,1116,17,59861,29483,4,0,0,43,15,2211110130,17,59861,11123,1130,1130,1130,1130.0,1130.0,0.0,-3.0,0.0,1130.0,1130.0,0.0,14248,1096,1096,1096.0,1096.0,0.0,-3.0,0.0,1096.0,1096.0,0.0,1634046406.365624,0.0,28.50497984886169
8658,0,1,0,0,3,2,1096,2211110130,1130,64,1116,17,59861,29483,4,0,0,43,15,2211110130,17,59861,11123,2260,1130,1130,1130.0,1130.0,0.0,-3.0,0.0,1130.0,1130.0,0.0,15344,1096,1096,1096.0,1096.0,0.0,-3.0,0.0,1096.0,1096.0,0.0,1634046406.365624,0.0,28.50497984886169
8659,0,1,0,0,3,2,1096,2211110130,1130,64,1116,17,59861,29483,4,0,0,43,15,2211110130,17,59861,11123,3390,1130,1130,1130.0,1130.0,0.0,-3.0,0.0,1130.0,1130.0,0.0,16440,1096,1096,1096.0,1096.0,0.0,-3.0,0.0,1096.0,1096.0,0.0,1634046406.365624,0.0,28.50497984886169
8660,0,1,0,0,3,2,1116,2211110130,1150,64,1136,17,59861,29483,4,0,0,43,15,2211110130,17,59861,11123,4540,1130,1150,1130.0,1135.0,1.1547005383792517,-0.6666666666666665,75.0,1135.0,1130.0,5.0,17556,1096,1116,1096.0,1097.25,3.614784456460256,11.066666666666666,23.4375,1096.0,1096.0,0.0,1634046406.366143,0.0005190372467041,28.505498886108395
8661,0,1,0,0,3,2,1096,2211110130,1130,64,1116,17,59861,29483,4,0,0,43,15,2211110130,17,59861,11123,5670,1130,1150,1130.0,1134.0,1.5,0.25,64.0,1130.0,1130.0,0.0,18652,1096,1116,1096.0,1097.1764705882354,3.749999999999957,12.06249999999979,22.14532871972318,1096.0,1096.0,0.0,1634046406.366143,0.0,28.505498886108395
8662,0,1,0,0,3,2,1096,2211110130,1130,64,1116,17,59861,29483,4,0,0,43,15,2211110130,17,59861,11123,6800,1130,1150,1130.0,1133.3333333333333,1.788854381999862,1.2000000000000703,55.55555555555557,1130.0,1130.0,0.0,19748,1096,1116,1096.0,1097.111111111111,3.880570000581343,13.058823529411846,20.98765432098766,1096.0,1096.0,0.0,1634046406.366143,0.0,28.505498886108395
8663,0,1,0,0,3,2,1096,2211110130,1130,64,1116,17,59861,29483,4,0,0,43,15,2211110130,17,59861,11123,7930,1130,1150,1130.0,1132.857142857143,2.041241452319301,2.166666666666627,48.9795918367347,1130.0,1130.0,0.0,20844,1096,1116,1096.0,1097.0526315789473,4.006938426723828,14.055555555555864,19.944598337950133,1096.0,1096.0,0.0,1634046406.366891,0.0007479190826416,28.506246805191036
8664,0,1,0,0,3,2,1096,2211110130,1130,64,1116,17,59861,29483,4,0,0,43,15,2211110130,17,59861,11123,9060,1130,1150,1130.0,1132.5,2.2677868380553634,3.1428571428571432,43.75,1130.0,1130.0,0.0,21940,1096,1116,1096.0,1097.0,4.129483209670112,15.05263157894737,19.0,1096.0,1096.0,0.0,1634046406.366891,0.0,28.506246805191036
8665,0,1,0,0,3,2,1096,2211110130,1130,64,1116,17,59861,29483,4,0,0,43,15,2211110130,17,59861,11123,10190,1130,1150,1130.0,1132.2222222222222,2.4748737341529403,4.125000000000078,39.50617283950618,1130.0,1130.0,0.0,1096,1096,1096,1096.0,1096.0,0.0,-3.0,0.0,1096.0,1096.0,0.0,1634046406.366891,0.0,28.506246805191036
8666,0,1,0,0,3,2,1096,2211110130,1130,64,1116,17,59861,29483,4,0,0,43,15,2211110130,17,59861,11123,11320,1130,1150,1130.0,1132.0,2.6666666666666665,5.111111111111111,36.0,1130.0,1130.0,0.0,2192,1096,1096,1096.0,1096.0,0.0,-3.0,0.0,1096.0,1096.0,0.0,1634046406.366891,0.0,28.506246805191036
8667,0,1,0,0,3,2,1096,2211110130,1130,64,1116,17,59861,29483,4,0,0,43,15,2211110130,17,59861,11123,12450,1130,1150,1130.0,1131.8181818181818,2.8460498941515744,6.100000000000124,33.05785123966942,1130.0,1130.0,0.0,3288,1096,1096,1096.0,1096.0,0.0,-3.0,0.0,1096.0,1096.0,0.0,1634046406.367402,0.0005111694335937,28.50675797462463
8668,0,1,0,0,3,2,375,2211110130,409,64,395,17,59861,29483,4,0,0,43,15,2211110130,17,59861,11123,12859,409,1150,1130.0,1071.5833333333333,-3.0109346349154973,7.076097150923323,39940.90972222223,1130.0,1130.0,0.0,3663,375,1096,1096.0,915.75,-1.1547005383792517,-0.6666666666666665,97470.1875,1096.0,915.75,180.25,1634046406.367402,0.0,28.50675797462463
8669,0,1,0,0,3,2,408,2211110130,442,64,428,17,59861,29483,4,0,0,43,15,2211110130,17,59861,11123,13301,409,1150,1130.0,1023.1538461538462,-1.9196671931261409,1.6935202644573142,65013.514792899405,1130.0,1130.0,0.0,4071,375,1096,1096.0,814.2,-0.4110435693063955,-1.827248494778126,119225.76,1096.0,408.0,688.0,1634046406.367402,0.0,28.50675797462463
8670,0,1,0,0,3,2,408,2211110130,442,64,428,17,59861,29483,4,0,0,43,15,2211110130,17,59861,11123,13743,409,1150,1130.0,981.6428571428572,-1.3937695001001609,-0.051623480293109,82770.80102040817,1130.0,1130.0,0.0,4479,375,1096,752.0,746.5,-0.0029984706571743,-1.9959190845638184,122271.25,1096.0,408.0,688.0,1634046406.367402,0.0,28.50675797462463
8671,0,1,0,0,3,2,56,2211110130,90,64,76,17,59861,29483,4,0,0,43,15,2211110130,17,59861,11123,13833,90,1150,1130.0,922.2,-1.2287268890330094,-0.1907039591034491,126721.09333333332,1130.0,786.0,344.0,4535,56,1096,408.0,647.8571428571429,0.0320005457611333,-1.6273720440752717,163186.40816326533,1096.0,391.5,704.5,1634046406.367402,0.0,28.50675797462463
8672,0,1,0,0,3,2,1096,2211110130,1130,64,1116,17,59861,29483,4,0,0,43,15,2211110130,17,59861,11123,14963,90,1150,1130.0,935.1875,-1.3281753500179942,0.0705691259353145,121331.15234375,1130.0,958.0,172.0,5631,56,1096,752.0,703.875,-0.2208241098985448,-1.6286986420866196,164754.109375,1096.0,399.75,696.25,1634046406.367402,0.0,28.50675797462463
8673,0,1,0,0,3,2,1096,2211110130,1130,64,1116,17,59861,29483,4,0,0,43,15,2211110130,17,59861,11123,16093,90,1150,1130.0,946.6470588235294,-1.4219999963026717,0.336281960396708,116295.169550173,1130.0,1130.0,0.0,6727,56,1096,1096.0,747.4444444444445,-0.425292137481209,-1.519253833541299,161634.46913580247,1096.0,408.0,688.0,1634046406.367402,0.0,28.50675797462463
8674,0,1,0,0,3,2,1096,2211110130,1130,64,1116,17,59861,29483,4,0,0,43,15,2211110130,17,59861,11123,17223,90,1150,1130.0,956.8333333333334,-1.510990689152784,0.6055007690795171,111598.25,1130.0,1130.0,0.0,7823,56,1096,1096.0,782.3,-0.5987464782084394,-1.351973741327157,156405.21,1096.0,408.0,688.0,1634046406.368025,0.0006229877471923,28.507380962371823
8675,0,1,0,0,3,2,211,2211110130,245,64,231,17,59861,29483,4,0,0,43,15,2211110130,17,59861,11123,17468,90,1150,1130.0,919.3684210526316,-1.214440910300265,-0.3004281248171661,130989.811634349,1130.0,786.0,344.0,8034,56,1096,1096.0,730.3636363636364,-0.346725149555206,-1.6518475980268117,169160.4132231405,1096.0,391.5,704.5,1634046406.368025,0.0,28.507380962371823
8676,0,1,0,0,3,2,1096,2211110130,1130,64,1116,17,59861,29483,4,0,0,43,15,2211110130,17,59861,11123,18598,90,1150,1130.0,929.9,-1.293458379418122,-0.0981424319864157,126547.69,1130.0,958.0,172.0,9130,56,1096,1096.0,760.8333333333334,-0.4937429175986903,-1.536612893859299,165276.1388888889,1096.0,399.75,696.25,1634046406.368025,0.0,28.507380962371823
8677,0,1,0,0,3,2,1096,2211110130,1130,64,1116,17,59861,29483,4,0,0,43,15,2211110130,17,59861,11123,1130,1130,1130,1130.0,1130.0,0.0,-3.0,0.0,1130.0,1130.0,0.0,10226,56,1096,1096.0,786.6153846153846,-0.6243632405134265,-1.3947807614235863,160539.15976331363,1096.0,408.0,688.0,1634046406.368025,0.0,28.507380962371823
8678,0,1,0,0,3,2,1096,2211110130,1130,64,1116,17,59861,29483,4,0,0,43,15,2211110130,17,59861,11123,2260,1130,1130,1130.0,1130.0,0.0,-3.0,0.0,1130.0,1130.0,0.0,11322,56,1096,1096.0,808.7142857142857,-0.7424591795645068,-1.2349427664656014,155420.77551020405,1096.0,408.0,688.0,1634046406.368025,0.0,28.507380962371823
8679,0,1,0,0,3,2,1096,2211110130,1130,64,1116,17,59861,29483,4,0,0,43,15,2211110130,17,59861,11123,3390,1130,1130,1130.0,1130.0,0.0,-3.0,0.0,1130.0,1130.0,0.0,12418,56,1096,1096.0,827.8666666666667,-0.8506638823430814,-1.0623504839705094,150194.78222222225,1096.0,408.0,688.0,1634046406.368025,0.0,28.507380962371823
8680,0,1,0,0,3,2,1096,2211110130,1130,64,1116,17,59861,29483,4,0,0,43,15,2211110130,17,59861,11123,4520,1130,1130,1130.0,1130.0,0.0,-3.0,0.0,1130.0,1130.0,0.0,13514,56,1096,1096.0,844.625,-0.9508477407122944,-0.8803945161653659,145020.234375,1096.0,408.0,688.0,1634046406.370677,0.0026519298553466,28.51003289222717
8681,0,1,0,0,3,2,690,2211110130,724,64,710,17,59861,29483,4,0,0,43,15,2211110130,17,59861,11123,5244,724,1130,1130.0,1048.8,-1.4999999999999991,0.2499999999999991,26373.76,1130.0,1130.0,0.0,14204,56,1096,1096.0,835.5294117647059,-0.8967573359741923,-0.8806909925548316,137813.3079584775,1096.0,408.0,688.0,1634046406.370677,0.0,28.51003289222717
8682,0,1,0,0,2,3,56,3232270721,90,47,76,17,29483,59861,4,0,0,43,15,2211110130,17,59861,11123,5334,90,1130,1130.0,889.0,-1.3201300221894343,0.1386572110144612,149658.33333333334,1130.0,825.5,304.5,14260,56,1096,1096.0,792.2222222222222,-0.7437326745793166,-1.1605637629146055,162040.72839506174,1096.0,408.0,688.0,1634046406.378386,0.0077090263366699,28.51774191856384
8683,0,1,0,0,2,3,60,3232270721,94,47,80,17,29483,59861,4,0,0,43,15,2211110130,17,59861,11123,5428,90,1130,1130.0,775.4285714285714,-0.704950739287886,-1.312830143915,205669.38775510204,1130.0,409.0,721.0,14320,56,1096,1096.0,753.6842105263158,-0.5975283479268539,-1.392391557493791,180245.47922437676,1096.0,391.5,704.5,1634046406.378428,4.1961669921875e-05,28.51778388023376
8684,0,1,0,0,3,2,408,2211110130,442,64,428,17,59861,29483,4,0,0,43,15,2211110130,17,59861,11123,5870,90,1130,927.0,733.75,-0.4521213803475185,-1.4926010022727347,192120.4375,1130.0,355.0,775.0,14728,56,1096,1096.0,736.4,-0.4881919321369075,-1.4821962120898822,176909.34000000003,1096.0,399.75,696.25,1634046406.381405,0.0029771327972412,28.520761013031002
8685,0,1,0,0,3,2,1096,2211110130,1130,64,1116,17,59861,29483,4,0,0,43,15,2211110130,17,59861,11123,7000,90,1130,1130.0,777.7777777777778,-0.6420375032957663,-1.2963997683187212,186281.28395061727,1130.0,442.0,688.0,1096,1096,1096,1096.0,1096.0,0.0,-3.0,0.0,1096.0,1096.0,0.0,1634046406.381405,0.0,28.520761013031002
8686,0,1,0,0,3,2,1096,2211110130,1130,64,1116,17,59861,29483,4,0,0,43,15,2211110130,17,59861,11123,8130,90,1130,1130.0,813.0,-0.8070517224387932,-1.0607689316376905,178818.6,1130.0,512.5,617.5,2192,1096,1096,1096.0,1096.0,0.0,-3.0,0.0,1096.0,1096.0,0.0,1634046406.394678,0.013273000717163,28.534034013748165
8687,0,1,0,0,3,2,1096,2211110130,1130,64,1116,17,59861,29483,4,0,0,43,15,2211110130,17,59861,11123,9260,90,1130,1130.0,841.8181818181819,-0.9539758185711008,-0.8008778629674502,170867.2396694215,1130.0,583.0,547.0,3288,1096,1096,1096.0,1096.0,0.0,-3.0,0.0,1096.0,1096.0,0.0,1634046406.394678,0.0,28.534034013748165
8688,0,1,0,0,3,2,1096,2211110130,1130,64,1116,17,59861,29483,4,0,0,43,15,2211110130,17,59861,11123,10390,90,1130,1130.0,865.8333333333334,-1.0871451475944531,-0.5250143902071946,162972.30555555553,1130.0,653.5,476.5,4384,1096,1096,1096.0,1096.0,0.0,-3.0,0.0,1096.0,1096.0,0.0,1634046406.394678,0.0,28.534034013748165
8689,0,1,0,0,3,2,1116,2211110130,1150,64,1136,17,59861,29483,4,0,0,43,15,2211110130,17,59861,11123,11540,90,1150,1130.0,887.6923076923077,-1.2073043278688274,-0.2427140988316258,156169.75147928996,1130.0,724.0,406.0,5500,1096,1116,1096.0,1100.0,1.5,0.25,64.0,1096.0,1096.0,0.0,1634046406.396884,0.0022058486938476,28.536239862442013
8690,0,1,0,0,3,2,1096,2211110130,1130,64,1116,17,59861,29483,4,0,0,43,15,2211110130,17,59861,11123,12670,90,1150,1130.0,905.0,-1.321014972595349,0.0521357712378254,148909.0,1130.0,825.5,304.5,6596,1096,1116,1096.0,1099.3333333333333,1.788854381999862,1.200000000000072,55.55555555555557,1096.0,1096.0,0.0,1634046406.396884,0.0,28.536239862442013
8691,0,1,0,0,3,2,505,2211110130,539,64,525,17,59861,29483,4,0,0,43,15,2211110130,17,59861,11123,13209,90,1150,1130.0,880.6,-1.1198242332022006,-0.3433279686736803,147316.7733333333,1130.0,631.5,498.5,7101,505,1116,1096.0,1014.4285714285714,-2.0364585273458684,2.156528459128048,43300.5306122449,1096.0,1096.0,0.0,1634046406.396884,0.0,28.536239862442013
8692,0,1,0,0,3,2,60,2211110130,94,64,80,17,59861,29483,4,0,0,43,15,2211110130,17,59861,11123,13303,90,1150,1130.0,831.4375,-0.8782480136228457,-0.9320730529786068,174363.74609375,1130.0,514.75,615.25,7161,60,1116,1096.0,895.125,-1.4473967872288729,0.4376024193311467,137521.359375,1096.0,948.25,147.75,1634046406.40309,0.0062060356140136,28.542445898056027
8693,0,1,0,0,3,2,1096,2211110130,1130,64,1116,17,59861,29483,4,0,0,43,15,2211110130,17,59861,11123,14433,90,1150,1130.0,849.0,-0.9716251741902356,-0.757823799515835,169042.11764705885,1130.0,539.0,591.0,8257,60,1116,1096.0,917.4444444444443,-1.6316987684252806,1.0246407701479343,126226.46913580249,1096.0,1096.0,0.0,1634046406.408047,0.0049569606781005,28.547402858734127
8694,0,1,0,0,3,2,1096,2211110130,1130,64,1116,17,59861,29483,4,0,0,43,15,2211110130,17,59861,11123,15563,90,1150,1130.0,864.6111111111111,-1.0592832919102757,-0.5770910318567579,163793.9043209877,1130.0,585.25,544.75,9353,60,1116,1096.0,935.3,-1.799575447379154,1.6218752329565325,116473.21,1096.0,1096.0,0.0,1634046406.408047,0.0,28.547402858734127
8695,0,1,0,0,3,2,1096,2211110130,1130,64,1116,17,59861,29483,4,0,0,43,15,2211110130,17,59861,11123,16693,90,1150,1130.0,878.578947368421,-1.1420553124452169,-0.3912616631265222,158684.98060941827,1130.0,631.5,498.5,10449,60,1116,1096.0,949.9090909090908,-1.9545616520510327,2.2260035319874456,108018.99173553722,1096.0,1096.0,0.0,1634046406.408047,0.0,28.547402858734127
8696,0,1,0,0,3,2,1096,2211110130,1130,64,1116,17,59861,29483,4,0,0,43,15,2211110130,17,59861,11123,17823,90,1150,1130.0,891.15,-1.2206002008902352,-0.2013536933919879,153753.32749999996,1130.0,677.75,452.25,11545,60,1116,1096.0,962.0833333333334,-2.099113468711812,2.835010401797213,100647.74305555552,1096.0,1096.0,0.0,1634046406.408676,0.0006289482116699,28.548031806945797
8697,0,1,0,0,3,2,1096,2211110130,1130,64,1116,17,59861,29483,4,0,0,43,15,2211110130,17,59861,11123,1130,1130,1130,1130.0,1130.0,0.0,-3.0,0.0,1130.0,1130.0,0.0,12641,60,1116,1096.0,972.3846153846154,-2.235012366157111,3.447596291182662,94179.00591715974,1096.0,1096.0,0.0,1634046406.408676,0.0,28.548031806945797
8698,0,1,0,0,3,2,1069,2211110130,1103,64,1089,17,59861,29483,4,0,0,43,15,2211110130,17,59861,11123,2233,1103,1130,1116.5,1116.5,0.0,-2.0,182.25,1123.25,1109.75,13.5,13710,60,1116,1096.0,979.2857142857144,-2.36227811549803,4.063573034233855,88071.06122448982,1096.0,1096.0,0.0,1634046406.409397,0.0007209777832031,28.548752784729
8699,0,1,0,0,3,2,408,2211110130,442,64,428,17,59861,29483,4,0,0,43,15,2211110130,17,59861,11123,2675,442,1130,1103.0,891.6666666666666,-0.7032892423563224,-1.5000000000000004,101221.55555555556,1116.5,772.5,344.0,14118,60,1116,1096.0,941.2,-1.7760382370998704,1.6121604358724433,102506.96000000002,1096.0,1082.5,13.5,1634046406.414586,0.0051891803741455,28.553941965103146
8700,0,1,0,0,2,3,60,3232270721,94,47,80,17,29483,59861,4,0,0,43,15,2211110130,17,59861,11123,2769,94,1130,772.5,692.25,-0.222030348943628,-1.7063572663215627,195217.1875,1109.75,355.0,754.75,14178,60,1116,1096.0,886.125,-1.3859720761385506,0.2051762921348645,141599.109375,1096.0,928.0,168.0,1634046406.425836,0.0112500190734863,28.565191984176632
8701,0,1,0,0,2,3,60,3232270721,94,47,80,17,29483,59861,4,0,0,43,15,2211110130,17,59861,11123,2863,94,1130,442.0,572.6,0.2046783985389344,-1.7667869867093,213438.24,1103.0,94.0,1009.0,14238,60,1116,1096.0,837.5294117647059,-1.0971457427255802,-0.5950928645021856,171054.2491349481,1096.0,505.0,591.0,1634046406.436716,0.0108799934387207,28.576071977615353
8702,0,1,0,0,2,3,60,3232270721,94,47,80,17,29483,59861,4,0,0,43,15,2211110130,17,59861,11123,2957,94,1130,268.0,492.8333333333333,0.5127559871492011,-1.5619488636787098,209678.80555555556,937.75,94.0,843.75,14298,60,1116,1096.0,794.3333333333334,-0.8743867303555737,-1.0789751998310777,193271.5555555556,1096.0,432.25,663.75,1634046406.456457,0.0197408199310302,28.595812797546383
8703,0,1,0,0,3,2,1096,2211110130,1130,64,1116,17,59861,29483,4,0,0,43,15,2211110130,17,59861,11123,4087,94,1130,442.0,583.8571428571429,0.1432729891136782,-1.85012641381012,229436.69387755104,1116.5,94.0,1022.5,15394,60,1116,1096.0,810.2105263157895,-0.9581911562240574,-0.9243366753777008,187636.9030470914,1096.0,456.5,639.5,1634046406.456515,5.817413330078125e-05,28.595870971679684
8704,0,1,0,0,3,2,1096,2211110130,1130,64,1116,17,59861,29483,4,0,0,43,15,2211110130,17,59861,11123,5217,94,1130,772.5,652.125,-0.1239573883988273,-1.8735510343184232,233380.609375,1130.0,94.0,1036.0,16490,60,1116,1096.0,824.5,-1.037311435623707,-0.7649252830065079,182134.65,1096.0,480.75,615.25,1634046406.456515,0.0,28.595870971679684
8705,0,1,0,0,3,2,1096,2211110130,1130,64,1116,17,59861,29483,4,0,0,43,15,2211110130,17,59861,11123,6347,94,1130,1103.0,705.2222222222222,-0.3361947127197714,-1.784373810971647,230003.950617284,1130.0,94.0,1036.0,1096,1096,1096,1096.0,1096.0,0.0,-3.0,0.0,1096.0,1096.0,0.0,1634046406.456958,0.0004429817199707,28.596313953399655
8706,0,1,0,0,3,2,1096,2211110130,1130,64,1116,17,59861,29483,4,0,0,43,15,2211110130,17,59861,11123,7477,94,1130,1116.5,747.7,-0.5141954669855358,-1.6369862722738169,223242.81,1130.0,181.0,949.0,2192,1096,1096,1096.0,1096.0,0.0,-3.0,0.0,1096.0,1096.0,0.0,1634046406.456958,0.0,28.596313953399655
8707,0,1,0,0,3,2,609,2211110130,643,64,629,17,59861,29483,4,0,0,43,15,2211110130,17,59861,11123,8120,94,1130,1103.0,738.1818181818181,-0.4735824922780095,-1.556320127402047,203853.9669421488,1130.0,268.0,862.0,2801,609,1096,1096.0,933.6666666666666,-0.7071067811865469,-1.5000000000000004,52704.22222222223,1096.0,852.5,243.5,1634046406.456958,0.0,28.596313953399655
8708,0,1,0,0,3,2,408,2211110130,442,64,428,17,59861,29483,4,0,0,43,15,2211110130,17,59861,11123,8562,94,1130,873.0,713.5,-0.3261266133149526,-1.60719378530491,193567.25,1130.0,355.0,775.0,3209,408,1096,852.5,802.25,-0.1612187471072566,-1.7880117023794218,91339.1875,1096.0,558.75,537.25,1634046406.459303,0.0023448467254638,28.59865880012512
8709,0,1,0,0,2,3,60,3232270721,94,47,80,17,29483,59861,4,0,0,43,15,2211110130,17,59861,11123,8656,94,1130,643.0,665.8461538461538,-0.1538583016429417,-1.7277887278654778,205928.1301775148,1130.0,94.0,1036.0,3269,60,1096,609.0,653.8,-0.1587333656558805,-1.4268170011262344,161220.96000000002,1096.0,408.0,688.0,1634046406.471254,0.011951208114624,28.610610008239743
8710,0,1,0,0,3,2,1104,2211110130,1138,64,1124,17,59861,29483,4,0,0,43,15,2211110130,17,59861,11123,9794,94,1138,873.0,699.5714285714286,-0.2857036506009753,-1.684137742032418,206005.1020408163,1130.0,181.0,949.0,4373,60,1104,852.5,728.8333333333334,-0.4634128817275852,-1.314356991328672,162500.80555555556,1096.0,458.25,637.75,1634046406.496022,0.0247678756713867,28.63537788391113
8711,0,1,0,0,3,2,1096,2211110130,1130,64,1116,17,59861,29483,4,0,0,43,15,2211110130,17,59861,11123,10924,94,1138,1103.0,728.2666666666667,-0.4041612792368142,-1.611536355088634,203799.26222222223,1130.0,268.0,862.0,5469,60,1104,1096.0,781.2857142857143,-0.7091579502100495,-1.050429001208566,155793.91836734695,1096.0,508.5,587.5,1634046406.496022,0.0,28.63537788391113
8712,0,1,0,0,3,2,1096,2211110130,1130,64,1116,17,59861,29483,4,0,0,43,15,2211110130,17,59861,11123,12054,94,1138,1116.5,753.375,-0.5114995072178803,-1.519032806083547,200518.234375,1130.0,355.0,775.0,6565,60,1104,1096.0,820.625,-0.9156732461269096,-0.7188639288676852,147152.734375,1096.0,558.75,537.25,1634046406.49647,0.0004479885101318,28.63582587242126
8713,0,1,0,0,3,2,1096,2211110130,1130,64,1116,17,59861,29483,4,0,0,43,15,2211110130,17,59861,11123,13184,94,1138,1130.0,775.5294117647059,-0.609938219762427,-1.4121322137333898,196576.13148788927,1130.0,442.0,688.0,7661,60,1104,1096.0,851.2222222222222,-1.0956727322928193,-0.3508164738672192,138291.95061728393,1096.0,609.0,487.0,1634046406.49647,0.0,28.63582587242126
8714,0,1,0,0,3,2,588,2211110130,622,64,608,17,59861,29483,4,0,0,43,15,2211110130,17,59861,11123,13806,94,1138,1116.5,767.0,-0.5646927630753847,-1.3869236018487512,186892.0,1130.0,442.0,688.0,8249,60,1104,1096.0,824.9,-0.8930632167829651,-0.5944655988845624,130698.49,1096.0,593.25,502.75,1634046406.49647,0.0,28.63582587242126
8715,0,1,0,0,3,2,408,2211110130,442,64,428,17,59861,29483,4,0,0,43,15,2211110130,17,59861,11123,14248,94,1138,1103.0,749.8947368421053,-0.4581746981157521,-1.4596411715805953,182322.19944598337,1130.0,442.0,688.0,8657,60,1104,1096.0,787.0,-0.6121353152960267,-1.0582022299961646,133180.9090909091,1096.0,498.0,598.0,1634046406.503397,0.0069270133972167,28.642752885818478
8716,0,1,0,0,3,2,1096,2211110130,1130,64,1116,17,59861,29483,4,0,0,43,15,2211110130,17,59861,11123,15378,94,1138,1116.5,768.9,-0.5419777234159893,-1.3825622214400568,180068.88999999998,1130.0,442.0,688.0,9753,60,1104,1096.0,812.75,-0.7483594784125029,-0.8848765131443059,129376.1875,1096.0,543.0,553.0,1634046406.503397,0.0,28.642752885818478
8717,0,1,0,0,3,2,1096,2211110130,1130,64,1116,17,59861,29483,4,0,0,43,15,2211110130,17,59861,11123,1130,1130,1130,1130.0,1130.0,0.0,-3.0,0.0,1130.0,1130.0,0.0,10849,60,1104,1096.0,834.5384615384615,-0.8718583782959367,-0.6888576686511145,125121.01775147927,1096.0,588.0,508.0,1634046406.503397,0.0,28.642752885818478
8718,0,1,0,0,3,2,1096,2211110130,1130,64,1116,17,59861,29483,4,0,0,43,15,2211110130,17,59861,11123,2260,1130,1130,1130.0,1130.0,0.0,-3.0,0.0,1130.0,1130.0,0.0,11945,60,1104,1096.0,853.2142857142857,-0.9852480240539412,-0.4771379119760426,120718.02551020413,1096.0,593.25,502.75,1634046406.504113,0.0007159709930419,28.64346885681152
8719,0,1,0,0,3,2,1096,2211110130,1130,64,1116,17,59861,29483,4,0,0,43,15,2211110130,17,59861,11123,3390,1130,1130,1130.0,1130.0,0.0,-3.0,0.0,1130.0,1130.0,0.0,13041,60,1104,1096.0,869.4,-1.090408771498803,-0.2541070353770953,116337.84,1096.0,598.5,497.5,1634046406.504113,0.0,28.64346885681152
8720,0,1,0,0,3,2,1116,2211110130,1150,64,1136,17,59861,29483,4,0,0,43,15,2211110130,17,59861,11123,4540,1130,1150,1130.0,1135.0,1.1547005383792517,-0.6666666666666665,75.0,1135.0,1130.0,5.0,14157,60,1116,1096.0,884.8125,-1.1862278553594368,-0.0299681482841522,112629.90234375,1096.0,603.75,492.25,1634046406.504903,0.0007901191711425,28.644258975982662
8721,0,1,0,0,3,2,1096,2211110130,1130,64,1116,17,59861,29483,4,0,0,43,15,2211110130,17,59861,11123,5670,1130,1150,1130.0,1134.0,1.5,0.25,64.0,1130.0,1130.0,0.0,15253,60,1116,1096.0,897.2352941176471,-1.2789254348819217,0.2079918358008177,108473.82698961938,1096.0,609.0,487.0,1634046406.504903,0.0,28.644258975982662
8722,0,1,0,0,3,2,1096,2211110130,1130,64,1116,17,59861,29483,4,0,0,43,15,2211110130,17,59861,11123,6800,1130,1150,1130.0,1133.3333333333333,1.788854381999862,1.2000000000000703,55.55555555555557,1130.0,1130.0,0.0,16349,60,1116,1096.0,908.2777777777778,-1.3666455103796218,0.4509546619844866,104520.42283950618,1096.0,730.75,365.25,1634046406.505411,0.0005078315734863,28.64476680755615
8723,0,1,0,0,3,2,336,2211110130,370,64,356,17,59861,29483,4,0,0,43,15,2211110130,17,59861,11123,7170,370,1150,1130.0,1024.2857142857142,-2.0383497383139564,2.160499963159793,71395.91836734694,1130.0,1130.0,0.0,16685,60,1116,1096.0,878.1578947368421,-1.101792542496752,-0.3295171358383966,115349.08033240995,1096.0,598.5,497.5,1634046406.505411,0.0,28.64476680755615
8724,0,1,0,0,2,3,60,3232270721,94,47,80,17,29483,59861,4,0,0,43,15,2211110130,17,59861,11123,7264,94,1150,1130.0,908.0,-1.2567246334691824,-0.2741856211310107,157128.0,1130.0,940.0,190.0,16745,60,1116,1096.0,837.25,-0.9588371230003516,-0.6787393042937611,141377.2875,1096.0,543.0,553.0,1634046406.516758,0.0113470554351806,28.65611386299133
8725,0,1,0,0,3,2,60,2211110130,94,64,80,17,59861,29483,4,0,0,43,15,2211110130,17,59861,11123,7358,94,1150,1130.0,817.5555555555555,-0.7870580495886556,-1.2881647750336664,205110.9135802469,1130.0,370.0,760.0,60,60,60,60.0,60.0,0.0,-3.0,0.0,60.0,60.0,0.0,1634046406.52703,0.0102720260620117,28.66638588905334
8726,0,1,0,0,2,3,52,3232270721,86,47,72,17,29483,59861,4,0,0,43,15,2211110130,17,59861,11123,7444,86,1150,1130.0,744.4,-0.4761922518899323,-1.7023584445789204,232765.44,1130.0,163.0,967.0,112,52,60,56.0,56.0,0.0,-2.0,16.0,58.0,54.0,4.0,1634046406.534372,0.0073421001434326,28.673727989196774
8727,0,1,0,0,3,2,408,2211110130,442,64,428,17,59861,29483,4,0,0,43,15,2211110130,17,59861,11123,7886,86,1150,1130.0,716.9090909090909,-0.3219567315791178,-1.7498405646202528,219162.44628099172,1130.0,232.0,898.0,520,52,408,60.0,173.33333333333334,0.705874768647165,-1.5,27544.888888888887,234.0,56.0,178.0,1634046406.534533,0.0001609325408935,28.673888921737667
8728,0,1,0,0,2,3,56,3232270721,90,47,76,17,29483,59861,4,0,0,43,15,2211110130,17,59861,11123,7976,86,1150,786.0,664.6666666666666,-0.1304712080403968,-1.8541612199910265,230920.8888888889,1130.0,94.0,1036.0,576,52,408,58.0,144.0,1.153508230493627,-0.6675843477178938,23240.0,147.0,55.0,92.0,1634046406.551958,0.0174250602722167,28.691313982009884
8729,0,1,0,0,2,3,60,3232270721,94,47,80,17,29483,59861,4,0,0,43,15,2211110130,17,59861,11123,8070,86,1150,442.0,620.7692307692307,0.0308310543650575,-1.881487895487632,236281.5621301775,1130.0,94.0,1036.0,636,52,408,60.0,127.2,1.49832171523007,0.2477800218673653,19720.96,60.0,56.0,4.0,1634046406.552013,5.4836273193359375e-05,28.691368818283078
8730,0,1,0,0,3,2,56,2211110130,90,64,76,17,59861,29483,4,0,0,43,15,2211110130,17,59861,11123,8160,86,1150,406.0,582.8571428571429,0.1699306396344189,-1.8605375621726232,238089.5510204081,1130.0,94.0,1036.0,692,52,408,58.0,115.33333333333331,1.787097662234126,1.1968702640011717,17138.222222222223,60.0,56.0,4.0,1634046406.560909,0.0088961124420166,28.700264930725094
8731,0,1,0,0,3,2,1096,2211110130,1130,64,1116,17,59861,29483,4,0,0,43,15,2211110130,17,59861,11123,9290,86,1150,442.0,619.3333333333334,0.0248860200334818,-1.8982640025365969,240844.0888888889,1130.0,94.0,1036.0,1788,52,1096,60.0,255.42857142857144,1.6544665235376257,1.1332160423429674,132449.95918367346,234.0,56.0,178.0,1634046406.560909,0.0,28.700264930725094
8732,0,1,0,0,3,2,1096,2211110130,1130,64,1116,17,59861,29483,4,0,0,43,15,2211110130,17,59861,11123,10420,86,1150,786.0,651.25,-0.1016718889963372,-1.894867424108306,241071.4375,1130.0,94.0,1036.0,2884,52,1096,60.0,360.5,0.9654595417047274,-0.8968822080285381,193173.75,580.0,56.0,524.0,1634046406.561498,0.0005888938903808,28.700853824615475
8733,0,1,0,0,3,2,1096,2211110130,1130,64,1116,17,59861,29483,4,0,0,43,15,2211110130,17,59861,11123,11550,86,1150,1130.0,679.4117647058823,-0.2143395529233468,-1.863592991882911,239580.12456747403,1130.0,94.0,1036.0,3980,52,1096,60.0,442.22222222222223,0.5741038445375567,-1.556605283358427,225138.17283950615,1096.0,56.0,1040.0,1634046406.561498,0.0,28.700853824615475
8734,0,1,0,0,3,2,1096,2211110130,1130,64,1116,17,59861,29483,4,0,0,43,15,2211110130,17,59861,11123,12680,86,1150,1130.0,704.4444444444445,-0.3161970415107855,-1.8125498573876293,236922.9135802469,1130.0,94.0,1036.0,5076,52,1096,234.0,507.6,0.3005106908091579,-1.8196188474906567,241092.64,1096.0,57.0,1039.0,1634046406.561498,0.0,28.700853824615475
8735,0,1,0,0,3,2,1096,2211110130,1130,64,1116,17,59861,29483,4,0,0,43,15,2211110130,17,59861,11123,13810,86,1150,1130.0,726.8421052631579,-0.4094042119667823,-1.746980380231592,233483.08033241,1130.0,94.0,1036.0,6172,52,1096,408.0,561.0909090909091,0.0887214668410563,-1.914209201719272,247787.90082644628,1096.0,58.0,1038.0,1634046406.562032,0.0005340576171875,28.701387882232662
8736,0,1,0,0,3,2,489,2211110130,523,64,509,17,59861,29483,4,0,0,43,15,2211110130,17,59861,11123,14333,86,1150,1130.0,716.65,-0.3538500270121731,-1.7357519092536433,223782.6275,1130.0,94.0,1036.0,6661,52,1096,448.5,555.0833333333334,0.1299213866772639,-1.8139938974473204,227535.90972222228,1096.0,59.0,1037.0,1634046406.562032,0.0,28.701387882232662
8737,0,1,0,0,2,3,60,3232270721,94,47,80,17,29483,59861,4,0,0,43,15,2211110130,17,59861,11123,94,94,94,94.0,94.0,0.0,-3.0,0.0,94.0,94.0,0.0,6721,52,1096,408.0,517.0,0.2740212760249344,-1.7657084392518323,227437.2307692308,1096.0,60.0,1036.0,1634046406.569669,0.0076370239257812,28.709024906158444
8738,0,1,0,0,3,2,408,2211110130,442,64,428,17,59861,29483,4,0,0,43,15,2211110130,17,59861,11123,536,94,442,268.0,268.0,0.0,-2.0,30276.0,355.0,181.0,174.0,7129,52,1096,408.0,509.2142857142857,0.332569065212451,-1.6596234069183164,211979.7397959184,1096.0,60.0,1036.0,1634046406.580393,0.0107240676879882,28.719748973846432
8739,0,1,0,0,3,2,1096,2211110130,1130,64,1116,17,59861,29483,4,0,0,43,15,2211110130,17,59861,11123,1666,94,1130,442.0,555.3333333333334,0.3766675336035382,-1.5000000000000004,185304.8888888889,786.0,268.0,518.0,8225,52,1096,408.0,548.3333333333334,0.1750203431543459,-1.7668305745266504,219271.9555555556,1096.0,60.0,1036.0,1634046406.580393,0.0,28.719748973846432
8740,0,1,0,0,3,2,1096,2211110130,1130,64,1116,17,59861,29483,4,0,0,43,15,2211110130,17,59861,11123,2796,94,1130,786.0,699.0,-0.2173703793443629,-1.715628269693377,200899.0,1130.0,355.0,775.0,9321,52,1096,448.5,582.5625,0.0394669497815,-1.813704777124477,223141.99609375,1096.0,60.0,1036.0,1634046406.582636,0.0022430419921875,28.72199201583862
8741,0,1,0,0,3,2,1096,2211110130,1130,64,1116,17,59861,29483,4,0,0,43,15,2211110130,17,59861,11123,3926,94,1130,1130.0,785.2,-0.5960310217014525,-1.4309581812273606,190440.96,1130.0,442.0,688.0,10417,52,1096,489.0,612.7647058823529,-0.0798639416605536,-1.8210376354457516,224610.76816608995,1096.0,60.0,1036.0,1634046406.582636,0.0,28.72199201583862
8742,0,1,0,0,3,2,669,2211110130,703,64,689,17,59861,29483,4,0,0,43,15,2211110130,17,59861,11123,4629,94,1130,916.5,771.5,-0.5457153434386851,-1.2208261857814484,159639.25,1130.0,507.25,622.75,11086,52,1096,579.0,615.8888888888889,-0.102323869164085,-1.751125757336423,212298.3209876543,1096.0,60.0,1036.0,1634046406.582636,0.0,28.72199201583862
8743,0,1,0,0,2,3,60,3232270721,94,47,80,17,29483,59861,4,0,0,43,15,2211110130,17,59861,11123,4723,94,1130,703.0,674.7142857142857,-0.2040201906844473,-1.6226342854673963,193038.4897959184,1130.0,268.0,862.0,11146,52,1096,489.0,586.6315789473684,0.0050348407033909,-1.7779545658913765,216532.54847645425,1096.0,60.0,1036.0,1634046406.588888,0.0062518119812011,28.72824382781982
8744,0,1,0,0,2,3,60,3232270721,94,47,80,17,29483,59861,4,0,0,43,15,2211110130,17,59861,11123,4817,94,1130,572.5,602.125,0.059745530323567,-1.7199487491985093,205793.109375,1130.0,94.0,1036.0,11206,52,1096,448.5,560.3,0.1024171930683407,-1.779504066622425,218879.61,1096.0,60.0,1036.0,1634046406.619644,0.0307559967041015,28.758999824523922
8745,0,1,0,0,3,2,1096,2211110130,1130,64,1116,17,59861,29483,4,0,0,43,15,2211110130,17,59861,11123,5947,94,1130,703.0,660.7777777777778,-0.16500812375202,-1.7311179225832103,210448.3950617284,1130.0,94.0,1036.0,1096,1096,1096,1096.0,1096.0,0.0,-3.0,0.0,1096.0,1096.0,0.0,1634046406.625279,0.0056350231170654,28.764634847640988
8746,0,1,0,0,3,2,1096,2211110130,1130,64,1116,17,59861,29483,4,0,0,43,15,2211110130,17,59861,11123,7077,94,1130,916.5,707.7,-0.350695951175619,-1.6531499921546176,209218.81,1130.0,181.0,949.0,2192,1096,1096,1096.0,1096.0,0.0,-3.0,0.0,1096.0,1096.0,0.0,1634046406.625279,0.0,28.764634847640988
8747,0,1,0,0,3,2,1096,2211110130,1130,64,1116,17,59861,29483,4,0,0,43,15,2211110130,17,59861,11123,8207,94,1130,1130.0,746.0909090909091,-0.5100825731521932,-1.5252315828365084,204937.53719008263,1130.0,268.0,862.0,3288,1096,1096,1096.0,1096.0,0.0,-3.0,0.0,1096.0,1096.0,0.0,1634046406.625874,0.0005950927734375,28.765229940414425
8748,0,1,0,0,3,2,1096,2211110130,1130,64,1116,17,59861,29483,4,0,0,43,15,2211110130,17,59861,11123,9337,94,1130,1130.0,778.0833333333334,-0.650609271054341,-1.3665816809824516,199118.0763888889,1130.0,355.0,775.0,4384,1096,1096,1096.0,1096.0,0.0,-3.0,0.0,1096.0,1096.0,0.0,1634046406.625874,0.0,28.765229940414425
8749,0,1,0,0,3,2,1096,2211110130,1130,64,1116,17,59861,29483,4,0,0,43,15,2211110130,17,59861,11123,10467,94,1130,1130.0,805.1538461538462,-0.7769522843050531,-1.187700131294782,192595.05325443784,1130.0,442.0,688.0,5480,1096,1096,1096.0,1096.0,0.0,-3.0,0.0,1096.0,1096.0,0.0,1634046406.625874,0.0,28.765229940414425
8750,0,1,0,0,3,2,695,2211110130,729,64,715,17,59861,29483,4,0,0,43,15,2211110130,17,59861,11123,11196,94,1130,1130.0,799.7142857142857,-0.7655540340317711,-1.0969231211531691,179222.91836734695,1130.0,507.25,622.75,6175,695,1096,1096.0,1029.1666666666667,-1.7888543819998333,1.2000000000000035,22333.472222222223,1096.0,1096.0,0.0,1634046406.625874,0.0,28.765229940414425
8751,0,1,0,0,3,2,408,2211110130,442,64,428,17,59861,29483,4,0,0,43,15,2211110130,17,59861,11123,11638,94,1130,1130.0,775.8666666666667,-0.6095451321645572,-1.2649003188487031,175236.64888888886,1130.0,442.0,688.0,6583,408,1096,1096.0,940.4285714285714,-1.2267168756639304,-0.1828428982447638,66389.67346938775,1096.0,895.5,200.5,1634046406.625874,0.0,28.765229940414425
8752,0,1,0,0,2,3,60,3232270721,94,47,80,17,29483,59861,4,0,0,43,15,2211110130,17,59861,11123,11732,94,1130,929.5,733.25,-0.4434467885796281,-1.4996894445602158,191527.0625,1130.0,355.0,775.0,6643,60,1096,1096.0,830.375,-1.021506865535782,-0.4937973942306373,142873.484375,1096.0,623.25,472.75,1634046406.636237,0.0103628635406494,28.775592803955075
8753,0,1,0,0,3,2,60,2211110130,94,64,80,17,59861,29483,4,0,0,43,15,2211110130,17,59861,11123,11826,94,1130,729.0,695.6470588235294,-0.2999280936706708,-1.644995022752244,202884.4636678201,1130.0,94.0,1036.0,6703,60,1096,1096.0,744.7777777777778,-0.6445713463610113,-1.294822600865062,185613.7283950617,1096.0,408.0,688.0,1634046406.639482,0.0032451152801513,28.778837919235226
8754,0,1,0,0,3,2,1096,2211110130,1130,64,1116,17,59861,29483,4,0,0,43,15,2211110130,17,59861,11123,12956,94,1130,929.5,719.7777777777778,-0.3972574069598218,-1.5860137113812207,201512.06172839509,1130.0,181.0,949.0,7799,60,1096,1096.0,779.9,-0.8095203813081004,-1.0583422746078972,178154.49,1096.0,479.75,616.25,1634046406.645395,0.0059130191802978,28.784750938415524
8755,0,1,0,0,3,2,1096,2211110130,1130,64,1116,17,59861,29483,4,0,0,43,15,2211110130,17,59861,11123,14086,94,1130,1130.0,741.3684210526316,-0.4870068174370754,-1.5127927812610138,199296.96952908585,1130.0,268.0,862.0,8895,60,1096,1096.0,808.6363636363636,-0.9564097539843572,-0.7977259819189095,170216.41322314052,1096.0,551.5,544.5,1634046406.645395,0.0,28.784750938415524
8756,0,1,0,0,3,2,1096,2211110130,1130,64,1116,17,59861,29483,4,0,0,43,15,2211110130,17,59861,11123,15216,94,1130,1130.0,760.8,-0.5704445441541124,-1.4287126985793626,196506.26,1130.0,355.0,775.0,9991,60,1096,1096.0,832.5833333333334,-1.0895637542569432,-0.5212124965898539,162339.74305555556,1096.0,623.25,472.75,1634046406.645395,0.0,28.784750938415524
8757,0,1,0,0,3,2,1116,2211110130,1150,64,1136,17,59861,29483,4,0,0,43,15,2211110130,17,59861,11123,1150,1150,1150,1150.0,1150.0,0.0,-3.0,0.0,1150.0,1150.0,0.0,11107,60,1116,1096.0,854.3846153846154,-1.2097124809057933,-0.238314614635807,155555.62130177513,1096.0,695.0,401.0,1634046406.652681,0.0072860717773437,28.792037010192868
8758,0,1,0,0,3,2,690,2211110130,724,64,710,17,59861,29483,4,0,0,43,15,2211110130,17,59861,11123,1874,724,1150,937.0,937.0,0.0,-2.0,45369.0,1043.5,830.5,213.0,11797,60,1116,1096.0,842.6428571428571,-1.1459004577508256,-0.2422896318542289,146236.80102040814,1096.0,691.25,404.75,1634046406.652681,0.0,28.792037010192868
8759,0,1,0,0,3,2,408,2211110130,442,64,428,17,59861,29483,4,0,0,43,15,2211110130,17,59861,11123,2316,442,1150,724.0,772.0,0.2429140455950895,-1.5,84696.0,937.0,583.0,354.0,12205,60,1116,1096.0,813.6666666666666,-0.9175817441918724,-0.697280455696283,148242.35555555558,1096.0,549.0,547.0,1634046406.6639,0.011218786239624,28.80325579643249
8760,0,1,0,0,2,3,60,3232270721,94,47,80,17,29483,59861,4,0,0,43,15,2211110130,17,59861,11123,2410,94,1150,583.0,602.5,0.1307298526100903,-1.2422193419317724,149712.75,830.5,355.0,475.5,12265,60,1116,1096.0,766.5625,-0.719047904607942,-1.1255179590143347,172259.24609375,1096.0,408.0,688.0,1634046406.673992,0.01009202003479,28.81334781646728
8761,0,1,0,0,3,2,1096,2211110130,1130,64,1116,17,59861,29483,4,0,0,43,15,2211110130,17,59861,11123,3540,94,1150,724.0,708.0,-0.2666696656471697,-1.3919924900736336,164291.2,1130.0,442.0,688.0,13361,60,1116,1096.0,785.9411764705883,-0.8131843910932108,-0.983339196724916,168134.87889273357,1096.0,408.0,688.0,1634046406.680112,0.006119966506958,28.81946778297424
8762,0,1,0,0,3,2,1096,2211110130,1130,64,1116,17,59861,29483,4,0,0,43,15,2211110130,17,59861,11123,4670,94,1150,927.0,778.3333333333334,-0.5651429450719173,-1.2025335130734722,161643.22222222222,1130.0,512.5,617.5,14457,60,1116,1096.0,803.1666666666666,-0.9011909260014874,-0.8325050843104953,163838.24999999997,1096.0,478.5,617.5,1634046406.680112,0.0,28.81946778297424
8763,0,1,0,0,3,2,1096,2211110130,1130,64,1116,17,59861,29483,4,0,0,43,15,2211110130,17,59861,11123,5800,94,1150,1130.0,828.5714285714286,-0.8058981946293133,-0.8890477055650745,153694.53061224488,1130.0,583.0,547.0,15553,60,1116,1096.0,818.578947368421,-0.9839886833721097,-0.674941684659708,159490.87534626035,1096.0,549.0,547.0,1634046406.680112,0.0,28.81946778297424
8764,0,1,0,0,3,2,1096,2211110130,1130,64,1116,17,59861,29483,4,0,0,43,15,2211110130,17,59861,11123,6930,94,1150,1130.0,866.25,-1.0102034131974766,-0.5170425891696278,144420.4375,1130.0,653.5,476.5,16649,60,1116,1096.0,832.45,-1.0623034516102978,-0.5120442860626415,155172.04750000002,1096.0,619.5,476.5,1634046406.680702,0.0005900859832763,28.820057868957516
8765,0,1,0,0,3,2,1096,2211110130,1130,64,1116,17,59861,29483,4,0,0,43,15,2211110130,17,59861,11123,8060,94,1150,1130.0,895.5555555555555,-1.1894607946908842,-0.1128748881243386,135244.24691358025,1130.0,724.0,406.0,1096,1096,1096,1096.0,1096.0,0.0,-3.0,0.0,1096.0,1096.0,0.0,1634046406.681296,0.000594139099121,28.820652008056637
8766,0,1,0,0,3,2,468,2211110130,502,64,488,17,59861,29483,4,0,0,43,15,2211110130,17,59861,11123,8562,94,1150,1130.0,856.2,-0.8658230373049749,-0.7258111215619492,135659.56,1130.0,557.5,572.5,1564,468,1096,782.0,782.0,0.0,-2.0,98596.0,939.0,625.0,314.0,1634046406.681296,0.0,28.820652008056637
8767,0,1,0,0,2,3,60,3232270721,94,47,80,17,29483,59861,4,0,0,43,15,2211110130,17,59861,11123,8656,94,1150,1130.0,786.9090909090909,-0.615233201685688,-1.2396916086431613,171339.17355371898,1130.0,472.0,658.0,1624,60,1096,468.0,541.3333333333334,0.25305079756101,-1.5000000000000009,181571.5555555556,782.0,264.0,518.0,1634046406.708828,0.0275318622589111,28.848183870315548
8768,0,1,0,0,3,2,416,2211110130,450,64,436,17,59861,29483,4,0,0,43,15,2211110130,17,59861,11123,9106,94,1150,927.0,758.8333333333334,-0.4328374586226753,-1.3842160236330308,165731.6388888889,1130.0,448.0,682.0,2040,60,1096,442.0,510.0,0.5260912645613599,-0.9462122766647094,139124.0,625.0,327.0,298.0,1634046406.714228,0.0053999423980712,28.85358381271362
8769,0,1,0,0,3,2,1096,2211110130,1130,64,1116,17,59861,29483,4,0,0,43,15,2211110130,17,59861,11123,10236,94,1150,1130.0,787.3846153846154,-0.5632777641235888,-1.2691616075861312,162765.15976331363,1130.0,450.0,680.0,3136,60,1096,468.0,627.2,0.0298806226197463,-1.5328593958194388,166242.56,1096.0,416.0,680.0,1634046406.714979,0.0007510185241699,28.85433483123779
8770,0,1,0,0,3,2,1096,2211110130,1130,64,1116,17,59861,29483,4,0,0,43,15,2211110130,17,59861,11123,11366,94,1150,1130.0,811.8571428571429,-0.6811689309536759,-1.1305742468495816,158924.8367346939,1130.0,463.0,667.0,4232,60,1096,782.0,705.3333333333334,-0.305632481230732,-1.5217836015899524,169059.55555555553,1096.0,429.0,667.0,1634046406.714979,0.0,28.85433483123779
8771,0,1,0,0,3,2,1096,2211110130,1130,64,1116,17,59861,29483,4,0,0,43,15,2211110130,17,59861,11123,12496,94,1150,1130.0,833.0666666666667,-0.7891053930253955,-0.9755289683618612,154627.66222222225,1130.0,476.0,654.0,5328,60,1096,1096.0,761.1428571428571,-0.5630498616379641,-1.3264237895829132,163596.40816326533,1096.0,442.0,654.0,1634046406.714979,0.0,28.85433483123779
8772,0,1,0,0,3,2,669,2211110130,703,64,689,17,59861,29483,4,0,0,43,15,2211110130,17,59861,11123,13199,94,1150,1130.0,824.9375,-0.7453179975706504,-0.9351097628801864,145954.68359375,1130.0,489.0,641.0,5997,60,1096,882.5,749.625,-0.5068429468365326,-1.1785283141914429,144075.484375,1096.0,455.0,641.0,1634046406.715638,0.0006589889526367,28.854993820190426
8773,0,1,0,0,2,3,60,3232270721,94,47,80,17,29483,59861,4,0,0,43,15,2211110130,17,59861,11123,13293,94,1150,1130.0,781.9411764705883,-0.5933165793214051,-1.2284756993872807,166948.0553633218,1130.0,450.0,680.0,6057,60,1096,669.0,673.0,-0.278468679321081,-1.4892020599315268,175038.22222222222,1096.0,416.0,680.0,1634046406.719246,0.0036079883575439,28.85860180854797
8774,0,1,0,0,3,2,408,2211110130,442,64,428,17,59861,29483,4,0,0,43,15,2211110130,17,59861,11123,13735,94,1150,927.0,763.0555555555555,-0.4697429004906443,-1.3337144118076714,163736.49691358025,1130.0,444.0,686.0,6465,60,1096,568.5,646.5,-0.1080919579049284,-1.4840084418121864,163854.65,1096.0,410.0,686.0,1634046406.734393,0.0151469707489013,28.87374877929687
8775,0,1,0,0,2,3,60,3232270721,94,47,80,17,29483,59861,4,0,0,43,15,2211110130,17,59861,11123,13829,94,1150,724.0,727.8421052631579,-0.3540011118181433,-1.4811873550761478,177438.5540166205,1130.0,442.0,688.0,6525,60,1096,468.0,593.1818181818181,0.0490868707256518,-1.5537871961612266,177387.0578512397,1096.0,234.0,862.0,1634046406.737648,0.0032551288604736,28.877003908157345
8776,0,1,0,0,2,3,52,3232270721,86,47,72,17,29483,59861,4,0,0,43,15,2211110130,17,59861,11123,13915,86,1150,713.5,695.75,-0.247675674045727,-1.5829643515178775,188134.7875,1130.0,355.0,775.0,6577,52,1096,442.0,548.0833333333334,0.1919592531690356,-1.5575405342331703,184977.40972222225,1096.0,60.0,1036.0,1634046406.737703,5.507469177246094e-05,28.877058982849118
8777,0,1,0,0,2,3,52,3232270721,86,48,72,17,10001,59861,4,0,0,43,15,2211110130,17,59861,11123,86,86,86,86.0,86.0,0.0,-3.0,0.0,86.0,86.0,0.0,6629,52,1096,416.0,509.9230769230769,0.3221806833605877,-1.5156444805456022,188222.84023668643,1096.0,60.0,1036.0,1634046406.748245,0.0105419158935546,28.887600898742672
8778,0,1,0,0,3,2,56,2211110130,90,64,76,17,59861,29483,4,0,0,43,15,2211110130,17,59861,11123,176,86,90,88.0,88.0,0.0,-2.0,4.0,89.0,87.0,2.0,6685,52,1096,412.0,477.5,0.4414599254058706,-1.4411301190239818,188444.67857142855,989.25,60.0,929.25,1634046406.764333,0.0160880088806152,28.903688907623287
8779,0,1,0,0,3,2,60,2211110130,94,64,80,17,59861,29483,4,0,0,43,15,2211110130,17,59861,11123,270,86,94,90.0,90.0,0.0,-1.5,10.666666666666666,92.0,88.0,4.0,6745,52,1096,408.0,449.6666666666667,0.5511004273882002,-1.3430002718403158,186727.4222222222,882.5,60.0,822.5,1634046406.764333,0.0,28.903688907623287
8780,0,1,0,0,3,2,1096,2211110130,1130,64,1116,17,59861,29483,4,0,0,43,15,2211110130,17,59861,11123,1400,86,1130,92.0,350.0,1.1545638948396435,-0.6667718528378468,202808.0,353.0,89.0,264.0,7841,52,1096,412.0,490.0625,0.3850145943194595,-1.554032876910561,199534.30859375,1096.0,60.0,1036.0,1634046406.764333,0.0,28.903688907623287
8781,0,1,0,0,3,2,1096,2211110130,1130,64,1116,17,59861,29483,4,0,0,43,15,2211110130,17,59861,11123,2530,86,1130,94.0,506.0,0.4081728034638198,-1.8332922431617744,259590.4,1130.0,90.0,1040.0,8937,52,1096,416.0,525.7058823529412,0.2431312458888866,-1.6786853994441269,208124.20761245672,1096.0,60.0,1036.0,1634046406.765329,0.0009958744049072,28.904684782028195
8782,0,1,0,0,3,2,1096,2211110130,1130,64,1116,17,59861,29483,4,0,0,43,15,2211110130,17,59861,11123,3660,86,1130,612.0,610.0,-5.91698470373136e-05,-1.999921106870613,270405.3333333333,1130.0,91.0,1039.0,10033,52,1096,442.0,557.3888888888889,0.1192034663817066,-1.7476795786584816,213626.57098765436,1096.0,60.0,1036.0,1634046406.765329,0.0,28.904684782028195
8783,0,1,0,0,3,2,1096,2211110130,1130,64,1116,17,59861,29483,4,0,0,43,15,2211110130,17,59861,11123,4790,86,1130,1130.0,684.2857142857143,-0.2887274449006667,-1.91656599552298,264886.2040816327,1130.0,92.0,1038.0,11129,52,1096,468.0,585.7368421052631,0.0090100708023277,-1.7788249088392205,216847.9833795014,1096.0,60.0,1036.0,1634046406.765803,0.000474214553833,28.905158996582028
8784,0,1,0,0,3,2,1096,2211110130,1130,64,1116,17,59861,29483,4,0,0,43,15,2211110130,17,59861,11123,5920,86,1130,1130.0,740.0,-0.5164466680195813,-1.7332155191453105,253504.0,1130.0,93.0,1037.0,12225,52,1096,568.5,611.25,-0.0903861811318291,-1.7831057122538627,218373.0875,1096.0,60.0,1036.0,1634046406.766484,0.000680923461914,28.90583992004394
8785,0,1,0,0,3,2,424,2211110130,458,64,444,17,59861,29483,4,0,0,43,15,2211110130,17,59861,11123,6378,86,1130,1130.0,708.6666666666666,-0.3475307127468696,-1.7718081402120915,233191.11111111112,1130.0,94.0,1036.0,424,424,424,424.0,424.0,0.0,-3.0,0.0,424.0,424.0,0.0,1634046406.766484,0.0,28.90583992004394
8786,0,1,0,0,2,3,56,3232270721,90,47,76,17,29483,59861,4,0,0,43,15,2211110130,17,59861,11123,6468,86,1130,794.0,646.8,-0.1102819268268634,-1.8970623568087872,244319.36,1130.0,91.0,1039.0,480,56,424,240.0,240.0,0.0,-2.0,33856.0,332.0,148.0,184.0,1634046406.772439,0.0059549808502197,28.91179490089416
8787,0,1,0,0,2,3,60,3232270721,94,47,80,17,29483,59861,4,0,0,43,15,2211110130,17,59861,11123,6562,86,1130,458.0,596.5454545454545,0.0809235242912037,-1.9117713005695345,247363.70247933888,1130.0,92.0,1038.0,540,56,424,60.0,180.0,0.7068217702806104,-1.5000000000000002,29770.666666666668,242.0,58.0,184.0,1634046406.772494,5.507469177246094e-05,28.911849975585934
8788,0,1,0,0,3,2,1096,2211110130,1130,64,1116,17,59861,29483,4,0,0,43,15,2211110130,17,59861,11123,7692,86,1130,794.0,641.0,-0.0924400263303717,-1.916977964014364,248488.3333333333,1130.0,93.0,1037.0,1636,56,1096,242.0,409.0,0.7805793970464219,-1.0393358781971416,179651.0,592.0,59.0,533.0,1634046406.779948,0.0074539184570312,28.919303894042965
8789,0,1,0,0,3,2,1096,2211110130,1130,64,1116,17,59861,29483,4,0,0,43,15,2211110130,17,59861,11123,8822,86,1130,1130.0,678.6153846153846,-0.24067237012076,-1.8719430655097669,246352.8520710059,1130.0,94.0,1036.0,2732,56,1096,424.0,546.4,0.1893358140539071,-1.766178949141872,219235.84000000003,1096.0,60.0,1036.0,1634046406.781038,0.0010900497436523,28.920393943786618
8790,0,1,0,0,3,2,1096,2211110130,1130,64,1116,17,59861,29483,4,0,0,43,15,2211110130,17,59861,11123,9952,86,1130,1130.0,710.8571428571429,-0.3708591895323913,-1.7949892161897358,242270.1224489796,1130.0,94.0,1036.0,3828,56,1096,760.0,638.0,-0.1750331685353297,-1.809638505524,224649.3333333333,1096.0,151.0,945.0,1634046406.781038,0.0,28.920393943786618
8791,0,1,0,0,3,2,475,2211110130,509,64,495,17,59861,29483,4,0,0,43,15,2211110130,17,59861,11123,10461,86,1130,1130.0,697.4,-0.2980739154692962,-1.7735792899755376,228654.1066666666,1130.0,94.0,1036.0,4303,56,1096,475.0,614.7142857142857,-0.0334920713421571,-1.6780514740945365,195809.91836734692,1096.0,242.0,854.0,1634046406.781038,0.0,28.920393943786618
8792,0,1,0,0,3,2,408,2211110130,442,64,428,17,59861,29483,4,0,0,43,15,2211110130,17,59861,11123,10903,86,1130,819.5,681.4375,-0.207452341998659,-1.7670277262756993,218185.24609375,1130.0,94.0,1036.0,4711,56,1096,449.5,588.875,0.1356649088255282,-1.5503559791522834,176007.359375,1096.0,321.0,775.0,1634046406.781721,0.0006830692291259,28.921077013015744
8793,0,1,0,0,3,2,1116,2211110130,1150,64,1136,17,59861,29483,4,0,0,43,15,2211110130,17,59861,11123,12053,86,1150,1130.0,709.0,-0.3140143373441025,-1.71909663818916,217505.8823529412,1130.0,94.0,1036.0,5827,56,1116,475.0,647.4444444444445,-0.0930006672723457,-1.6273735814569894,183894.024691358,1096.0,408.0,688.0,1634046406.792727,0.0110058784484863,28.93208289146423
8794,0,1,0,0,2,3,60,3232270721,94,47,80,17,29483,59861,4,0,0,43,15,2211110130,17,59861,11123,12147,86,1150,819.5,674.8333333333334,-0.1859072805979087,-1.80022079084667,225267.36111111112,1130.0,94.0,1036.0,5887,56,1116,449.5,588.7,0.0914652580121375,-1.667693442043224,196562.81,1096.0,147.0,949.0,1634046406.807296,0.0145690441131591,28.94665193557739
8795,0,1,0,0,2,3,60,3232270721,94,47,80,17,29483,59861,4,0,0,43,15,2211110130,17,59861,11123,12241,86,1150,509.0,644.2631578947369,-0.0724219620419203,-1.841683227901893,230232.82548476453,1130.0,94.0,1036.0,5947,56,1116,424.0,540.6363636363636,0.2539385151802132,-1.636507489175543,201794.59504132223,1096.0,60.0,1036.0,1634046406.825882,0.0185859203338623,28.96523785591125
8796,0,1,0,0,3,2,1096,2211110130,1130,64,1116,17,59861,29483,4,0,0,43,15,2211110130,17,59861,11123,13371,86,1150,819.5,668.55,-0.1690420886712701,-1.8251851140023545,229928.3475,1130.0,94.0,1036.0,7043,56,1116,449.5,586.9166666666666,0.0663895907371989,-1.736025104611351,208538.90972222225,1096.0,60.0,1036.0,1634046406.827386,0.0015039443969726,28.966741800308224
8797,0,1,0,0,3,2,1096,2211110130,1130,64,1116,17,59861,29483,4,0,0,43,15,2211110130,17,59861,11123,1130,1130,1130,1130.0,1130.0,0.0,-3.0,0.0,1130.0,1130.0,0.0,8139,56,1116,475.0,626.0769230769231,-0.0913926633860765,-1.7555763550308103,210899.76331360947,1096.0,60.0,1036.0,1634046406.827833,0.0004470348358154,28.96718883514404
8798,0,1,0,0,3,2,1096,2211110130,1130,64,1116,17,59861,29483,4,0,0,43,15,2211110130,17,59861,11123,2260,1130,1130,1130.0,1130.0,0.0,-3.0,0.0,1130.0,1130.0,0.0,9235,56,1116,785.5,659.6428571428571,-0.2282386736562717,-1.726603092086413,210482.22959183677,1096.0,147.0,949.0,1634046406.827833,0.0,28.96718883514404
8799,0,1,0,0,3,2,1096,2211110130,1130,64,1116,17,59861,29483,4,0,0,43,15,2211110130,17,59861,11123,3390,1130,1130,1130.0,1130.0,0.0,-3.0,0.0,1130.0,1130.0,0.0,10331,56,1116,1096.0,688.7333333333333,-0.3495950757011886,-1.665990082653653,208297.66222222225,1096.0,234.0,862.0,1634046406.827833,0.0,28.96718883514404
8800,0,1,0,0,3,2,1096,2211110130,1130,64,1116,17,59861,29483,4,0,0,43,15,2211110130,17,59861,11123,4520,1130,1130,1130.0,1130.0,0.0,-3.0,0.0,1130.0,1130.0,0.0,11427,56,1116,1096.0,714.1875,-0.4590383697677315,-1.5836084598159546,204997.77734375,1096.0,321.0,775.0,1634046406.828439,0.0006060600280761,28.967794895172116
8801,0,1,0,0,3,2,283,2211110130,317,64,303,17,59861,29483,4,0,0,43,15,2211110130,17,59861,11123,4837,317,1130,1130.0,967.4,-1.5,0.25,105755.04,1130.0,1130.0,0.0,11710,56,1116,1096.0,688.8235294117648,-0.3201821335632289,-1.6854955337758315,203232.38062283737,1096.0,283.0,813.0,1634046406.828439,0.0,28.967794895172116
8802,0,1,0,0,3,2,408,2211110130,442,64,428,17,59861,29483,4,0,0,43,15,2211110130,17,59861,11123,5279,317,1130,1130.0,879.8333333333334,-0.7396701710071123,-1.4081338190616597,126468.80555555556,1130.0,614.0,516.0,12118,56,1116,785.5,673.2222222222222,-0.2275197418644232,-1.6968220765589783,196079.50617283952,1096.0,314.25,781.75,1634046406.82905,0.0006110668182373,28.968405961990353
8803,0,1,0,0,3,2,1096,2211110130,1130,64,1116,17,59861,29483,4,0,0,43,15,2211110130,17,59861,11123,6409,317,1130,1130.0,915.5714285714286,-0.9804249968441142,-0.9931894928929768,116065.10204081632,1130.0,786.0,344.0,13214,56,1116,1096.0,695.4736842105264,-0.3230066757658806,-1.6532284230607026,194671.8282548476,1096.0,345.5,750.5,1634046406.837203,0.008152961730957,28.97655892372131
8804,0,1,0,0,3,2,1096,2211110130,1130,64,1116,17,59861,29483,4,0,0,43,15,2211110130,17,59861,11123,7539,317,1130,1130.0,942.375,-1.1862571484630733,-0.5454833204444514,106585.984375,1130.0,958.0,172.0,14310,56,1116,1096.0,715.5,-0.4109086837859932,-1.5951125846411065,192558.25,1096.0,376.75,719.25,1634046406.837203,0.0,28.97655892372131
8805,0,1,0,0,3,2,1096,2211110130,1130,64,1116,17,59861,29483,4,0,0,43,15,2211110130,17,59861,11123,8669,317,1130,1130.0,963.2222222222222,-1.3680130181944234,-0.0790011384668627,98219.95061728396,1130.0,1130.0,0.0,1096,1096,1096,1096.0,1096.0,0.0,-3.0,0.0,1096.0,1096.0,0.0,1634046406.837754,0.0005509853363037,28.977109909057614
8806,0,1,0,0,3,2,1096,2211110130,1130,64,1116,17,59861,29483,4,0,0,43,15,2211110130,17,59861,11123,9799,317,1130,1130.0,979.9,-1.532048863162396,0.3992401539865517,90901.29,1130.0,1130.0,0.0,2192,1096,1096,1096.0,1096.0,0.0,-3.0,0.0,1096.0,1096.0,0.0,1634046406.837754,0.0,28.977109909057614
8807,0,1,0,0,3,2,1002,2211110130,1036,64,1022,17,59861,29483,4,0,0,43,15,2211110130,17,59861,11123,10835,317,1130,1130.0,985.0,-1.6517428864532475,0.8310164806339779,82897.63636363637,1130.0,1083.0,47.0,3194,1002,1096,1096.0,1064.6666666666667,-0.7071067811865528,-1.499999999999995,1963.5555555555557,1096.0,1049.0,47.0,1634046406.837754,0.0,28.977109909057614
8808,0,1,0,0,2,3,60,3232270721,94,47,80,17,29483,59861,4,0,0,43,15,2211110130,17,59861,11123,10929,94,1130,1130.0,910.75,-1.2719441043451882,-0.159707524303676,136633.1875,1130.0,887.5,242.5,3254,60,1096,1049.0,813.5,-1.1285845817684292,-0.6883922154331912,190726.75,1096.0,766.5,329.5,1634046406.840862,0.0031080245971679,28.98021793365478
8809,0,1,0,0,3,2,408,2211110130,442,64,428,17,59861,29483,4,0,0,43,15,2211110130,17,59861,11123,11371,94,1130,1130.0,874.6923076923077,-0.9716785129187944,-0.8056906797644579,141724.82840236687,1130.0,442.0,688.0,3662,60,1096,1002.0,732.4,-0.5879009889156843,-1.401786696991814,178890.24000000002,1096.0,408.0,688.0,1634046406.872593,0.0317308902740478,29.01194882392883
8810,0,1,0,0,2,3,60,3232270721,94,47,80,17,29483,59861,4,0,0,43,15,2211110130,17,59861,11123,11465,94,1130,1130.0,818.9285714285714,-0.7452736693327527,-1.230003266527699,172026.35204081633,1130.0,442.0,688.0,3722,60,1096,705.0,620.3333333333334,-0.154815947436932,-1.801495240163992,211869.8888888889,1072.5,147.0,925.5,1634046406.880501,0.0079081058502197,29.01985692977905
8811,0,1,0,0,3,2,60,2211110130,94,64,80,17,59861,29483,4,0,0,43,15,2211110130,17,59861,11123,11559,94,1130,1130.0,770.6,-0.5519849445542412,-1.513455599445113,193257.04,1130.0,379.5,750.5,3782,60,1096,408.0,540.2857142857143,0.1480481607873593,-1.831325324060356,220048.4897959184,1049.0,60.0,989.0,1634046406.883421,0.0029199123382568,29.022776842117306
8812,0,1,0,0,3,2,1096,2211110130,1130,64,1116,17,59861,29483,4,0,0,43,15,2211110130,17,59861,11123,12689,94,1130,1130.0,793.0625,-0.6560093228016396,-1.3900716054973563,188746.93359375,1130.0,410.75,719.25,4878,60,1096,705.0,609.75,-0.1177233918782629,-1.8601731106153503,226319.4375,1096.0,60.0,1036.0,1634046406.888951,0.0055301189422607,29.028306961059567
8813,0,1,0,0,3,2,1096,2211110130,1130,64,1116,17,59861,29483,4,0,0,43,15,2211110130,17,59861,11123,13819,94,1130,1130.0,812.8823529411765,-0.752052525015442,-1.2557461822392242,183929.39792387543,1130.0,442.0,688.0,5974,60,1096,1002.0,663.7777777777778,-0.3293740818892263,-1.7752948785458118,224524.83950617284,1096.0,60.0,1036.0,1634046406.889706,0.0007548332214355,29.029061794281002
8814,0,1,0,0,2,3,60,3232270721,94,47,80,17,29483,59861,4,0,0,43,15,2211110130,17,59861,11123,13913,94,1130,1130.0,772.9444444444445,-0.5838092966049825,-1.5061443852811438,200826.71913580244,1130.0,348.25,781.75,6034,60,1096,705.0,603.4,-0.0947267571924636,-1.892508709795427,234881.64,1096.0,60.0,1036.0,1634046406.891053,0.0013470649719238,29.030408859252926
8815,0,1,0,0,3,2,1096,2211110130,1130,64,1116,17,59861,29483,4,0,0,43,15,2211110130,17,59861,11123,15043,94,1130,1130.0,791.7368421052631,-0.6706939164266871,-1.3984186850090368,196613.66759002773,1130.0,379.5,750.5,7130,60,1096,1002.0,648.1818181818181,-0.2693466028324196,-1.8356130989920851,233582.87603305784,1096.0,60.0,1036.0,1634046406.893307,0.0022540092468261,29.032662868499752
8816,0,1,0,0,3,2,395,2211110130,429,64,415,17,59861,29483,4,0,0,43,15,2211110130,17,59861,11123,15472,94,1130,1130.0,773.6,-0.5591961413785809,-1.5008589146412523,193032.94,1130.0,401.0,729.0,7525,60,1096,705.0,627.0833333333334,-0.1497953690985954,-1.817997257733608,219014.2430555556,1096.0,60.0,1036.0,1634046406.893307,0.0,29.032662868499752
8817,0,1,0,0,3,2,408,2211110130,442,64,428,17,59861,29483,4,0,0,43,15,2211110130,17,59861,11123,442,442,442,442.0,442.0,0.0,-3.0,0.0,442.0,442.0,0.0,7933,60,1096,408.0,610.2307692307693,-0.0491707920442353,-1.773010834815961,205575.10059171595,1096.0,60.0,1036.0,1634046406.905291,0.01198410987854,29.044646978378292
8818,0,1,0,0,2,3,60,3232270721,94,47,80,17,29483,59861,4,0,0,43,15,2211110130,17,59861,11123,536,94,442,268.0,268.0,0.0,-2.0,30276.0,355.0,181.0,174.0,7993,60,1096,408.0,570.9285714285714,0.0906166077625656,-1.784068494352249,210971.7806122449,1096.0,60.0,1036.0,1634046406.923531,0.0182399749755859,29.06288695335388
8819,0,1,0,0,3,2,1104,2211110130,1138,64,1124,17,59861,29483,4,0,0,43,15,2211110130,17,59861,11123,1674,94,1138,442.0,558.0,0.3818017741606063,-1.5,188384.0,790.0,268.0,522.0,9097,60,1104,408.0,606.4666666666667,-0.0465646946527947,-1.8072136954625555,214588.38222222216,1096.0,60.0,1036.0,1634046406.928049,0.0045180320739746,29.067404985427853
8820,0,1,0,0,3,2,1096,2211110130,1130,64,1116,17,59861,29483,4,0,0,43,15,2211110130,17,59861,11123,2804,94,1138,786.0,701.0,-0.2154648284828085,-1.7177914201214748,202635.0,1132.0,355.0,777.0,10193,60,1104,705.0,637.0625,-0.168167532957572,-1.79255984539685,215218.18359375,1096.0,60.0,1036.0,1634046406.928049,0.0,29.067404985427853
8821,0,1,0,0,3,2,1096,2211110130,1130,64,1116,17,59861,29483,4,0,0,43,15,2211110130,17,59861,11123,3934,94,1138,1130.0,786.8,-0.5948424282569496,-1.433127669788114,191554.56,1130.0,442.0,688.0,11289,60,1104,1002.0,664.0588235294117,-0.27721685461927,-1.751842142371361,214219.1141868512,1096.0,60.0,1036.0,1634046406.929146,0.0010969638824462,29.0685019493103
8822,0,1,0,0,3,2,1096,2211110130,1130,64,1116,17,59861,29483,4,0,0,43,15,2211110130,17,59861,11123,5064,94,1138,1130.0,844.0,-0.8832320185517368,-1.0085899280287656,175988.0,1130.0,614.0,516.0,12385,60,1104,1049.0,688.0555555555555,-0.3763582807546981,-1.6924671316716928,212107.3858024691,1096.0,143.75,952.25,1634046406.929146,0.0,29.0685019493103
8823,0,1,0,0,3,2,1096,2211110130,1130,64,1116,17,59861,29483,4,0,0,43,15,2211110130,17,59861,11123,6194,94,1138,1130.0,884.8571428571429,-1.1211669679648812,-0.5255830459759445,160862.693877551,1130.0,786.0,344.0,13481,60,1104,1096.0,709.5263157894736,-0.4674850005549681,-1.6192825171723937,209241.72299168975,1096.0,227.5,868.5,1634046406.929146,0.0,29.0685019493103
8824,0,1,0,0,3,2,422,2211110130,456,64,442,17,59861,29483,4,0,0,43,15,2211110130,17,59861,11123,6650,94,1138,1130.0,831.25,-0.7303972782554491,-1.1697087801679458,160870.9375,1130.0,452.5,677.5,13903,60,1104,1049.0,695.15,-0.3829568030832693,-1.6490935523096777,202706.52750000003,1096.0,311.25,784.75,1634046406.929146,0.0,29.0685019493103
8825,0,1,0,0,3,2,408,2211110130,442,64,428,17,59861,29483,4,0,0,43,15,2211110130,17,59861,11123,7092,94,1138,1130.0,788.0,-0.4438952871728986,-1.4747609822309036,157960.88888888888,1130.0,442.0,688.0,408,408,408,408.0,408.0,0.0,-3.0,0.0,408.0,408.0,0.0,1634046406.947666,0.0185198783874511,29.08702182769775
8826,0,1,0,0,3,2,1116,2211110130,1150,64,1136,17,59861,29483,4,0,0,43,15,2211110130,17,59861,11123,8242,94,1150,1130.0,824.2,-0.6142179124415489,-1.3070174590696395,153958.76,1130.0,445.5,684.5,1524,408,1116,762.0,762.0,0.0,-2.0,125316.0,939.0,585.0,354.0,1634046406.950242,0.0025761127471923,29.089597940444943
8827,0,1,0,0,2,3,60,3232270721,94,47,80,17,29483,59861,4,0,0,43,15,2211110130,17,59861,11123,8336,94,1150,1130.0,757.8181818181819,-0.407687437819947,-1.55623188983766,184027.96694214875,1130.0,442.0,688.0,1584,60,1116,408.0,528.0,0.3892955772280436,-1.5,193056.0,762.0,234.0,528.0,1634046406.956165,0.0059230327606201,29.095520973205563
8828,0,1,0,0,2,3,52,3232270721,86,47,72,17,29483,59861,4,0,0,43,15,2211110130,17,59861,11123,8422,86,1150,793.0,701.8333333333334,-0.2235522779116432,-1.7067910721614192,203169.6388888889,1130.0,355.0,775.0,1636,52,1116,234.0,409.0,0.8186482293423,-0.9974883828181592,187275.0,585.0,58.0,527.0,1634046406.95622,5.4836273193359375e-05,29.095575809478756
8829,0,1,0,0,3,2,1096,2211110130,1130,64,1116,17,59861,29483,4,0,0,43,15,2211110130,17,59861,11123,9552,86,1150,1130.0,734.7692307692307,-0.3642042127232567,-1.6360516276586463,200558.4852071006,1130.0,442.0,688.0,2732,52,1116,408.0,546.4,0.209867742781083,-1.7687446012334382,225335.04000000004,1096.0,60.0,1036.0,1634046406.961934,0.0057141780853271,29.101289987564083
8830,0,1,0,0,3,2,1096,2211110130,1130,64,1116,17,59861,29483,4,0,0,43,15,2211110130,17,59861,11123,10682,86,1150,1130.0,763.0,-0.489150866940197,-1.5365409915839392,196593.57142857145,1130.0,442.0,688.0,3828,52,1116,752.0,638.0,-0.1591395058582851,-1.823541754355652,229732.0,1096.0,147.0,949.0,1634046406.962718,0.0007839202880859,29.10207390785217
8831,0,1,0,0,3,2,1096,2211110130,1130,64,1116,17,59861,29483,4,0,0,43,15,2211110130,17,59861,11123,11812,86,1150,1130.0,787.4666666666667,-0.6020438471520648,-1.4173588187163544,191867.98222222223,1130.0,442.0,688.0,4924,52,1116,1096.0,703.4285714285714,-0.431032477768293,-1.6757431199835118,222598.5306122449,1096.0,234.0,862.0,1634046406.962718,0.0,29.10207390785217
8832,0,1,0,0,3,2,1096,2211110130,1130,64,1116,17,59861,29483,4,0,0,43,15,2211110130,17,59861,11123,12942,86,1150,1130.0,808.875,-0.7053879820855283,-1.284134418532462,186750.984375,1130.0,442.0,688.0,6020,52,1116,1096.0,752.5,-0.6503957146657532,-1.442651697484831,211629.75,1096.0,321.0,775.0,1634046406.962718,0.0,29.10207390785217
8833,0,1,0,0,3,2,1020,2211110130,1054,64,1040,17,59861,29483,4,0,0,43,15,2211110130,17,59861,11123,13996,86,1150,1130.0,823.2941176470588,-0.7977580962236075,-1.135610907943979,179092.20761245678,1130.0,442.0,688.0,7040,52,1116,1096.0,782.2222222222222,-0.830190950073232,-1.161397343984535,195182.61728395065,1096.0,408.0,688.0,1634046406.962718,0.0,29.10207390785217
8834,0,1,0,0,2,3,60,3232270721,94,47,80,17,29483,59861,4,0,0,43,15,2211110130,17,59861,11123,14090,86,1150,1130.0,782.7777777777778,-0.624611854388489,-1.4188357433143155,197049.39506172843,1130.0,442.0,688.0,7100,52,1116,1058.0,710.0,-0.5093016501811635,-1.6318267548906231,222608.8,1096.0,147.0,949.0,1634046406.968552,0.0058341026306152,29.107908010482785
8835,0,1,0,0,3,2,56,2211110130,90,64,76,17,59861,29483,4,0,0,43,15,2211110130,17,59861,11123,14180,86,1150,1130.0,746.3157894736842,-0.477721129361613,-1.6051484878321611,210608.9529085873,1130.0,268.0,862.0,7156,52,1116,1020.0,650.5454545454545,-0.2713273028015777,-1.836796497567289,237720.0661157025,1096.0,60.0,1036.0,1634046406.972208,0.0036559104919433,29.111563920974728
8836,0,1,0,0,3,2,408,2211110130,442,64,428,17,59861,29483,4,0,0,43,15,2211110130,17,59861,11123,14622,86,1150,1092.0,731.1,-0.3886553851417385,-1.6430789986602197,204477.39,1130.0,355.0,775.0,7564,52,1116,714.0,630.3333333333334,-0.1575277650429807,-1.8140126968301595,222403.88888888888,1096.0,60.0,1036.0,1634046406.972208,0.0,29.111563920974728
8837,0,1,0,0,3,2,1096,2211110130,1130,64,1116,17,59861,29483,4,0,0,43,15,2211110130,17,59861,11123,1130,1130,1130,1130.0,1130.0,0.0,-3.0,0.0,1130.0,1130.0,0.0,8660,52,1116,1020.0,666.1538461538462,-0.3013760450499655,-1.7569393450364716,220693.2071005917,1096.0,60.0,1036.0,1634046406.98662,0.0144119262695312,29.12597584724426
8838,0,1,0,0,3,2,1096,2211110130,1130,64,1116,17,59861,29483,4,0,0,43,15,2211110130,17,59861,11123,2260,1130,1130,1130.0,1130.0,0.0,-3.0,0.0,1130.0,1130.0,0.0,9756,52,1116,1058.0,696.8571428571429,-0.4285430163510187,-1.6695623209102526,217184.40816326533,1096.0,147.0,949.0,1634046406.98662,0.0,29.12597584724426
8839,0,1,0,0,3,2,1096,2211110130,1130,64,1116,17,59861,29483,4,0,0,43,15,2211110130,17,59861,11123,3390,1130,1130,1130.0,1130.0,0.0,-3.0,0.0,1130.0,1130.0,0.0,10852,52,1116,1096.0,723.4666666666667,-0.5430024457846587,-1.5615719750914032,212618.38222222225,1096.0,234.0,862.0,1634046406.987131,0.0005111694335937,29.126487016677853
8840,0,1,0,0,3,2,267,2211110130,301,64,287,17,59861,29483,4,0,0,43,15,2211110130,17,59861,11123,3691,301,1130,1130.0,922.75,-1.1547005383792517,-0.6666666666666665,128857.6875,1130.0,922.75,207.25,11119,52,1116,1058.0,694.9375,-0.3877400517099504,-1.696337336868751,211538.43359375,1096.0,215.25,880.75,1634046406.987131,0.0,29.126487016677853
8841,0,1,0,0,2,3,56,3232270721,90,47,76,17,29483,59861,4,0,0,43,15,2211110130,17,59861,11123,3781,90,1130,1130.0,756.2,-0.471202941107697,-1.6969731347866124,214041.76,1130.0,301.0,829.0,11175,52,1116,1020.0,657.3529411764706,-0.2471508745475645,-1.8006075153969696,221696.5813148789,1096.0,60.0,1036.0,1634046406.989886,0.0027549266815185,29.12924194335937
8842,0,1,0,0,2,3,60,3232270721,94,47,80,17,29483,59861,4,0,0,43,15,2211110130,17,59861,11123,3875,90,1130,715.5,645.8333333333334,-0.0573620987759837,-1.9310927092421528,239272.13888888888,1130.0,145.75,984.25,11235,52,1116,714.0,624.1666666666666,-0.1235637299433637,-1.8573550818689395,228102.69444444444,1096.0,60.0,1036.0,1634046406.989941,5.4836273193359375e-05,29.129296779632565
8843,0,1,0,0,3,2,60,2211110130,94,64,80,17,59861,29483,4,0,0,43,15,2211110130,17,59861,11123,3969,90,1130,301.0,567.0,0.2350795927352337,-1.8855593160645503,242378.57142857145,1130.0,94.0,1036.0,11295,52,1116,408.0,594.4736842105264,-0.0135515264179595,-1.8803373257976264,231967.40720221607,1096.0,60.0,1036.0,1634046407.000921,0.0109801292419433,29.140276908874508
8844,0,1,0,0,2,3,60,3232270721,94,47,80,17,29483,59861,4,0,0,43,15,2211110130,17,59861,11123,4063,90,1130,197.5,507.875,0.464857439545407,-1.727261242926402,236551.609375,1130.0,94.0,1036.0,11355,52,1116,408.0,567.75,0.0857442578145319,-1.8789861065251985,233937.9875,1096.0,60.0,1036.0,1634046407.002933,0.002012014389038,29.142288923263546
8845,0,1,0,0,3,2,408,2211110130,442,64,428,17,59861,29483,4,0,0,43,15,2211110130,17,59861,11123,4505,90,1130,301.0,500.55555555555554,0.5390654506721225,-1.5410831770357445,210696.6913580247,1130.0,94.0,1036.0,408,408,408,408.0,408.0,0.0,-3.0,0.0,408.0,408.0,0.0,1634046407.014066,0.0111329555511474,29.153421878814694
8846,0,1,0,0,3,2,12,1054003247,46,64,32,17,59861,10001,4,0,0,43,15,2211110130,17,59861,11123,4551,46,1130,197.5,455.1,0.6948144917603967,-1.3399058705827842,208222.89,958.0,94.0,864.0,420,12,408,210.0,210.0,0.0,-2.0,39204.0,309.0,111.0,198.0,1634046407.016212,0.0021460056304931,29.155567884445187
8847,0,1,0,0,3,2,12,2342665647,46,64,32,17,59861,10001,4,0,0,43,15,2211110130,17,59861,11123,4597,46,1130,94.0,417.9090909090909,0.8357049882443852,-1.1174632080717666,203125.173553719,786.0,92.0,694.0,432,12,408,12.0,144.0,0.7071067811865476,-1.5,34848.0,210.0,12.0,198.0,1634046407.016212,0.0,29.155567884445187
8848,0,1,0,0,3,2,12,3338606794,46,64,32,17,59861,10001,4,0,0,43,15,2211110130,17,59861,11123,4643,46,1130,94.0,386.9166666666667,0.9643437340680536,-0.879583386614506,196763.90972222216,614.0,79.0,535.0,444,12,408,12.0,111.0,1.1547005383792517,-0.6666666666666665,29403.0,111.0,12.0,99.0,1634046407.016212,0.0,29.155567884445187
8849,0,1,0,0,2,3,60,3232270721,94,47,80,17,29483,59861,4,0,0,43,15,2211110130,17,59861,11123,4737,46,1130,94.0,364.38461538461536,1.087642956216848,-0.6234780661361623,187720.54437869828,442.0,90.0,352.0,504,12,408,12.0,100.8,1.4483752482862482,0.1743414440293431,23938.56,60.0,12.0,48.0,1634046407.019997,0.0037848949432373,29.159352779388424
8850,0,1,0,0,3,2,1096,2211110130,1130,64,1116,17,59861,29483,4,0,0,43,15,2211110130,17,59861,11123,5867,46,1130,94.0,419.07142857142856,0.8031533684901728,-1.213902382745832,213190.35204081636,958.0,91.0,867.0,1600,12,1096,36.0,266.6666666666667,1.372724681550442,0.277771216542257,157507.55555555553,321.0,12.0,309.0,1634046407.03141,0.0114130973815917,29.170765876770016
8851,0,1,0,0,3,2,1096,2211110130,1130,64,1116,17,59861,29483,4,0,0,43,15,2211110130,17,59861,11123,6997,46,1130,94.0,466.4666666666666,0.5864972001608478,-1.5425108544515933,230425.98222222223,1130.0,92.0,1038.0,2696,12,1096,60.0,385.1428571428572,0.7351148947639391,-1.2758831583064671,219226.1224489796,752.0,12.0,740.0,1634046407.03141,0.0,29.170765876770016
8852,0,1,0,0,3,2,1096,2211110130,1130,64,1116,17,59861,29483,4,0,0,43,15,2211110130,17,59861,11123,8127,46,1130,197.5,507.9375,0.411379822031513,-1.733668916393165,241821.80859375,1130.0,93.0,1037.0,3792,12,1096,234.0,474.0,0.3611293458845586,-1.740656475070966,247092.0,1096.0,12.0,1084.0,1634046407.031971,0.0005609989166259,29.171326875686642
8853,0,1,0,0,3,2,1096,2211110130,1130,64,1116,17,59861,29483,4,0,0,43,15,2211110130,17,59861,11123,9257,46,1130,301.0,544.5294117647059,0.2640832649640655,-1.8437772477399696,249020.48442906572,1130.0,94.0,1036.0,4888,12,1096,408.0,543.1111111111111,0.0945131004817897,-1.8848238320970836,257848.0987654321,1096.0,12.0,1084.0,1634046407.031971,0.0,29.171326875686642
8854,0,1,0,0,3,2,282,2211110130,316,64,302,17,59861,29483,4,0,0,43,15,2211110130,17,59861,11123,9573,46,1130,308.5,531.8333333333334,0.3394481380918788,-1.7698485461397304,237926.25,1130.0,94.0,1036.0,5170,12,1096,345.0,517.0,0.2411412849275288,-1.7813165786741163,238199.4,1096.0,24.0,1072.0,1634046407.031971,0.0,29.171326875686642
8855,0,1,0,0,2,3,60,3232270721,94,47,80,17,29483,59861,4,0,0,43,15,2211110130,17,59861,11123,9667,46,1130,301.0,508.7894736842105,0.4316272097185851,-1.7014581996695657,234962.1662049861,1130.0,94.0,1036.0,5230,12,1096,282.0,475.45454545454544,0.4070746995987037,-1.6819766419576798,233805.15702479333,1096.0,36.0,1060.0,1634046407.036653,0.0046820640563964,29.17600893974304
8856,0,1,0,0,3,2,1096,2211110130,1130,64,1116,17,59861,29483,4,0,0,43,15,2211110130,17,59861,11123,10797,46,1130,308.5,539.85,0.3045196839461883,-1.8060413632123733,241544.4275,1130.0,94.0,1036.0,6326,12,1096,345.0,527.1666666666666,0.2006794620653476,-1.83029451646304,243736.97222222225,1096.0,48.0,1048.0,1634046407.061851,0.0251979827880859,29.201206922531124
8857,0,1,0,0,3,2,1096,2211110130,1130,64,1116,17,59861,29483,4,0,0,43,15,2211110130,17,59861,11123,1130,1130,1130,1130.0,1130.0,0.0,-3.0,0.0,1130.0,1130.0,0.0,7422,12,1096,408.0,570.9230769230769,0.0308986506450606,-1.8830290958276603,247963.4556213017,1096.0,60.0,1036.0,1634046407.061851,0.0,29.201206922531124
8858,0,1,0,0,3,2,1096,2211110130,1130,64,1116,17,59861,29483,4,0,0,43,15,2211110130,17,59861,11123,2260,1130,1130,1130.0,1130.0,0.0,-3.0,0.0,1130.0,1130.0,0.0,8518,12,1096,752.0,608.4285714285714,-0.1140727203885067,-1.879371326936584,248538.38775510207,1096.0,60.0,1036.0,1634046407.063658,0.0018069744110107,29.203013896942135
8859,0,1,0,0,3,2,1096,2211110130,1130,64,1116,17,59861,29483,4,0,0,43,15,2211110130,17,59861,11123,3390,1130,1130,1130.0,1130.0,0.0,-3.0,0.0,1130.0,1130.0,0.0,9614,12,1096,1096.0,640.9333333333333,-0.2411658945788424,-1.8396703183986804,246760.99555555556,1096.0,60.0,1036.0,1634046407.063658,0.0,29.203013896942135
8860,0,1,0,0,3,2,1096,2211110130,1130,64,1116,17,59861,29483,4,0,0,43,15,2211110130,17,59861,11123,4520,1130,1130,1130.0,1130.0,0.0,-3.0,0.0,1130.0,1130.0,0.0,10710,12,1096,1096.0,669.375,-0.3547768211291569,-1.7755383840681347,243472.359375,1096.0,60.0,1036.0,1634046407.063658,0.0,29.203013896942135
8861,0,1,0,0,3,2,567,2211110130,601,64,587,17,59861,29483,4,0,0,43,15,2211110130,17,59861,11123,5121,601,1130,1130.0,1024.2,-1.5000000000000004,0.2500000000000013,44774.560000000005,1130.0,1130.0,0.0,11277,12,1096,1096.0,663.3529411764706,-0.3271895256885637,-1.7228414703258883,229730.6989619377,1096.0,60.0,1036.0,1634046407.063658,0.0,29.203013896942135
8862,0,1,0,0,2,3,60,3232270721,94,47,80,17,29483,59861,4,0,0,43,15,2211110130,17,59861,11123,5215,94,1130,1130.0,869.1666666666666,-1.1042468744050504,-0.4146195740214349,157488.80555555553,1130.0,733.25,396.75,11337,12,1096,831.5,629.8333333333334,-0.1957427538391187,-1.808177229278888,236068.47222222225,1096.0,60.0,1036.0,1634046407.070923,0.0072650909423828,29.210278987884518
8863,0,1,0,0,3,2,408,2211110130,442,64,428,17,59861,29483,4,0,0,43,15,2211110130,17,59861,11123,5657,94,1130,1130.0,808.1428571428571,-0.6611416365951057,-1.1368700431863124,157333.83673469388,1130.0,521.5,608.5,11745,12,1096,567.0,618.1578947368421,-0.1295086276937124,-1.7829664144105462,226097.5013850416,1096.0,60.0,1036.0,1634046407.07902,0.0080969333648681,29.218375921249386
8864,0,1,0,0,2,3,60,3232270721,94,47,80,17,29483,59861,4,0,0,43,15,2211110130,17,59861,11123,5751,94,1130,865.5,718.875,-0.342149991376494,-1.5794633446219657,193448.359375,1130.0,355.0,775.0,11805,12,1096,487.5,590.25,-0.0243400818496244,-1.8127059737831088,229590.7875,1096.0,60.0,1036.0,1634046407.090508,0.0114879608154296,29.229863882064816
8865,0,1,0,0,3,2,1096,2211110130,1130,64,1116,17,59861,29483,4,0,0,43,15,2211110130,17,59861,11123,6881,94,1130,1130.0,764.5555555555555,-0.5382664694217665,-1.4230677724615877,188647.8024691358,1130.0,442.0,688.0,1096,1096,1096,1096.0,1096.0,0.0,-3.0,0.0,1096.0,1096.0,0.0,1634046407.095004,0.0044960975646972,29.234359979629513
8866,0,1,0,0,3,2,1096,2211110130,1130,64,1116,17,59861,29483,4,0,0,43,15,2211110130,17,59861,11123,8011,94,1130,1130.0,801.1,-0.7068500148717887,-1.2197097962862595,181802.49,1130.0,481.75,648.25,2192,1096,1096,1096.0,1096.0,0.0,-3.0,0.0,1096.0,1096.0,0.0,1634046407.095004,0.0,29.234359979629513
8867,0,1,0,0,3,2,1116,2211110130,1150,64,1136,17,59861,29483,4,0,0,43,15,2211110130,17,59861,11123,9161,94,1150,1130.0,832.8181818181819,-0.8535582424399941,-0.9919803558445408,175335.4214876033,1130.0,521.5,608.5,3308,1096,1116,1096.0,1102.6666666666667,0.7071067811865238,-1.5000000000000222,88.88888888888887,1106.0,1096.0,10.0,1634046407.097292,0.0022878646850585,29.23664784431457
8868,0,1,0,0,3,2,1096,2211110130,1130,64,1116,17,59861,29483,4,0,0,43,15,2211110130,17,59861,11123,10291,94,1150,1130.0,857.5833333333334,-0.988044288335374,-0.7420095555378317,167470.5763888889,1130.0,561.25,568.75,4404,1096,1116,1096.0,1101.0,1.1547005383792517,-0.6666666666666665,75.0,1101.0,1096.0,5.0,1634046407.097292,0.0,29.23664784431457
8869,0,1,0,0,3,2,1037,2211110130,1071,64,1057,17,59861,29483,4,0,0,43,15,2211110130,17,59861,11123,11362,94,1150,1130.0,874.0,-1.109057362582204,-0.4735895279342994,157822.3076923077,1130.0,601.0,529.0,5441,1037,1116,1096.0,1088.2,-1.1635197676660454,-0.0765096005515926,715.36,1096.0,1096.0,0.0,1634046407.09778,0.0004880428314208,29.237135887145993
8870,0,1,0,0,3,2,408,2211110130,442,64,428,17,59861,29483,4,0,0,43,15,2211110130,17,59861,11123,11804,94,1150,1130.0,843.1428571428571,-0.8773361296135148,-0.8956810729047877,158927.40816326533,1130.0,481.75,648.25,5849,408,1116,1096.0,974.8333333333334,-1.7530955602706886,1.132370181465645,64856.13888888888,1096.0,1051.75,44.25,1634046407.09778,0.0,29.237135887145993
8871,0,1,0,0,3,2,1096,2211110130,1130,64,1116,17,59861,29483,4,0,0,43,15,2211110130,17,59861,11123,12934,94,1150,1130.0,862.2666666666667,-0.9834539522472672,-0.6964089092849819,153452.3288888889,1130.0,521.5,608.5,6945,408,1116,1096.0,992.1428571428572,-2.0039452039493795,2.08096715524552,57388.69387755102,1096.0,1066.5,29.5,1634046407.113591,0.0158109664916992,29.25294685363769
8872,0,1,0,0,3,2,1096,2211110130,1130,64,1116,17,59861,29483,4,0,0,43,15,2211110130,17,59861,11123,14064,94,1150,1130.0,879.0,-1.082286278155301,-0.4887029335243946,148061.625,1130.0,561.25,568.75,8041,408,1116,1096.0,1005.125,-2.22893202294492,3.039667544754212,51394.859375,1096.0,1081.25,14.75,1634046407.114352,0.0007610321044921,29.253707885742184
8873,0,1,0,0,3,2,1096,2211110130,1130,64,1116,17,59861,29483,4,0,0,43,15,2211110130,17,59861,11123,15194,94,1150,1130.0,893.7647058823529,-1.1750112116245266,-0.2745693447081727,142840.06228373703,1130.0,601.0,529.0,9137,408,1116,1096.0,1015.2222222222222,-2.434471828262148,4.004673278871792,46499.950617283954,1096.0,1096.0,0.0,1634046407.115045,0.0006930828094482,29.254400968551632
8874,0,1,0,0,3,2,1096,2211110130,1130,64,1116,17,59861,29483,4,0,0,43,15,2211110130,17,59861,11123,16324,94,1150,1130.0,906.8888888888888,-1.2625357766031555,-0.0554252937469197,137832.65432098767,1130.0,718.5,411.5,10233,408,1116,1096.0,1023.3,-2.624743833950795,4.973877830864355,42437.21,1096.0,1096.0,0.0,1634046407.115045,0.0,29.254400968551632
8875,0,1,0,0,3,2,1096,2211110130,1130,64,1116,17,59861,29483,4,0,0,43,15,2211110130,17,59861,11123,17454,94,1150,1130.0,918.6315789473684,-1.3455732620534957,0.1676998682701165,133060.33795013855,1130.0,836.0,294.0,11329,408,1116,1096.0,1029.909090909091,-2.802638694531127,5.946018930782023,39016.0826446281,1096.0,1096.0,0.0,1634046407.115674,0.0006289482116699,29.255029916763302
8876,0,1,0,0,3,2,758,2211110130,792,64,778,17,59861,29483,4,0,0,43,15,2211110130,17,59861,11123,18246,94,1150,1130.0,912.3,-1.3171126075992157,0.199958956048277,127169.01,1130.0,744.25,385.75,12087,408,1116,1096.0,1007.25,-2.2127126388240472,3.484451649879775,41412.520833333336,1096.0,1081.25,14.75,1634046407.115674,0.0,29.255029916763302
8877,0,1,0,0,3,2,60,2211110130,94,64,80,17,59861,29483,4,0,0,43,15,2211110130,17,59861,11123,94,94,94,94.0,94.0,0.0,-3.0,0.0,94.0,94.0,0.0,12147,60,1116,1096.0,934.3846153846154,-1.8411331517045813,1.9517152009332015,101939.31360946746,1096.0,1037.0,59.0,1634046407.116805,0.0011310577392578,29.25616097450256
8878,0,1,0,0,3,2,52,2211110130,86,64,72,17,59861,29483,4,0,0,43,15,2211110130,17,59861,11123,180,86,94,90.0,90.0,0.0,-2.0,16.0,92.0,88.0,4.0,12199,52,1116,1096.0,871.3571428571429,-1.3725086830312008,0.1871508525344096,146299.94387755104,1096.0,827.75,268.25,1634046407.116805,0.0,29.25616097450256
8879,0,1,0,0,2,3,60,3232270721,94,47,80,17,29483,59861,4,0,0,43,15,2211110130,17,59861,11123,274,86,94,94.0,91.33333333333331,-0.7071067811865437,-1.5000000000000036,14.22222222222222,94.0,90.0,4.0,12259,52,1116,1096.0,817.2666666666667,-1.047356051575136,-0.6994566303769338,177507.52888888886,1096.0,583.0,513.0,1634046407.125905,0.0090999603271484,29.26526093482971
8880,0,1,0,0,2,3,60,3232270721,94,47,80,17,29483,59861,4,0,0,43,15,2211110130,17,59861,11123,368,86,94,94.0,92.0,-1.1547005383792517,-0.6666666666666665,12.0,94.0,92.0,2.0,12319,52,1116,1096.0,769.9375,-0.8056647730687335,-1.195924927057345,200014.05859375,1096.0,321.0,775.0,1634046407.141237,0.0153319835662841,29.280592918395993
8881,0,1,0,0,3,2,408,2211110130,442,64,428,17,59861,29483,4,0,0,43,15,2211110130,17,59861,11123,810,86,442,94.0,162.0,1.4981504951904994,0.2475812986999708,19609.6,94.0,94.0,0.0,12727,52,1116,1096.0,748.6470588235294,-0.6723784807731669,-1.3397599007683232,195501.0519031142,1096.0,408.0,688.0,1634046407.151881,0.0106439590454101,29.291236877441403
8882,0,1,0,0,3,2,1096,2211110130,1130,64,1116,17,59861,29483,4,0,0,43,15,2211110130,17,59861,11123,1940,86,1130,94.0,323.3333333333333,1.418099633252118,0.3795151989022747,146483.55555555556,355.0,94.0,261.0,13823,52,1116,1096.0,767.9444444444445,-0.7624182133307601,-1.2115733766245669,190970.49691358025,1096.0,408.0,688.0,1634046407.153961,0.002079963684082,29.293316841125485
8883,0,1,0,0,3,2,1096,2211110130,1130,64,1116,17,59861,29483,4,0,0,43,15,2211110130,17,59861,11123,3070,86,1130,94.0,438.57142857142856,0.7598526077924971,-1.253875806370529,205236.2448979592,786.0,94.0,692.0,14919,52,1116,1096.0,785.2105263157895,-0.8466744597419404,-1.0759650016179485,186285.5346260388,1096.0,408.0,688.0,1634046407.154941,0.0009801387786865,29.29429697990417
8884,0,1,0,0,3,2,1096,2211110130,1130,64,1116,17,59861,29483,4,0,0,43,15,2211110130,17,59861,11123,4200,86,1130,268.0,525.0,0.3794912326073614,-1.7383947202688368,231871.0,1130.0,94.0,1036.0,16015,52,1116,1096.0,800.75,-0.9260060075866092,-0.9345133356525208,181559.2875,1096.0,408.0,688.0,1634046407.154941,0.0,29.29429697990417
8885,0,1,0,0,3,2,916,2211110130,950,64,936,17,59861,29483,4,0,0,43,15,2211110130,17,59861,11123,5150,86,1130,442.0,572.2222222222222,0.1355153364747564,-1.8394636944304184,223947.06172839509,1130.0,94.0,1036.0,916,916,916,916.0,916.0,0.0,-3.0,0.0,916.0,916.0,0.0,1634046407.154941,0.0,29.29429697990417
8886,0,1,0,0,2,3,60,3232270721,94,47,80,17,29483,59861,4,0,0,43,15,2211110130,17,59861,11123,5244,86,1130,268.0,524.4,0.3244390137156148,-1.7626125955664729,222135.04,1085.0,94.0,991.0,976,60,916,488.0,488.0,0.0,-2.0,183184.0,702.0,274.0,428.0,1634046407.158654,0.0037128925323486,29.29800987243652
8887,0,1,0,0,2,3,52,3232270721,86,47,72,17,29483,59861,4,0,0,43,15,2211110130,17,59861,11123,5330,86,1130,94.0,484.54545454545456,0.485199340950294,-1.6374435997126162,217824.79338842977,1040.0,94.0,946.0,1028,52,916,60.0,342.6666666666667,0.7069002898085748,-1.5000000000000002,164366.2222222222,488.0,56.0,432.0,1634046407.15871,5.602836608886719e-05,29.29806590080261
8888,0,1,0,0,3,2,56,2211110130,90,64,76,17,59861,29483,4,0,0,43,15,2211110130,17,59861,11123,5420,86,1130,94.0,451.6666666666667,0.6268697031891114,-1.4823008153895336,211563.88888888888,995.0,93.0,902.0,1084,52,916,58.0,271.0,1.154500714223241,-0.6668204869369023,138683.0,274.0,55.0,219.0,1634046407.175078,0.0163679122924804,29.31443381309509
8889,0,1,0,0,3,2,408,2211110130,442,64,428,17,59861,29483,4,0,0,43,15,2211110130,17,59861,11123,5862,86,1130,94.0,450.9230769230769,0.6574804855576547,-1.35152940950662,195296.37869822487,950.0,94.0,856.0,1492,52,916,60.0,298.4,1.009408534850893,-0.5971048445143423,113949.44000000002,408.0,56.0,352.0,1634046407.175078,0.0,29.31443381309509
8890,0,1,0,0,2,3,56,3232270721,90,47,76,17,29483,59861,4,0,0,43,15,2211110130,17,59861,11123,5952,86,1130,94.0,425.1428571428572,0.7733804049030834,-1.186973596914593,189986.69387755104,823.0,91.0,732.0,1548,52,916,58.0,258.0,1.284852554636046,0.0506186218728053,103118.66666666669,321.0,56.0,265.0,1634046407.175935,0.0008571147918701,29.31529092788696
8891,0,1,0,0,2,3,60,3232270721,94,47,80,17,29483,59861,4,0,0,43,15,2211110130,17,59861,11123,6046,86,1130,94.0,403.06666666666666,0.8802840785635088,-1.009856798282237,184143.9288888889,696.0,92.0,604.0,1608,52,916,60.0,229.7142857142857,1.5217466173309189,0.7395266476983111,93187.91836734694,234.0,56.0,178.0,1634046407.175989,5.3882598876953125e-05,29.315344810485836
8892,0,1,0,0,3,2,1096,2211110130,1130,64,1116,17,59861,29483,4,0,0,43,15,2211110130,17,59861,11123,7176,86,1130,94.0,448.5,0.6681037975276045,-1.3827456042438817,203597.75,995.0,93.0,902.0,2704,52,1096,60.0,338.0,0.9778535879536576,-0.7912883407478586,163620.0,535.0,56.0,479.0,1634046407.180167,0.0041780471801757,29.319522857666012
8893,0,1,0,0,3,2,1096,2211110130,1130,64,1116,17,59861,29483,4,0,0,43,15,2211110130,17,59861,11123,8306,86,1130,94.0,488.5882352941176,0.4952933852128068,-1.6103628436677442,217334.4775086505,1130.0,94.0,1036.0,3800,52,1096,60.0,422.22222222222223,0.5965566139786531,-1.475665842061512,202187.06172839503,916.0,56.0,860.0,1634046407.180167,0.0,29.319522857666012
8894,0,1,0,0,3,2,1096,2211110130,1130,64,1116,17,59861,29483,4,0,0,43,15,2211110130,17,59861,11123,9436,86,1130,268.0,524.2222222222222,0.3494841898049327,-1.7507985684279483,226846.61728395065,1130.0,94.0,1036.0,4896,52,1096,234.0,489.6,0.323748703333455,-1.7628893465474176,222826.24,1051.0,57.0,994.0,1634046407.180167,0.0,29.319522857666012
8895,0,1,0,0,3,2,1096,2211110130,1130,64,1116,17,59861,29483,4,0,0,43,15,2211110130,17,59861,11123,10566,86,1130,442.0,556.1052631578947,0.2231791720389083,-1.834986732851076,233204.83102493075,1130.0,94.0,1036.0,5992,52,1096,408.0,544.7272727272727,0.1114736273194378,-1.873927415289308,232959.47107438016,1096.0,58.0,1038.0,1634046407.180793,0.0006260871887207,29.320148944854733
8896,0,1,0,0,3,2,1096,2211110130,1130,64,1116,17,59861,29483,4,0,0,43,15,2211110130,17,59861,11123,11696,86,1130,442.0,584.8,0.1115527867519954,-1.88083000037742,237188.96,1130.0,94.0,1036.0,7088,52,1096,662.0,590.6666666666666,-0.063160265555108,-1.8930588826021213,236760.8888888889,1096.0,59.0,1037.0,1634046407.180793,0.0,29.320148944854733
8897,0,1,0,0,3,2,152,2211110130,186,64,172,17,59861,29483,4,0,0,43,15,2211110130,17,59861,11123,186,186,186,186.0,186.0,0.0,-3.0,0.0,186.0,186.0,0.0,7240,52,1096,408.0,556.9230769230769,0.0923656149579473,-1.888534017165439,232212.07100591715,1096.0,60.0,1036.0,1634046407.180793,0.0,29.320148944854733
8898,0,1,0,0,3,2,1096,2211110130,1130,64,1116,17,59861,29483,4,0,0,43,15,2211110130,17,59861,11123,1316,186,1130,658.0,658.0,0.0,-2.0,222784.0,894.0,422.0,472.0,8336,52,1096,662.0,595.4285714285714,-0.0562567038465129,-1.9021226571271923,234900.24489795917,1096.0,60.0,1036.0,1634046407.203843,0.0230500698089599,29.343199014663693
8899,0,1,0,0,3,2,1096,2211110130,1130,64,1116,17,59861,29483,4,0,0,43,15,2211110130,17,59861,11123,2446,186,1130,1130.0,815.3333333333334,-0.7071067811865478,-1.4999999999999996,198030.22222222225,1130.0,658.0,472.0,9432,52,1096,916.0,628.8,-0.1859694724693461,-1.876059556654132,234831.35999999996,1096.0,60.0,1036.0,1634046407.203843,0.0,29.343199014663693
8900,0,1,0,0,3,2,1096,2211110130,1130,64,1116,17,59861,29483,4,0,0,43,15,2211110130,17,59861,11123,3576,186,1130,1130.0,894.0,-1.1547005383792517,-0.6666666666666665,167088.0,1130.0,894.0,236.0,10528,52,1096,1006.0,658.0,-0.3015010925103568,-1.8232969516364397,232944.0,1096.0,60.0,1036.0,1634046407.206285,0.0024418830871582,29.34564089775085
8901,0,1,0,0,3,2,1096,2211110130,1130,64,1116,17,59861,29483,4,0,0,43,15,2211110130,17,59861,11123,4706,186,1130,1130.0,941.2,-1.500000000000001,0.2500000000000018,142581.75999999995,1130.0,1130.0,0.0,11624,52,1096,1096.0,683.7647058823529,-0.4060127899194774,-1.751708818988714,229862.5328719723,1096.0,60.0,1036.0,1634046407.206285,0.0,29.34564089775085
8902,0,1,0,0,3,2,1116,2211110130,1150,64,1136,17,59861,29483,4,0,0,43,15,2211110130,17,59861,11123,5856,186,1150,1130.0,976.0,-1.7871210809994105,1.1969520818021904,124873.33333333331,1130.0,1130.0,0.0,12740,52,1116,1096.0,707.7777777777778,-0.500858444694081,-1.6666094465179475,226895.06172839503,1096.0,83.0,1013.0,1634046407.206893,0.0006079673767089,29.34624886512756
8903,0,1,0,0,3,2,1096,2211110130,1130,64,1116,17,59861,29483,4,0,0,43,15,2211110130,17,59861,11123,6986,186,1150,1130.0,998.0,-2.0393675771970035,2.1626541327209514,109938.28571428572,1130.0,1130.0,0.0,13836,52,1116,1096.0,728.2105263157895,-0.5894248681515057,-1.5709848773793578,222468.16620498616,1096.0,106.0,990.0,1634046407.206893,0.0,29.34624886512756
8904,0,1,0,0,3,2,345,2211110130,379,64,365,17,59861,29483,4,0,0,43,15,2211110130,17,59861,11123,7365,186,1150,1130.0,920.625,-1.2114175348379597,-0.446075360968666,138104.234375,1130.0,942.25,187.75,14181,52,1116,1096.0,709.05,-0.4804799503471634,-1.6566418757333268,218320.1475,1096.0,129.0,967.0,1634046407.206893,0.0,29.34624886512756
8905,0,1,0,0,2,3,60,3232270721,94,47,80,17,29483,59861,4,0,0,43,15,2211110130,17,59861,11123,7459,94,1150,1130.0,828.7777777777778,-0.7812635840111374,-1.2964216598288465,190246.61728395065,1130.0,379.0,751.0,60,60,60,60.0,60.0,0.0,-3.0,0.0,60.0,60.0,0.0,1634046407.224847,0.0179541110992431,29.364202976226803
8906,0,1,0,0,3,2,408,2211110130,442,64,428,17,59861,29483,4,0,0,43,15,2211110130,17,59861,11123,7901,94,1150,1130.0,790.1,-0.5373032296675798,-1.5495431434272835,184685.69,1130.0,394.75,735.25,468,60,408,234.0,234.0,0.0,-2.0,30276.0,321.0,147.0,174.0,1634046407.227493,0.0026459693908691,29.366848945617672
8907,0,1,0,0,3,2,60,2211110130,94,64,80,17,59861,29483,4,0,0,43,15,2211110130,17,59861,11123,7995,94,1150,1130.0,726.8181818181819,-0.3132320328735786,-1.75600868832807,207941.9669421488,1130.0,282.5,847.5,528,60,408,60.0,176.0,0.7071067811865476,-1.5,26912.0,234.0,60.0,174.0,1634046407.227493,0.0,29.366848945617672
8908,0,1,0,0,2,3,60,3232270721,94,47,80,17,29483,59861,4,0,0,43,15,2211110130,17,59861,11123,8089,94,1150,786.0,674.0833333333334,-0.1269007577518893,-1.8516980584871656,221204.07638888888,1130.0,163.0,967.0,588,60,408,60.0,147.0,1.1547005383792517,-0.6666666666666665,22707.0,147.0,60.0,87.0,1634046407.2415,0.0140068531036376,29.38085579872131
8909,0,1,0,0,3,2,1096,2211110130,1130,64,1116,17,59861,29483,4,0,0,43,15,2211110130,17,59861,11123,9219,94,1150,1130.0,709.1538461538462,-0.2730712837358593,-1.8006092469044608,218947.66863905327,1130.0,186.0,944.0,1684,60,1096,60.0,336.8,1.1454034124634815,-0.3424161373246619,162261.76,408.0,60.0,348.0,1634046407.246815,0.0053150653839111,29.38617086410522
8910,0,1,0,0,3,2,1096,2211110130,1130,64,1116,17,59861,29483,4,0,0,43,15,2211110130,17,59861,11123,10349,94,1150,1130.0,739.2142857142857,-0.4018331959947606,-1.7181968025616663,215055.7397959184,1130.0,234.25,895.75,2780,60,1096,234.0,463.3333333333333,0.5163876025149761,-1.5620300128950404,215271.5555555556,924.0,60.0,864.0,1634046407.246815,0.0,29.38617086410522
8911,0,1,0,0,3,2,1096,2211110130,1130,64,1116,17,59861,29483,4,0,0,43,15,2211110130,17,59861,11123,11479,94,1150,1130.0,765.2666666666667,-0.5174263417019815,-1.6145857906774344,210220.86222222223,1130.0,282.5,847.5,3876,60,1096,408.0,553.7142857142857,0.1446725916925694,-1.852313148279252,233530.77551020405,1096.0,60.0,1036.0,1634046407.246815,0.0,29.38617086410522
8912,0,1,0,0,3,2,1096,2211110130,1130,64,1116,17,59861,29483,4,0,0,43,15,2211110130,17,59861,11123,12609,94,1150,1130.0,788.0625,-0.6227045190500347,-1.495962290343247,204876.80859375,1130.0,330.75,799.25,4972,60,1096,752.0,621.5,-0.1233414295895988,-1.875780474348528,236503.75,1096.0,60.0,1036.0,1634046407.247386,0.0005710124969482,29.38674187660217
8913,0,1,0,0,3,2,1034,2211110130,1068,64,1054,17,59861,29483,4,0,0,43,15,2211110130,17,59861,11123,13677,94,1150,1130.0,804.5294117647059,-0.7173660306134463,-1.364062058359245,197163.7785467128,1130.0,379.0,751.0,6006,60,1096,1034.0,667.3333333333334,-0.3339411985596725,-1.780263093991853,227031.11111111112,1096.0,60.0,1036.0,1634046407.247386,0.0,29.38674187660217
8914,0,1,0,0,2,3,52,3232270721,86,48,72,17,10001,59861,4,0,0,43,15,2211110130,17,59861,11123,13763,86,1150,1130.0,764.6111111111111,-0.55137148343641,-1.5898863708816346,213299.23765432095,1130.0,234.25,895.75,6058,52,1096,721.0,605.8,-0.0993756200504668,-1.8978853354533765,238405.16,1096.0,60.0,1036.0,1634046407.249402,0.0020160675048828,29.388757944107052
8915,0,1,0,0,3,2,408,2211110130,442,64,428,17,59861,29483,4,0,0,43,15,2211110130,17,59861,11123,14205,86,1150,1130.0,747.6315789473684,-0.4521264277035779,-1.647676966645849,207262.44321329644,1130.0,282.5,847.5,6466,52,1096,408.0,587.8181818181819,0.0063216270003436,-1.8280303946761365,219965.4214876033,1096.0,60.0,1036.0,1634046407.258539,0.0091369152069091,29.39789485931396
8916,0,1,0,0,2,3,60,3232270721,94,47,80,17,29483,59861,4,0,0,43,15,2211110130,17,59861,11123,14299,86,1150,1099.0,714.95,-0.3276215059308796,-1.7580472314647562,217192.9475,1130.0,163.0,967.0,6526,52,1096,408.0,543.8333333333334,0.169541982254577,-1.812760482236163,222916.3055555556,1096.0,60.0,1036.0,1634046407.264684,0.0061450004577636,29.404039859771725
8917,0,1,0,0,3,2,1096,2211110130,1130,64,1116,17,59861,29483,4,0,0,43,15,2211110130,17,59861,11123,1130,1130,1130,1130.0,1130.0,0.0,-3.0,0.0,1130.0,1130.0,0.0,7622,52,1096,408.0,586.3076923076923,0.0033777990594122,-1.8576476034615323,227417.75147928996,1096.0,60.0,1036.0,1634046407.294182,0.0294981002807617,29.433537960052487
8918,0,1,0,0,3,2,1096,2211110130,1130,64,1116,17,59861,29483,4,0,0,43,15,2211110130,17,59861,11123,2260,1130,1130,1130.0,1130.0,0.0,-3.0,0.0,1130.0,1130.0,0.0,8718,52,1096,721.0,622.7142857142857,-0.139214706189598,-1.848414993532856,228404.34693877547,1096.0,60.0,1036.0,1634046407.295014,0.0008318424224853,29.434369802474972
8919,0,1,0,0,3,2,1096,2211110130,1130,64,1116,17,59861,29483,4,0,0,43,15,2211110130,17,59861,11123,3390,1130,1130,1130.0,1130.0,0.0,-3.0,0.0,1130.0,1130.0,0.0,9814,52,1096,1034.0,654.2666666666667,-0.2646557462841378,-1.804331277825991,227115.12888888887,1096.0,60.0,1036.0,1634046407.29735,0.0023360252380371,29.43670582771301
8920,0,1,0,0,3,2,1096,2211110130,1130,64,1116,17,59861,29483,4,0,0,43,15,2211110130,17,59861,11123,4520,1130,1130,1130.0,1130.0,0.0,-3.0,0.0,1130.0,1130.0,0.0,10910,52,1096,1065.0,681.875,-0.377074899285203,-1.7365011016840683,224353.734375,1096.0,60.0,1036.0,1634046407.29735,0.0,29.43670582771301
8921,0,1,0,0,3,2,1096,2211110130,1130,64,1116,17,59861,29483,4,0,0,43,15,2211110130,17,59861,11123,5650,1130,1130,1130.0,1130.0,0.0,-3.0,0.0,1130.0,1130.0,0.0,12006,52,1096,1096.0,706.2352941176471,-0.4792748316574782,-1.6517694272363648,220651.23875432528,1096.0,60.0,1036.0,1634046407.29735,0.0,29.43670582771301
8922,0,1,0,0,2,3,60,3232270721,94,47,80,17,29483,59861,4,0,0,43,15,2211110130,17,59861,11123,5744,94,1130,1130.0,957.3333333333334,-1.788854381999832,1.200000000000001,149068.88888888888,1130.0,1130.0,0.0,12066,52,1096,1065.0,670.3333333333334,-0.3352936025077547,-1.7824524070836496,230305.0,1096.0,60.0,1036.0,1634046407.297799,0.0004491806030273,29.437155008316036
8923,0,1,0,0,3,2,1096,2211110130,1130,64,1116,17,59861,29483,4,0,0,43,15,2211110130,17,59861,11123,6874,94,1130,1130.0,982.0,-2.0412414523193148,2.166666666666667,131424.0,1130.0,1130.0,0.0,13162,52,1096,1096.0,692.7368421052631,-0.4277649428321777,-1.7143516212526917,227218.1939058172,1096.0,60.0,1036.0,1634046407.297971,0.0001718997955322,29.43732690811157
8924,0,1,0,0,3,2,1096,2211110130,1130,64,1116,17,59861,29483,4,0,0,43,15,2211110130,17,59861,11123,8004,94,1130,1130.0,1000.5,-2.2677868380553634,3.1428571428571432,117391.75,1130.0,1130.0,0.0,14258,52,1096,1096.0,712.9,-0.5133197518034259,-1.6354870437021891,223581.79,1096.0,60.0,1036.0,1634046407.297971,0.0,29.43732690811157
8925,0,1,0,0,3,2,1096,2211110130,1130,64,1116,17,59861,29483,4,0,0,43,15,2211110130,17,59861,11123,9134,94,1130,1130.0,1014.8888888888888,-2.474873734152917,4.124999999999999,106004.54320987656,1130.0,1130.0,0.0,1096,1096,1096,1096.0,1096.0,0.0,-3.0,0.0,1096.0,1096.0,0.0,1634046407.297971,0.0,29.43732690811157
8926,0,1,0,0,3,2,1096,2211110130,1130,64,1116,17,59861,29483,4,0,0,43,15,2211110130,17,59861,11123,10264,94,1130,1130.0,1026.4,-2.666666666666668,5.111111111111114,96596.63999999998,1130.0,1130.0,0.0,2192,1096,1096,1096.0,1096.0,0.0,-3.0,0.0,1096.0,1096.0,0.0,1634046407.298659,0.0006880760192871,29.438014984130856
8927,0,1,0,0,3,2,1096,2211110130,1130,64,1116,17,59861,29483,4,0,0,43,15,2211110130,17,59861,11123,11394,94,1130,1130.0,1035.8181818181818,-2.846049894151541,6.100000000000001,88702.14876033057,1130.0,1130.0,0.0,3288,1096,1096,1096.0,1096.0,0.0,-3.0,0.0,1096.0,1096.0,0.0,1634046407.298659,0.0,29.438014984130856
8928,0,1,0,0,3,2,1096,2211110130,1130,64,1116,17,59861,29483,4,0,0,43,15,2211110130,17,59861,11123,12524,94,1130,1130.0,1043.6666666666667,-3.015113445777637,7.090909090909101,81987.88888888886,1130.0,1130.0,0.0,4384,1096,1096,1096.0,1096.0,0.0,-3.0,0.0,1096.0,1096.0,0.0,1634046407.298659,0.0,29.438014984130856
8929,0,1,0,0,3,2,1096,2211110130,1130,64,1116,17,59861,29483,4,0,0,43,15,2211110130,17,59861,11123,13654,94,1130,1130.0,1050.3076923076924,-3.175426480542943,8.083333333333341,76210.36686390532,1130.0,1130.0,0.0,5480,1096,1096,1096.0,1096.0,0.0,-3.0,0.0,1096.0,1096.0,0.0,1634046407.299292,0.0006330013275146,29.43864798545837
8930,0,1,0,0,3,2,1096,2211110130,1130,64,1116,17,59861,29483,4,0,0,43,15,2211110130,17,59861,11123,14784,94,1130,1130.0,1056.0,-3.328201177351375,9.076923076923077,71188.0,1130.0,1130.0,0.0,6576,1096,1096,1096.0,1096.0,0.0,-3.0,0.0,1096.0,1096.0,0.0,1634046407.299292,0.0,29.43864798545837
8931,0,1,0,0,3,2,1096,2211110130,1130,64,1116,17,59861,29483,4,0,0,43,15,2211110130,17,59861,11123,15914,94,1130,1130.0,1060.9333333333334,-3.47439614486152,10.071428571428577,66782.8622222222,1130.0,1130.0,0.0,7672,1096,1096,1096.0,1096.0,0.0,-3.0,0.0,1096.0,1096.0,0.0,1634046407.299292,0.0,29.43864798545837
8932,0,1,0,0,3,2,1096,2211110130,1130,64,1116,17,59861,29483,4,0,0,43,15,2211110130,17,59861,11123,17044,94,1130,1130.0,1065.25,-3.614784456460256,11.066666666666666,62888.4375,1130.0,1130.0,0.0,8768,1096,1096,1096.0,1096.0,0.0,-3.0,0.0,1096.0,1096.0,0.0,1634046407.299919,0.000626802444458,29.43927478790283
8933,0,1,0,0,3,2,1096,2211110130,1130,64,1116,17,59861,29483,4,0,0,43,15,2211110130,17,59861,11123,18174,94,1130,1130.0,1069.0588235294117,-3.749999999999999,12.062499999999991,59421.231833910046,1130.0,1130.0,0.0,9864,1096,1096,1096.0,1096.0,0.0,-3.0,0.0,1096.0,1096.0,0.0,1634046407.303632,0.0037131309509277,29.442987918853756
8934,0,1,0,0,3,2,1116,2211110130,1150,64,1136,17,59861,29483,4,0,0,43,15,2211110130,17,59861,11123,19324,94,1150,1130.0,1073.5555555555557,-3.878117093396443,13.047088435632755,56463.8024691358,1130.0,1130.0,0.0,10980,1096,1116,1096.0,1098.0,2.6666666666666665,5.111111111111111,36.0,1096.0,1096.0,0.0,1634046407.303632,0.0,29.442987918853756
8935,0,1,0,0,3,2,1096,2211110130,1130,64,1116,17,59861,29483,4,0,0,43,15,2211110130,17,59861,11123,20454,94,1150,1130.0,1076.5263157894738,-4.004420723481373,14.043068933092917,53650.88088642659,1130.0,1130.0,0.0,12076,1096,1116,1096.0,1097.8181818181818,2.846049894151573,6.100000000000124,33.05785123966942,1096.0,1096.0,0.0,1634046407.303632,0.0,29.442987918853756
8936,0,1,0,0,3,2,1096,2211110130,1130,64,1116,17,59861,29483,4,0,0,43,15,2211110130,17,59861,11123,21584,94,1150,1130.0,1079.2,-4.126902377109574,15.039394113983292,51104.16,1130.0,1130.0,0.0,13172,1096,1116,1096.0,1097.6666666666667,3.0151134457775943,7.090909090908921,30.55555555555556,1096.0,1096.0,0.0,1634046407.303632,0.0,29.442987918853756
8937,0,1,0,0,3,2,1096,2211110130,1130,64,1116,17,59861,29483,4,0,0,43,15,2211110130,17,59861,11123,1130,1130,1130,1130.0,1130.0,0.0,-3.0,0.0,1130.0,1130.0,0.0,14268,1096,1116,1096.0,1097.5384615384614,3.175426480543,8.08333333333358,28.402366863905332,1096.0,1096.0,0.0,1634046407.303632,0.0,29.442987918853756
8938,0,1,0,0,3,2,1096,2211110130,1130,64,1116,17,59861,29483,4,0,0,43,15,2211110130,17,59861,11123,2260,1130,1130,1130.0,1130.0,0.0,-3.0,0.0,1130.0,1130.0,0.0,15364,1096,1116,1096.0,1097.428571428571,3.328201177351432,9.07692307692333,26.530612244897952,1096.0,1096.0,0.0,1634046407.303632,0.0,29.442987918853756
8939,0,1,0,0,3,2,1096,2211110130,1130,64,1116,17,59861,29483,4,0,0,43,15,2211110130,17,59861,11123,3390,1130,1130,1130.0,1130.0,0.0,-3.0,0.0,1130.0,1130.0,0.0,16460,1096,1116,1096.0,1097.3333333333333,3.474396144861562,10.071428571428774,24.8888888888889,1096.0,1096.0,0.0,1634046407.303632,0.0,29.442987918853756
8940,0,1,0,0,3,2,1096,2211110130,1130,64,1116,17,59861,29483,4,0,0,43,15,2211110130,17,59861,11123,4520,1130,1130,1130.0,1130.0,0.0,-3.0,0.0,1130.0,1130.0,0.0,17556,1096,1116,1096.0,1097.25,3.614784456460256,11.066666666666666,23.4375,1096.0,1096.0,0.0,1634046407.303632,0.0,29.442987918853756
8941,0,1,0,0,3,2,1096,2211110130,1130,64,1116,17,59861,29483,4,0,0,43,15,2211110130,17,59861,11123,5650,1130,1130,1130.0,1130.0,0.0,-3.0,0.0,1130.0,1130.0,0.0,18652,1096,1116,1096.0,1097.1764705882354,3.749999999999957,12.06249999999979,22.14532871972318,1096.0,1096.0,0.0,1634046407.303632,0.0,29.442987918853756
8942,0,1,0,0,3,2,1096,2211110130,1130,64,1116,17,59861,29483,4,0,0,43,15,2211110130,17,59861,11123,6780,1130,1130,1130.0,1130.0,0.0,-3.0,0.0,1130.0,1130.0,0.0,19748,1096,1116,1096.0,1097.111111111111,3.880570000581343,13.058823529411846,20.98765432098766,1096.0,1096.0,0.0,1634046407.303632,0.0,29.442987918853756
8943,0,1,0,0,3,2,1096,2211110130,1130,64,1116,17,59861,29483,4,0,0,43,15,2211110130,17,59861,11123,7910,1130,1130,1130.0,1130.0,0.0,-3.0,0.0,1130.0,1130.0,0.0,20844,1096,1116,1096.0,1097.0526315789473,4.006938426723828,14.055555555555864,19.944598337950133,1096.0,1096.0,0.0,1634046407.303632,0.0,29.442987918853756
8944,0,1,0,0,3,2,1096,2211110130,1130,64,1116,17,59861,29483,4,0,0,43,15,2211110130,17,59861,11123,9040,1130,1130,1130.0,1130.0,0.0,-3.0,0.0,1130.0,1130.0,0.0,21940,1096,1116,1096.0,1097.0,4.129483209670112,15.05263157894737,19.0,1096.0,1096.0,0.0,1634046407.303632,0.0,29.442987918853756
8945,0,1,0,0,3,2,1096,2211110130,1130,64,1116,17,59861,29483,4,0,0,43,15,2211110130,17,59861,11123,10170,1130,1130,1130.0,1130.0,0.0,-3.0,0.0,1130.0,1130.0,0.0,1096,1096,1096,1096.0,1096.0,0.0,-3.0,0.0,1096.0,1096.0,0.0,1634046407.303632,0.0,29.442987918853756
8946,0,1,0,0,3,2,1096,2211110130,1130,64,1116,17,59861,29483,4,0,0,43,15,2211110130,17,59861,11123,11300,1130,1130,1130.0,1130.0,0.0,-3.0,0.0,1130.0,1130.0,0.0,2192,1096,1096,1096.0,1096.0,0.0,-3.0,0.0,1096.0,1096.0,0.0,1634046407.304097,0.000464916229248,29.443452835083004
8947,0,1,0,0,3,2,1096,2211110130,1130,64,1116,17,59861,29483,4,0,0,43,15,2211110130,17,59861,11123,12430,1130,1130,1130.0,1130.0,0.0,-3.0,0.0,1130.0,1130.0,0.0,3288,1096,1096,1096.0,1096.0,0.0,-3.0,0.0,1096.0,1096.0,0.0,1634046407.304097,0.0,29.443452835083004
8948,0,1,0,0,3,2,1096,2211110130,1130,64,1116,17,59861,29483,4,0,0,43,15,2211110130,17,59861,11123,13560,1130,1130,1130.0,1130.0,0.0,-3.0,0.0,1130.0,1130.0,0.0,4384,1096,1096,1096.0,1096.0,0.0,-3.0,0.0,1096.0,1096.0,0.0,1634046407.304097,0.0,29.443452835083004
8949,0,1,0,0,3,2,1096,2211110130,1130,64,1116,17,59861,29483,4,0,0,43,15,2211110130,17,59861,11123,14690,1130,1130,1130.0,1130.0,0.0,-3.0,0.0,1130.0,1130.0,0.0,5480,1096,1096,1096.0,1096.0,0.0,-3.0,0.0,1096.0,1096.0,0.0,1634046407.304097,0.0,29.443452835083004
8950,0,1,0,0,3,2,1096,2211110130,1130,64,1116,17,59861,29483,4,0,0,43,15,2211110130,17,59861,11123,15820,1130,1130,1130.0,1130.0,0.0,-3.0,0.0,1130.0,1130.0,0.0,6576,1096,1096,1096.0,1096.0,0.0,-3.0,0.0,1096.0,1096.0,0.0,1634046407.304097,0.0,29.443452835083004
8951,0,1,0,0,3,2,1096,2211110130,1130,64,1116,17,59861,29483,4,0,0,43,15,2211110130,17,59861,11123,16950,1130,1130,1130.0,1130.0,0.0,-3.0,0.0,1130.0,1130.0,0.0,7672,1096,1096,1096.0,1096.0,0.0,-3.0,0.0,1096.0,1096.0,0.0,1634046407.304097,0.0,29.443452835083004
8952,0,1,0,0,3,2,1096,2211110130,1130,64,1116,17,59861,29483,4,0,0,43,15,2211110130,17,59861,11123,18080,1130,1130,1130.0,1130.0,0.0,-3.0,0.0,1130.0,1130.0,0.0,8768,1096,1096,1096.0,1096.0,0.0,-3.0,0.0,1096.0,1096.0,0.0,1634046407.304097,0.0,29.443452835083004
8953,0,1,0,0,3,2,1096,2211110130,1130,64,1116,17,59861,29483,4,0,0,43,15,2211110130,17,59861,11123,19210,1130,1130,1130.0,1130.0,0.0,-3.0,0.0,1130.0,1130.0,0.0,9864,1096,1096,1096.0,1096.0,0.0,-3.0,0.0,1096.0,1096.0,0.0,1634046407.304097,0.0,29.443452835083004
8954,0,1,0,0,3,2,1096,2211110130,1130,64,1116,17,59861,29483,4,0,0,43,15,2211110130,17,59861,11123,20340,1130,1130,1130.0,1130.0,0.0,-3.0,0.0,1130.0,1130.0,0.0,10960,1096,1096,1096.0,1096.0,0.0,-3.0,0.0,1096.0,1096.0,0.0,1634046407.304097,0.0,29.443452835083004
8955,0,1,0,0,3,2,1096,2211110130,1130,64,1116,17,59861,29483,4,0,0,43,15,2211110130,17,59861,11123,21470,1130,1130,1130.0,1130.0,0.0,-3.0,0.0,1130.0,1130.0,0.0,12056,1096,1096,1096.0,1096.0,0.0,-3.0,0.0,1096.0,1096.0,0.0,1634046407.304097,0.0,29.443452835083004
8956,0,1,0,0,3,2,1096,2211110130,1130,64,1116,17,59861,29483,4,0,0,43,15,2211110130,17,59861,11123,22600,1130,1130,1130.0,1130.0,0.0,-3.0,0.0,1130.0,1130.0,0.0,13152,1096,1096,1096.0,1096.0,0.0,-3.0,0.0,1096.0,1096.0,0.0,1634046407.304097,0.0,29.443452835083004
8957,0,1,0,0,3,2,1096,2211110130,1130,64,1116,17,59861,29483,4,0,0,43,15,2211110130,17,59861,11123,1130,1130,1130,1130.0,1130.0,0.0,-3.0,0.0,1130.0,1130.0,0.0,14248,1096,1096,1096.0,1096.0,0.0,-3.0,0.0,1096.0,1096.0,0.0,1634046407.304786,0.0006890296936035,29.444141864776608
8958,0,1,0,0,3,2,1096,2211110130,1130,64,1116,17,59861,29483,4,0,0,43,15,2211110130,17,59861,11123,2260,1130,1130,1130.0,1130.0,0.0,-3.0,0.0,1130.0,1130.0,0.0,15344,1096,1096,1096.0,1096.0,0.0,-3.0,0.0,1096.0,1096.0,0.0,1634046407.304786,0.0,29.444141864776608
8959,0,1,0,0,3,2,1096,2211110130,1130,64,1116,17,59861,29483,4,0,0,43,15,2211110130,17,59861,11123,3390,1130,1130,1130.0,1130.0,0.0,-3.0,0.0,1130.0,1130.0,0.0,16440,1096,1096,1096.0,1096.0,0.0,-3.0,0.0,1096.0,1096.0,0.0,1634046407.304786,0.0,29.444141864776608
8960,0,1,0,0,3,2,1116,2211110130,1150,64,1136,17,59861,29483,4,0,0,43,15,2211110130,17,59861,11123,4540,1130,1150,1130.0,1135.0,1.1547005383792517,-0.6666666666666665,75.0,1135.0,1130.0,5.0,17556,1096,1116,1096.0,1097.25,3.614784456460256,11.066666666666666,23.4375,1096.0,1096.0,0.0,1634046407.304786,0.0,29.444141864776608
8961,0,1,0,0,3,2,1096,2211110130,1130,64,1116,17,59861,29483,4,0,0,43,15,2211110130,17,59861,11123,5670,1130,1150,1130.0,1134.0,1.5,0.25,64.0,1130.0,1130.0,0.0,18652,1096,1116,1096.0,1097.1764705882354,3.749999999999957,12.06249999999979,22.14532871972318,1096.0,1096.0,0.0,1634046407.304786,0.0,29.444141864776608
8962,0,1,0,0,3,2,1096,2211110130,1130,64,1116,17,59861,29483,4,0,0,43,15,2211110130,17,59861,11123,6800,1130,1150,1130.0,1133.3333333333333,1.788854381999862,1.2000000000000703,55.55555555555557,1130.0,1130.0,0.0,19748,1096,1116,1096.0,1097.111111111111,3.880570000581343,13.058823529411846,20.98765432098766,1096.0,1096.0,0.0,1634046407.305398,0.0006120204925537,29.44475388526916
8963,0,1,0,0,3,2,1096,2211110130,1130,64,1116,17,59861,29483,4,0,0,43,15,2211110130,17,59861,11123,7930,1130,1150,1130.0,1132.857142857143,2.041241452319301,2.166666666666627,48.9795918367347,1130.0,1130.0,0.0,20844,1096,1116,1096.0,1097.0526315789473,4.006938426723828,14.055555555555864,19.944598337950133,1096.0,1096.0,0.0,1634046407.305398,0.0,29.44475388526916
8964,0,1,0,0,3,2,1096,2211110130,1130,64,1116,17,59861,29483,4,0,0,43,15,2211110130,17,59861,11123,9060,1130,1150,1130.0,1132.5,2.2677868380553634,3.1428571428571432,43.75,1130.0,1130.0,0.0,21940,1096,1116,1096.0,1097.0,4.129483209670112,15.05263157894737,19.0,1096.0,1096.0,0.0,1634046407.305398,0.0,29.44475388526916
8965,0,1,0,0,3,2,1096,2211110130,1130,64,1116,17,59861,29483,4,0,0,43,15,2211110130,17,59861,11123,10190,1130,1150,1130.0,1132.2222222222222,2.4748737341529403,4.125000000000078,39.50617283950618,1130.0,1130.0,0.0,1096,1096,1096,1096.0,1096.0,0.0,-3.0,0.0,1096.0,1096.0,0.0,1634046407.305398,0.0,29.44475388526916
8966,0,1,0,0,3,2,1096,2211110130,1130,64,1116,17,59861,29483,4,0,0,43,15,2211110130,17,59861,11123,11320,1130,1150,1130.0,1132.0,2.6666666666666665,5.111111111111111,36.0,1130.0,1130.0,0.0,2192,1096,1096,1096.0,1096.0,0.0,-3.0,0.0,1096.0,1096.0,0.0,1634046407.305933,0.0005350112915039,29.445288896560665
8967,0,1,0,0,3,2,1096,2211110130,1130,64,1116,17,59861,29483,4,0,0,43,15,2211110130,17,59861,11123,12450,1130,1150,1130.0,1131.8181818181818,2.8460498941515744,6.100000000000124,33.05785123966942,1130.0,1130.0,0.0,3288,1096,1096,1096.0,1096.0,0.0,-3.0,0.0,1096.0,1096.0,0.0,1634046407.305933,0.0,29.445288896560665
8968,0,1,0,0,3,2,1096,2211110130,1130,64,1116,17,59861,29483,4,0,0,43,15,2211110130,17,59861,11123,13580,1130,1150,1130.0,1131.6666666666667,3.015113445777593,7.090909090908916,30.555555555555568,1130.0,1130.0,0.0,4384,1096,1096,1096.0,1096.0,0.0,-3.0,0.0,1096.0,1096.0,0.0,1634046407.305933,0.0,29.445288896560665
8969,0,1,0,0,3,2,1096,2211110130,1130,64,1116,17,59861,29483,4,0,0,43,15,2211110130,17,59861,11123,14710,1130,1150,1130.0,1131.5384615384614,3.1754264805429995,8.083333333333577,28.40236686390534,1130.0,1130.0,0.0,5480,1096,1096,1096.0,1096.0,0.0,-3.0,0.0,1096.0,1096.0,0.0,1634046407.305933,0.0,29.445288896560665
8970,0,1,0,0,3,2,1096,2211110130,1130,64,1116,17,59861,29483,4,0,0,43,15,2211110130,17,59861,11123,15840,1130,1150,1130.0,1131.428571428571,3.3282011773514317,9.07692307692333,26.530612244897952,1130.0,1130.0,0.0,6576,1096,1096,1096.0,1096.0,0.0,-3.0,0.0,1096.0,1096.0,0.0,1634046407.305933,0.0,29.445288896560665
8971,0,1,0,0,3,2,1096,2211110130,1130,64,1116,17,59861,29483,4,0,0,43,15,2211110130,17,59861,11123,16970,1130,1150,1130.0,1131.3333333333333,3.474396144861561,10.071428571428772,24.888888888888903,1130.0,1130.0,0.0,7672,1096,1096,1096.0,1096.0,0.0,-3.0,0.0,1096.0,1096.0,0.0,1634046407.306512,0.0005791187286376,29.445868015289303
8972,0,1,0,0,3,2,1096,2211110130,1130,64,1116,17,59861,29483,4,0,0,43,15,2211110130,17,59861,11123,18100,1130,1150,1130.0,1131.25,3.614784456460256,11.066666666666666,23.4375,1130.0,1130.0,0.0,8768,1096,1096,1096.0,1096.0,0.0,-3.0,0.0,1096.0,1096.0,0.0,1634046407.306512,0.0,29.445868015289303
8973,0,1,0,0,3,2,1096,2211110130,1130,64,1116,17,59861,29483,4,0,0,43,15,2211110130,17,59861,11123,19230,1130,1150,1130.0,1131.1764705882354,3.749999999999957,12.06249999999979,22.14532871972318,1130.0,1130.0,0.0,9864,1096,1096,1096.0,1096.0,0.0,-3.0,0.0,1096.0,1096.0,0.0,1634046407.306512,0.0,29.445868015289303
8974,0,1,0,0,3,2,1096,2211110130,1130,64,1116,17,59861,29483,4,0,0,43,15,2211110130,17,59861,11123,20360,1130,1150,1130.0,1131.111111111111,3.880570000581343,13.058823529411846,20.98765432098766,1130.0,1130.0,0.0,10960,1096,1096,1096.0,1096.0,0.0,-3.0,0.0,1096.0,1096.0,0.0,1634046407.306512,0.0,29.445868015289303
8975,0,1,0,0,3,2,1096,2211110130,1130,64,1116,17,59861,29483,4,0,0,43,15,2211110130,17,59861,11123,21490,1130,1150,1130.0,1131.0526315789473,4.006938426723828,14.055555555555864,19.944598337950133,1130.0,1130.0,0.0,12056,1096,1096,1096.0,1096.0,0.0,-3.0,0.0,1096.0,1096.0,0.0,1634046407.307057,0.000544786453247,29.44641280174255
8976,0,1,0,0,3,2,1096,2211110130,1130,64,1116,17,59861,29483,4,0,0,43,15,2211110130,17,59861,11123,22620,1130,1150,1130.0,1131.0,4.129483209670112,15.05263157894737,19.0,1130.0,1130.0,0.0,13152,1096,1096,1096.0,1096.0,0.0,-3.0,0.0,1096.0,1096.0,0.0,1634046407.307057,0.0,29.44641280174255
8977,0,1,0,0,3,2,1096,2211110130,1130,64,1116,17,59861,29483,4,0,0,43,15,2211110130,17,59861,11123,1130,1130,1130,1130.0,1130.0,0.0,-3.0,0.0,1130.0,1130.0,0.0,14248,1096,1096,1096.0,1096.0,0.0,-3.0,0.0,1096.0,1096.0,0.0,1634046407.307057,0.0,29.44641280174255
8978,0,1,0,0,3,2,1096,2211110130,1130,64,1116,17,59861,29483,4,0,0,43,15,2211110130,17,59861,11123,2260,1130,1130,1130.0,1130.0,0.0,-3.0,0.0,1130.0,1130.0,0.0,15344,1096,1096,1096.0,1096.0,0.0,-3.0,0.0,1096.0,1096.0,0.0,1634046407.307057,0.0,29.44641280174255
8979,0,1,0,0,3,2,1096,2211110130,1130,64,1116,17,59861,29483,4,0,0,43,15,2211110130,17,59861,11123,3390,1130,1130,1130.0,1130.0,0.0,-3.0,0.0,1130.0,1130.0,0.0,16440,1096,1096,1096.0,1096.0,0.0,-3.0,0.0,1096.0,1096.0,0.0,1634046407.307546,0.0004889965057373,29.446901798248287
8980,0,1,0,0,3,2,1096,2211110130,1130,64,1116,17,59861,29483,4,0,0,43,15,2211110130,17,59861,11123,4520,1130,1130,1130.0,1130.0,0.0,-3.0,0.0,1130.0,1130.0,0.0,17536,1096,1096,1096.0,1096.0,0.0,-3.0,0.0,1096.0,1096.0,0.0,1634046407.307546,0.0,29.446901798248287
8981,0,1,0,0,3,2,1096,2211110130,1130,64,1116,17,59861,29483,4,0,0,43,15,2211110130,17,59861,11123,5650,1130,1130,1130.0,1130.0,0.0,-3.0,0.0,1130.0,1130.0,0.0,18632,1096,1096,1096.0,1096.0,0.0,-3.0,0.0,1096.0,1096.0,0.0,1634046407.309142,0.0015962123870849,29.448498010635372
8982,0,1,0,0,3,2,1096,2211110130,1130,64,1116,17,59861,29483,4,0,0,43,15,2211110130,17,59861,11123,6780,1130,1130,1130.0,1130.0,0.0,-3.0,0.0,1130.0,1130.0,0.0,19728,1096,1096,1096.0,1096.0,0.0,-3.0,0.0,1096.0,1096.0,0.0,1634046407.309142,0.0,29.448498010635372
8983,0,1,0,0,3,2,1096,2211110130,1130,64,1116,17,59861,29483,4,0,0,43,15,2211110130,17,59861,11123,7910,1130,1130,1130.0,1130.0,0.0,-3.0,0.0,1130.0,1130.0,0.0,20824,1096,1096,1096.0,1096.0,0.0,-3.0,0.0,1096.0,1096.0,0.0,1634046407.309142,0.0,29.448498010635372
8984,0,1,0,0,3,2,1096,2211110130,1130,64,1116,17,59861,29483,4,0,0,43,15,2211110130,17,59861,11123,9040,1130,1130,1130.0,1130.0,0.0,-3.0,0.0,1130.0,1130.0,0.0,21920,1096,1096,1096.0,1096.0,0.0,-3.0,0.0,1096.0,1096.0,0.0,1634046407.309142,0.0,29.448498010635372
8985,0,1,0,0,3,2,1096,2211110130,1130,64,1116,17,59861,29483,4,0,0,43,15,2211110130,17,59861,11123,10170,1130,1130,1130.0,1130.0,0.0,-3.0,0.0,1130.0,1130.0,0.0,1096,1096,1096,1096.0,1096.0,0.0,-3.0,0.0,1096.0,1096.0,0.0,1634046407.309667,0.0005249977111816,29.449023008346554
8986,0,1,0,0,3,2,1116,2211110130,1150,64,1136,17,59861,29483,4,0,0,43,15,2211110130,17,59861,11123,11320,1130,1150,1130.0,1132.0,2.6666666666666665,5.111111111111111,36.0,1130.0,1130.0,0.0,2212,1096,1116,1106.0,1106.0,0.0,-2.0,100.0,1111.0,1101.0,10.0,1634046407.309667,0.0,29.449023008346554
8987,0,1,0,0,3,2,1096,2211110130,1130,64,1116,17,59861,29483,4,0,0,43,15,2211110130,17,59861,11123,12450,1130,1150,1130.0,1131.8181818181818,2.846049894151573,6.100000000000124,33.05785123966942,1130.0,1130.0,0.0,3308,1096,1116,1096.0,1102.6666666666667,0.7071067811865236,-1.5000000000000222,88.88888888888887,1106.0,1096.0,10.0,1634046407.309667,0.0,29.449023008346554
8988,0,1,0,0,3,2,1096,2211110130,1130,64,1116,17,59861,29483,4,0,0,43,15,2211110130,17,59861,11123,13580,1130,1150,1130.0,1131.6666666666667,3.0151134457775943,7.090909090908921,30.55555555555556,1130.0,1130.0,0.0,4404,1096,1116,1096.0,1101.0,1.1547005383792517,-0.6666666666666665,75.0,1101.0,1096.0,5.0,1634046407.309667,0.0,29.449023008346554
8989,0,1,0,0,3,2,1096,2211110130,1130,64,1116,17,59861,29483,4,0,0,43,15,2211110130,17,59861,11123,14710,1130,1150,1130.0,1131.5384615384614,3.175426480543,8.08333333333358,28.402366863905332,1130.0,1130.0,0.0,5500,1096,1116,1096.0,1100.0,1.5,0.25,64.0,1096.0,1096.0,0.0,1634046407.310184,0.0005168914794921,29.449539899826046
8990,0,1,0,0,3,2,1096,2211110130,1130,64,1116,17,59861,29483,4,0,0,43,15,2211110130,17,59861,11123,15840,1130,1150,1130.0,1131.428571428571,3.328201177351432,9.07692307692333,26.530612244897952,1130.0,1130.0,0.0,6596,1096,1116,1096.0,1099.3333333333333,1.7888543819998608,1.2000000000000697,55.55555555555558,1096.0,1096.0,0.0,1634046407.310184,0.0,29.449539899826046
8991,0,1,0,0,3,2,1096,2211110130,1130,64,1116,17,59861,29483,4,0,0,43,15,2211110130,17,59861,11123,16970,1130,1150,1130.0,1131.3333333333333,3.474396144861562,10.071428571428774,24.8888888888889,1130.0,1130.0,0.0,7692,1096,1116,1096.0,1098.857142857143,2.041241452319301,2.166666666666627,48.9795918367347,1096.0,1096.0,0.0,1634046407.310184,0.0,29.449539899826046
8992,0,1,0,0,3,2,1096,2211110130,1130,64,1116,17,59861,29483,4,0,0,43,15,2211110130,17,59861,11123,18100,1130,1150,1130.0,1131.25,3.614784456460256,11.066666666666666,23.4375,1130.0,1130.0,0.0,8788,1096,1116,1096.0,1098.5,2.2677868380553634,3.1428571428571432,43.75,1096.0,1096.0,0.0,1634046407.310184,0.0,29.449539899826046
8993,0,1,0,0,3,2,1096,2211110130,1130,64,1116,17,59861,29483,4,0,0,43,15,2211110130,17,59861,11123,19230,1130,1150,1130.0,1131.1764705882354,3.749999999999957,12.06249999999979,22.14532871972318,1130.0,1130.0,0.0,9884,1096,1116,1096.0,1098.2222222222222,2.4748737341529403,4.125000000000078,39.50617283950618,1096.0,1096.0,0.0,1634046407.310719,0.0005350112915039,29.45007491111755
8994,0,1,0,0,3,2,1096,2211110130,1130,64,1116,17,59861,29483,4,0,0,43,15,2211110130,17,59861,11123,20360,1130,1150,1130.0,1131.111111111111,3.880570000581343,13.058823529411846,20.98765432098766,1130.0,1130.0,0.0,10980,1096,1116,1096.0,1098.0,2.6666666666666665,5.111111111111111,36.0,1096.0,1096.0,0.0,1634046407.310719,0.0,29.45007491111755
8995,0,1,0,0,3,2,1096,2211110130,1130,64,1116,17,59861,29483,4,0,0,43,15,2211110130,17,59861,11123,21490,1130,1150,1130.0,1131.0526315789473,4.006938426723828,14.055555555555864,19.944598337950133,1130.0,1130.0,0.0,12076,1096,1116,1096.0,1097.8181818181818,2.8460498941515744,6.100000000000124,33.05785123966942,1096.0,1096.0,0.0,1634046407.310719,0.0,29.45007491111755
8996,0,1,0,0,3,2,1096,2211110130,1130,64,1116,17,59861,29483,4,0,0,43,15,2211110130,17,59861,11123,22620,1130,1150,1130.0,1131.0,4.129483209670112,15.05263157894737,19.0,1130.0,1130.0,0.0,13172,1096,1116,1096.0,1097.6666666666667,3.015113445777593,7.090909090908916,30.555555555555568,1096.0,1096.0,0.0,1634046407.310719,0.0,29.45007491111755
8997,0,1,0,0,3,2,1096,2211110130,1130,64,1116,17,59861,29483,4,0,0,43,15,2211110130,17,59861,11123,1130,1130,1130,1130.0,1130.0,0.0,-3.0,0.0,1130.0,1130.0,0.0,14268,1096,1116,1096.0,1097.5384615384614,3.1754264805429995,8.083333333333577,28.40236686390534,1096.0,1096.0,0.0,1634046407.310719,0.0,29.45007491111755
8998,0,1,0,0,3,2,1096,2211110130,1130,64,1116,17,59861,29483,4,0,0,43,15,2211110130,17,59861,11123,2260,1130,1130,1130.0,1130.0,0.0,-3.0,0.0,1130.0,1130.0,0.0,15364,1096,1116,1096.0,1097.428571428571,3.3282011773514317,9.07692307692333,26.530612244897952,1096.0,1096.0,0.0,1634046407.311363,0.0006439685821533,29.450718879699703
8999,0,1,0,0,3,2,1096,2211110130,1130,64,1116,17,59861,29483,4,0,0,43,15,2211110130,17,59861,11123,3390,1130,1130,1130.0,1130.0,0.0,-3.0,0.0,1130.0,1130.0,0.0,16460,1096,1116,1096.0,1097.3333333333333,3.474396144861561,10.071428571428772,24.888888888888903,1096.0,1096.0,0.0,1634046407.311363,0.0,29.450718879699703
9000,0,1,0,0,2,3,60,3232270721,94,47,80,17,29483,59861,4,0,0,43,15,2211110130,17,59861,11123,3484,94,1130,1130.0,871.0,-1.1547005383792517,-0.6666666666666665,201243.0,1130.0,871.0,259.0,16520,60,1116,1096.0,1032.5,-3.612466745270548,11.056437214953894,63073.75,1096.0,1096.0,0.0,1634046407.311542,0.0001790523529052,29.45089793205261
9001,0,1,0,0,3,2,1096,2211110130,1130,64,1116,17,59861,29483,4,0,0,43,15,2211110130,17,59861,11123,4614,94,1130,1130.0,922.8,-1.5,0.25,171727.36,1130.0,1130.0,0.0,17616,60,1116,1096.0,1036.235294117647,-3.7476137006394223,12.051517244761015,59586.76816608997,1096.0,1096.0,0.0,1634046407.319067,0.0075249671936035,29.458422899246212
9002,0,1,0,0,3,2,1096,2211110130,1130,64,1116,17,59861,29483,4,0,0,43,15,2211110130,17,59861,11123,5744,94,1130,1130.0,957.3333333333334,-1.7888543819998324,1.200000000000001,149068.88888888888,1130.0,1130.0,0.0,18712,60,1116,1096.0,1039.5555555555557,-3.878117093396444,13.047088435632762,56463.80246913579,1096.0,1096.0,0.0,1634046407.319067,0.0,29.458422899246212
9003,0,1,0,0,3,2,1096,2211110130,1130,64,1116,17,59861,29483,4,0,0,43,15,2211110130,17,59861,11123,6874,94,1130,1130.0,982.0,-2.0412414523193148,2.166666666666667,131424.0,1130.0,1130.0,0.0,19808,60,1116,1096.0,1042.5263157894738,-4.004420723481373,14.043068933092911,53650.88088642659,1096.0,1096.0,0.0,1634046407.319067,0.0,29.458422899246212
9004,0,1,0,0,3,2,1096,2211110130,1130,64,1116,17,59861,29483,4,0,0,43,15,2211110130,17,59861,11123,8004,94,1130,1130.0,1000.5,-2.2677868380553634,3.1428571428571432,117391.75,1130.0,1130.0,0.0,20904,60,1116,1096.0,1045.2,-4.126902377109573,15.039394113983292,51104.16,1096.0,1096.0,0.0,1634046407.319708,0.0006411075592041,29.459064006805416
9005,0,1,0,0,3,2,1096,2211110130,1130,64,1116,17,59861,29483,4,0,0,43,15,2211110130,17,59861,11123,9134,94,1130,1130.0,1014.8888888888888,-2.474873734152917,4.124999999999999,106004.54320987656,1130.0,1130.0,0.0,1096,1096,1096,1096.0,1096.0,0.0,-3.0,0.0,1096.0,1096.0,0.0,1634046407.319708,0.0,29.459064006805416
9006,0,1,0,0,3,2,1096,2211110130,1130,64,1116,17,59861,29483,4,0,0,43,15,2211110130,17,59861,11123,10264,94,1130,1130.0,1026.4,-2.666666666666668,5.111111111111114,96596.63999999998,1130.0,1130.0,0.0,2192,1096,1096,1096.0,1096.0,0.0,-3.0,0.0,1096.0,1096.0,0.0,1634046407.319708,0.0,29.459064006805416
9007,0,1,0,0,3,2,1096,2211110130,1130,64,1116,17,59861,29483,4,0,0,43,15,2211110130,17,59861,11123,11394,94,1130,1130.0,1035.8181818181818,-2.846049894151541,6.100000000000001,88702.14876033057,1130.0,1130.0,0.0,3288,1096,1096,1096.0,1096.0,0.0,-3.0,0.0,1096.0,1096.0,0.0,1634046407.320379,0.0006709098815917,29.459734916687008
9008,0,1,0,0,3,2,1096,2211110130,1130,64,1116,17,59861,29483,4,0,0,43,15,2211110130,17,59861,11123,12524,94,1130,1130.0,1043.6666666666667,-3.015113445777637,7.090909090909101,81987.88888888886,1130.0,1130.0,0.0,4384,1096,1096,1096.0,1096.0,0.0,-3.0,0.0,1096.0,1096.0,0.0,1634046407.320379,0.0,29.459734916687008
9009,0,1,0,0,3,2,1096,2211110130,1130,64,1116,17,59861,29483,4,0,0,43,15,2211110130,17,59861,11123,13654,94,1130,1130.0,1050.3076923076924,-3.175426480542943,8.083333333333341,76210.36686390532,1130.0,1130.0,0.0,5480,1096,1096,1096.0,1096.0,0.0,-3.0,0.0,1096.0,1096.0,0.0,1634046407.320379,0.0,29.459734916687008
9010,0,1,0,0,3,2,1096,2211110130,1130,64,1116,17,59861,29483,4,0,0,43,15,2211110130,17,59861,11123,14784,94,1130,1130.0,1056.0,-3.328201177351375,9.076923076923077,71188.0,1130.0,1130.0,0.0,6576,1096,1096,1096.0,1096.0,0.0,-3.0,0.0,1096.0,1096.0,0.0,1634046407.321011,0.0006320476531982,29.460366964340206
9011,0,1,0,0,3,2,1096,2211110130,1130,64,1116,17,59861,29483,4,0,0,43,15,2211110130,17,59861,11123,15914,94,1130,1130.0,1060.9333333333334,-3.47439614486152,10.071428571428577,66782.8622222222,1130.0,1130.0,0.0,7672,1096,1096,1096.0,1096.0,0.0,-3.0,0.0,1096.0,1096.0,0.0,1634046407.321011,0.0,29.460366964340206
9012,0,1,0,0,3,2,1096,2211110130,1130,64,1116,17,59861,29483,4,0,0,43,15,2211110130,17,59861,11123,17044,94,1130,1130.0,1065.25,-3.614784456460256,11.066666666666666,62888.4375,1130.0,1130.0,0.0,8768,1096,1096,1096.0,1096.0,0.0,-3.0,0.0,1096.0,1096.0,0.0,1634046407.321011,0.0,29.460366964340206
9013,0,1,0,0,3,2,1116,2211110130,1150,64,1136,17,59861,29483,4,0,0,43,15,2211110130,17,59861,11123,18194,94,1150,1130.0,1070.235294117647,-3.7476137006394223,12.051517244761014,59586.76816608997,1130.0,1130.0,0.0,9884,1096,1116,1096.0,1098.2222222222222,2.4748737341529408,4.125000000000081,39.50617283950617,1096.0,1096.0,0.0,1634046407.321638,0.0006270408630371,29.460994005203244
9014,0,1,0,0,3,2,1096,2211110130,1130,64,1116,17,59861,29483,4,0,0,43,15,2211110130,17,59861,11123,19324,94,1150,1130.0,1073.5555555555557,-3.878117093396443,13.047088435632755,56463.8024691358,1130.0,1130.0,0.0,10980,1096,1116,1096.0,1098.0,2.6666666666666665,5.111111111111111,36.0,1096.0,1096.0,0.0,1634046407.321638,0.0,29.460994005203244
9015,0,1,0,0,3,2,1096,2211110130,1130,64,1116,17,59861,29483,4,0,0,43,15,2211110130,17,59861,11123,20454,94,1150,1130.0,1076.5263157894738,-4.004420723481373,14.043068933092917,53650.88088642659,1130.0,1130.0,0.0,12076,1096,1116,1096.0,1097.8181818181818,2.8460498941515744,6.100000000000124,33.05785123966942,1096.0,1096.0,0.0,1634046407.321638,0.0,29.460994005203244
9016,0,1,0,0,3,2,1096,2211110130,1130,64,1116,17,59861,29483,4,0,0,43,15,2211110130,17,59861,11123,21584,94,1150,1130.0,1079.2,-4.126902377109574,15.039394113983292,51104.16,1130.0,1130.0,0.0,13172,1096,1116,1096.0,1097.6666666666667,3.0151134457775943,7.090909090908921,30.55555555555556,1096.0,1096.0,0.0,1634046407.322306,0.0006678104400634,29.461661815643307
9017,0,1,0,0,3,2,1096,2211110130,1130,64,1116,17,59861,29483,4,0,0,43,15,2211110130,17,59861,11123,1130,1130,1130,1130.0,1130.0,0.0,-3.0,0.0,1130.0,1130.0,0.0,14268,1096,1116,1096.0,1097.5384615384614,3.175426480543,8.08333333333358,28.402366863905332,1096.0,1096.0,0.0,1634046407.322306,0.0,29.461661815643307
9018,0,1,0,0,3,2,1096,2211110130,1130,64,1116,17,59861,29483,4,0,0,43,15,2211110130,17,59861,11123,2260,1130,1130,1130.0,1130.0,0.0,-3.0,0.0,1130.0,1130.0,0.0,15364,1096,1116,1096.0,1097.428571428571,3.328201177351432,9.07692307692333,26.530612244897952,1096.0,1096.0,0.0,1634046407.322306,0.0,29.461661815643307
9019,0,1,0,0,3,2,1096,2211110130,1130,64,1116,17,59861,29483,4,0,0,43,15,2211110130,17,59861,11123,3390,1130,1130,1130.0,1130.0,0.0,-3.0,0.0,1130.0,1130.0,0.0,16460,1096,1116,1096.0,1097.3333333333333,3.474396144861562,10.071428571428774,24.8888888888889,1096.0,1096.0,0.0,1634046407.322949,0.0006430149078369,29.462304830551144
9020,0,1,0,0,3,2,1096,2211110130,1130,64,1116,17,59861,29483,4,0,0,43,15,2211110130,17,59861,11123,4520,1130,1130,1130.0,1130.0,0.0,-3.0,0.0,1130.0,1130.0,0.0,17556,1096,1116,1096.0,1097.25,3.614784456460256,11.066666666666666,23.4375,1096.0,1096.0,0.0,1634046407.322949,0.0,29.462304830551144
9021,0,1,0,0,3,2,1096,2211110130,1130,64,1116,17,59861,29483,4,0,0,43,15,2211110130,17,59861,11123,5650,1130,1130,1130.0,1130.0,0.0,-3.0,0.0,1130.0,1130.0,0.0,18652,1096,1116,1096.0,1097.1764705882354,3.749999999999957,12.06249999999979,22.14532871972318,1096.0,1096.0,0.0,1634046407.322949,0.0,29.462304830551144
9022,0,1,0,0,3,2,1096,2211110130,1130,64,1116,17,59861,29483,4,0,0,43,15,2211110130,17,59861,11123,6780,1130,1130,1130.0,1130.0,0.0,-3.0,0.0,1130.0,1130.0,0.0,19748,1096,1116,1096.0,1097.111111111111,3.880570000581343,13.058823529411846,20.98765432098766,1096.0,1096.0,0.0,1634046407.323609,0.0006601810455322,29.462965011596676
9023,0,1,0,0,3,2,1096,2211110130,1130,64,1116,17,59861,29483,4,0,0,43,15,2211110130,17,59861,11123,7910,1130,1130,1130.0,1130.0,0.0,-3.0,0.0,1130.0,1130.0,0.0,20844,1096,1116,1096.0,1097.0526315789473,4.006938426723828,14.055555555555864,19.944598337950133,1096.0,1096.0,0.0,1634046407.323609,0.0,29.462965011596676
9024,0,1,0,0,3,2,1096,2211110130,1130,64,1116,17,59861,29483,4,0,0,43,15,2211110130,17,59861,11123,9040,1130,1130,1130.0,1130.0,0.0,-3.0,0.0,1130.0,1130.0,0.0,21940,1096,1116,1096.0,1097.0,4.129483209670112,15.05263157894737,19.0,1096.0,1096.0,0.0,1634046407.323609,0.0,29.462965011596676
9025,0,1,0,0,3,2,1096,2211110130,1130,64,1116,17,59861,29483,4,0,0,43,15,2211110130,17,59861,11123,10170,1130,1130,1130.0,1130.0,0.0,-3.0,0.0,1130.0,1130.0,0.0,1096,1096,1096,1096.0,1096.0,0.0,-3.0,0.0,1096.0,1096.0,0.0,1634046407.324269,0.0006599426269531,29.46362495422363
9026,0,1,0,0,3,2,1096,2211110130,1130,64,1116,17,59861,29483,4,0,0,43,15,2211110130,17,59861,11123,11300,1130,1130,1130.0,1130.0,0.0,-3.0,0.0,1130.0,1130.0,0.0,2192,1096,1096,1096.0,1096.0,0.0,-3.0,0.0,1096.0,1096.0,0.0,1634046407.324269,0.0,29.46362495422363
9027,0,1,0,0,3,2,1096,2211110130,1130,64,1116,17,59861,29483,4,0,0,43,15,2211110130,17,59861,11123,12430,1130,1130,1130.0,1130.0,0.0,-3.0,0.0,1130.0,1130.0,0.0,3288,1096,1096,1096.0,1096.0,0.0,-3.0,0.0,1096.0,1096.0,0.0,1634046407.324269,0.0,29.46362495422363
9028,0,1,0,0,3,2,1096,2211110130,1130,64,1116,17,59861,29483,4,0,0,43,15,2211110130,17,59861,11123,13560,1130,1130,1130.0,1130.0,0.0,-3.0,0.0,1130.0,1130.0,0.0,4384,1096,1096,1096.0,1096.0,0.0,-3.0,0.0,1096.0,1096.0,0.0,1634046407.324269,0.0,29.46362495422363
9029,0,1,0,0,3,2,1096,2211110130,1130,64,1116,17,59861,29483,4,0,0,43,15,2211110130,17,59861,11123,14690,1130,1130,1130.0,1130.0,0.0,-3.0,0.0,1130.0,1130.0,0.0,5480,1096,1096,1096.0,1096.0,0.0,-3.0,0.0,1096.0,1096.0,0.0,1634046407.324803,0.0005340576171875,29.464159011840817
9030,0,1,0,0,3,2,1096,2211110130,1130,64,1116,17,59861,29483,4,0,0,43,15,2211110130,17,59861,11123,15820,1130,1130,1130.0,1130.0,0.0,-3.0,0.0,1130.0,1130.0,0.0,6576,1096,1096,1096.0,1096.0,0.0,-3.0,0.0,1096.0,1096.0,0.0,1634046407.324803,0.0,29.464159011840817
9031,0,1,0,0,3,2,1096,2211110130,1130,64,1116,17,59861,29483,4,0,0,43,15,2211110130,17,59861,11123,16950,1130,1130,1130.0,1130.0,0.0,-3.0,0.0,1130.0,1130.0,0.0,7672,1096,1096,1096.0,1096.0,0.0,-3.0,0.0,1096.0,1096.0,0.0,1634046407.324803,0.0,29.464159011840817
9032,0,1,0,0,3,2,1096,2211110130,1130,64,1116,17,59861,29483,4,0,0,43,15,2211110130,17,59861,11123,18080,1130,1130,1130.0,1130.0,0.0,-3.0,0.0,1130.0,1130.0,0.0,8768,1096,1096,1096.0,1096.0,0.0,-3.0,0.0,1096.0,1096.0,0.0,1634046407.324803,0.0,29.464159011840817
9033,0,1,0,0,3,2,1096,2211110130,1130,64,1116,17,59861,29483,4,0,0,43,15,2211110130,17,59861,11123,19210,1130,1130,1130.0,1130.0,0.0,-3.0,0.0,1130.0,1130.0,0.0,9864,1096,1096,1096.0,1096.0,0.0,-3.0,0.0,1096.0,1096.0,0.0,1634046407.32534,0.0005369186401367,29.464695930480953
9034,0,1,0,0,3,2,1096,2211110130,1130,64,1116,17,59861,29483,4,0,0,43,15,2211110130,17,59861,11123,20340,1130,1130,1130.0,1130.0,0.0,-3.0,0.0,1130.0,1130.0,0.0,10960,1096,1096,1096.0,1096.0,0.0,-3.0,0.0,1096.0,1096.0,0.0,1634046407.32534,0.0,29.464695930480953
9035,0,1,0,0,3,2,1096,2211110130,1130,64,1116,17,59861,29483,4,0,0,43,15,2211110130,17,59861,11123,21470,1130,1130,1130.0,1130.0,0.0,-3.0,0.0,1130.0,1130.0,0.0,12056,1096,1096,1096.0,1096.0,0.0,-3.0,0.0,1096.0,1096.0,0.0,1634046407.32534,0.0,29.464695930480953
9036,0,1,0,0,3,2,1096,2211110130,1130,64,1116,17,59861,29483,4,0,0,43,15,2211110130,17,59861,11123,22600,1130,1130,1130.0,1130.0,0.0,-3.0,0.0,1130.0,1130.0,0.0,13152,1096,1096,1096.0,1096.0,0.0,-3.0,0.0,1096.0,1096.0,0.0,1634046407.32534,0.0,29.464695930480953
9037,0,1,0,0,3,2,1096,2211110130,1130,64,1116,17,59861,29483,4,0,0,43,15,2211110130,17,59861,11123,1130,1130,1130,1130.0,1130.0,0.0,-3.0,0.0,1130.0,1130.0,0.0,14248,1096,1096,1096.0,1096.0,0.0,-3.0,0.0,1096.0,1096.0,0.0,1634046407.325865,0.0005249977111816,29.465220928192135
9038,0,1,0,0,3,2,1096,2211110130,1130,64,1116,17,59861,29483,4,0,0,43,15,2211110130,17,59861,11123,2260,1130,1130,1130.0,1130.0,0.0,-3.0,0.0,1130.0,1130.0,0.0,15344,1096,1096,1096.0,1096.0,0.0,-3.0,0.0,1096.0,1096.0,0.0,1634046407.325865,0.0,29.465220928192135
9039,0,1,0,0,3,2,1116,2211110130,1150,64,1136,17,59861,29483,4,0,0,43,15,2211110130,17,59861,11123,3410,1130,1150,1130.0,1136.6666666666667,0.7071067811865238,-1.5000000000000222,88.88888888888887,1140.0,1130.0,10.0,16460,1096,1116,1096.0,1097.3333333333333,3.474396144861561,10.07142857142878,24.888888888888893,1096.0,1096.0,0.0,1634046407.325865,0.0,29.465220928192135
9040,0,1,0,0,3,2,1096,2211110130,1130,64,1116,17,59861,29483,4,0,0,43,15,2211110130,17,59861,11123,4540,1130,1150,1130.0,1135.0,1.1547005383792517,-0.6666666666666665,75.0,1135.0,1130.0,5.0,17556,1096,1116,1096.0,1097.25,3.614784456460256,11.066666666666666,23.4375,1096.0,1096.0,0.0,1634046407.325865,0.0,29.465220928192135
9041,0,1,0,0,3,2,1096,2211110130,1130,64,1116,17,59861,29483,4,0,0,43,15,2211110130,17,59861,11123,5670,1130,1150,1130.0,1134.0,1.5,0.25,64.0,1130.0,1130.0,0.0,18652,1096,1116,1096.0,1097.1764705882354,3.749999999999957,12.06249999999979,22.14532871972318,1096.0,1096.0,0.0,1634046407.3264,0.0005350112915039,29.46575593948364
9042,0,1,0,0,3,2,1096,2211110130,1130,64,1116,17,59861,29483,4,0,0,43,15,2211110130,17,59861,11123,6800,1130,1150,1130.0,1133.3333333333333,1.7888543819998612,1.2000000000000703,55.55555555555557,1130.0,1130.0,0.0,19748,1096,1116,1096.0,1097.111111111111,3.880570000581343,13.058823529411846,20.98765432098766,1096.0,1096.0,0.0,1634046407.3264,0.0,29.46575593948364
9043,0,1,0,0,3,2,1096,2211110130,1130,64,1116,17,59861,29483,4,0,0,43,15,2211110130,17,59861,11123,7930,1130,1150,1130.0,1132.857142857143,2.041241452319301,2.166666666666627,48.9795918367347,1130.0,1130.0,0.0,20844,1096,1116,1096.0,1097.0526315789473,4.006938426723828,14.055555555555864,19.944598337950133,1096.0,1096.0,0.0,1634046407.3264,0.0,29.46575593948364
9044,0,1,0,0,3,2,147,2211110130,181,64,167,17,59861,29483,4,0,0,43,15,2211110130,17,59861,11123,8111,181,1150,1130.0,1013.875,-2.265806812660674,3.1379484386232503,99140.109375,1130.0,1130.0,0.0,20991,147,1116,1096.0,1049.55,-4.126405138113645,15.03686387019912,42892.4475,1096.0,1096.0,0.0,1634046407.3264,0.0,29.46575593948364
9045,0,1,0,0,3,2,408,2211110130,442,64,428,17,59861,29483,4,0,0,43,15,2211110130,17,59861,11123,8553,181,1150,1130.0,950.3333333333334,-1.446232292434176,0.2556693285585938,120424.88888888888,1130.0,1130.0,0.0,408,408,408,408.0,408.0,0.0,-3.0,0.0,408.0,408.0,0.0,1634046407.3264,0.0,29.46575593948364
9046,0,1,0,0,3,2,1104,2211110130,1138,64,1124,17,59861,29483,4,0,0,43,15,2211110130,17,59861,11123,9691,181,1150,1130.0,969.1,-1.6109549130083485,0.767841619726179,111552.09,1130.0,1130.0,0.0,1512,408,1104,756.0,756.0,0.0,-2.0,121104.0,930.0,582.0,348.0,1634046407.331392,0.0049920082092285,29.470747947692868
9047,0,1,0,0,3,2,1096,2211110130,1130,64,1116,17,59861,29483,4,0,0,43,15,2211110130,17,59861,11123,10821,181,1150,1130.0,983.7272727272727,-1.7625859327089388,1.2888801646538663,103550.56198347108,1130.0,1130.0,0.0,2608,408,1104,1096.0,869.3333333333334,-0.7067878735664249,-1.4999999999999996,106424.88888888888,1100.0,752.0,348.0,1634046407.331392,0.0,29.470747947692868
9048,0,1,0,0,3,2,1012,2211110130,1046,64,1032,17,59861,29483,4,0,0,43,15,2211110130,17,59861,11123,11867,181,1150,1130.0,988.9166666666666,-1.8821485829643951,1.7747640494197352,95217.57638888888,1130.0,1109.0,21.0,3620,408,1104,1054.0,905.0,-1.1027611791931933,-0.7110315106376555,83635.0,1098.0,861.0,237.0,1634046407.331392,0.0,29.470747947692868
9049,0,1,0,0,3,2,408,2211110130,442,64,428,17,59861,29483,4,0,0,43,15,2211110130,17,59861,11123,12309,181,1150,1130.0,946.8461538461538,-1.3808511517476556,0.1320882697896683,109132.28402366865,1130.0,1046.0,84.0,4028,408,1104,1012.0,805.6,-0.3793469785226631,-1.8198778888693536,106429.44,1096.0,408.0,688.0,1634046407.337003,0.0056109428405761,29.476358890533444
9050,0,1,0,0,3,2,60,2211110130,94,64,80,17,59861,29483,4,0,0,43,15,2211110130,17,59861,11123,12403,94,1150,1130.0,885.9285714285714,-1.088539202566168,-0.5982205956838165,149579.4948979592,1130.0,593.0,537.0,4088,60,1104,710.0,681.3333333333334,-0.241085262581008,-1.5852208847635876,165902.22222222222,1075.0,408.0,667.0,1634046407.350591,0.0135879516601562,29.4899468421936
9051,0,1,0,0,3,2,1096,2211110130,1130,64,1116,17,59861,29483,4,0,0,43,15,2211110130,17,59861,11123,13533,94,1150,1130.0,902.2,-1.1944741654569735,-0.3522636917481474,143314.16,1130.0,744.0,386.0,5184,60,1104,1012.0,740.5714285714286,-0.5002546719442594,-1.4253000313092452,163256.81632653062,1096.0,408.0,688.0,1634046407.350591,0.0,29.4899468421936
9052,0,1,0,0,3,2,1096,2211110130,1130,64,1116,17,59861,29483,4,0,0,43,15,2211110130,17,59861,11123,14663,94,1150,1130.0,916.4375,-1.293704057075086,-0.1005398777171846,137397.62109375,1130.0,895.0,235.0,6280,60,1104,1054.0,785.0,-0.7132723373721439,-1.1780152998028075,156667.0,1096.0,408.0,688.0,1634046407.351186,0.0005950927734375,29.490541934967037
9053,0,1,0,0,3,2,1096,2211110130,1130,64,1116,17,59861,29483,4,0,0,43,15,2211110130,17,59861,11123,15793,94,1150,1130.0,929.0,-1.3872601932039712,0.1556438051987267,131840.4705882353,1130.0,1046.0,84.0,7376,60,1104,1096.0,819.5555555555555,-0.8961046267827218,-0.88516587166295,148812.24691358025,1096.0,408.0,688.0,1634046407.351186,0.0,29.490541934967037
9054,0,1,0,0,3,2,1096,2211110130,1130,64,1116,17,59861,29483,4,0,0,43,15,2211110130,17,59861,11123,16923,94,1150,1130.0,940.1666666666666,-1.4759448606699836,0.4153474569774924,126635.80555555556,1130.0,1067.0,63.0,8472,60,1104,1096.0,847.2,-1.0576489156065731,-0.5656035856829318,140808.96000000002,1096.0,559.0,537.0,1634046407.351186,0.0,29.490541934967037
9055,0,1,0,0,3,2,923,2211110130,957,64,943,17,59861,29483,4,0,0,43,15,2211110130,17,59861,11123,17880,94,1150,1130.0,941.0526315789474,-1.5237884995203062,0.6197907463634613,119984.89196675898,1130.0,1001.5,128.5,9395,60,1104,1096.0,854.0909090909091,-1.1599484987652204,-0.2547591825297277,128482.99173553716,1096.0,665.5,430.5,1634046407.351186,0.0,29.490541934967037
9056,0,1,0,0,2,3,60,3232270721,94,47,80,17,29483,59861,4,0,0,43,15,2211110130,17,59861,11123,17974,94,1150,1130.0,898.7,-1.257792669259616,-0.1944079927814272,148066.81,1130.0,828.25,301.75,9455,60,1104,1054.0,787.9166666666666,-0.8500445705523202,-0.999556176493288,165945.40972222222,1096.0,408.0,688.0,1634046407.367962,0.0167758464813232,29.50731778144836
9057,0,1,0,0,2,3,52,3232270721,86,47,72,17,29483,59861,4,0,0,43,15,2211110130,17,59861,11123,86,86,86,86.0,86.0,0.0,-3.0,0.0,86.0,86.0,0.0,9507,52,1104,1012.0,731.3076923076923,-0.6076318921844269,-1.4158977624589164,191635.2899408284,1096.0,408.0,688.0,1634046407.368017,5.507469177246094e-05,29.507372856140133
9058,0,1,0,0,3,2,408,2211110130,442,64,428,17,59861,29483,4,0,0,43,15,2211110130,17,59861,11123,528,86,442,264.0,264.0,0.0,-2.0,31684.0,353.0,175.0,178.0,9915,52,1104,967.5,708.2142857142857,-0.4645200767810668,-1.5138689220181627,184880.02551020408,1096.0,408.0,688.0,1634046407.378026,0.0100090503692626,29.517381906509396
9059,0,1,0,0,3,2,56,2211110130,90,64,76,17,59861,29483,4,0,0,43,15,2211110130,17,59861,11123,618,86,442,90.0,206.0,0.7068021226681264,-1.5,27850.666666666668,266.0,88.0,178.0,9971,52,1104,923.0,664.7333333333333,-0.3031664927463546,-1.6737990425964566,199022.99555555556,1096.0,234.0,862.0,1634046407.397297,0.019270896911621,29.536652803421017
9060,0,1,0,0,3,2,1096,2211110130,1130,64,1116,17,59861,29483,4,0,0,43,15,2211110130,17,59861,11123,1748,86,1130,266.0,437.0,0.8046470280495862,-1.0128861106972584,180971.0,614.0,89.0,525.0,11067,52,1104,967.5,691.6875,-0.412613127109438,-1.6037486844665858,197481.96484375,1096.0,321.0,775.0,1634046407.397297,0.0,29.536652803421017
9061,0,1,0,0,3,2,1096,2211110130,1130,64,1116,17,59861,29483,4,0,0,43,15,2211110130,17,59861,11123,2878,86,1130,442.0,575.6,0.2042512341766656,-1.7688901328541815,221616.64000000004,1130.0,90.0,1040.0,12163,52,1104,1012.0,715.4705882352941,-0.5126237939917938,-1.5166342246775355,194915.5432525952,1096.0,408.0,688.0,1634046407.3979,0.0006031990051269,29.537256002426144
9062,0,1,0,0,3,2,1096,2211110130,1130,64,1116,17,59861,29483,4,0,0,43,15,2211110130,17,59861,11123,4008,86,1130,786.0,668.0,-0.1628705261417607,-1.821236674753537,227369.3333333333,1130.0,178.0,952.0,13259,52,1104,1054.0,736.6111111111111,-0.6049315393131025,-1.4168694339536874,191684.57098765436,1096.0,408.0,688.0,1634046407.3979,0.0,29.537256002426144
9063,0,1,0,0,3,2,1096,2211110130,1130,64,1116,17,59861,29483,4,0,0,43,15,2211110130,17,59861,11123,5138,86,1130,1130.0,734.0,-0.4340115852152113,-1.6724803271881752,221024.0,1130.0,266.0,864.0,14355,52,1104,1096.0,755.5263157894736,-0.6908355019323017,-1.3074739320836728,188036.03878116343,1096.0,408.0,688.0,1634046407.3979,0.0,29.537256002426144
9064,0,1,0,0,3,2,1096,2211110130,1130,64,1116,17,59861,29483,4,0,0,43,15,2211110130,17,59861,11123,6268,86,1130,1130.0,783.5,-0.6529936924641202,-1.4387976158801603,210547.75,1130.0,354.0,776.0,15451,52,1104,1096.0,772.55,-0.771331826790822,-1.1905807583852792,184140.5475,1096.0,408.0,688.0,1634046407.398427,0.0005269050598144,29.53778290748596
9065,0,1,0,0,3,2,725,2211110130,759,64,745,17,59861,29483,4,0,0,43,15,2211110130,17,59861,11123,7027,86,1130,1130.0,780.7777777777778,-0.6734207969852534,-1.2619432237677797,187212.83950617284,1130.0,442.0,688.0,725,725,725,725.0,725.0,0.0,-3.0,0.0,725.0,725.0,0.0,1634046407.398427,0.0,29.53778290748596
9066,0,1,0,0,2,3,56,3232270721,90,47,76,17,29483,59861,4,0,0,43,15,2211110130,17,59861,11123,7117,86,1130,944.5,711.7,-0.3899267025036681,-1.6345567774686327,211437.21,1130.0,178.0,952.0,781,56,725,390.5,390.5,0.0,-2.0,111890.25,557.75,223.25,334.5,1634046407.403245,0.0048179626464843,29.542600870132443
9067,0,1,0,0,2,3,60,3232270721,94,47,80,17,29483,59861,4,0,0,43,15,2211110130,17,59861,11123,7211,86,1130,759.0,655.5454545454545,-0.1702512764625671,-1.7927787833229285,223748.9752066116,1130.0,92.0,1038.0,841,56,725,60.0,280.3333333333333,0.7070209568412331,-1.5,98866.88888888888,392.5,58.0,334.5,1634046407.4033,5.507469177246094e-05,29.542655944824215
9068,0,1,0,0,3,2,1096,2211110130,1130,64,1116,17,59861,29483,4,0,0,43,15,2211110130,17,59861,11123,8341,86,1130,944.5,695.0833333333334,-0.3248396113196092,-1.7267251756645252,222298.90972222225,1130.0,93.0,1037.0,1937,56,1096,392.5,484.25,0.2480009268585727,-1.6764046420190832,198896.1875,817.75,59.0,758.75,1634046407.408783,0.0054829120635986,29.548138856887814
9069,0,1,0,0,3,2,1096,2211110130,1130,64,1116,17,59861,29483,4,0,0,43,15,2211110130,17,59861,11123,9471,86,1130,1130.0,728.5384615384615,-0.4605441515246558,-1.626246951301128,218629.94082840235,1130.0,94.0,1036.0,3033,56,1096,725.0,606.6,-0.1837070007038428,-1.7651928735129974,218995.04,1096.0,60.0,1036.0,1634046407.413461,0.0046780109405517,29.552816867828366
9070,0,1,0,0,3,2,1096,2211110130,1130,64,1116,17,59861,29483,4,0,0,43,15,2211110130,17,59861,11123,10601,86,1130,1130.0,757.2142857142857,-0.5820702826477533,-1.5029284192079584,213703.45408163263,1130.0,181.0,949.0,4129,56,1096,910.5,688.1666666666666,-0.493829254635613,-1.5736380098385834,215761.47222222225,1096.0,226.25,869.75,1634046407.413461,0.0,29.552816867828366
9071,0,1,0,0,2,3,60,3232270721,94,47,80,17,29483,59861,4,0,0,43,15,2211110130,17,59861,11123,10695,86,1130,1130.0,713.0,-0.3975293377072043,-1.7084329701653092,226825.2,1130.0,94.0,1036.0,4189,56,1096,725.0,598.4285714285714,-0.1270568025918624,-1.8478631201203792,233255.95918367343,1096.0,60.0,1036.0,1634046407.418532,0.0050709247589111,29.557887792587277
9072,0,1,0,0,3,2,1116,2211110130,1150,64,1136,17,59861,29483,4,0,0,43,15,2211110130,17,59861,11123,11845,86,1150,1130.0,740.3125,-0.5042960559870898,-1.614688943975467,223838.21484375,1130.0,94.0,1036.0,5305,56,1116,910.5,663.125,-0.3615214397210017,-1.7427156640932029,233398.359375,1096.0,60.0,1036.0,1634046407.425725,0.0071930885314941,29.56508088111877
9073,0,1,0,0,3,2,1096,2211110130,1130,64,1116,17,59861,29483,4,0,0,43,15,2211110130,17,59861,11123,12975,86,1150,1130.0,763.2352941176471,-0.6032762137443868,-1.5068626483233,219078.53287197236,1130.0,94.0,1036.0,6401,56,1116,1096.0,711.2222222222222,-0.5579975758471682,-1.5670454511118146,225971.95061728396,1096.0,60.0,1036.0,1634046407.426994,0.0012691020965576,29.56634998321533
9074,0,1,0,0,3,2,1096,2211110130,1130,64,1116,17,59861,29483,4,0,0,43,15,2211110130,17,59861,11123,14105,86,1150,1130.0,783.6111111111111,-0.6948468770489795,-1.3888687291507336,213965.45987654323,1130.0,181.0,949.0,7497,56,1116,1096.0,749.7,-0.7268361630345135,-1.3516611365509763,216699.61,1096.0,226.25,869.75,1634046407.426994,0.0,29.56634998321533
9075,0,1,0,0,3,2,1096,2211110130,1130,64,1116,17,59861,29483,4,0,0,43,15,2211110130,17,59861,11123,15235,86,1150,1130.0,801.8421052631579,-0.7802526934504459,-1.2630776629231413,208686.76454293623,1130.0,268.0,862.0,8593,56,1116,1096.0,781.1818181818181,-0.8760489412259049,-1.1120686378012958,206910.694214876,1096.0,392.5,703.5,1634046407.426994,0.0,29.56634998321533
9076,0,1,0,0,3,2,110,2211110130,144,64,130,17,59861,29483,4,0,0,43,15,2211110130,17,59861,11123,15379,86,1150,1130.0,768.95,-0.6181808047524469,-1.5070340996101896,218808.3475,1130.0,131.5,998.5,8703,56,1116,1096.0,725.25,-0.5939594527554765,-1.5523214776343115,224080.1875,1096.0,97.5,998.5,1634046407.427566,0.0005719661712646,29.566921949386593
9077,0,1,0,0,3,2,408,2211110130,442,64,428,17,59861,29483,4,0,0,43,15,2211110130,17,59861,11123,442,442,442,442.0,442.0,0.0,-3.0,0.0,442.0,442.0,0.0,9111,56,1116,1096.0,700.8461538461538,-0.4539046069746215,-1.630157880463552,213989.8224852071,1096.0,110.0,986.0,1634046407.427566,0.0,29.566921949386593
9078,0,1,0,0,2,3,60,3232270721,94,47,80,17,29483,59861,4,0,0,43,15,2211110130,17,59861,11123,536,94,442,268.0,268.0,0.0,-2.0,30276.0,355.0,181.0,174.0,9171,56,1116,910.5,655.0714285714286,-0.2737250050611886,-1.7842216726833675,225944.0663265306,1096.0,72.5,1023.5,1634046407.438106,0.0105400085449218,29.577461957931515
9079,0,1,0,0,2,3,60,3232270721,94,47,80,17,29483,59861,4,0,0,43,15,2211110130,17,59861,11123,630,94,442,94.0,210.0,0.7071067811865476,-1.5,26912.0,268.0,94.0,174.0,9231,56,1116,725.0,615.4,-0.1219087787139836,-1.8587528482467643,232914.64,1096.0,60.0,1036.0,1634046407.453351,0.0152449607849121,29.592706918716427
9080,0,1,0,0,3,2,1096,2211110130,1130,64,1116,17,59861,29483,4,0,0,43,15,2211110130,17,59861,11123,1760,94,1130,268.0,440.0,0.8117587838515856,-1.0051628355158138,178884.0,614.0,94.0,520.0,10327,56,1116,910.5,645.4375,-0.2402888627810074,-1.8220150823882104,231891.24609375,1096.0,60.0,1036.0,1634046407.460362,0.0070109367370605,29.599717855453488
9081,0,1,0,0,3,2,1096,2211110130,1130,64,1116,17,59861,29483,4,0,0,43,15,2211110130,17,59861,11123,2890,94,1130,442.0,578.0,0.2086335827709203,-1.769752916353344,219283.2,1130.0,94.0,1036.0,11423,56,1116,1096.0,671.9411764705883,-0.346918144305879,-1.7635534428981852,229489.7024221453,1096.0,60.0,1036.0,1634046407.461707,0.001345157623291,29.60106301307678
9082,0,1,0,0,3,2,1096,2211110130,1130,64,1116,17,59861,29483,4,0,0,43,15,2211110130,17,59861,11123,4020,94,1130,786.0,670.0,-0.1593041753593395,-1.824694925543368,225056.0,1130.0,181.0,949.0,12519,56,1116,1096.0,695.5,-0.444219969730004,-1.6893614954969378,226175.5833333333,1096.0,72.5,1023.5,1634046407.461707,0.0,29.60106301307678
9083,0,1,0,0,3,2,1096,2211110130,1130,64,1116,17,59861,29483,4,0,0,43,15,2211110130,17,59861,11123,5150,94,1130,1130.0,735.7142857142857,-0.4307983090929525,-1.6774453555450637,218815.34693877556,1130.0,268.0,862.0,13615,56,1116,1096.0,716.578947368421,-0.5339379207701075,-1.6034154608860265,222269.40166204987,1096.0,85.0,1011.0,1634046407.461707,0.0,29.60106301307678
9084,0,1,0,0,3,2,1096,2211110130,1130,64,1116,17,59861,29483,4,0,0,43,15,2211110130,17,59861,11123,6280,94,1130,1130.0,785.0,-0.6499560248353045,-1.4449176388181533,208467.0,1130.0,355.0,775.0,14711,56,1116,1096.0,735.55,-0.6173666157094482,-1.5084564781119243,217994.0475,1096.0,97.5,998.5,1634046407.462344,0.0006368160247802,29.60169982910156
9085,0,1,0,0,3,2,601,2211110130,635,64,621,17,59861,29483,4,0,0,43,15,2211110130,17,59861,11123,6915,94,1130,1130.0,768.3333333333334,-0.5662637121488412,-1.3862159289281937,187526.22222222225,1130.0,442.0,688.0,601,601,601,601.0,601.0,0.0,-3.0,0.0,601.0,601.0,0.0,1634046407.462344,0.0,29.60169982910156
9086,0,1,0,0,3,2,60,2211110130,94,64,80,17,59861,29483,4,0,0,43,15,2211110130,17,59861,11123,7009,94,1130,882.5,700.9,-0.3053406830800866,-1.678705979549861,209698.89,1130.0,181.0,949.0,661,60,601,330.5,330.5,0.0,-2.0,73170.25,465.75,195.25,270.5,1634046407.462344,0.0,29.60169982910156
9087,0,1,0,0,3,2,408,2211110130,442,64,428,17,59861,29483,4,0,0,43,15,2211110130,17,59861,11123,7451,94,1130,635.0,677.3636363636364,-0.1653637627447578,-1.6689883788307178,196174.95867768597,1130.0,268.0,862.0,1069,60,601,408.0,356.3333333333333,-0.3338993681200112,-1.4999999999999996,50114.88888888888,504.5,234.0,270.5,1634046407.479834,0.0174901485443115,29.61918997764587
9088,0,1,0,0,2,3,60,3232270721,94,47,80,17,29483,59861,4,0,0,43,15,2211110130,17,59861,11123,7545,94,1130,538.5,628.75,0.0044713064549825,-1.730902261865133,205823.1875,1130.0,94.0,1036.0,1129,60,601,234.0,282.25,0.2470471201664856,-1.6776902646607137,54051.1875,456.25,60.0,396.25,1634046407.492347,0.0125129222869873,29.631702899932858
9089,0,1,0,0,3,2,1096,2211110130,1130,64,1116,17,59861,29483,4,0,0,43,15,2211110130,17,59861,11123,8675,94,1130,635.0,667.3076923076923,-0.1480225391942216,-1.7315216647329377,207830.98224852068,1130.0,94.0,1036.0,2225,60,1096,408.0,445.0,0.5744225189842794,-0.9859595530621256,149191.2,601.0,60.0,541.0,1634046407.493808,0.0014610290527343,29.633163928985592
9090,0,1,0,0,3,2,1096,2211110130,1130,64,1116,17,59861,29483,4,0,0,43,15,2211110130,17,59861,11123,9805,94,1130,882.5,700.3571428571429,-0.2812736376110655,-1.6884789559230329,207185.3724489796,1130.0,181.0,949.0,3321,60,1096,504.5,553.5,0.1614972205893316,-1.5482099601842465,183187.25,972.25,147.0,825.25,1634046407.493808,0.0,29.633163928985592
9091,0,1,0,0,3,2,1096,2211110130,1130,64,1116,17,59861,29483,4,0,0,43,15,2211110130,17,59861,11123,10935,94,1130,1130.0,729.0,-0.4000872689876279,-1.6165923707015168,204858.8,1130.0,268.0,862.0,4417,60,1096,601.0,631.0,-0.137799425875212,-1.637984379991087,193055.14285714287,1096.0,234.0,862.0,1634046407.493808,0.0,29.633163928985592
9092,0,1,0,0,3,2,912,2211110130,946,64,932,17,59861,29483,4,0,0,43,15,2211110130,17,59861,11123,11881,94,1130,1038.0,742.5625,-0.4892459310847432,-1.507748488237078,194814.24609375,1130.0,355.0,775.0,5329,60,1096,756.5,666.125,-0.3502800110239026,-1.49137610835457,177559.609375,1096.0,321.0,775.0,1634046407.49451,0.000701904296875,29.633865833282467
9093,0,1,0,0,3,2,408,2211110130,442,64,428,17,59861,29483,4,0,0,43,15,2211110130,17,59861,11123,12323,94,1130,946.0,724.8823529411765,-0.3816086823357019,-1.556177557992833,188355.98615916955,1130.0,442.0,688.0,5737,60,1096,601.0,637.4444444444445,-0.1655592412347111,-1.494578724297872,164411.35802469135,1096.0,408.0,688.0,1634046407.499589,0.0050790309906005,29.638944864273068
9094,0,1,0,0,2,3,60,3232270721,94,47,80,17,29483,59861,4,0,0,43,15,2211110130,17,59861,11123,12417,94,1130,790.5,689.8333333333334,-0.2535295937577365,-1.669697425301465,198775.13888888888,1130.0,181.0,949.0,5797,60,1096,504.5,579.7,0.0244638566464556,-1.592202801692093,177980.00999999998,1050.0,147.0,903.0,1634046407.521843,0.0222539901733398,29.661198854446408
9095,0,1,0,0,3,2,1104,2211110130,1138,64,1124,17,59861,29483,4,0,0,43,15,2211110130,17,59861,11123,13555,94,1138,946.0,713.421052631579,-0.3464037728355883,-1.6234956677661776,198328.1385041551,1130.0,268.0,862.0,6901,60,1104,601.0,627.3636363636364,-0.1478729101890211,-1.6159019967632535,184518.23140495867,1096.0,234.0,862.0,1634046407.527482,0.0056390762329101,29.666837930679318
9096,0,1,0,0,3,2,1096,2211110130,1130,64,1116,17,59861,29483,4,0,0,43,15,2211110130,17,59861,11123,14685,94,1138,1038.0,734.25,-0.432856487657435,-1.5629535833683053,196654.7875,1130.0,355.0,775.0,7997,60,1104,756.5,666.4166666666666,-0.2994906848117729,-1.5747811553704576,185918.24305555556,1096.0,321.0,775.0,1634046407.527482,0.0,29.666837930679318
9097,0,1,0,0,3,2,1096,2211110130,1130,64,1116,17,59861,29483,4,0,0,43,15,2211110130,17,59861,11123,1130,1130,1130,1130.0,1130.0,0.0,-3.0,0.0,1130.0,1130.0,0.0,9093,60,1104,912.0,699.4615384615385,-0.4334469370076324,-1.492721248945345,184720.4023668639,1096.0,408.0,688.0,1634046407.527482,0.0,29.666837930679318
9098,0,1,0,0,3,2,1096,2211110130,1130,64,1116,17,59861,29483,4,0,0,43,15,2211110130,17,59861,11123,2260,1130,1130,1130.0,1130.0,0.0,-3.0,0.0,1130.0,1130.0,0.0,10189,60,1104,1004.0,727.7857142857143,-0.5538085408490908,-1.3835609354282326,181955.45408163263,1096.0,408.0,688.0,1634046407.528206,0.0007240772247314,29.66756200790405
9099,0,1,0,0,3,2,254,2211110130,288,64,274,17,59861,29483,4,0,0,43,15,2211110130,17,59861,11123,2548,288,1130,1130.0,849.3333333333334,-0.7071067811865478,-1.4999999999999996,157547.55555555556,1130.0,709.0,421.0,10443,60,1104,912.0,696.2,-0.3777138378638236,-1.565796381802864,183792.2933333333,1096.0,331.0,765.0,1634046407.528206,0.0,29.66756200790405
9100,0,1,0,0,2,3,60,3232270721,94,47,80,17,29483,59861,4,0,0,43,15,2211110130,17,59861,11123,2642,94,1130,709.0,660.5,-0.0620306772187502,-1.9177244782444125,225134.75,1130.0,239.5,890.5,10503,60,1104,756.5,656.4375,-0.2367810201839483,-1.685013221424328,196021.12109375,1096.0,205.5,890.5,1634046407.539891,0.0116848945617675,29.679246902465817
9101,0,1,0,0,3,2,408,2211110130,442,64,428,17,59861,29483,4,0,0,43,15,2211110130,17,59861,11123,3084,94,1130,442.0,616.8,0.2127798843803044,-1.7173624955587463,187746.56,1130.0,288.0,842.0,10911,60,1104,601.0,641.8235294117648,-0.1473376092680069,-1.6735224879889872,187907.5570934256,1096.0,254.0,842.0,1634046407.55205,0.0121591091156005,29.691406011581417
9102,0,1,0,0,3,2,1096,2211110130,1130,64,1116,17,59861,29483,4,0,0,43,15,2211110130,17,59861,11123,4214,94,1130,786.0,702.3333333333334,-0.1557170787160444,-1.786218810690298,193035.22222222225,1130.0,326.5,803.5,12007,60,1104,756.5,667.0555555555555,-0.2496659900275585,-1.6478708890136975,188291.38580246916,1096.0,292.5,803.5,1634046407.554936,0.0028858184814453,29.694291830062863
9103,0,1,0,0,3,2,1096,2211110130,1130,64,1116,17,59861,29483,4,0,0,43,15,2211110130,17,59861,11123,5344,94,1130,1130.0,763.4285714285714,-0.4274709477054527,-1.6446097249091272,187854.5306122449,1130.0,365.0,765.0,13103,60,1104,912.0,689.6315789473684,-0.3433095703208574,-1.6030387252480365,187555.49584487535,1096.0,331.0,765.0,1634046407.554936,0.0,29.694291830062863
9104,0,1,0,0,2,3,60,3232270721,94,47,80,17,29483,59861,4,0,0,43,15,2211110130,17,59861,11123,5438,94,1130,786.0,679.75,-0.1399959198976485,-1.828966002565668,213387.4375,1130.0,239.5,890.5,13163,60,1104,756.5,658.15,-0.2325409102564083,-1.6909076941602894,197008.4275,1096.0,205.5,890.5,1634046407.556919,0.0019831657409667,29.69627499580383
9105,0,1,0,0,3,2,1116,2211110130,1150,64,1136,17,59861,29483,4,0,0,43,15,2211110130,17,59861,11123,6588,94,1150,1130.0,732.0,-0.3496128624793826,-1.7378897662695028,211518.22222222225,1130.0,288.0,842.0,1116,1116,1116,1116.0,1116.0,0.0,-3.0,0.0,1116.0,1116.0,0.0,1634046407.56214,0.005220890045166,29.701495885848995
9106,0,1,0,0,3,2,1096,2211110130,1130,64,1116,17,59861,29483,4,0,0,43,15,2211110130,17,59861,11123,7718,94,1150,1130.0,771.8,-0.5272131190812319,-1.58728886662935,204622.76,1130.0,326.5,803.5,2212,1096,1116,1106.0,1106.0,0.0,-2.0,100.0,1111.0,1101.0,10.0,1634046407.56214,0.0,29.701495885848995
9107,0,1,0,0,3,2,1096,2211110130,1130,64,1116,17,59861,29483,4,0,0,43,15,2211110130,17,59861,11123,8848,94,1150,1130.0,804.3636363636364,-0.6816094980327648,-1.4025646556767046,196624.59504132232,1130.0,365.0,765.0,3308,1096,1116,1096.0,1102.6666666666667,0.7071067811865236,-1.5000000000000222,88.88888888888887,1106.0,1096.0,10.0,1634046407.56214,0.0,29.701495885848995
9108,0,1,0,0,3,2,1096,2211110130,1130,64,1116,17,59861,29483,4,0,0,43,15,2211110130,17,59861,11123,9978,94,1150,1130.0,831.5,-0.8191136773487048,-1.1962032896879091,188339.41666666663,1130.0,403.5,726.5,4404,1096,1116,1096.0,1101.0,1.1547005383792517,-0.6666666666666665,75.0,1101.0,1096.0,5.0,1634046407.562731,0.0005910396575927,29.70208692550659
9109,0,1,0,0,3,2,1096,2211110130,1130,64,1116,17,59861,29483,4,0,0,43,15,2211110130,17,59861,11123,11108,94,1150,1130.0,854.4615384615385,-0.9437416102075452,-0.975261558483993,180178.55621301784,1130.0,442.0,688.0,5500,1096,1116,1096.0,1100.0,1.5,0.25,64.0,1096.0,1096.0,0.0,1634046407.562731,0.0,29.70208692550659
9110,0,1,0,0,3,2,205,2211110130,239,64,225,17,59861,29483,4,0,0,43,15,2211110130,17,59861,11123,11347,94,1150,1130.0,810.5,-0.6895873059926739,-1.4117315650077806,192432.67857142855,1130.0,326.5,803.5,5705,205,1116,1096.0,950.8333333333334,-1.7869088895643297,1.19658248288518,111306.80555555556,1096.0,1096.0,0.0,1634046407.563202,0.0004708766937255,29.702557802200314
9111,0,1,0,0,2,3,52,3232270721,86,47,72,17,29483,59861,4,0,0,43,15,2211110130,17,59861,11123,11433,86,1150,1130.0,762.2,-0.4991422625661199,-1.649376933558549,212264.2933333333,1130.0,263.5,866.5,5757,52,1116,1096.0,822.4285714285714,-0.9763140821675842,-1.0046844341347343,194332.5306122449,1096.0,650.5,445.5,1634046407.573494,0.0102920532226562,29.71284985542297
9112,0,1,0,0,3,2,60,2211110130,94,64,80,17,59861,29483,4,0,0,43,15,2211110130,17,59861,11123,11527,86,1150,1130.0,720.4375,-0.3381377502693486,-1.794480515986857,225159.37109375,1130.0,202.75,927.25,5817,52,1116,1096.0,727.125,-0.5395338199093324,-1.6783508584954012,233620.359375,1096.0,168.75,927.25,1634046407.573555,6.103515625e-05,29.71291089057922
9113,0,1,0,0,3,2,408,2211110130,442,64,428,17,59861,29483,4,0,0,43,15,2211110130,17,59861,11123,11969,86,1150,1130.0,704.0588235294117,-0.2451308128087723,-1.8039076183737373,216206.8788927336,1130.0,239.0,891.0,6225,52,1116,1096.0,691.6666666666666,-0.3401981695273658,-1.7611325697694953,217720.88888888888,1096.0,205.0,891.0,1634046407.573555,0.0,29.71291089057922
9114,0,1,0,0,3,2,1096,2211110130,1130,64,1116,17,59861,29483,4,0,0,43,15,2211110130,17,59861,11123,13099,86,1150,1130.0,727.7222222222222,-0.345815596159103,-1.7487427272410925,213714.6450617284,1130.0,251.25,878.75,7321,52,1116,1096.0,732.1,-0.5182944181556159,-1.6128142774902958,210662.49,1096.0,255.75,840.25,1634046407.585257,0.0117020606994628,29.724612951278683
9115,0,1,0,0,3,2,1096,2211110130,1130,64,1116,17,59861,29483,4,0,0,43,15,2211110130,17,59861,11123,14229,86,1150,1130.0,748.8947368421053,-0.4381239447975,-1.6793458446296772,210535.4626038781,1130.0,263.5,866.5,8417,52,1116,1096.0,765.1818181818181,-0.6729924387312674,-1.4302548521139444,202455.4214876033,1096.0,306.5,789.5,1634046407.588658,0.0034010410308837,29.728013992309567
9116,0,1,0,0,3,2,1096,2211110130,1130,64,1116,17,59861,29483,4,0,0,43,15,2211110130,17,59861,11123,15359,86,1150,1130.0,767.95,-0.5235541837730926,-1.5991620077007016,206907.6475,1130.0,275.75,854.25,9513,52,1116,1096.0,792.75,-0.810680831731279,-1.2260005307147797,193944.1875,1096.0,357.25,738.75,1634046407.588658,0.0,29.728013992309567
9117,0,1,0,0,3,2,1096,2211110130,1130,64,1116,17,59861,29483,4,0,0,43,15,2211110130,17,59861,11123,1130,1130,1130,1130.0,1130.0,0.0,-3.0,0.0,1130.0,1130.0,0.0,10609,52,1116,1096.0,816.0769230769231,-0.9354172816649736,-1.0071354410322573,185555.1479289941,1096.0,408.0,688.0,1634046407.588658,0.0,29.728013992309567
9118,0,1,0,0,3,2,751,2211110130,785,64,771,17,59861,29483,4,0,0,43,15,2211110130,17,59861,11123,1915,785,1130,957.5,957.5,0.0,-2.0,29756.25,1043.75,871.25,172.5,11360,52,1116,1096.0,811.4285714285714,-0.935064842856312,-0.9033775425311066,172582.1020408164,1096.0,493.75,602.25,1634046407.589329,0.0006709098815917,29.72868490219116
9119,0,1,0,0,3,2,56,2211110130,90,64,76,17,59861,29483,4,0,0,43,15,2211110130,17,59861,11123,2005,90,1130,785.0,668.3333333333334,-0.3849812469625271,-1.4999999999999998,187072.22222222225,957.5,437.5,520.0,11416,52,1116,1096.0,761.0666666666667,-0.7053789227810241,-1.3281056843562773,196585.12888888884,1096.0,306.5,789.5,1634046407.59112,0.0017910003662109,29.73047590255737
9120,0,1,0,0,2,3,56,3232270721,90,47,76,17,29483,59861,4,0,0,43,15,2211110130,17,59861,11123,2095,90,1130,437.5,523.75,0.2116458393058234,-1.7229718910447438,203017.1875,871.25,90.0,781.25,11472,52,1116,1096.0,717.0,-0.5197334629749212,-1.5841011530235465,213426.625,1096.0,168.75,927.25,1634046407.591577,0.0004570484161376,29.730932950973507
9121,0,1,0,0,2,3,60,3232270721,94,47,80,17,29483,59861,4,0,0,43,15,2211110130,17,59861,11123,2189,90,1130,94.0,437.8,0.591480813232957,-1.4404661273672683,191963.36,785.0,90.0,695.0,11532,52,1116,1096.0,678.3529411764706,-0.3640569462112936,-1.7401786412823328,224769.64013840837,1096.0,60.0,1036.0,1634046407.591631,5.3882598876953125e-05,29.730986833572384
9122,0,1,0,0,2,3,60,3232270721,94,47,80,17,29483,59861,4,0,0,43,15,2211110130,17,59861,11123,2283,90,1130,94.0,380.5,0.8800327237136175,-1.0176274447335811,176385.91666666666,612.25,91.0,521.25,11592,52,1116,923.5,644.0,-0.2302712123421359,-1.8321757893780628,232344.5555555556,1096.0,60.0,1036.0,1634046407.60783,0.0161991119384765,29.74718594551086
9123,0,1,0,0,3,2,1096,2211110130,1130,64,1116,17,59861,29483,4,0,0,43,15,2211110130,17,59861,11123,3413,90,1130,94.0,487.57142857142856,0.4278361498860872,-1.6819536831028286,219973.6734693877,957.5,92.0,865.5,12688,52,1116,1096.0,667.7894736842105,-0.3259208308786523,-1.7826413648980732,230302.79778393352,1096.0,60.0,1036.0,1634046407.616897,0.0090670585632324,29.756253004074093
9124,0,1,0,0,3,2,1096,2211110130,1130,64,1116,17,59861,29483,4,0,0,43,15,2211110130,17,59861,11123,4543,90,1130,439.5,567.875,0.120889885381159,-1.877756637778536,237617.609375,1130.0,93.0,1037.0,13784,52,1116,1096.0,689.2,-0.4139459848474528,-1.7200969362052192,227497.46,1096.0,60.0,1036.0,1634046407.616897,0.0,29.756253004074093
9125,0,1,0,0,3,2,1096,2211110130,1130,64,1116,17,59861,29483,4,0,0,43,15,2211110130,17,59861,11123,5673,90,1130,785.0,630.3333333333334,-0.1129784454946781,-1.8923247010505515,242424.0,1130.0,94.0,1036.0,1096,1096,1096,1096.0,1096.0,0.0,-3.0,0.0,1096.0,1096.0,0.0,1634046407.616897,0.0,29.756253004074093
9126,0,1,0,0,3,2,1096,2211110130,1130,64,1116,17,59861,29483,4,0,0,43,15,2211110130,17,59861,11123,6803,90,1130,957.5,680.3,-0.3037587276603665,-1.8193180499262496,240651.61,1130.0,94.0,1036.0,2192,1096,1096,1096.0,1096.0,0.0,-3.0,0.0,1096.0,1096.0,0.0,1634046407.617608,0.0007109642028808,29.756963968276974
9127,0,1,0,0,3,2,623,2211110130,657,64,643,17,59861,29483,4,0,0,43,15,2211110130,17,59861,11123,7460,90,1130,785.0,678.1818181818181,-0.3049135576287064,-1.7074276362587992,218819.0578512397,1130.0,94.0,1036.0,2815,623,1096,1096.0,938.3333333333334,-0.7071067811865479,-1.4999999999999998,49717.55555555556,1096.0,859.5,236.5,1634046407.617608,0.0,29.756963968276974
9128,0,1,0,0,2,3,60,3232270721,94,47,80,17,29483,59861,4,0,0,43,15,2211110130,17,59861,11123,7554,90,1130,721.0,629.5,-0.1112677816633621,-1.8150680003264257,226653.25,1130.0,94.0,1036.0,2875,60,1096,859.5,718.75,-0.5778162079307831,-1.2711863294946584,181938.6875,1096.0,482.25,613.75,1634046407.624528,0.0069198608398437,29.763883829116818
9129,0,1,0,0,3,2,408,2211110130,442,64,428,17,59861,29483,4,0,0,43,15,2211110130,17,59861,11123,7996,90,1130,657.0,615.0769230769231,-0.0249052502065188,-1.7533145756838122,211714.6863905326,1130.0,94.0,1036.0,3283,60,1096,623.0,656.6,-0.1798051328044557,-1.417821561918127,161001.44,1096.0,408.0,688.0,1634046407.637884,0.0133559703826904,29.777239799499508
9130,0,1,0,0,3,2,1096,2211110130,1130,64,1116,17,59861,29483,4,0,0,43,15,2211110130,17,59861,11123,9126,90,1130,721.0,651.8571428571429,-0.1632666615384871,-1.7454093751193462,214178.4081632653,1130.0,94.0,1036.0,4379,60,1096,859.5,729.8333333333334,-0.484607463466282,-1.28868120033672,160983.47222222222,1096.0,461.75,634.25,1634046407.637884,0.0,29.777239799499508
9131,0,1,0,0,3,2,1096,2211110130,1130,64,1116,17,59861,29483,4,0,0,43,15,2211110130,17,59861,11123,10256,90,1130,785.0,683.7333333333333,-0.2858751589725609,-1.7021905470110754,214125.12888888887,1130.0,94.0,1036.0,5475,60,1096,1096.0,782.1428571428571,-0.7283394657562157,-1.0165603741180258,154403.55102040814,1096.0,515.5,580.5,1634046407.638376,0.0004920959472656,29.777731895446774
9132,0,1,0,0,3,2,1096,2211110130,1130,64,1116,17,59861,29483,4,0,0,43,15,2211110130,17,59861,11123,11386,90,1130,957.5,711.625,-0.3962928549611603,-1.6347076875411166,212411.484375,1130.0,94.0,1036.0,6571,60,1096,1096.0,821.375,-0.9338558375470812,-0.6784078485752416,145877.234375,1096.0,569.25,526.75,1634046407.638376,0.0,29.777731895446774
9133,0,1,0,0,3,2,1096,2211110130,1130,64,1116,17,59861,29483,4,0,0,43,15,2211110130,17,59861,11123,12516,90,1130,1130.0,736.2352941176471,-0.4970206082828438,-1.54986502891719,209607.3564013841,1130.0,94.0,1036.0,7667,60,1096,1096.0,851.8888888888889,-1.1133458136728789,-0.3044626566837558,137117.43209876545,1096.0,623.0,473.0,1634046407.638376,0.0,29.777731895446774
9134,0,1,0,0,3,2,351,2211110130,385,64,371,17,59861,29483,4,0,0,43,15,2211110130,17,59861,11123,12901,90,1130,957.5,716.7222222222222,-0.3838261367301291,-1.6174614391519286,204435.42283950615,1130.0,166.75,963.25,8018,60,1096,1096.0,801.8,-0.7418677094435768,-1.0568867543980285,145985.76,1096.0,461.75,634.25,1634046407.638376,0.0,29.777731895446774
9135,0,1,0,0,2,3,60,3232270721,94,47,80,17,29483,59861,4,0,0,43,15,2211110130,17,59861,11123,12995,90,1130,785.0,683.9473684210526,-0.2577688193777587,-1.7226384011813591,213011.1024930748,1130.0,94.0,1036.0,8078,60,1096,1096.0,734.3636363636364,-0.5101096934667434,-1.4271723356018076,178190.95867768594,1096.0,379.5,716.5,1634046407.661491,0.0231149196624755,29.80084681510925
9136,0,1,0,0,3,2,408,2211110130,442,64,428,17,59861,29483,4,0,0,43,15,2211110130,17,59861,11123,13437,90,1130,721.0,671.85,-0.1865808614880333,-1.7117555607862638,205141.1275,1130.0,94.0,1036.0,8486,60,1096,859.5,707.1666666666666,-0.3388049263472713,-1.5259064620492448,171478.1388888889,1096.0,393.75,702.25,1634046407.667471,0.0059800148010253,29.806826829910275
9137,0,1,0,0,2,3,32,3232270721,66,47,52,17,29483,59861,4,0,0,43,15,2211110130,17,59861,11123,66,66,66,66.0,66.0,0.0,-3.0,0.0,66.0,66.0,0.0,8518,32,1096,623.0,655.2307692307693,-0.1926392058100465,-1.636262013735042,190655.56213017757,1096.0,351.0,745.0,1634046407.676774,0.0093030929565429,29.816129922866818
9138,0,1,0,0,2,3,60,3232270721,94,47,80,17,29483,59861,4,0,0,43,15,2211110130,17,59861,11123,160,66,94,80.0,80.0,0.0,-2.0,196.0,87.0,73.0,14.0,8578,32,1096,515.5,612.7142857142857,-0.0478794529484659,-1.7047805955760436,200536.77551020408,1096.0,132.75,963.25,1634046407.676829,5.507469177246094e-05,29.81618499755859
9139,0,1,0,0,3,2,1096,2211110130,1130,64,1116,17,59861,29483,4,0,0,43,15,2211110130,17,59861,11123,1290,66,1130,94.0,430.0,0.7054110062944599,-1.4999999999999998,245130.66666666663,612.0,80.0,532.0,9674,32,1096,623.0,644.9333333333333,-0.17681637625784,-1.6958113654011036,201700.5955555556,1096.0,205.5,890.5,1634046407.679669,0.0028398036956787,29.81902480125427
9140,0,1,0,0,3,2,1096,2211110130,1130,64,1116,17,59861,29483,4,0,0,43,15,2211110130,17,59861,11123,2420,66,1130,612.0,605.0,-0.0010660980305124,-1.9985786622667645,275723.0,1130.0,87.0,1043.0,10770,32,1096,859.5,673.125,-0.2918547634647144,-1.655281446082184,201015.859375,1096.0,278.25,817.75,1634046407.679669,0.0,29.81902480125427
9141,0,1,0,0,3,2,1116,2211110130,1150,64,1136,17,59861,29483,4,0,0,43,15,2211110130,17,59861,11123,3570,66,1150,1130.0,714.0,-0.4085318956277615,-1.8310450079062648,268102.4,1130.0,94.0,1036.0,11886,32,1116,1096.0,699.1764705882352,-0.3945056864596758,-1.594043917929573,200050.26297577855,1096.0,351.0,745.0,1634046407.68478,0.0051109790802001,29.82413578033447
9142,0,1,0,0,3,2,1096,2211110130,1130,64,1116,17,59861,29483,4,0,0,43,15,2211110130,17,59861,11123,4700,66,1150,1130.0,783.3333333333334,-0.7072997850045866,-1.4976133981746738,247454.22222222225,1130.0,353.0,777.0,12982,32,1116,1096.0,721.2222222222222,-0.4901134545656097,-1.5155140323990253,197198.61728395065,1096.0,365.25,730.75,1634046407.68478,0.0,29.82413578033447
9143,0,1,0,0,3,2,1096,2211110130,1130,64,1116,17,59861,29483,4,0,0,43,15,2211110130,17,59861,11123,5830,66,1150,1130.0,832.8571428571429,-0.948828686353416,-1.0975052190046204,226819.26530612243,1130.0,612.0,518.0,14078,32,1116,1096.0,740.9473684210526,-0.5785335686000429,-1.424961667910169,193823.20775623267,1096.0,379.5,716.5,1634046407.685416,0.0006361007690429,29.824771881103512
9144,0,1,0,0,3,2,519,2211110130,553,64,539,17,59861,29483,4,0,0,43,15,2211110130,17,59861,11123,6383,66,1150,1130.0,797.875,-0.750024839518235,-1.2501912696195443,207033.109375,1130.0,438.25,691.75,14597,32,1116,1096.0,729.85,-0.5121013099959334,-1.4365272246254424,186471.9275,1096.0,393.75,702.25,1634046407.685416,0.0,29.824771881103512
9145,0,1,0,0,3,2,60,2211110130,94,64,80,17,59861,29483,4,0,0,43,15,2211110130,17,59861,11123,6477,66,1150,1130.0,719.6666666666666,-0.4127820144369088,-1.6948007289575644,232961.77777777775,1130.0,94.0,1036.0,60,60,60,60.0,60.0,0.0,-3.0,0.0,60.0,60.0,0.0,1634046407.694061,0.0086450576782226,29.833416938781735
9146,0,1,0,0,3,2,408,2211110130,442,64,428,17,59861,29483,4,0,0,43,15,2211110130,17,59861,11123,6919,66,1150,841.5,691.9,-0.2564114802794865,-1.711096246051877,216604.49,1130.0,181.0,949.0,468,60,408,234.0,234.0,0.0,-2.0,30276.0,321.0,147.0,174.0,1634046407.694061,0.0,29.833416938781735
9147,0,1,0,0,2,3,60,3232270721,94,47,80,17,29483,59861,4,0,0,43,15,2211110130,17,59861,11123,7013,66,1150,553.0,637.5454545454545,-0.0542119373944191,-1.8046860429879523,226457.3388429752,1130.0,94.0,1036.0,528,60,408,60.0,176.0,0.7071067811865476,-1.5,26912.0,234.0,60.0,174.0,1634046407.695631,0.0015699863433837,29.83498692512512
9148,0,1,0,0,3,2,1096,2211110130,1130,64,1116,17,59861,29483,4,0,0,43,15,2211110130,17,59861,11123,8143,66,1150,841.5,678.5833333333334,-0.2167967619868817,-1.774980401504246,226111.07638888888,1130.0,94.0,1036.0,1624,60,1096,234.0,406.0,0.8117587838515856,-1.0051628355158138,178884.0,580.0,60.0,520.0,1634046407.701915,0.0062839984893798,29.8412709236145
9149,0,1,0,0,3,2,1096,2211110130,1130,64,1116,17,59861,29483,4,0,0,43,15,2211110130,17,59861,11123,9273,66,1150,1130.0,713.3076923076923,-0.3578589306836301,-1.7024975833919276,223187.28994082843,1130.0,94.0,1036.0,2720,60,1096,408.0,544.0,0.2086335827709203,-1.769752916353344,219283.2,1096.0,60.0,1036.0,1634046407.701915,0.0,29.8412709236145
9150,0,1,0,0,3,2,1096,2211110130,1130,64,1116,17,59861,29483,4,0,0,43,15,2211110130,17,59861,11123,10403,66,1150,1130.0,743.0714285714286,-0.4830889446439787,-1.6022852259294609,218761.7806122449,1130.0,181.0,949.0,3816,60,1096,752.0,636.0,-0.1593041753593395,-1.824694925543368,225056.0,1096.0,147.0,949.0,1634046407.701915,0.0,29.8412709236145
9151,0,1,0,0,3,2,909,2211110130,943,64,929,17,59861,29483,4,0,0,43,15,2211110130,17,59861,11123,11346,66,1150,1130.0,756.4,-0.5733568721384402,-1.4736995179317216,206664.7733333333,1130.0,268.0,862.0,4725,60,1096,909.0,675.0,-0.3894885043537544,-1.6404973769899005,202031.14285714287,1096.0,234.0,862.0,1634046407.702501,0.0005860328674316,29.84185695648193
9152,0,1,0,0,3,2,52,2211110130,86,64,72,17,59861,29483,4,0,0,43,15,2211110130,17,59861,11123,11432,66,1150,1036.5,714.5,-0.4028587018726181,-1.6694564908822946,220082.375,1130.0,94.0,1036.0,4777,52,1096,658.5,597.125,-0.0923918925437657,-1.826156940432232,219228.859375,1096.0,60.0,1036.0,1634046407.728276,0.0257749557495117,29.86763191223144
9153,0,1,0,0,2,3,60,3232270721,94,47,80,17,29483,59861,4,0,0,43,15,2211110130,17,59861,11123,11526,66,1150,943.0,678.0,-0.2576763783550816,-1.7844567333075017,228452.35294117648,1130.0,94.0,1036.0,4837,52,1096,408.0,537.4444444444445,0.1378867561107093,-1.835777793369029,223364.24691358025,1096.0,60.0,1036.0,1634046407.732442,0.0041658878326416,29.871797800064083
9154,0,1,0,0,2,3,52,3232270721,86,48,72,17,10001,59861,4,0,0,43,15,2211110130,17,59861,11123,11612,66,1150,748.0,645.1111111111111,-0.1320478306146983,-1.8463478437490024,234149.0987654321,1130.0,94.0,1036.0,4889,52,1096,234.0,488.9,0.3258673505639414,-1.7586120453170002,222236.89,1049.25,60.0,989.25,1634046407.750292,0.0178501605987548,29.88964796066284
9155,0,1,0,0,2,3,60,3232270721,94,47,80,17,29483,59861,4,0,0,43,15,2211110130,17,59861,11123,11706,66,1150,553.0,616.1052631578947,-0.0202740663895169,-1.8726149507446757,236969.56786703604,1130.0,94.0,1036.0,4949,52,1096,60.0,449.9090909090909,0.4872440160855914,-1.63272097775319,217236.44628099172,1002.5,60.0,942.5,1634046407.750346,5.3882598876953125e-05,29.889701843261715
9156,0,1,0,0,3,2,408,2211110130,442,64,428,17,59861,29483,4,0,0,43,15,2211110130,17,59861,11123,12148,66,1150,497.5,607.4,0.0318232998819184,-1.827098693134516,226560.94,1130.0,94.0,1036.0,5357,52,1096,234.0,446.4166666666667,0.5317983189499134,-1.494149170991696,199267.5763888889,955.75,60.0,895.75,1634046407.754777,0.0044310092926025,29.894132852554318
9157,0,1,0,0,3,2,1096,2211110130,1130,64,1116,17,59861,29483,4,0,0,43,15,2211110130,17,59861,11123,1130,1130,1130,1130.0,1130.0,0.0,-3.0,0.0,1130.0,1130.0,0.0,6453,52,1096,408.0,496.38461538461536,0.3291358697353575,-1.7067320626830254,213900.85207100588,1096.0,60.0,1036.0,1634046407.757656,0.0028791427612304,29.897011995315548
9158,0,1,0,0,3,2,1096,2211110130,1130,64,1116,17,59861,29483,4,0,0,43,15,2211110130,17,59861,11123,2260,1130,1130,1130.0,1130.0,0.0,-3.0,0.0,1130.0,1130.0,0.0,7549,52,1096,408.0,539.2142857142857,0.1617293995230514,-1.811553321156632,222469.16836734695,1096.0,60.0,1036.0,1634046407.757656,0.0,29.897011995315548
9159,0,1,0,0,3,2,1096,2211110130,1130,64,1116,17,59861,29483,4,0,0,43,15,2211110130,17,59861,11123,3390,1130,1130,1130.0,1130.0,0.0,-3.0,0.0,1130.0,1130.0,0.0,8645,52,1096,408.0,576.3333333333334,0.0187348103917958,-1.8518256596036,226927.4222222222,1096.0,60.0,1036.0,1634046407.758284,0.0006279945373535,29.8976399898529
9160,0,1,0,0,3,2,858,2211110130,892,64,878,17,59861,29483,4,0,0,43,15,2211110130,17,59861,11123,4282,892,1130,1130.0,1070.5,-1.1547005383792517,-0.6666666666666665,10620.75,1130.0,1070.5,59.5,9503,52,1096,633.0,593.9375,-0.0808126246871484,-1.8151245840026744,217393.05859375,1096.0,60.0,1036.0,1634046407.758284,0.0,29.8976399898529
9161,0,1,0,0,2,3,60,3232270721,94,47,80,17,29483,59861,4,0,0,43,15,2211110130,17,59861,11123,4376,94,1130,1130.0,875.2,-1.3215143759499184,-0.0312240982200049,161064.96000000002,1130.0,892.0,238.0,9563,52,1096,408.0,562.5294117647059,0.0399512998539875,-1.8326867493552408,220388.7197231834,1096.0,60.0,1036.0,1634046407.768572,0.0102880001068115,29.907927989959713
9162,0,1,0,0,3,2,408,2211110130,442,64,428,17,59861,29483,4,0,0,43,15,2211110130,17,59861,11123,4818,94,1130,1011.0,803.0,-0.7735686386597206,-1.02763225713746,160285.0,1130.0,554.5,575.5,9971,52,1096,408.0,553.9444444444445,0.0948908400838874,-1.7730364541708363,209397.8302469136,1096.0,60.0,1036.0,1634046407.782111,0.0135388374328613,29.921466827392575
9163,0,1,0,0,3,2,1096,2211110130,1130,64,1116,17,59861,29483,4,0,0,43,15,2211110130,17,59861,11123,5948,94,1130,1130.0,849.7142857142857,-1.0063500902004308,-0.6122578972213168,150480.48979591837,1130.0,667.0,463.0,11067,52,1096,408.0,582.4736842105264,-0.0128071932749232,-1.7965311871065175,213027.40720221607,1096.0,60.0,1036.0,1634046407.782111,0.0,29.921466827392575
9164,0,1,0,0,2,3,56,3232270721,90,47,76,17,29483,59861,4,0,0,43,15,2211110130,17,59861,11123,6038,90,1130,1011.0,754.75,-0.5799172286588097,-1.4349066513991398,194797.9375,1130.0,355.0,775.0,11123,52,1096,408.0,556.15,0.0854142630638553,-1.8004685806224343,215541.8275,1096.0,60.0,1036.0,1634046407.787306,0.005195140838623,29.926661968231198
9165,0,1,0,0,2,3,52,3232270721,86,47,72,17,29483,59861,4,0,0,43,15,2211110130,17,59861,11123,6124,86,1130,892.0,680.4444444444445,-0.283232710675067,-1.7453833211471876,217324.24691358025,1130.0,94.0,1036.0,52,52,52,52.0,52.0,0.0,-3.0,0.0,52.0,52.0,0.0,1634046407.787361,5.4836273193359375e-05,29.92671680450439
9166,0,1,0,0,3,2,1096,2211110130,1130,64,1116,17,59861,29483,4,0,0,43,15,2211110130,17,59861,11123,7254,86,1130,1011.0,725.4,-0.4619643590604702,-1.6208769727562684,213780.84000000003,1130.0,181.0,949.0,1148,52,1096,574.0,574.0,0.0,-2.0,272484.0,835.0,313.0,522.0,1634046407.787419,5.817413330078125e-05,29.92677497863769
9167,0,1,0,0,3,2,1096,2211110130,1130,64,1116,17,59861,29483,4,0,0,43,15,2211110130,17,59861,11123,8384,86,1130,1130.0,762.1818181818181,-0.6170063871039824,-1.4576132542068032,207875.23966942148,1130.0,268.0,862.0,2244,52,1096,1096.0,748.0,-0.7071067811865475,-1.5,242208.0,1096.0,574.0,522.0,1634046407.787419,0.0,29.92677497863769
9168,0,1,0,0,3,2,1096,2211110130,1130,64,1116,17,59861,29483,4,0,0,43,15,2211110130,17,59861,11123,9514,86,1130,1130.0,792.8333333333334,-0.7547827123732853,-1.2698830411143072,200886.97222222225,1130.0,355.0,775.0,3340,52,1096,1096.0,835.0,-1.1547005383792517,-0.6666666666666665,204363.0,1096.0,835.0,261.0,1634046407.787419,0.0,29.92677497863769
9169,0,1,0,0,3,2,1096,2211110130,1130,64,1116,17,59861,29483,4,0,0,43,15,2211110130,17,59861,11123,10644,86,1130,1130.0,818.7692307692307,-0.879408103259488,-1.0657389655499678,193506.177514793,1130.0,442.0,688.0,4436,52,1096,1096.0,887.2,-1.5000000000000009,0.2500000000000018,174389.75999999995,1096.0,1096.0,0.0,1634046407.787419,0.0,29.92677497863769
9170,0,1,0,0,3,2,945,2211110130,979,64,965,17,59861,29483,4,0,0,43,15,2211110130,17,59861,11123,11623,86,1130,1130.0,830.2142857142857,-0.9766183146216196,-0.8538015216992285,181387.1683673469,1130.0,554.5,575.5,5381,52,1096,1096.0,896.8333333333334,-1.7104567165702151,1.0441003023549946,145788.80555555556,1096.0,982.75,113.25,1634046407.787419,0.0,29.92677497863769
9171,0,1,0,0,3,2,1096,2211110130,1130,64,1116,17,59861,29483,4,0,0,43,15,2211110130,17,59861,11123,12753,86,1130,1130.0,850.2,-1.0817223564321112,-0.6345231612705047,174886.69333333336,1130.0,667.0,463.0,6477,52,1096,1096.0,925.2857142857144,-1.9580590399992728,1.9660390914294528,129819.06122448978,1096.0,1020.5,75.5,1634046407.802846,0.0154268741607666,29.94220185279846
9172,0,1,0,0,3,2,1096,2211110130,1130,64,1116,17,59861,29483,4,0,0,43,15,2211110130,17,59861,11123,13883,86,1130,1130.0,867.6875,-1.1799804887420169,-0.4086543863819334,168543.46484375,1130.0,779.5,350.5,7573,52,1096,1096.0,946.625,-2.180130397331119,2.898796988798887,116779.234375,1096.0,1058.25,37.75,1634046407.805116,0.0022699832916259,29.944471836090084
9173,0,1,0,0,3,2,1096,2211110130,1130,64,1116,17,59861,29483,4,0,0,43,15,2211110130,17,59861,11123,15013,86,1130,1130.0,883.1176470588235,-1.2724550400203047,-0.1776987432214958,162438.57439446368,1130.0,892.0,238.0,8669,52,1096,1096.0,963.2222222222222,-2.382978347212986,3.838327564300125,106007.5061728395,1096.0,1096.0,0.0,1634046407.805116,0.0,29.944471836090084
9174,0,1,0,0,3,2,580,2211110130,614,64,600,17,59861,29483,4,0,0,43,15,2211110130,17,59861,11123,15627,86,1130,1130.0,868.1666666666666,-1.1663565812450458,-0.3270599847988924,157214.25,1130.0,683.5,446.5,9249,52,1096,1096.0,924.9,-1.8744617666563428,2.091233676323804,108624.09,1096.0,982.75,113.25,1634046407.805116,0.0,29.944471836090084
9175,0,1,0,0,3,2,56,2211110130,90,64,76,17,59861,29483,4,0,0,43,15,2211110130,17,59861,11123,15717,86,1130,1130.0,827.2105263157895,-0.9444039937896148,-0.8699193924958775,179133.1135734072,1130.0,528.0,602.0,9305,52,1096,1096.0,845.9090909090909,-1.2670552488091478,-0.1325558491273839,161144.8099173554,1096.0,762.5,333.5,1634046407.813495,0.0083789825439453,29.95285081863403
9176,0,1,0,0,3,2,60,2211110130,94,64,80,17,59861,29483,4,0,0,43,15,2211110130,17,59861,11123,15811,86,1130,1130.0,790.55,-0.7640846674206229,-1.2220033700970827,195712.3475,1130.0,355.0,775.0,9365,52,1096,1096.0,780.4166666666666,-0.8950367871170593,-1.029803454117682,194897.90972222225,1096.0,450.0,646.0,1634046407.813495,0.0,29.95285081863403
9177,0,1,0,0,3,2,408,2211110130,442,64,428,17,59861,29483,4,0,0,43,15,2211110130,17,59861,11123,442,442,442,442.0,442.0,0.0,-3.0,0.0,442.0,442.0,0.0,9773,52,1096,1096.0,751.7692307692307,-0.7105009573557344,-1.253192908000782,189753.8698224852,1096.0,408.0,688.0,1634046407.814893,0.0013980865478515,29.95424890518188
9178,0,1,0,0,2,3,60,3232270721,94,47,80,17,29483,59861,4,0,0,43,15,2211110130,17,59861,11123,536,94,442,268.0,268.0,0.0,-2.0,30276.0,355.0,181.0,174.0,9833,52,1096,1020.5,702.3571428571429,-0.4981431992347873,-1.557479708270802,207940.22959183677,1096.0,147.0,949.0,1634046407.817462,0.0025689601898193,29.9568178653717
9179,0,1,0,0,3,2,1116,2211110130,1150,64,1136,17,59861,29483,4,0,0,43,15,2211110130,17,59861,11123,1686,94,1150,442.0,562.0,0.3892955772280436,-1.5,193056.0,796.0,268.0,528.0,10949,52,1116,1096.0,729.9333333333333,-0.6080630094526465,-1.438506591125783,204723.79555555555,1096.0,234.0,862.0,1634046407.828134,0.0106720924377441,29.967489957809445
9180,0,1,0,0,3,2,1096,2211110130,1130,64,1116,17,59861,29483,4,0,0,43,15,2211110130,17,59861,11123,2816,94,1150,786.0,704.0,-0.2121811345254524,-1.7205520884704166,205284.0,1135.0,355.0,780.0,12045,52,1116,1096.0,752.8125,-0.7107098731843159,-1.304847784933156,199780.40234375,1096.0,321.0,775.0,1634046407.853913,0.0257790088653564,29.9932689666748
9181,0,1,0,0,3,2,1096,2211110130,1130,64,1116,17,59861,29483,4,0,0,43,15,2211110130,17,59861,11123,3946,94,1150,1130.0,789.2,-0.5925350610361635,-1.4362353753721302,193263.36000000004,1130.0,442.0,688.0,13141,52,1116,1096.0,773.0,-0.8057571310669973,-1.161110709607731,194549.17647058825,1096.0,408.0,688.0,1634046407.853913,0.0,29.9932689666748
9182,0,1,0,0,2,3,60,3232270721,94,47,80,17,29483,59861,4,0,0,43,15,2211110130,17,59861,11123,4040,94,1150,786.0,673.3333333333334,-0.1567107168568121,-1.8259569090851344,228178.22222222225,1130.0,181.0,949.0,13201,52,1116,1096.0,733.3888888888889,-0.6254959801576637,-1.4518597472252843,210414.57098765436,1096.0,147.0,949.0,1634046407.854333,0.0004198551177978,29.9936888217926
9183,0,1,0,0,3,2,1096,2211110130,1130,64,1116,17,59861,29483,4,0,0,43,15,2211110130,17,59861,11123,5170,94,1150,1130.0,738.5714285714286,-0.4288399427381581,-1.67918372804464,221117.38775510207,1130.0,268.0,862.0,14297,52,1116,1096.0,752.4736842105264,-0.711580764768898,-1.3377021004427658,205896.2493074792,1096.0,234.0,862.0,1634046407.860044,0.0057110786437988,29.999399900436398
9184,0,1,0,0,3,2,1096,2211110130,1130,64,1116,17,59861,29483,4,0,0,43,15,2211110130,17,59861,11123,6300,94,1150,1130.0,787.5,-0.648320505038266,-1.4468825566688723,210235.75,1130.0,355.0,775.0,15393,52,1116,1096.0,769.65,-0.7922447257229491,-1.2166037850641171,201206.9275,1096.0,321.0,775.0,1634046407.860044,0.0,29.999399900436398
9185,0,1,0,0,3,2,1096,2211110130,1130,64,1116,17,59861,29483,4,0,0,43,15,2211110130,17,59861,11123,7430,94,1150,1130.0,825.5555555555555,-0.8347230886035371,-1.1705872284258114,198462.02469135803,1130.0,442.0,688.0,1096,1096,1096,1096.0,1096.0,0.0,-3.0,0.0,1096.0,1096.0,0.0,1634046407.874033,0.013988971710205,30.013388872146603
9186,0,1,0,0,2,3,60,3232270721,94,47,80,17,29483,59861,4,0,0,43,15,2211110130,17,59861,11123,7524,94,1150,1130.0,752.4,-0.5130589820219895,-1.6395751668832257,226781.44,1130.0,181.0,949.0,1156,60,1096,578.0,578.0,0.0,-2.0,268324.0,837.0,319.0,518.0,1634046407.876096,0.0020630359649658,30.01545190811157
9187,0,1,0,0,3,2,380,2211110130,414,64,400,17,59861,29483,4,0,0,43,15,2211110130,17,59861,11123,7938,94,1150,1130.0,721.6363636363636,-0.3392097495557681,-1.722614514263685,215628.95867768597,1130.0,254.0,876.0,1536,60,1096,380.0,512.0,0.4288392051196184,-1.4999999999999998,187594.66666666663,738.0,220.0,518.0,1634046407.881666,0.0055699348449707,30.02102184295654
9188,0,1,0,0,3,2,408,2211110130,442,64,428,17,59861,29483,4,0,0,43,15,2211110130,17,59861,11123,8380,94,1150,786.0,698.3333333333334,-0.2035905705018615,-1.7328163632001357,203633.22222222225,1130.0,334.0,796.0,1944,60,1096,394.0,486.0,0.6862395465968562,-0.894525886349502,142724.0,580.0,300.0,280.0,1634046407.881666,0.0,30.02102184295654
9189,0,1,0,0,3,2,1096,2211110130,1130,64,1116,17,59861,29483,4,0,0,43,15,2211110130,17,59861,11123,9510,94,1150,1130.0,731.5384615384615,-0.3452778763112668,-1.66652335975655,201200.09467455617,1130.0,414.0,716.0,3040,60,1096,408.0,608.0,0.1326176574325044,-1.622062100700268,173715.2,1096.0,380.0,716.0,1634046407.881666,0.0,30.02102184295654
9190,0,1,0,0,3,2,1096,2211110130,1130,64,1116,17,59861,29483,4,0,0,43,15,2211110130,17,59861,11123,10640,94,1150,1130.0,760.0,-0.4709412097962975,-1.570840609259874,197359.42857142855,1130.0,421.0,709.0,4136,60,1096,752.0,689.3333333333334,-0.2208107982892694,-1.6596981444007024,177838.22222222225,1096.0,387.0,709.0,1634046407.882328,0.000662088394165,30.021683931350704
9191,0,1,0,0,3,2,1096,2211110130,1130,64,1116,17,59861,29483,4,0,0,43,15,2211110130,17,59861,11123,11770,94,1150,1130.0,784.6666666666666,-0.5843398875053436,-1.4551077890293604,192720.3555555555,1130.0,428.0,702.0,5232,60,1096,1096.0,747.4285714285714,-0.4860567926425693,-1.4963706153857168,172683.10204081636,1096.0,394.0,702.0,1634046407.882328,0.0,30.021683931350704
9192,0,1,0,0,3,2,627,2211110130,661,64,647,17,59861,29483,4,0,0,43,15,2211110130,17,59861,11123,12431,94,1150,1130.0,776.9375,-0.5461468840834316,-1.4094969213728537,181571.43359375,1130.0,435.0,695.0,5859,60,1096,861.5,732.375,-0.3995671747695284,-1.3864401270141375,152683.984375,1096.0,401.0,695.0,1634046407.882878,0.0005500316619873,30.02223396301269
9193,0,1,0,0,3,2,408,2211110130,442,64,428,17,59861,29483,4,0,0,43,15,2211110130,17,59861,11123,12873,94,1150,1130.0,757.2352941176471,-0.4227049189341197,-1.4952522866620783,177101.5916955017,1130.0,442.0,688.0,6267,60,1096,627.0,696.3333333333334,-0.1635986984648374,-1.4912826533458632,146111.11111111112,1096.0,408.0,688.0,1634046407.895951,0.0130729675292968,30.03530693054199
9194,0,1,0,0,3,2,1096,2211110130,1130,64,1116,17,59861,29483,4,0,0,43,15,2211110130,17,59861,11123,14003,94,1150,1130.0,777.9444444444445,-0.5173614224870071,-1.4140181256627324,174553.38580246913,1130.0,442.0,688.0,7363,60,1096,861.5,736.3,-0.3480842976461917,-1.4379954407445388,145876.01,1096.0,408.0,688.0,1634046407.914264,0.018312931060791,30.05361986160278
9195,0,1,0,0,3,2,1096,2211110130,1130,64,1116,17,59861,29483,4,0,0,43,15,2211110130,17,59861,11123,15133,94,1150,1130.0,796.4736842105264,-0.6050532725649566,-1.3206192344765333,171546.3545706371,1130.0,442.0,688.0,8459,60,1096,1096.0,769.0,-0.5067828422473524,-1.3242558972277063,143307.45454545456,1096.0,408.0,688.0,1634046407.914264,0.0,30.05361986160278
9196,0,1,0,0,3,2,1096,2211110130,1130,64,1116,17,59861,29483,4,0,0,43,15,2211110130,17,59861,11123,16263,94,1150,1130.0,813.15,-0.6869142295233513,-1.217875939755369,168252.92749999996,1130.0,442.0,688.0,9555,60,1096,1096.0,796.25,-0.6468606523190759,-1.1739457134982845,139533.35416666666,1096.0,408.0,688.0,1634046407.914264,0.0,30.05361986160278
9197,0,1,0,0,3,2,1096,2211110130,1130,64,1116,17,59861,29483,4,0,0,43,15,2211110130,17,59861,11123,1130,1130,1130,1130.0,1130.0,0.0,-3.0,0.0,1130.0,1130.0,0.0,10651,60,1096,1096.0,819.3076923076923,-0.7728804431803568,-0.9998450181300068,135179.9053254438,1096.0,408.0,688.0,1634046407.914819,0.0005550384521484,30.054174900054928
9198,0,1,0,0,3,2,1096,2211110130,1130,64,1116,17,59861,29483,4,0,0,43,15,2211110130,17,59861,11123,2260,1130,1130,1130.0,1130.0,0.0,-3.0,0.0,1130.0,1130.0,0.0,11747,60,1096,1096.0,839.0714285714286,-0.8879073306970894,-0.8094053234183112,130602.06632653064,1096.0,462.75,633.25,1634046407.914819,0.0,30.054174900054928
9199,0,1,0,0,3,2,388,2211110130,422,64,408,17,59861,29483,4,0,0,43,15,2211110130,17,59861,11123,2682,422,1130,1130.0,894.0,-0.7071067811865475,-1.5,111392.0,1130.0,776.0,354.0,12135,60,1096,1096.0,809.0,-0.6699362465359643,-1.1814348936100467,134555.33333333334,1096.0,408.0,688.0,1634046407.914819,0.0,30.054174900054928
9200,0,1,0,0,3,2,60,2211110130,94,64,80,17,59861,29483,4,0,0,43,15,2211110130,17,59861,11123,2776,94,1130,776.0,694.0,-0.1915481611051907,-1.7488184271536575,203544.0,1130.0,340.0,790.0,12195,60,1096,1096.0,762.1875,-0.5492260389727677,-1.3421602302418896,159016.77734375,1096.0,403.0,693.0,1634046407.931017,0.016197919845581,30.07037281990051
9201,0,1,0,0,3,2,52,2211110130,86,64,72,17,59861,29483,4,0,0,43,15,2211110130,17,59861,11123,2862,86,1130,422.0,572.4,0.2271209002110974,-1.773418305462433,221981.44,1130.0,94.0,1036.0,12247,52,1096,1096.0,720.4117647058823,-0.4211748781841956,-1.5005156629631944,177586.24221453286,1096.0,388.0,708.0,1634046407.931017,0.0,30.07037281990051
9202,0,1,0,0,3,2,408,2211110130,442,64,428,17,59861,29483,4,0,0,43,15,2211110130,17,59861,11123,3304,86,1130,432.0,550.6666666666666,0.3903127627110928,-1.500345293019936,187346.22222222225,958.0,176.0,782.0,12655,52,1096,861.5,703.0555555555555,-0.3125267051967587,-1.5499329916654347,172841.38580246916,1096.0,393.0,703.0,1634046407.936041,0.0050241947174072,30.075397014617916
9203,0,1,0,0,3,2,1096,2211110130,1130,64,1116,17,59861,29483,4,0,0,43,15,2211110130,17,59861,11123,4434,86,1130,442.0,633.4285714285714,0.0470902547639786,-1.7348079687806166,201679.67346938772,1130.0,258.0,872.0,13751,52,1096,1096.0,723.7368421052631,-0.4046910766129099,-1.4951872747936457,171443.35180055402,1096.0,398.0,698.0,1634046407.936636,0.0005948543548583,30.075991868972775
9204,0,1,0,0,3,2,1096,2211110130,1130,64,1116,17,59861,29483,4,0,0,43,15,2211110130,17,59861,11123,5564,86,1130,786.0,695.5,-0.2079864471797891,-1.727890179718324,203439.75,1130.0,340.0,790.0,14847,52,1096,1096.0,742.35,-0.4900106230875287,-1.4268658078003322,169453.72749999998,1096.0,403.0,693.0,1634046407.936636,0.0,30.075991868972775
9205,0,1,0,0,3,2,1096,2211110130,1130,64,1116,17,59861,29483,4,0,0,43,15,2211110130,17,59861,11123,6694,86,1130,1130.0,743.7777777777778,-0.4136484482476658,-1.6157839020415274,199481.28395061727,1130.0,422.0,708.0,1096,1096,1096,1096.0,1096.0,0.0,-3.0,0.0,1096.0,1096.0,0.0,1634046407.936636,0.0,30.075991868972775
9206,0,1,0,0,3,2,680,2211110130,714,64,700,17,59861,29483,4,0,0,43,15,2211110130,17,59861,11123,7408,86,1130,922.0,740.8,-0.414688782144792,-1.4752971320416866,179612.96000000002,1130.0,427.0,703.0,1776,680,1096,888.0,888.0,0.0,-2.0,43264.0,992.0,784.0,208.0,1634046407.937178,0.0005419254302978,30.076533794403073
9207,0,1,0,0,2,3,60,3232270721,94,47,80,17,29483,59861,4,0,0,43,15,2211110130,17,59861,11123,7502,86,1130,714.0,682.0,-0.2066844775623446,-1.6657785614460228,197858.9090909091,1130.0,258.0,872.0,1836,60,1096,680.0,612.0,-0.2355457304310185,-1.5,181194.66666666663,888.0,370.0,518.0,1634046407.94429,0.0071120262145996,30.083645820617672
9208,0,1,0,0,2,3,60,3232270721,94,47,80,17,29483,59861,4,0,0,43,15,2211110130,17,59861,11123,7596,86,1130,578.0,633.0,-0.0311930730550819,-1.7431316897996707,207781.66666666663,1130.0,94.0,1036.0,1896,60,1096,370.0,474.0,0.3168019191014145,-1.589410224816574,193028.0,784.0,60.0,724.0,1634046407.959683,0.0153930187225341,30.099038839340206
9209,0,1,0,0,3,2,408,2211110130,442,64,428,17,59861,29483,4,0,0,43,15,2211110130,17,59861,11123,8038,86,1130,442.0,618.3076923076923,0.0619345029715708,-1.6701388875204788,194388.82840236684,1130.0,94.0,1036.0,2304,60,1096,408.0,460.8,0.4514527500769337,-1.198632970770058,155119.36000000002,680.0,60.0,620.0,1634046407.971722,0.0120389461517333,30.11107778549194
9210,0,1,0,0,2,3,60,3232270721,94,47,80,17,29483,59861,4,0,0,43,15,2211110130,17,59861,11123,8132,86,1130,442.0,580.8571428571429,0.192047652556313,-1.659767083201359,198736.97959183672,1130.0,94.0,1036.0,2364,60,1096,234.0,394.0,0.7274202334324387,-0.9189550994064106,151577.33333333334,612.0,60.0,552.0,1634046407.97934,0.0076181888580322,30.118695974349972
9211,0,1,0,0,3,2,1096,2211110130,1130,64,1116,17,59861,29483,4,0,0,43,15,2211110130,17,59861,11123,9262,86,1130,442.0,617.4666666666667,0.0480844598039124,-1.7254240204771216,204251.4488888889,1130.0,94.0,1036.0,3460,60,1096,408.0,494.2857142857143,0.3369488353625814,-1.5393855615618055,190266.77551020408,888.0,60.0,828.0,1634046407.992205,0.0128648281097412,30.131560802459713
9212,0,1,0,0,3,2,1116,2211110130,1150,64,1136,17,59861,29483,4,0,0,43,15,2211110130,17,59861,11123,10412,86,1150,578.0,650.75,-0.0760093442228942,-1.74261720677578,208102.4375,1130.0,94.0,1036.0,4576,60,1116,544.0,572.0,0.0562736815022197,-1.722543564843198,208760.0,1096.0,60.0,1036.0,1634046407.992205,0.0,30.131560802459713
9213,0,1,0,0,3,2,1096,2211110130,1130,64,1116,17,59861,29483,4,0,0,43,15,2211110130,17,59861,11123,11542,86,1150,714.0,678.9411764705883,-0.1887392384200142,-1.7269053731883366,208576.9965397924,1130.0,94.0,1036.0,5672,60,1116,680.0,630.2222222222222,-0.1691241911357168,-1.7312761280114173,212683.06172839503,1096.0,60.0,1036.0,1634046407.992205,0.0,30.131560802459713
9214,0,1,0,0,3,2,1096,2211110130,1130,64,1116,17,59861,29483,4,0,0,43,15,2211110130,17,59861,11123,12672,86,1150,922.0,704.0,-0.2906901268199977,-1.687929351789731,207664.44444444444,1130.0,176.0,954.0,6768,60,1116,888.0,676.8,-0.3550848900238663,-1.651195289065485,210940.16,1096.0,147.0,949.0,1634046407.992205,0.0,30.131560802459713
9215,0,1,0,0,3,2,1096,2211110130,1130,64,1116,17,59861,29483,4,0,0,43,15,2211110130,17,59861,11123,13802,86,1150,1130.0,726.421052631579,-0.3839851198787028,-1.6319738745875634,205783.40166204987,1130.0,258.0,872.0,7864,60,1116,1096.0,714.9090909090909,-0.5146204013860242,-1.5214716332514049,206286.8099173554,1096.0,234.0,862.0,1634046407.992205,0.0,30.131560802459713
9216,0,1,0,0,3,2,1096,2211110130,1130,64,1116,17,59861,29483,4,0,0,43,15,2211110130,17,59861,11123,14932,86,1150,1130.0,746.6,-0.4701805314059234,-1.5632507967141749,203230.84,1130.0,340.0,790.0,8960,60,1116,1096.0,746.6666666666666,-0.6552485192064474,-1.361236976433795,200190.22222222225,1096.0,321.0,775.0,1634046407.99328,0.0010750293731689,30.132635831832882
9217,0,1,0,0,3,2,280,2211110130,314,64,300,17,59861,29483,4,0,0,43,15,2211110130,17,59861,11123,314,314,314,314.0,314.0,0.0,-3.0,0.0,314.0,314.0,0.0,9240,60,1116,1096.0,710.7692307692307,-0.4506207822421868,-1.5805347809096133,200254.48520710052,1096.0,280.0,816.0,1634046407.99328,0.0,30.132635831832882
9218,0,1,0,0,2,3,56,3232270721,90,47,76,17,29483,59861,4,0,0,43,15,2211110130,17,59861,11123,404,90,314,202.0,202.0,0.0,-2.0,12544.0,258.0,146.0,112.0,9296,56,1116,888.0,664.0,-0.27568649758876,-1.737027558258803,214386.2857142857,1096.0,115.0,981.0,1634046407.995805,0.0025250911712646,30.135160923004147
9219,0,1,0,0,2,3,60,3232270721,94,47,80,17,29483,59861,4,0,0,43,15,2211110130,17,59861,11123,498,90,314,94.0,166.0,0.7063322783251204,-1.4999999999999998,10954.666666666666,204.0,92.0,112.0,9356,56,1116,680.0,623.7333333333333,-0.1260237551874189,-1.816480880561052,222793.5288888889,1096.0,60.0,1036.0,1634046407.995859,5.3882598876953125e-05,30.135214805603024
9220,0,1,0,0,2,3,52,3232270721,86,47,72,17,29483,59861,4,0,0,43,15,2211110130,17,59861,11123,584,86,314,92.0,146.0,1.1517583143172776,-0.6689306294750201,9416.0,149.0,89.0,60.0,9408,52,1116,544.0,588.0,0.0035326316268733,-1.8448831650347208,228022.0,1096.0,60.0,1036.0,1634046407.995891,3.218650817871094e-05,30.135246992111203
9221,0,1,0,0,3,2,1096,2211110130,1130,64,1116,17,59861,29483,4,0,0,43,15,2211110130,17,59861,11123,1714,86,1130,94.0,342.8,1.3418247938347978,0.003071432468237,162453.76,314.0,90.0,224.0,10504,52,1116,680.0,617.8823529411765,-0.1138969599089485,-1.8413159985779004,228896.2214532872,1096.0,60.0,1036.0,1634046408.002642,0.0067508220672607,30.141997814178463
9222,0,1,0,0,3,2,1096,2211110130,1130,64,1116,17,59861,29483,4,0,0,43,15,2211110130,17,59861,11123,2844,86,1130,204.0,474.0,0.6247117800449421,-1.5171658834634745,221445.3333333333,926.0,91.0,835.0,11600,52,1116,888.0,644.4444444444445,-0.2193633713375025,-1.8127574989138304,228174.02469135803,1096.0,60.0,1036.0,1634046408.002642,0.0,30.141997814178463
9223,0,1,0,0,3,2,1096,2211110130,1130,64,1116,17,59861,29483,4,0,0,43,15,2211110130,17,59861,11123,3974,86,1130,314.0,567.7142857142857,0.2271548945043292,-1.8818184763098575,242504.4897959184,1130.0,92.0,1038.0,12696,52,1116,1096.0,668.2105263157895,-0.315347057428022,-1.7661081965440468,226331.74515235453,1096.0,60.0,1036.0,1634046408.002642,0.0,30.141997814178463
9224,0,1,0,0,3,2,523,2211110130,557,64,543,17,59861,29483,4,0,0,43,15,2211110130,17,59861,11123,4531,86,1130,435.5,566.375,0.2515377292952093,-1.7193549319755246,212203.984375,1130.0,93.0,1037.0,13219,52,1116,888.0,660.95,-0.2759480472199284,-1.7314138154697878,216016.7475,1096.0,60.0,1036.0,1634046408.003178,0.0005359649658203,30.142533779144284
9225,0,1,0,0,3,2,56,2211110130,90,64,76,17,59861,29483,4,0,0,43,15,2211110130,17,59861,11123,4621,86,1130,314.0,513.4444444444445,0.4487336957179401,-1.5935854599489607,211038.91358024688,1130.0,90.0,1040.0,56,56,56,56.0,56.0,0.0,-3.0,0.0,56.0,56.0,0.0,1634046408.024614,0.0214362144470214,30.163969993591305
9226,0,1,0,0,2,3,60,3232270721,94,47,80,17,29483,59861,4,0,0,43,15,2211110130,17,59861,11123,4715,86,1130,204.0,471.5,0.6186046236415789,-1.418031529146479,205769.05,986.75,91.0,895.75,116,56,60,58.0,58.0,0.0,-2.0,4.0,59.0,57.0,2.0,1634046408.030466,0.0058519840240478,30.169821977615353
9227,0,1,0,0,3,2,408,2211110130,442,64,428,17,59861,29483,4,0,0,43,15,2211110130,17,59861,11123,5157,86,1130,314.0,468.8181818181818,0.6669937260618091,-1.2448607147493678,187134.69421487607,843.5,92.0,751.5,524,56,408,60.0,174.66666666666666,0.7067951202245192,-1.4999999999999996,27224.888888888887,234.0,58.0,176.0,1634046408.037417,0.0069508552551269,30.17677283287048
9228,0,1,0,0,2,3,60,3232270721,94,47,80,17,29483,59861,4,0,0,43,15,2211110130,17,59861,11123,5251,86,1130,204.0,437.5833333333333,0.7995255708571147,-1.0527926039526925,182271.90972222225,700.25,93.0,607.25,584,56,408,60.0,146.0,1.1542958580519225,-0.6669750091361579,22884.0,147.0,59.0,88.0,1634046408.049264,0.0118470191955566,30.188619852066036
9229,0,1,0,0,3,2,60,2211110130,94,64,80,17,59861,29483,4,0,0,43,15,2211110130,17,59861,11123,5345,86,1130,94.0,411.1538461538461,0.9205218390937098,-0.8438204042344286,176633.20710059168,557.0,94.0,463.0,644,56,408,60.0,128.8,1.4995364938746345,0.2493879159228686,19490.56,60.0,60.0,0.0,1634046408.058961,0.0096969604492187,30.198316812515255
9230,0,1,0,0,3,2,1096,2211110130,1130,64,1116,17,59861,29483,4,0,0,43,15,2211110130,17,59861,11123,6475,86,1130,204.0,462.5,0.6716650030542713,-1.3159596816410413,198290.10714285716,986.75,94.0,892.75,1740,56,1096,60.0,290.0,1.4194257285469492,0.3825153271712986,146169.33333333334,321.0,60.0,261.0,1634046408.061061,0.0020999908447265,30.200416803359982
9231,0,1,0,0,3,2,1096,2211110130,1130,64,1116,17,59861,29483,4,0,0,43,15,2211110130,17,59861,11123,7605,86,1130,314.0,507.0,0.4755858987253931,-1.5823517394673572,212794.26666666663,1130.0,94.0,1036.0,2836,56,1096,60.0,405.1428571428572,0.76056980647423,-1.2532307150883586,204835.26530612248,752.0,60.0,692.0,1634046408.061061,0.0,30.200416803359982
9232,0,1,0,0,3,2,1096,2211110130,1130,64,1116,17,59861,29483,4,0,0,43,15,2211110130,17,59861,11123,8735,86,1130,378.0,545.9375,0.3136498645909468,-1.7354616044663145,222236.55859375,1130.0,94.0,1036.0,3932,56,1096,234.0,491.5,0.3800220567435634,-1.7383256910546,231433.75,1096.0,60.0,1036.0,1634046408.061061,0.0,30.200416803359982
9233,0,1,0,0,3,2,1096,2211110130,1130,64,1116,17,59861,29483,4,0,0,43,15,2211110130,17,59861,11123,9865,86,1130,442.0,580.2941176470588,0.1753975760501634,-1.8196858609802216,228049.85467128028,1130.0,94.0,1036.0,5028,56,1096,408.0,558.6666666666666,0.1103859973453262,-1.8915472825282995,241809.77777777775,1096.0,60.0,1036.0,1634046408.062441,0.0013802051544189,30.2017970085144
9234,0,1,0,0,3,2,347,2211110130,381,64,367,17,59861,29483,4,0,0,43,15,2211110130,17,59861,11123,10246,86,1130,411.5,569.2222222222222,0.244799203431667,-1.752374316754994,217464.3950617284,1130.0,94.0,1036.0,5375,56,1096,377.5,537.5,0.2390746118768906,-1.7778397980313867,221661.05,1096.0,60.0,1036.0,1634046408.062441,0.0,30.2017970085144
9235,0,1,0,0,2,3,60,3232270721,94,47,80,17,29483,59861,4,0,0,43,15,2211110130,17,59861,11123,10340,86,1130,381.0,544.2105263157895,0.337568450475305,-1.7039974526846855,217279.42936288088,1130.0,94.0,1036.0,5435,56,1096,347.0,494.09090909090907,0.4018055467459483,-1.6811430614545495,220353.53719008263,1096.0,60.0,1036.0,1634046408.066626,0.0041849613189697,30.20598196983337
9236,0,1,0,0,2,3,60,3232270721,94,47,80,17,29483,59861,4,0,0,43,15,2211110130,17,59861,11123,10434,86,1130,347.5,521.7,0.4234137525420282,-1.642711631227712,216043.21000000005,1130.0,94.0,1036.0,5495,56,1096,203.5,457.9166666666667,0.5445461859974187,-1.550035710813539,216385.07638888885,1096.0,60.0,1036.0,1634046408.084811,0.0181849002838134,30.224166870117184
9237,0,1,0,0,3,2,408,2211110130,442,64,428,17,59861,29483,4,0,0,43,15,2211110130,17,59861,11123,442,442,442,442.0,442.0,0.0,-3.0,0.0,442.0,442.0,0.0,5903,56,1096,347.0,454.0769230769231,0.5916861466483516,-1.412090015763163,199916.99408284028,1096.0,60.0,1036.0,1634046408.096095,0.0112841129302978,30.235450983047482
9238,0,1,0,0,3,2,1096,2211110130,1130,64,1116,17,59861,29483,4,0,0,43,15,2211110130,17,59861,11123,1572,442,1130,786.0,786.0,0.0,-2.0,118336.0,958.0,614.0,344.0,6999,56,1096,377.5,499.9285714285714,0.392891339680338,-1.6487589259896716,212968.06632653065,1096.0,60.0,1036.0,1634046408.096095,0.0,30.235450983047482
9239,0,1,0,0,3,2,1096,2211110130,1130,64,1116,17,59861,29483,4,0,0,43,15,2211110130,17,59861,11123,2702,442,1130,1130.0,900.6666666666666,-0.7071067811865471,-1.5000000000000009,105187.55555555556,1130.0,786.0,344.0,8095,56,1096,408.0,539.6666666666666,0.2289252897652707,-1.775418862863437,220877.82222222225,1096.0,60.0,1036.0,1634046408.096794,0.0006988048553466,30.23614978790283
9240,0,1,0,0,3,2,1096,2211110130,1130,64,1116,17,59861,29483,4,0,0,43,15,2211110130,17,59861,11123,3832,442,1130,1130.0,958.0,-1.1547005383792517,-0.6666666666666665,88752.0,1130.0,958.0,172.0,9191,56,1096,408.0,574.4375,0.0889508520526006,-1.8359424948002925,225208.12109375,1096.0,60.0,1036.0,1634046408.096794,0.0,30.23614978790283
9241,0,1,0,0,3,2,1096,2211110130,1130,64,1116,17,59861,29483,4,0,0,43,15,2211110130,17,59861,11123,4962,442,1130,1130.0,992.4,-1.5,0.2499999999999982,75735.04000000001,1130.0,1130.0,0.0,10287,56,1096,408.0,605.1176470588235,-0.03356569729904,-1.8536337545217672,227020.92733564012,1096.0,60.0,1036.0,1634046408.096794,0.0,30.23614978790283
9242,0,1,0,0,3,2,1096,2211110130,1130,64,1116,17,59861,29483,4,0,0,43,15,2211110130,17,59861,11123,6092,442,1130,1130.0,1015.3333333333334,-1.7888543819998322,1.2000000000000002,65742.22222222223,1130.0,1130.0,0.0,11383,56,1096,752.0,632.3888888888889,-0.1428396536192193,-1.842006981221288,227051.90432098767,1096.0,60.0,1036.0,1634046408.097354,0.0005600452423095,30.236709833145138
9243,0,1,0,0,3,2,621,2211110130,655,64,641,17,59861,29483,4,0,0,43,15,2211110130,17,59861,11123,6747,442,1130,1130.0,963.8571428571428,-1.0935098707312765,-0.6169529366924094,72249.26530612246,1130.0,892.5,237.5,12004,56,1096,621.0,631.7894736842105,-0.142870732214934,-1.778496125851308,215108.27146814408,1096.0,60.0,1036.0,1634046408.097354,0.0,30.236709833145138
9244,0,1,0,0,3,2,408,2211110130,442,64,428,17,59861,29483,4,0,0,43,15,2211110130,17,59861,11123,7189,442,1130,1130.0,898.625,-0.6299756195168821,-1.4854952814741125,93004.734375,1130.0,601.75,528.25,12412,56,1096,514.5,620.6,-0.0761773139660133,-1.7518263132371867,206731.74000000005,1096.0,60.0,1036.0,1634046408.113262,0.0159080028533935,30.25261783599853
9245,0,1,0,0,3,2,1096,2211110130,1130,64,1116,17,59861,29483,4,0,0,43,15,2211110130,17,59861,11123,8319,442,1130,1130.0,924.3333333333334,-0.8167983055507553,-1.2156351091585422,87958.22222222222,1130.0,655.0,475.0,1096,1096,1096,1096.0,1096.0,0.0,-3.0,0.0,1096.0,1096.0,0.0,1634046408.127041,0.0137791633605957,30.266396999359127
9246,0,1,0,0,3,2,1096,2211110130,1130,64,1116,17,59861,29483,4,0,0,43,15,2211110130,17,59861,11123,9449,442,1130,1130.0,944.9,-0.9805755503452772,-0.9197036518648588,82969.29,1130.0,773.75,356.25,2192,1096,1096,1096.0,1096.0,0.0,-3.0,0.0,1096.0,1096.0,0.0,1634046408.12846,0.0014188289642333,30.26781582832336
9247,0,1,0,0,3,2,1116,2211110130,1150,64,1136,17,59861,29483,4,0,0,43,15,2211110130,17,59861,11123,10599,442,1150,1130.0,963.5454545454544,-1.125258812420734,-0.6107278378402734,78903.15702479339,1130.0,892.5,237.5,3308,1096,1116,1096.0,1102.6666666666667,0.7071067811865238,-1.5000000000000222,88.88888888888887,1106.0,1096.0,10.0,1634046408.129776,0.0013160705566406,30.26913189888
9248,0,1,0,0,3,2,1104,2211110130,1138,64,1124,17,59861,29483,4,0,0,43,15,2211110130,17,59861,11123,11737,442,1150,1130.0,978.0833333333334,-1.2589055549886825,-0.2885445844161349,74652.74305555556,1130.0,1011.25,118.75,4412,1096,1116,1100.0,1103.0,0.6892544771146772,-1.1419024281577188,67.0,1107.0,1096.0,11.0,1634046408.129776,0.0,30.26913189888
9249,0,1,0,0,3,2,1096,2211110130,1130,64,1116,17,59861,29483,4,0,0,43,15,2211110130,17,59861,11123,12867,442,1150,1130.0,989.7692307692308,-1.3826041714709267,0.0424658852278181,70548.94674556212,1130.0,1130.0,0.0,5508,1096,1116,1096.0,1101.6,1.02699960569819,-0.5638020833332864,61.44000000000001,1104.0,1096.0,8.0,1634046408.129776,0.0,30.26913189888
9250,0,1,0,0,3,2,152,2211110130,186,64,172,17,59861,29483,4,0,0,43,15,2211110130,17,59861,11123,13053,186,1150,1130.0,932.3571428571428,-1.1857490433809172,-0.2741308326834044,108359.65816326533,1130.0,773.75,356.25,5660,152,1116,1096.0,943.3333333333334,-1.78720055826777,1.197075384312198,125292.88888888888,1102.0,1096.0,6.0,1634046408.129776,0.0,30.26913189888
9251,0,1,0,0,2,3,60,3232270721,94,47,80,17,29483,59861,4,0,0,43,15,2211110130,17,59861,11123,13147,94,1150,1130.0,876.4666666666667,-0.98465959923457,-0.7155815188608559,144868.11555555556,1130.0,548.5,581.5,5720,60,1116,1096.0,817.1428571428571,-0.957834842246096,-1.0670209818947956,202938.1224489796,1100.0,624.0,476.0,1634046408.133317,0.0035409927368164,30.272672891616818
9252,0,1,0,0,3,2,408,2211110130,442,64,428,17,59861,29483,4,0,0,43,15,2211110130,17,59861,11123,13589,94,1150,1130.0,849.3125,-0.7824148363707625,-1.0651215832494136,146874.08984375,1130.0,442.0,688.0,6128,60,1116,1096.0,766.0,-0.6343540920538944,-1.4667755005721497,195880.0,1098.0,344.0,754.0,1634046408.137526,0.0042090415954589,30.276881933212277
9253,0,1,0,0,2,3,60,3232270721,94,47,80,17,29483,59861,4,0,0,43,15,2211110130,17,59861,11123,13683,94,1150,1130.0,804.8823529411765,-0.629806526816608,-1.3154174956141391,169819.04498269895,1130.0,442.0,688.0,6188,60,1116,1096.0,687.5555555555555,-0.3310289507125224,-1.784170239502626,223343.80246913584,1096.0,152.0,944.0,1634046408.158398,0.020871877670288,30.297753810882565
9254,0,1,0,0,3,2,1096,2211110130,1130,64,1116,17,59861,29483,4,0,0,43,15,2211110130,17,59861,11123,14813,94,1150,1130.0,822.9444444444445,-0.7207109930383766,-1.194995201127955,165930.71913580244,1130.0,442.0,688.0,7284,60,1116,1096.0,728.4,-0.5096452077713256,-1.6379490935646377,216023.84000000003,1096.0,216.0,880.0,1634046408.164115,0.0057170391082763,30.30347084999084
9255,0,1,0,0,3,2,1096,2211110130,1130,64,1116,17,59861,29483,4,0,0,43,15,2211110130,17,59861,11123,15943,94,1150,1130.0,839.1052631578947,-0.8056119974252608,-1.0661634714236323,161898.62049861494,1130.0,442.0,688.0,8380,60,1116,1096.0,761.8181818181819,-0.6646613912105483,-1.4573973530323583,207553.0578512397,1096.0,280.0,816.0,1634046408.164115,0.0,30.30347084999084
9256,0,1,0,0,3,2,1096,2211110130,1130,64,1116,17,59861,29483,4,0,0,43,15,2211110130,17,59861,11123,17073,94,1150,1130.0,853.65,-0.8854211636640476,-0.930751645497848,157823.1275,1130.0,442.0,688.0,9476,60,1116,1096.0,789.6666666666666,-0.8025467729323988,-1.2551104708943717,198787.88888888885,1096.0,344.0,752.0,1634046408.164634,0.0005190372467041,30.303989887237545
9257,0,1,0,0,3,2,1096,2211110130,1130,64,1116,17,59861,29483,4,0,0,43,15,2211110130,17,59861,11123,1130,1130,1130,1130.0,1130.0,0.0,-3.0,0.0,1130.0,1130.0,0.0,10572,60,1116,1096.0,813.2307692307693,-0.9274024409434544,-1.0381938737289982,190159.71597633135,1096.0,408.0,688.0,1634046408.164634,0.0,30.303989887237545
9258,0,1,0,0,3,2,1096,2211110130,1130,64,1116,17,59861,29483,4,0,0,43,15,2211110130,17,59861,11123,2260,1130,1130,1130.0,1130.0,0.0,-3.0,0.0,1130.0,1130.0,0.0,11668,60,1116,1096.0,833.4285714285714,-1.0419912397759752,-0.8109602244100258,181880.24489795917,1096.0,580.0,516.0,1634046408.164634,0.0,30.303989887237545
9259,0,1,0,0,3,2,501,2211110130,535,64,521,17,59861,29483,4,0,0,43,15,2211110130,17,59861,11123,2795,535,1130,1130.0,931.6666666666666,-0.7071067811865471,-1.5000000000000002,78672.22222222222,1130.0,832.5,297.5,12169,60,1116,1096.0,811.2666666666667,-0.8908482004110315,-1.0121553929102838,176630.99555555548,1096.0,454.5,641.5,1634046408.164634,0.0,30.303989887237545
9260,0,1,0,0,3,2,60,2211110130,94,64,80,17,59861,29483,4,0,0,43,15,2211110130,17,59861,11123,2889,94,1130,832.5,722.25,-0.3574538462305225,-1.5385578251796743,190570.1875,1130.0,424.75,705.25,12229,60,1116,1096.0,764.3125,-0.6822521390605586,-1.3765506629712732,198661.96484375,1096.0,344.0,752.0,1634046408.17358,0.0089459419250488,30.312935829162594
9261,0,1,0,0,3,2,408,2211110130,442,64,428,17,59861,29483,4,0,0,43,15,2211110130,17,59861,11123,3331,94,1130,535.0,666.2,-0.0039892640176922,-1.5123105518144924,165022.56,1130.0,442.0,688.0,12637,60,1116,1096.0,743.3529411764706,-0.5536551356370657,-1.4915935436189771,194004.8166089965,1096.0,408.0,688.0,1634046408.17358,0.0,30.312935829162594
9262,0,1,0,0,2,3,60,3232270721,94,47,80,17,29483,59861,4,0,0,43,15,2211110130,17,59861,11123,3425,94,1130,488.5,570.8333333333334,0.2781610103847179,-1.5108708032743705,182992.80555555556,981.25,181.0,800.25,12697,60,1116,1096.0,705.3888888888889,-0.4087269958892041,-1.654520095749691,207728.3487654321,1096.0,216.0,880.0,1634046408.174018,0.0004379749298095,30.313373804092404
9263,0,1,0,0,2,3,56,3232270721,90,47,76,17,29483,59861,4,0,0,43,15,2211110130,17,59861,11123,3515,90,1130,442.0,502.1428571428572,0.5178887773932146,-1.3534511516636638,185161.26530612248,832.5,94.0,738.5,12753,56,1116,1096.0,671.2105263157895,-0.2823034391440878,-1.7583632808627776,217822.16620498616,1096.0,106.0,990.0,1634046408.190874,0.0168561935424804,30.330229997634884
9264,0,1,0,0,2,3,60,3232270721,94,47,80,17,29483,59861,4,0,0,43,15,2211110130,17,59861,11123,3609,90,1130,268.0,451.125,0.7230374350166565,-1.1119755282819113,180235.859375,683.75,94.0,589.75,12813,56,1116,798.5,640.65,-0.1695245594689726,-1.821755655138185,224676.02750000003,1096.0,60.0,1036.0,1634046408.190928,5.3882598876953125e-05,30.33028388023376
9265,0,1,0,0,3,2,1096,2211110130,1130,64,1116,17,59861,29483,4,0,0,43,15,2211110130,17,59861,11123,4739,90,1130,442.0,526.5555555555555,0.3960674581738643,-1.5844587894843565,205727.80246913584,1130.0,94.0,1036.0,1096,1096,1096,1096.0,1096.0,0.0,-3.0,0.0,1096.0,1096.0,0.0,1634046408.201261,0.0103330612182617,30.340616941452023
9266,0,1,0,0,3,2,1096,2211110130,1130,64,1116,17,59861,29483,4,0,0,43,15,2211110130,17,59861,11123,5869,90,1130,488.5,586.9,0.1529894724210587,-1.7650992613547436,217928.09,1130.0,94.0,1036.0,2192,1096,1096,1096.0,1096.0,0.0,-3.0,0.0,1096.0,1096.0,0.0,1634046408.201261,0.0,30.340616941452023
9267,0,1,0,0,3,2,1096,2211110130,1130,64,1116,17,59861,29483,4,0,0,43,15,2211110130,17,59861,11123,6999,90,1130,535.0,636.2727272727273,-0.0415761992107324,-1.8116381091279377,222493.10743801657,1130.0,94.0,1036.0,3288,1096,1096,1096.0,1096.0,0.0,-3.0,0.0,1096.0,1096.0,0.0,1634046408.201261,0.0,30.340616941452023
9268,0,1,0,0,3,2,1054,2211110130,1088,64,1074,17,59861,29483,4,0,0,43,15,2211110130,17,59861,11123,8087,90,1130,811.5,673.9166666666666,-0.2057499485354763,-1.7818174964476434,219539.74305555556,1130.0,94.0,1036.0,4342,1054,1096,1096.0,1085.5,-1.1547005383792517,-0.6666666666666665,330.75,1096.0,1085.5,10.5,1634046408.201261,0.0,30.340616941452023
9269,0,1,0,0,2,3,52,3232270721,86,47,72,17,29483,59861,4,0,0,43,15,2211110130,17,59861,11123,8173,86,1130,535.0,628.6923076923077,-0.0392585956009637,-1.8409760672509956,227194.98224852068,1130.0,94.0,1036.0,4394,52,1096,1096.0,878.8,-1.4942845387150117,0.2421249166697481,171164.15999999997,1096.0,1054.0,42.0,1634046408.210714,0.0094530582427978,30.35006999969482
9270,0,1,0,0,3,2,1096,2211110130,1130,64,1116,17,59861,29483,4,0,0,43,15,2211110130,17,59861,11123,9303,86,1130,811.5,664.5,-0.1790681362929277,-1.8209348772058505,227635.25,1130.0,94.0,1036.0,5490,52,1096,1096.0,915.0,-1.7826151887173656,1.1884823279378691,149189.0,1096.0,1064.5,31.5,1634046408.217855,0.0071408748626708,30.35721087455749
9271,0,1,0,0,3,2,1096,2211110130,1130,64,1116,17,59861,29483,4,0,0,43,15,2211110130,17,59861,11123,10433,86,1130,1088.0,695.5333333333333,-0.3025385561484082,-1.7682549120139075,225942.51555555552,1130.0,94.0,1036.0,6586,52,1096,1096.0,940.8571428571428,-2.0345423086345367,2.1516282279872767,131887.83673469388,1096.0,1075.0,21.0,1634046408.217855,0.0,30.35721087455749
9272,0,1,0,0,3,2,1096,2211110130,1130,64,1116,17,59861,29483,4,0,0,43,15,2211110130,17,59861,11123,11563,86,1130,1109.0,722.6875,-0.4135235195539111,-1.693193169848325,222881.33984375,1130.0,94.0,1036.0,7682,52,1096,1096.0,960.25,-2.260667807673568,3.124374871380538,118034.4375,1096.0,1085.5,10.5,1634046408.217855,0.0,30.35721087455749
9273,0,1,0,0,3,2,1096,2211110130,1130,64,1116,17,59861,29483,4,0,0,43,15,2211110130,17,59861,11123,12693,86,1130,1130.0,746.6470588235294,-0.5146603757778797,-1.6021216280815866,218955.64013840831,1130.0,94.0,1036.0,8778,52,1096,1096.0,975.3333333333334,-2.467363611094427,4.1031247473306784,106739.55555555556,1096.0,1096.0,0.0,1634046408.218464,0.0006089210510253,30.357819795608517
9274,0,1,0,0,3,2,1096,2211110130,1130,64,1116,17,59861,29483,4,0,0,43,15,2211110130,17,59861,11123,13823,86,1130,1130.0,767.9444444444445,-0.607829234701972,-1.4992055064215597,214502.274691358,1130.0,181.0,949.0,9874,52,1096,1096.0,987.4,-2.658787862424165,5.085877995750478,97376.04,1096.0,1096.0,0.0,1634046408.218464,0.0,30.357819795608517
9275,0,1,0,0,3,2,414,2211110130,448,64,434,17,59861,29483,4,0,0,43,15,2211110130,17,59861,11123,14271,86,1130,1130.0,751.1052631578947,-0.5090716217060637,-1.5630934986541511,208316.7257617729,1130.0,268.0,862.0,10288,52,1096,1096.0,935.2727272727273,-1.838498078725773,1.6728504824145096,115696.19834710742,1096.0,1075.0,21.0,1634046408.218464,0.0,30.357819795608517
9276,0,1,0,0,3,2,56,2211110130,90,64,76,17,59861,29483,4,0,0,43,15,2211110130,17,59861,11123,14361,86,1130,1109.0,718.05,-0.378580863471341,-1.698335075438531,218661.24750000008,1130.0,94.0,1036.0,10344,52,1096,1096.0,862.0,-1.2860229832149808,-0.193546391001445,165112.66666666666,1096.0,894.0,202.0,1634046408.233068,0.0146040916442871,30.372423887252804
9277,0,1,0,0,3,2,408,2211110130,442,64,428,17,59861,29483,4,0,0,43,15,2211110130,17,59861,11123,442,442,442,442.0,442.0,0.0,-3.0,0.0,442.0,442.0,0.0,10752,52,1096,1096.0,827.0769230769231,-1.0150050216218864,-0.7427410039623372,167047.14792899412,1096.0,414.0,682.0,1634046408.233068,0.0,30.372423887252804
9278,0,1,0,0,2,3,60,3232270721,94,47,80,17,29483,59861,4,0,0,43,15,2211110130,17,59861,11123,536,94,442,268.0,268.0,0.0,-2.0,30276.0,355.0,181.0,174.0,10812,52,1096,1096.0,772.2857142857143,-0.7541576207869728,-1.2602174628511074,194142.20408163263,1096.0,409.5,686.5,1634046408.242206,0.0091381072998046,30.38156199455261
9279,0,1,0,0,3,2,1096,2211110130,1130,64,1116,17,59861,29483,4,0,0,43,15,2211110130,17,59861,11123,1666,94,1130,442.0,555.3333333333334,0.3766675336035382,-1.5000000000000004,185304.8888888889,786.0,268.0,518.0,11908,52,1096,1096.0,793.8666666666667,-0.8620585144424188,-1.0855530621155256,187719.7155555556,1096.0,411.0,685.0,1634046408.246546,0.0043399333953857,30.385901927947994
9280,0,1,0,0,3,2,1096,2211110130,1130,64,1116,17,59861,29483,4,0,0,43,15,2211110130,17,59861,11123,2796,94,1130,786.0,699.0,-0.2173703793443629,-1.715628269693377,200899.0,1130.0,355.0,775.0,13004,52,1096,1096.0,812.75,-0.9620271058460512,-0.9019360696394464,181335.9375,1096.0,412.5,683.5,1634046408.246546,0.0,30.385901927947994
9281,0,1,0,0,3,2,1096,2211110130,1130,64,1116,17,59861,29483,4,0,0,43,15,2211110130,17,59861,11123,3926,94,1130,1130.0,785.2,-0.5960310217014525,-1.4309581812273606,190440.96,1130.0,442.0,688.0,14100,52,1096,1096.0,829.4117647058823,-1.0554149011329337,-0.7115375879258039,175110.9480968858,1096.0,414.0,682.0,1634046408.246546,0.0,30.385901927947994
9282,0,1,0,0,2,3,52,3232270721,86,48,72,17,10001,59861,4,0,0,43,15,2211110130,17,59861,11123,4012,86,1130,786.0,668.6666666666666,-0.1617496194897334,-1.8222586973094632,226600.8888888889,1130.0,181.0,949.0,14152,52,1096,1096.0,786.2222222222222,-0.8403004633430409,-1.155390241135826,197093.28395061733,1096.0,409.5,686.5,1634046408.250938,0.0043919086456298,30.390293836593624
9283,0,1,0,0,3,2,1116,2211110130,1150,64,1136,17,59861,29483,4,0,0,43,15,2211110130,17,59861,11123,5162,86,1150,1130.0,737.4285714285714,-0.431032477768293,-1.675743119983511,222598.53061224488,1130.0,268.0,862.0,15268,52,1116,1096.0,803.578947368421,-0.9234784496817412,-1.007544609122774,192142.5595567867,1096.0,411.0,685.0,1634046408.260375,0.009437084197998,30.399730920791622
9284,0,1,0,0,2,3,60,3232270721,94,47,80,17,29483,59861,4,0,0,43,15,2211110130,17,59861,11123,5256,86,1150,786.0,657.0,-0.1229853339111872,-1.8750491013489727,240055.0,1130.0,94.0,1036.0,15328,52,1116,1096.0,766.4,-0.7452769035581799,-1.3288198969925034,208798.64,1096.0,321.0,775.0,1634046408.260481,0.0001060962677001,30.399837017059323
9285,0,1,0,0,3,2,885,2211110130,919,64,905,17,59861,29483,4,0,0,43,15,2211110130,17,59861,11123,6175,86,1150,919.0,686.1111111111111,-0.2914884269561112,-1.7511444294707454,220161.8765432099,1130.0,94.0,1036.0,885,885,885,885.0,885.0,0.0,-3.0,0.0,885.0,885.0,0.0,1634046408.265873,0.0053918361663818,30.405228853225704
9286,0,1,0,0,3,2,32,2211110130,66,64,52,17,59861,29483,4,0,0,43,15,2211110130,17,59861,11123,6241,66,1150,680.5,624.1,-0.0659679219042511,-1.8547225650268009,232754.09000000003,1130.0,94.0,1036.0,917,32,885,458.5,458.5,0.0,-2.0,181902.25,671.75,245.25,426.5,1634046408.265873,0.0,30.405228853225704
9287,0,1,0,0,3,2,408,2211110130,442,64,428,17,59861,29483,4,0,0,43,15,2211110130,17,59861,11123,6683,66,1150,442.0,607.5454545454545,0.0339218529728558,-1.7728505340401692,214335.15702479336,1130.0,94.0,1036.0,1325,32,885,408.0,441.6666666666667,0.1437817039562029,-1.5000000000000002,121834.88888888888,646.5,220.0,426.5,1634046408.266894,0.0010211467742919,30.406249999999996
9288,0,1,0,0,2,3,60,3232270721,94,47,80,17,29483,59861,4,0,0,43,15,2211110130,17,59861,11123,6777,66,1150,442.0,564.75,0.1952838883400768,-1.754170819494184,216619.85416666663,1130.0,94.0,1036.0,1385,32,885,234.0,346.25,0.6243602813762246,-1.2124333574803678,118689.1875,527.25,53.0,474.25,1634046408.278325,0.0114309787750244,30.41768097877502
9289,0,1,0,0,3,2,60,2211110130,94,64,80,17,59861,29483,4,0,0,43,15,2211110130,17,59861,11123,6871,66,1150,442.0,528.5384615384615,0.335703538098522,-1.6907042812989674,215692.09467455625,1130.0,94.0,1036.0,1445,32,885,60.0,289.0,0.9706518845570048,-0.6665595928550192,108061.6,408.0,60.0,348.0,1634046408.293271,0.0149459838867187,30.43262696266174
9290,0,1,0,0,3,2,1096,2211110130,1130,64,1116,17,59861,29483,4,0,0,43,15,2211110130,17,59861,11123,8001,66,1150,442.0,571.5,0.1674210036051701,-1.7999066246129427,224279.5357142857,1130.0,94.0,1036.0,2541,32,1096,234.0,423.5,0.535427041469583,-1.4228756535173734,180502.5833333333,765.75,60.0,705.75,1634046408.293271,0.0,30.43262696266174
9291,0,1,0,0,2,3,60,3232270721,94,47,80,17,29483,59861,4,0,0,43,15,2211110130,17,59861,11123,8095,66,1150,442.0,539.6666666666666,0.2906809665388312,-1.7517936085402817,223514.62222222227,1130.0,94.0,1036.0,2601,32,1096,60.0,371.57142857142856,0.7798780954639706,-1.109593908451634,170895.95918367343,646.5,60.0,586.5,1634046408.294579,0.0013079643249511,30.43393492698669
9292,0,1,0,0,3,2,1096,2211110130,1130,64,1116,17,59861,29483,4,0,0,43,15,2211110130,17,59861,11123,9225,66,1150,442.0,576.5625,0.1464518574705416,-1.831620015533446,229964.49609375,1130.0,94.0,1036.0,3697,32,1096,234.0,462.125,0.4118961540344834,-1.6352023591523266,206933.609375,937.75,60.0,877.75,1634046408.295498,0.0009188652038574,30.434853792190548
9293,0,1,0,0,3,2,1096,2211110130,1130,64,1116,17,59861,29483,4,0,0,43,15,2211110130,17,59861,11123,10355,66,1150,442.0,609.1176470588235,0.0207778002533556,-1.863991746781206,233394.57439446368,1130.0,94.0,1036.0,4793,32,1096,408.0,532.5555555555555,0.1434016318839719,-1.8214994413224248,223624.69135802472,1096.0,60.0,1036.0,1634046408.295498,0.0,30.434853792190548
9294,0,1,0,0,3,2,1096,2211110130,1130,64,1116,17,59861,29483,4,0,0,43,15,2211110130,17,59861,11123,11485,66,1150,680.5,638.0555555555555,-0.0908919495355024,-1.8641190263195528,234664.05246913584,1130.0,94.0,1036.0,5889,32,1096,646.5,588.9,-0.0680009377420527,-1.8561920422454048,229834.49000000005,1096.0,60.0,1036.0,1634046408.295498,0.0,30.434853792190548
9295,0,1,0,0,3,2,1096,2211110130,1130,64,1116,17,59861,29483,4,0,0,43,15,2211110130,17,59861,11123,12615,66,1150,919.0,663.9473684210526,-0.1916393530838968,-1.8413542721097111,234380.2603878117,1130.0,94.0,1036.0,6985,32,1096,885.0,635.0,-0.2434792966766071,-1.8118586099483625,230192.54545454544,1096.0,60.0,1036.0,1634046408.295498,0.0,30.434853792190548
9296,0,1,0,0,3,2,1096,2211110130,1130,64,1116,17,59861,29483,4,0,0,43,15,2211110130,17,59861,11123,13745,66,1150,1024.5,687.25,-0.2836395431011777,-1.8017583923089773,232978.4875,1130.0,94.0,1036.0,8081,32,1096,990.5,673.4166666666666,-0.3944690161092137,-1.72139000201464,227244.07638888885,1096.0,60.0,1036.0,1634046408.295498,0.0,30.434853792190548
9297,0,1,0,0,3,2,1096,2211110130,1130,64,1116,17,59861,29483,4,0,0,43,15,2211110130,17,59861,11123,1130,1130,1130,1130.0,1130.0,0.0,-3.0,0.0,1130.0,1130.0,0.0,9177,32,1096,1096.0,705.9230769230769,-0.5277388238505477,-1.601712622520417,222443.7633136095,1096.0,60.0,1036.0,1634046408.296117,0.0006191730499267,30.435472965240475
9298,0,1,0,0,3,2,1096,2211110130,1130,64,1116,17,59861,29483,4,0,0,43,15,2211110130,17,59861,11123,2260,1130,1130,1130.0,1130.0,0.0,-3.0,0.0,1130.0,1130.0,0.0,10273,32,1096,1096.0,733.7857142857143,-0.6475967779819035,-1.4623953435389694,216647.1683673469,1096.0,147.0,949.0,1634046408.296117,0.0,30.435472965240475
9299,0,1,0,0,3,2,1096,2211110130,1130,64,1116,17,59861,29483,4,0,0,43,15,2211110130,17,59861,11123,3390,1130,1130,1130.0,1130.0,0.0,-3.0,0.0,1130.0,1130.0,0.0,11369,32,1096,1096.0,757.9333333333333,-0.7569444575901562,-1.309246461593662,210367.5288888888,1096.0,234.0,862.0,1634046408.296117,0.0,30.435472965240475
9300,0,1,0,0,3,2,1096,2211110130,1130,64,1116,17,59861,29483,4,0,0,43,15,2211110130,17,59861,11123,4520,1130,1130,1130.0,1130.0,0.0,-3.0,0.0,1130.0,1130.0,0.0,12465,32,1096,1096.0,779.0625,-0.8578256814851277,-1.1459927380963089,203916.18359375,1096.0,321.0,775.0,1634046408.296117,0.0,30.435472965240475
9301,0,1,0,0,3,2,1096,2211110130,1130,64,1116,17,59861,29483,4,0,0,43,15,2211110130,17,59861,11123,5650,1130,1130,1130.0,1130.0,0.0,-3.0,0.0,1130.0,1130.0,0.0,13561,32,1096,1096.0,797.7058823529412,-0.9517330755576514,-0.97513396629311,197482.32525951555,1096.0,408.0,688.0,1634046408.296649,0.0005319118499755,30.43600487709045
9302,0,1,0,0,3,2,1096,2211110130,1130,64,1116,17,59861,29483,4,0,0,43,15,2211110130,17,59861,11123,6780,1130,1130,1130.0,1130.0,0.0,-3.0,0.0,1130.0,1130.0,0.0,14657,32,1096,1096.0,814.2777777777778,-1.0397895932622356,-0.7984089838523825,191179.75617283944,1096.0,527.25,568.75,1634046408.296649,0.0,30.43600487709045
9303,0,1,0,0,3,2,1096,2211110130,1130,64,1116,17,59861,29483,4,0,0,43,15,2211110130,17,59861,11123,7910,1130,1130,1130.0,1130.0,0.0,-3.0,0.0,1130.0,1130.0,0.0,15753,32,1096,1096.0,829.1052631578947,-1.1228612893603576,-0.6170644934413794,185075.0415512465,1096.0,646.5,449.5,1634046408.296649,0.0,30.43600487709045
9304,0,1,0,0,3,2,1096,2211110130,1130,64,1116,17,59861,29483,4,0,0,43,15,2211110130,17,59861,11123,9040,1130,1130,1130.0,1130.0,0.0,-3.0,0.0,1130.0,1130.0,0.0,16849,32,1096,1096.0,842.45,-1.2016302651324204,-0.4320175375289494,179204.8475,1096.0,765.75,330.25,1634046408.296649,0.0,30.43600487709045
9305,0,1,0,0,3,2,1096,2211110130,1130,64,1116,17,59861,29483,4,0,0,43,15,2211110130,17,59861,11123,10170,1130,1130,1130.0,1130.0,0.0,-3.0,0.0,1130.0,1130.0,0.0,1096,1096,1096,1096.0,1096.0,0.0,-3.0,0.0,1096.0,1096.0,0.0,1634046408.297178,0.0005290508270263,30.436533927917477
9306,0,1,0,0,3,2,1096,2211110130,1130,64,1116,17,59861,29483,4,0,0,43,15,2211110130,17,59861,11123,11300,1130,1130,1130.0,1130.0,0.0,-3.0,0.0,1130.0,1130.0,0.0,2192,1096,1096,1096.0,1096.0,0.0,-3.0,0.0,1096.0,1096.0,0.0,1634046408.297178,0.0,30.436533927917477
9307,0,1,0,0,3,2,1096,2211110130,1130,64,1116,17,59861,29483,4,0,0,43,15,2211110130,17,59861,11123,12430,1130,1130,1130.0,1130.0,0.0,-3.0,0.0,1130.0,1130.0,0.0,3288,1096,1096,1096.0,1096.0,0.0,-3.0,0.0,1096.0,1096.0,0.0,1634046408.297178,0.0,30.436533927917477
9308,0,1,0,0,3,2,1096,2211110130,1130,64,1116,17,59861,29483,4,0,0,43,15,2211110130,17,59861,11123,13560,1130,1130,1130.0,1130.0,0.0,-3.0,0.0,1130.0,1130.0,0.0,4384,1096,1096,1096.0,1096.0,0.0,-3.0,0.0,1096.0,1096.0,0.0,1634046408.305707,0.0085289478302001,30.445062875747677
9309,0,1,0,0,3,2,1096,2211110130,1130,64,1116,17,59861,29483,4,0,0,43,15,2211110130,17,59861,11123,14690,1130,1130,1130.0,1130.0,0.0,-3.0,0.0,1130.0,1130.0,0.0,5480,1096,1096,1096.0,1096.0,0.0,-3.0,0.0,1096.0,1096.0,0.0,1634046408.305707,0.0,30.445062875747677
9310,0,1,0,0,3,2,1096,2211110130,1130,64,1116,17,59861,29483,4,0,0,43,15,2211110130,17,59861,11123,15820,1130,1130,1130.0,1130.0,0.0,-3.0,0.0,1130.0,1130.0,0.0,6576,1096,1096,1096.0,1096.0,0.0,-3.0,0.0,1096.0,1096.0,0.0,1634046408.305707,0.0,30.445062875747677
9311,0,1,0,0,3,2,1096,2211110130,1130,64,1116,17,59861,29483,4,0,0,43,15,2211110130,17,59861,11123,16950,1130,1130,1130.0,1130.0,0.0,-3.0,0.0,1130.0,1130.0,0.0,7672,1096,1096,1096.0,1096.0,0.0,-3.0,0.0,1096.0,1096.0,0.0,1634046408.305707,0.0,30.445062875747677
9312,0,1,0,0,3,2,1096,2211110130,1130,64,1116,17,59861,29483,4,0,0,43,15,2211110130,17,59861,11123,18080,1130,1130,1130.0,1130.0,0.0,-3.0,0.0,1130.0,1130.0,0.0,8768,1096,1096,1096.0,1096.0,0.0,-3.0,0.0,1096.0,1096.0,0.0,1634046408.306161,0.0004539489746093,30.445516824722286
9313,0,1,0,0,3,2,1096,2211110130,1130,64,1116,17,59861,29483,4,0,0,43,15,2211110130,17,59861,11123,19210,1130,1130,1130.0,1130.0,0.0,-3.0,0.0,1130.0,1130.0,0.0,9864,1096,1096,1096.0,1096.0,0.0,-3.0,0.0,1096.0,1096.0,0.0,1634046408.306161,0.0,30.445516824722286
9314,0,1,0,0,3,2,1116,2211110130,1150,64,1136,17,59861,29483,4,0,0,43,15,2211110130,17,59861,11123,20360,1130,1150,1130.0,1131.111111111111,3.880570000581344,13.05882352941185,20.98765432098765,1130.0,1130.0,0.0,10980,1096,1116,1096.0,1098.0,2.6666666666666665,5.111111111111111,36.0,1096.0,1096.0,0.0,1634046408.306161,0.0,30.445516824722286
9315,0,1,0,0,3,2,1096,2211110130,1130,64,1116,17,59861,29483,4,0,0,43,15,2211110130,17,59861,11123,21490,1130,1150,1130.0,1131.0526315789473,4.006938426723826,14.05555555555586,19.944598337950136,1130.0,1130.0,0.0,12076,1096,1116,1096.0,1097.8181818181818,2.846049894151573,6.100000000000124,33.05785123966942,1096.0,1096.0,0.0,1634046408.306161,0.0,30.445516824722286
9316,0,1,0,0,3,2,1096,2211110130,1130,64,1116,17,59861,29483,4,0,0,43,15,2211110130,17,59861,11123,22620,1130,1150,1130.0,1131.0,4.129483209670112,15.05263157894737,19.0,1130.0,1130.0,0.0,13172,1096,1116,1096.0,1097.6666666666667,3.0151134457775943,7.090909090908921,30.55555555555556,1096.0,1096.0,0.0,1634046408.306755,0.000594139099121,30.446110963821408
9317,0,1,0,0,3,2,1096,2211110130,1130,64,1116,17,59861,29483,4,0,0,43,15,2211110130,17,59861,11123,1130,1130,1130,1130.0,1130.0,0.0,-3.0,0.0,1130.0,1130.0,0.0,14268,1096,1116,1096.0,1097.5384615384614,3.175426480543,8.08333333333358,28.402366863905332,1096.0,1096.0,0.0,1634046408.306755,0.0,30.446110963821408
9318,0,1,0,0,3,2,1096,2211110130,1130,64,1116,17,59861,29483,4,0,0,43,15,2211110130,17,59861,11123,2260,1130,1130,1130.0,1130.0,0.0,-3.0,0.0,1130.0,1130.0,0.0,15364,1096,1116,1096.0,1097.428571428571,3.328201177351432,9.07692307692333,26.530612244897952,1096.0,1096.0,0.0,1634046408.306755,0.0,30.446110963821408
9319,0,1,0,0,3,2,1096,2211110130,1130,64,1116,17,59861,29483,4,0,0,43,15,2211110130,17,59861,11123,3390,1130,1130,1130.0,1130.0,0.0,-3.0,0.0,1130.0,1130.0,0.0,16460,1096,1116,1096.0,1097.3333333333333,3.474396144861562,10.071428571428774,24.8888888888889,1096.0,1096.0,0.0,1634046408.306755,0.0,30.446110963821408
9320,0,1,0,0,3,2,1096,2211110130,1130,64,1116,17,59861,29483,4,0,0,43,15,2211110130,17,59861,11123,4520,1130,1130,1130.0,1130.0,0.0,-3.0,0.0,1130.0,1130.0,0.0,17556,1096,1116,1096.0,1097.25,3.614784456460256,11.066666666666666,23.4375,1096.0,1096.0,0.0,1634046408.306755,0.0,30.446110963821408
9321,0,1,0,0,3,2,1096,2211110130,1130,64,1116,17,59861,29483,4,0,0,43,15,2211110130,17,59861,11123,5650,1130,1130,1130.0,1130.0,0.0,-3.0,0.0,1130.0,1130.0,0.0,18652,1096,1116,1096.0,1097.1764705882354,3.749999999999957,12.06249999999979,22.14532871972318,1096.0,1096.0,0.0,1634046408.307381,0.0006258487701416,30.44673681259155
9322,0,1,0,0,3,2,1096,2211110130,1130,64,1116,17,59861,29483,4,0,0,43,15,2211110130,17,59861,11123,6780,1130,1130,1130.0,1130.0,0.0,-3.0,0.0,1130.0,1130.0,0.0,19748,1096,1116,1096.0,1097.111111111111,3.880570000581343,13.058823529411846,20.98765432098766,1096.0,1096.0,0.0,1634046408.307381,0.0,30.44673681259155
9323,0,1,0,0,3,2,1096,2211110130,1130,64,1116,17,59861,29483,4,0,0,43,15,2211110130,17,59861,11123,7910,1130,1130,1130.0,1130.0,0.0,-3.0,0.0,1130.0,1130.0,0.0,20844,1096,1116,1096.0,1097.0526315789473,4.006938426723828,14.055555555555864,19.944598337950133,1096.0,1096.0,0.0,1634046408.307381,0.0,30.44673681259155
9324,0,1,0,0,3,2,1096,2211110130,1130,64,1116,17,59861,29483,4,0,0,43,15,2211110130,17,59861,11123,9040,1130,1130,1130.0,1130.0,0.0,-3.0,0.0,1130.0,1130.0,0.0,21940,1096,1116,1096.0,1097.0,4.129483209670112,15.05263157894737,19.0,1096.0,1096.0,0.0,1634046408.307381,0.0,30.44673681259155
9325,0,1,0,0,3,2,1096,2211110130,1130,64,1116,17,59861,29483,4,0,0,43,15,2211110130,17,59861,11123,10170,1130,1130,1130.0,1130.0,0.0,-3.0,0.0,1130.0,1130.0,0.0,1096,1096,1096,1096.0,1096.0,0.0,-3.0,0.0,1096.0,1096.0,0.0,1634046408.307891,0.0005099773406982,30.447246789932247
9326,0,1,0,0,3,2,1096,2211110130,1130,64,1116,17,59861,29483,4,0,0,43,15,2211110130,17,59861,11123,11300,1130,1130,1130.0,1130.0,0.0,-3.0,0.0,1130.0,1130.0,0.0,2192,1096,1096,1096.0,1096.0,0.0,-3.0,0.0,1096.0,1096.0,0.0,1634046408.307891,0.0,30.447246789932247
9327,0,1,0,0,3,2,1096,2211110130,1130,64,1116,17,59861,29483,4,0,0,43,15,2211110130,17,59861,11123,12430,1130,1130,1130.0,1130.0,0.0,-3.0,0.0,1130.0,1130.0,0.0,3288,1096,1096,1096.0,1096.0,0.0,-3.0,0.0,1096.0,1096.0,0.0,1634046408.307891,0.0,30.447246789932247
9328,0,1,0,0,3,2,1096,2211110130,1130,64,1116,17,59861,29483,4,0,0,43,15,2211110130,17,59861,11123,13560,1130,1130,1130.0,1130.0,0.0,-3.0,0.0,1130.0,1130.0,0.0,4384,1096,1096,1096.0,1096.0,0.0,-3.0,0.0,1096.0,1096.0,0.0,1634046408.307891,0.0,30.447246789932247
9329,0,1,0,0,3,2,1096,2211110130,1130,64,1116,17,59861,29483,4,0,0,43,15,2211110130,17,59861,11123,14690,1130,1130,1130.0,1130.0,0.0,-3.0,0.0,1130.0,1130.0,0.0,5480,1096,1096,1096.0,1096.0,0.0,-3.0,0.0,1096.0,1096.0,0.0,1634046408.308399,0.0005080699920654,30.447754859924313
9330,0,1,0,0,3,2,1096,2211110130,1130,64,1116,17,59861,29483,4,0,0,43,15,2211110130,17,59861,11123,15820,1130,1130,1130.0,1130.0,0.0,-3.0,0.0,1130.0,1130.0,0.0,6576,1096,1096,1096.0,1096.0,0.0,-3.0,0.0,1096.0,1096.0,0.0,1634046408.308399,0.0,30.447754859924313
9331,0,1,0,0,3,2,1096,2211110130,1130,64,1116,17,59861,29483,4,0,0,43,15,2211110130,17,59861,11123,16950,1130,1130,1130.0,1130.0,0.0,-3.0,0.0,1130.0,1130.0,0.0,7672,1096,1096,1096.0,1096.0,0.0,-3.0,0.0,1096.0,1096.0,0.0,1634046408.308399,0.0,30.447754859924313
9332,0,1,0,0,3,2,1096,2211110130,1130,64,1116,17,59861,29483,4,0,0,43,15,2211110130,17,59861,11123,18080,1130,1130,1130.0,1130.0,0.0,-3.0,0.0,1130.0,1130.0,0.0,8768,1096,1096,1096.0,1096.0,0.0,-3.0,0.0,1096.0,1096.0,0.0,1634046408.308399,0.0,30.447754859924313
9333,0,1,0,0,3,2,1096,2211110130,1130,64,1116,17,59861,29483,4,0,0,43,15,2211110130,17,59861,11123,19210,1130,1130,1130.0,1130.0,0.0,-3.0,0.0,1130.0,1130.0,0.0,9864,1096,1096,1096.0,1096.0,0.0,-3.0,0.0,1096.0,1096.0,0.0,1634046408.30893,0.0005309581756591,30.448285818099972
9334,0,1,0,0,3,2,1096,2211110130,1130,64,1116,17,59861,29483,4,0,0,43,15,2211110130,17,59861,11123,20340,1130,1130,1130.0,1130.0,0.0,-3.0,0.0,1130.0,1130.0,0.0,10960,1096,1096,1096.0,1096.0,0.0,-3.0,0.0,1096.0,1096.0,0.0,1634046408.30893,0.0,30.448285818099972
9335,0,1,0,0,3,2,1096,2211110130,1130,64,1116,17,59861,29483,4,0,0,43,15,2211110130,17,59861,11123,21470,1130,1130,1130.0,1130.0,0.0,-3.0,0.0,1130.0,1130.0,0.0,12056,1096,1096,1096.0,1096.0,0.0,-3.0,0.0,1096.0,1096.0,0.0,1634046408.30893,0.0,30.448285818099972
9336,0,1,0,0,3,2,1096,2211110130,1130,64,1116,17,59861,29483,4,0,0,43,15,2211110130,17,59861,11123,22600,1130,1130,1130.0,1130.0,0.0,-3.0,0.0,1130.0,1130.0,0.0,13152,1096,1096,1096.0,1096.0,0.0,-3.0,0.0,1096.0,1096.0,0.0,1634046408.30893,0.0,30.448285818099972
9337,0,1,0,0,3,2,1096,2211110130,1130,64,1116,17,59861,29483,4,0,0,43,15,2211110130,17,59861,11123,1130,1130,1130,1130.0,1130.0,0.0,-3.0,0.0,1130.0,1130.0,0.0,14248,1096,1096,1096.0,1096.0,0.0,-3.0,0.0,1096.0,1096.0,0.0,1634046408.309433,0.0005030632019042,30.448788881301876
9338,0,1,0,0,3,2,1096,2211110130,1130,64,1116,17,59861,29483,4,0,0,43,15,2211110130,17,59861,11123,2260,1130,1130,1130.0,1130.0,0.0,-3.0,0.0,1130.0,1130.0,0.0,15344,1096,1096,1096.0,1096.0,0.0,-3.0,0.0,1096.0,1096.0,0.0,1634046408.309433,0.0,30.448788881301876
9339,0,1,0,0,3,2,1096,2211110130,1130,64,1116,17,59861,29483,4,0,0,43,15,2211110130,17,59861,11123,3390,1130,1130,1130.0,1130.0,0.0,-3.0,0.0,1130.0,1130.0,0.0,16440,1096,1096,1096.0,1096.0,0.0,-3.0,0.0,1096.0,1096.0,0.0,1634046408.309433,0.0,30.448788881301876
9340,0,1,0,0,3,2,1116,2211110130,1150,64,1136,17,59861,29483,4,0,0,43,15,2211110130,17,59861,11123,4540,1130,1150,1130.0,1135.0,1.1547005383792517,-0.6666666666666665,75.0,1135.0,1130.0,5.0,17556,1096,1116,1096.0,1097.25,3.614784456460256,11.066666666666666,23.4375,1096.0,1096.0,0.0,1634046408.309957,0.0005240440368652,30.44931292533874
9341,0,1,0,0,3,2,1096,2211110130,1130,64,1116,17,59861,29483,4,0,0,43,15,2211110130,17,59861,11123,5670,1130,1150,1130.0,1134.0,1.5,0.25,64.0,1130.0,1130.0,0.0,18652,1096,1116,1096.0,1097.1764705882354,3.749999999999957,12.06249999999979,22.14532871972318,1096.0,1096.0,0.0,1634046408.309957,0.0,30.44931292533874
9342,0,1,0,0,3,2,1096,2211110130,1130,64,1116,17,59861,29483,4,0,0,43,15,2211110130,17,59861,11123,6800,1130,1150,1130.0,1133.3333333333333,1.788854381999862,1.2000000000000703,55.55555555555557,1130.0,1130.0,0.0,19748,1096,1116,1096.0,1097.111111111111,3.880570000581343,13.058823529411846,20.98765432098766,1096.0,1096.0,0.0,1634046408.309957,0.0,30.44931292533874
9343,0,1,0,0,3,2,1096,2211110130,1130,64,1116,17,59861,29483,4,0,0,43,15,2211110130,17,59861,11123,7930,1130,1150,1130.0,1132.857142857143,2.041241452319301,2.166666666666627,48.9795918367347,1130.0,1130.0,0.0,20844,1096,1116,1096.0,1097.0526315789473,4.006938426723828,14.055555555555864,19.944598337950133,1096.0,1096.0,0.0,1634046408.309957,0.0,30.44931292533874
9344,0,1,0,0,3,2,1096,2211110130,1130,64,1116,17,59861,29483,4,0,0,43,15,2211110130,17,59861,11123,9060,1130,1150,1130.0,1132.5,2.2677868380553634,3.1428571428571432,43.75,1130.0,1130.0,0.0,21940,1096,1116,1096.0,1097.0,4.129483209670112,15.05263157894737,19.0,1096.0,1096.0,0.0,1634046408.310455,0.0004980564117431,30.449810981750485
9345,0,1,0,0,3,2,1096,2211110130,1130,64,1116,17,59861,29483,4,0,0,43,15,2211110130,17,59861,11123,10190,1130,1150,1130.0,1132.2222222222222,2.4748737341529403,4.125000000000078,39.50617283950618,1130.0,1130.0,0.0,1096,1096,1096,1096.0,1096.0,0.0,-3.0,0.0,1096.0,1096.0,0.0,1634046408.310455,0.0,30.449810981750485
9346,0,1,0,0,3,2,1096,2211110130,1130,64,1116,17,59861,29483,4,0,0,43,15,2211110130,17,59861,11123,11320,1130,1150,1130.0,1132.0,2.6666666666666665,5.111111111111111,36.0,1130.0,1130.0,0.0,2192,1096,1096,1096.0,1096.0,0.0,-3.0,0.0,1096.0,1096.0,0.0,1634046408.310455,0.0,30.449810981750485
9347,0,1,0,0,3,2,1096,2211110130,1130,64,1116,17,59861,29483,4,0,0,43,15,2211110130,17,59861,11123,12450,1130,1150,1130.0,1131.8181818181818,2.8460498941515744,6.100000000000124,33.05785123966942,1130.0,1130.0,0.0,3288,1096,1096,1096.0,1096.0,0.0,-3.0,0.0,1096.0,1096.0,0.0,1634046408.310455,0.0,30.449810981750485
9348,0,1,0,0,3,2,1096,2211110130,1130,64,1116,17,59861,29483,4,0,0,43,15,2211110130,17,59861,11123,13580,1130,1150,1130.0,1131.6666666666667,3.015113445777593,7.090909090908916,30.555555555555568,1130.0,1130.0,0.0,4384,1096,1096,1096.0,1096.0,0.0,-3.0,0.0,1096.0,1096.0,0.0,1634046408.313146,0.0026910305023193,30.452502012252804
9349,0,1,0,0,3,2,1096,2211110130,1130,64,1116,17,59861,29483,4,0,0,43,15,2211110130,17,59861,11123,14710,1130,1150,1130.0,1131.5384615384614,3.1754264805429995,8.083333333333577,28.40236686390534,1130.0,1130.0,0.0,5480,1096,1096,1096.0,1096.0,0.0,-3.0,0.0,1096.0,1096.0,0.0,1634046408.313146,0.0,30.452502012252804
9350,0,1,0,0,3,2,1096,2211110130,1130,64,1116,17,59861,29483,4,0,0,43,15,2211110130,17,59861,11123,15840,1130,1150,1130.0,1131.428571428571,3.3282011773514317,9.07692307692333,26.530612244897952,1130.0,1130.0,0.0,6576,1096,1096,1096.0,1096.0,0.0,-3.0,0.0,1096.0,1096.0,0.0,1634046408.313146,0.0,30.452502012252804
9351,0,1,0,0,3,2,1096,2211110130,1130,64,1116,17,59861,29483,4,0,0,43,15,2211110130,17,59861,11123,16970,1130,1150,1130.0,1131.3333333333333,3.474396144861561,10.071428571428772,24.888888888888903,1130.0,1130.0,0.0,7672,1096,1096,1096.0,1096.0,0.0,-3.0,0.0,1096.0,1096.0,0.0,1634046408.313146,0.0,30.452502012252804
9352,0,1,0,0,3,2,1096,2211110130,1130,64,1116,17,59861,29483,4,0,0,43,15,2211110130,17,59861,11123,18100,1130,1150,1130.0,1131.25,3.614784456460256,11.066666666666666,23.4375,1130.0,1130.0,0.0,8768,1096,1096,1096.0,1096.0,0.0,-3.0,0.0,1096.0,1096.0,0.0,1634046408.313643,0.0004968643188476,30.45299887657165
9353,0,1,0,0,3,2,1096,2211110130,1130,64,1116,17,59861,29483,4,0,0,43,15,2211110130,17,59861,11123,19230,1130,1150,1130.0,1131.1764705882354,3.749999999999957,12.06249999999979,22.14532871972318,1130.0,1130.0,0.0,9864,1096,1096,1096.0,1096.0,0.0,-3.0,0.0,1096.0,1096.0,0.0,1634046408.313643,0.0,30.45299887657165
9354,0,1,0,0,3,2,1096,2211110130,1130,64,1116,17,59861,29483,4,0,0,43,15,2211110130,17,59861,11123,20360,1130,1150,1130.0,1131.111111111111,3.880570000581343,13.058823529411846,20.98765432098766,1130.0,1130.0,0.0,10960,1096,1096,1096.0,1096.0,0.0,-3.0,0.0,1096.0,1096.0,0.0,1634046408.313643,0.0,30.45299887657165
9355,0,1,0,0,3,2,1096,2211110130,1130,64,1116,17,59861,29483,4,0,0,43,15,2211110130,17,59861,11123,21490,1130,1150,1130.0,1131.0526315789473,4.006938426723828,14.055555555555864,19.944598337950133,1130.0,1130.0,0.0,12056,1096,1096,1096.0,1096.0,0.0,-3.0,0.0,1096.0,1096.0,0.0,1634046408.313643,0.0,30.45299887657165
9356,0,1,0,0,3,2,1096,2211110130,1130,64,1116,17,59861,29483,4,0,0,43,15,2211110130,17,59861,11123,22620,1130,1150,1130.0,1131.0,4.129483209670112,15.05263157894737,19.0,1130.0,1130.0,0.0,13152,1096,1096,1096.0,1096.0,0.0,-3.0,0.0,1096.0,1096.0,0.0,1634046408.313643,0.0,30.45299887657165
9357,0,1,0,0,3,2,1096,2211110130,1130,64,1116,17,59861,29483,4,0,0,43,15,2211110130,17,59861,11123,1130,1130,1130,1130.0,1130.0,0.0,-3.0,0.0,1130.0,1130.0,0.0,14248,1096,1096,1096.0,1096.0,0.0,-3.0,0.0,1096.0,1096.0,0.0,1634046408.314265,0.0006220340728759,30.453620910644528
9358,0,1,0,0,3,2,1096,2211110130,1130,64,1116,17,59861,29483,4,0,0,43,15,2211110130,17,59861,11123,2260,1130,1130,1130.0,1130.0,0.0,-3.0,0.0,1130.0,1130.0,0.0,15344,1096,1096,1096.0,1096.0,0.0,-3.0,0.0,1096.0,1096.0,0.0,1634046408.314265,0.0,30.453620910644528
9359,0,1,0,0,3,2,1096,2211110130,1130,64,1116,17,59861,29483,4,0,0,43,15,2211110130,17,59861,11123,3390,1130,1130,1130.0,1130.0,0.0,-3.0,0.0,1130.0,1130.0,0.0,16440,1096,1096,1096.0,1096.0,0.0,-3.0,0.0,1096.0,1096.0,0.0,1634046408.314265,0.0,30.453620910644528
9360,0,1,0,0,3,2,1096,2211110130,1130,64,1116,17,59861,29483,4,0,0,43,15,2211110130,17,59861,11123,4520,1130,1130,1130.0,1130.0,0.0,-3.0,0.0,1130.0,1130.0,0.0,17536,1096,1096,1096.0,1096.0,0.0,-3.0,0.0,1096.0,1096.0,0.0,1634046408.314265,0.0,30.453620910644528
9361,0,1,0,0,3,2,1096,2211110130,1130,64,1116,17,59861,29483,4,0,0,43,15,2211110130,17,59861,11123,5650,1130,1130,1130.0,1130.0,0.0,-3.0,0.0,1130.0,1130.0,0.0,18632,1096,1096,1096.0,1096.0,0.0,-3.0,0.0,1096.0,1096.0,0.0,1634046408.314811,0.0005459785461425,30.45416688919067
9362,0,1,0,0,3,2,1096,2211110130,1130,64,1116,17,59861,29483,4,0,0,43,15,2211110130,17,59861,11123,6780,1130,1130,1130.0,1130.0,0.0,-3.0,0.0,1130.0,1130.0,0.0,19728,1096,1096,1096.0,1096.0,0.0,-3.0,0.0,1096.0,1096.0,0.0,1634046408.314811,0.0,30.45416688919067
9363,0,1,0,0,3,2,1096,2211110130,1130,64,1116,17,59861,29483,4,0,0,43,15,2211110130,17,59861,11123,7910,1130,1130,1130.0,1130.0,0.0,-3.0,0.0,1130.0,1130.0,0.0,20824,1096,1096,1096.0,1096.0,0.0,-3.0,0.0,1096.0,1096.0,0.0,1634046408.314811,0.0,30.45416688919067
9364,0,1,0,0,3,2,1096,2211110130,1130,64,1116,17,59861,29483,4,0,0,43,15,2211110130,17,59861,11123,9040,1130,1130,1130.0,1130.0,0.0,-3.0,0.0,1130.0,1130.0,0.0,21920,1096,1096,1096.0,1096.0,0.0,-3.0,0.0,1096.0,1096.0,0.0,1634046408.314811,0.0,30.45416688919067
9365,0,1,0,0,3,2,1096,2211110130,1130,64,1116,17,59861,29483,4,0,0,43,15,2211110130,17,59861,11123,10170,1130,1130,1130.0,1130.0,0.0,-3.0,0.0,1130.0,1130.0,0.0,1096,1096,1096,1096.0,1096.0,0.0,-3.0,0.0,1096.0,1096.0,0.0,1634046408.314811,0.0,30.45416688919067
9366,0,1,0,0,3,2,1116,2211110130,1150,64,1136,17,59861,29483,4,0,0,43,15,2211110130,17,59861,11123,11320,1130,1150,1130.0,1132.0,2.6666666666666665,5.111111111111111,36.0,1130.0,1130.0,0.0,2212,1096,1116,1106.0,1106.0,0.0,-2.0,100.0,1111.0,1101.0,10.0,1634046408.315414,0.0006029605865478,30.454769849777218
9367,0,1,0,0,3,2,1096,2211110130,1130,64,1116,17,59861,29483,4,0,0,43,15,2211110130,17,59861,11123,12450,1130,1150,1130.0,1131.8181818181818,2.846049894151573,6.100000000000124,33.05785123966942,1130.0,1130.0,0.0,3308,1096,1116,1096.0,1102.6666666666667,0.7071067811865236,-1.5000000000000222,88.88888888888887,1106.0,1096.0,10.0,1634046408.315414,0.0,30.454769849777218
9368,0,1,0,0,3,2,1096,2211110130,1130,64,1116,17,59861,29483,4,0,0,43,15,2211110130,17,59861,11123,13580,1130,1150,1130.0,1131.6666666666667,3.0151134457775943,7.090909090908921,30.55555555555556,1130.0,1130.0,0.0,4404,1096,1116,1096.0,1101.0,1.1547005383792517,-0.6666666666666665,75.0,1101.0,1096.0,5.0,1634046408.315414,0.0,30.454769849777218
9369,0,1,0,0,3,2,1096,2211110130,1130,64,1116,17,59861,29483,4,0,0,43,15,2211110130,17,59861,11123,14710,1130,1150,1130.0,1131.5384615384614,3.175426480543,8.08333333333358,28.402366863905332,1130.0,1130.0,0.0,5500,1096,1116,1096.0,1100.0,1.5,0.25,64.0,1096.0,1096.0,0.0,1634046408.315414,0.0,30.454769849777218
9370,0,1,0,0,3,2,1096,2211110130,1130,64,1116,17,59861,29483,4,0,0,43,15,2211110130,17,59861,11123,15840,1130,1150,1130.0,1131.428571428571,3.328201177351432,9.07692307692333,26.530612244897952,1130.0,1130.0,0.0,6596,1096,1116,1096.0,1099.3333333333333,1.7888543819998608,1.2000000000000697,55.55555555555558,1096.0,1096.0,0.0,1634046408.315955,0.0005409717559814,30.4553108215332
9371,0,1,0,0,3,2,1096,2211110130,1130,64,1116,17,59861,29483,4,0,0,43,15,2211110130,17,59861,11123,16970,1130,1150,1130.0,1131.3333333333333,3.474396144861562,10.071428571428774,24.8888888888889,1130.0,1130.0,0.0,7692,1096,1116,1096.0,1098.857142857143,2.041241452319301,2.166666666666627,48.9795918367347,1096.0,1096.0,0.0,1634046408.315955,0.0,30.4553108215332
9372,0,1,0,0,3,2,1096,2211110130,1130,64,1116,17,59861,29483,4,0,0,43,15,2211110130,17,59861,11123,18100,1130,1150,1130.0,1131.25,3.614784456460256,11.066666666666666,23.4375,1130.0,1130.0,0.0,8788,1096,1116,1096.0,1098.5,2.2677868380553634,3.1428571428571432,43.75,1096.0,1096.0,0.0,1634046408.315955,0.0,30.4553108215332
9373,0,1,0,0,3,2,1096,2211110130,1130,64,1116,17,59861,29483,4,0,0,43,15,2211110130,17,59861,11123,19230,1130,1150,1130.0,1131.1764705882354,3.749999999999957,12.06249999999979,22.14532871972318,1130.0,1130.0,0.0,9884,1096,1116,1096.0,1098.2222222222222,2.4748737341529403,4.125000000000078,39.50617283950618,1096.0,1096.0,0.0,1634046408.315955,0.0,30.4553108215332
9374,0,1,0,0,3,2,1096,2211110130,1130,64,1116,17,59861,29483,4,0,0,43,15,2211110130,17,59861,11123,20360,1130,1150,1130.0,1131.111111111111,3.880570000581343,13.058823529411846,20.98765432098766,1130.0,1130.0,0.0,10980,1096,1116,1096.0,1098.0,2.6666666666666665,5.111111111111111,36.0,1096.0,1096.0,0.0,1634046408.316462,0.000507116317749,30.45581793785095
9375,0,1,0,0,3,2,1096,2211110130,1130,64,1116,17,59861,29483,4,0,0,43,15,2211110130,17,59861,11123,21490,1130,1150,1130.0,1131.0526315789473,4.006938426723828,14.055555555555864,19.944598337950133,1130.0,1130.0,0.0,12076,1096,1116,1096.0,1097.8181818181818,2.8460498941515744,6.100000000000124,33.05785123966942,1096.0,1096.0,0.0,1634046408.316462,0.0,30.45581793785095
9376,0,1,0,0,3,2,1096,2211110130,1130,64,1116,17,59861,29483,4,0,0,43,15,2211110130,17,59861,11123,22620,1130,1150,1130.0,1131.0,4.129483209670112,15.05263157894737,19.0,1130.0,1130.0,0.0,13172,1096,1116,1096.0,1097.6666666666667,3.015113445777593,7.090909090908916,30.555555555555568,1096.0,1096.0,0.0,1634046408.316462,0.0,30.45581793785095
9377,0,1,0,0,3,2,1096,2211110130,1130,64,1116,17,59861,29483,4,0,0,43,15,2211110130,17,59861,11123,1130,1130,1130,1130.0,1130.0,0.0,-3.0,0.0,1130.0,1130.0,0.0,14268,1096,1116,1096.0,1097.5384615384614,3.1754264805429995,8.083333333333577,28.40236686390534,1096.0,1096.0,0.0,1634046408.316462,0.0,30.45581793785095
9378,0,1,0,0,3,2,1096,2211110130,1130,64,1116,17,59861,29483,4,0,0,43,15,2211110130,17,59861,11123,2260,1130,1130,1130.0,1130.0,0.0,-3.0,0.0,1130.0,1130.0,0.0,15364,1096,1116,1096.0,1097.428571428571,3.3282011773514317,9.07692307692333,26.530612244897952,1096.0,1096.0,0.0,1634046408.316976,0.0005140304565429,30.45633196830749
9379,0,1,0,0,3,2,1096,2211110130,1130,64,1116,17,59861,29483,4,0,0,43,15,2211110130,17,59861,11123,3390,1130,1130,1130.0,1130.0,0.0,-3.0,0.0,1130.0,1130.0,0.0,16460,1096,1116,1096.0,1097.3333333333333,3.474396144861561,10.071428571428772,24.888888888888903,1096.0,1096.0,0.0,1634046408.316976,0.0,30.45633196830749
9380,0,1,0,0,3,2,1096,2211110130,1130,64,1116,17,59861,29483,4,0,0,43,15,2211110130,17,59861,11123,4520,1130,1130,1130.0,1130.0,0.0,-3.0,0.0,1130.0,1130.0,0.0,17556,1096,1116,1096.0,1097.25,3.614784456460256,11.066666666666666,23.4375,1096.0,1096.0,0.0,1634046408.316976,0.0,30.45633196830749
9381,0,1,0,0,3,2,1096,2211110130,1130,64,1116,17,59861,29483,4,0,0,43,15,2211110130,17,59861,11123,5650,1130,1130,1130.0,1130.0,0.0,-3.0,0.0,1130.0,1130.0,0.0,18652,1096,1116,1096.0,1097.1764705882354,3.749999999999957,12.06249999999979,22.14532871972318,1096.0,1096.0,0.0,1634046408.31748,0.0005040168762207,30.456835985183712
9382,0,1,0,0,3,2,1096,2211110130,1130,64,1116,17,59861,29483,4,0,0,43,15,2211110130,17,59861,11123,6780,1130,1130,1130.0,1130.0,0.0,-3.0,0.0,1130.0,1130.0,0.0,19748,1096,1116,1096.0,1097.111111111111,3.880570000581343,13.058823529411846,20.98765432098766,1096.0,1096.0,0.0,1634046408.31748,0.0,30.456835985183712
9383,0,1,0,0,3,2,1096,2211110130,1130,64,1116,17,59861,29483,4,0,0,43,15,2211110130,17,59861,11123,7910,1130,1130,1130.0,1130.0,0.0,-3.0,0.0,1130.0,1130.0,0.0,20844,1096,1116,1096.0,1097.0526315789473,4.006938426723828,14.055555555555864,19.944598337950133,1096.0,1096.0,0.0,1634046408.31748,0.0,30.456835985183712
9384,0,1,0,0,3,2,1096,2211110130,1130,64,1116,17,59861,29483,4,0,0,43,15,2211110130,17,59861,11123,9040,1130,1130,1130.0,1130.0,0.0,-3.0,0.0,1130.0,1130.0,0.0,21940,1096,1116,1096.0,1097.0,4.129483209670112,15.05263157894737,19.0,1096.0,1096.0,0.0,1634046408.31748,0.0,30.456835985183712
9385,0,1,0,0,3,2,1096,2211110130,1130,64,1116,17,59861,29483,4,0,0,43,15,2211110130,17,59861,11123,10170,1130,1130,1130.0,1130.0,0.0,-3.0,0.0,1130.0,1130.0,0.0,1096,1096,1096,1096.0,1096.0,0.0,-3.0,0.0,1096.0,1096.0,0.0,1634046408.318016,0.0005359649658203,30.457371950149533
9386,0,1,0,0,3,2,1096,2211110130,1130,64,1116,17,59861,29483,4,0,0,43,15,2211110130,17,59861,11123,11300,1130,1130,1130.0,1130.0,0.0,-3.0,0.0,1130.0,1130.0,0.0,2192,1096,1096,1096.0,1096.0,0.0,-3.0,0.0,1096.0,1096.0,0.0,1634046408.318016,0.0,30.457371950149533
9387,0,1,0,0,3,2,1096,2211110130,1130,64,1116,17,59861,29483,4,0,0,43,15,2211110130,17,59861,11123,12430,1130,1130,1130.0,1130.0,0.0,-3.0,0.0,1130.0,1130.0,0.0,3288,1096,1096,1096.0,1096.0,0.0,-3.0,0.0,1096.0,1096.0,0.0,1634046408.318016,0.0,30.457371950149533
9388,0,1,0,0,3,2,1096,2211110130,1130,64,1116,17,59861,29483,4,0,0,43,15,2211110130,17,59861,11123,13560,1130,1130,1130.0,1130.0,0.0,-3.0,0.0,1130.0,1130.0,0.0,4384,1096,1096,1096.0,1096.0,0.0,-3.0,0.0,1096.0,1096.0,0.0,1634046408.318016,0.0,30.457371950149533
9389,0,1,0,0,3,2,1096,2211110130,1130,64,1116,17,59861,29483,4,0,0,43,15,2211110130,17,59861,11123,14690,1130,1130,1130.0,1130.0,0.0,-3.0,0.0,1130.0,1130.0,0.0,5480,1096,1096,1096.0,1096.0,0.0,-3.0,0.0,1096.0,1096.0,0.0,1634046408.318549,0.0005328655242919,30.457904815673825
9390,0,1,0,0,3,2,1096,2211110130,1130,64,1116,17,59861,29483,4,0,0,43,15,2211110130,17,59861,11123,15820,1130,1130,1130.0,1130.0,0.0,-3.0,0.0,1130.0,1130.0,0.0,6576,1096,1096,1096.0,1096.0,0.0,-3.0,0.0,1096.0,1096.0,0.0,1634046408.318549,0.0,30.457904815673825
9391,0,1,0,0,3,2,1096,2211110130,1130,64,1116,17,59861,29483,4,0,0,43,15,2211110130,17,59861,11123,16950,1130,1130,1130.0,1130.0,0.0,-3.0,0.0,1130.0,1130.0,0.0,7672,1096,1096,1096.0,1096.0,0.0,-3.0,0.0,1096.0,1096.0,0.0,1634046408.318549,0.0,30.457904815673825
9392,0,1,0,0,3,2,1116,2211110130,1150,64,1136,17,59861,29483,4,0,0,43,15,2211110130,17,59861,11123,18100,1130,1150,1130.0,1131.25,3.614784456460256,11.066666666666666,23.4375,1130.0,1130.0,0.0,8788,1096,1116,1096.0,1098.5,2.2677868380553634,3.1428571428571432,43.75,1096.0,1096.0,0.0,1634046408.318549,0.0,30.457904815673825
9393,0,1,0,0,3,2,1096,2211110130,1130,64,1116,17,59861,29483,4,0,0,43,15,2211110130,17,59861,11123,19230,1130,1150,1130.0,1131.1764705882354,3.749999999999957,12.06249999999979,22.14532871972318,1130.0,1130.0,0.0,9884,1096,1116,1096.0,1098.2222222222222,2.4748737341529403,4.125000000000078,39.50617283950618,1096.0,1096.0,0.0,1634046408.319031,0.0004820823669433,30.458386898040768
9394,0,1,0,0,3,2,1096,2211110130,1130,64,1116,17,59861,29483,4,0,0,43,15,2211110130,17,59861,11123,20360,1130,1150,1130.0,1131.111111111111,3.880570000581343,13.058823529411846,20.98765432098766,1130.0,1130.0,0.0,10980,1096,1116,1096.0,1098.0,2.6666666666666665,5.111111111111111,36.0,1096.0,1096.0,0.0,1634046408.319031,0.0,30.458386898040768
9395,0,1,0,0,3,2,1096,2211110130,1130,64,1116,17,59861,29483,4,0,0,43,15,2211110130,17,59861,11123,21490,1130,1150,1130.0,1131.0526315789473,4.006938426723828,14.055555555555864,19.944598337950133,1130.0,1130.0,0.0,12076,1096,1116,1096.0,1097.8181818181818,2.8460498941515744,6.100000000000124,33.05785123966942,1096.0,1096.0,0.0,1634046408.319031,0.0,30.458386898040768
9396,0,1,0,0,3,2,1096,2211110130,1130,64,1116,17,59861,29483,4,0,0,43,15,2211110130,17,59861,11123,22620,1130,1150,1130.0,1131.0,4.129483209670112,15.05263157894737,19.0,1130.0,1130.0,0.0,13172,1096,1116,1096.0,1097.6666666666667,3.015113445777593,7.090909090908916,30.555555555555568,1096.0,1096.0,0.0,1634046408.319031,0.0,30.458386898040768
9397,0,1,0,0,3,2,1096,2211110130,1130,64,1116,17,59861,29483,4,0,0,43,15,2211110130,17,59861,11123,1130,1130,1130,1130.0,1130.0,0.0,-3.0,0.0,1130.0,1130.0,0.0,14268,1096,1116,1096.0,1097.5384615384614,3.1754264805429995,8.083333333333577,28.40236686390534,1096.0,1096.0,0.0,1634046408.319589,0.0005578994750976,30.458944797515866
9398,0,1,0,0,3,2,1096,2211110130,1130,64,1116,17,59861,29483,4,0,0,43,15,2211110130,17,59861,11123,2260,1130,1130,1130.0,1130.0,0.0,-3.0,0.0,1130.0,1130.0,0.0,15364,1096,1116,1096.0,1097.428571428571,3.3282011773514317,9.07692307692333,26.530612244897952,1096.0,1096.0,0.0,1634046408.319589,0.0,30.458944797515866
9399,0,1,0,0,3,2,1096,2211110130,1130,64,1116,17,59861,29483,4,0,0,43,15,2211110130,17,59861,11123,3390,1130,1130,1130.0,1130.0,0.0,-3.0,0.0,1130.0,1130.0,0.0,16460,1096,1116,1096.0,1097.3333333333333,3.474396144861561,10.071428571428772,24.888888888888903,1096.0,1096.0,0.0,1634046408.319589,0.0,30.458944797515866
9400,0,1,0,0,3,2,1096,2211110130,1130,64,1116,17,59861,29483,4,0,0,43,15,2211110130,17,59861,11123,4520,1130,1130,1130.0,1130.0,0.0,-3.0,0.0,1130.0,1130.0,0.0,17556,1096,1116,1096.0,1097.25,3.614784456460256,11.066666666666666,23.4375,1096.0,1096.0,0.0,1634046408.320099,0.0005102157592773,30.459455013275143
9401,0,1,0,0,3,2,1096,2211110130,1130,64,1116,17,59861,29483,4,0,0,43,15,2211110130,17,59861,11123,5650,1130,1130,1130.0,1130.0,0.0,-3.0,0.0,1130.0,1130.0,0.0,18652,1096,1116,1096.0,1097.1764705882354,3.749999999999957,12.06249999999979,22.14532871972318,1096.0,1096.0,0.0,1634046408.320099,0.0,30.459455013275143
9402,0,1,0,0,3,2,1096,2211110130,1130,64,1116,17,59861,29483,4,0,0,43,15,2211110130,17,59861,11123,6780,1130,1130,1130.0,1130.0,0.0,-3.0,0.0,1130.0,1130.0,0.0,19748,1096,1116,1096.0,1097.111111111111,3.880570000581343,13.058823529411846,20.98765432098766,1096.0,1096.0,0.0,1634046408.320099,0.0,30.459455013275143
9403,0,1,0,0,3,2,1096,2211110130,1130,64,1116,17,59861,29483,4,0,0,43,15,2211110130,17,59861,11123,7910,1130,1130,1130.0,1130.0,0.0,-3.0,0.0,1130.0,1130.0,0.0,20844,1096,1116,1096.0,1097.0526315789473,4.006938426723828,14.055555555555864,19.944598337950133,1096.0,1096.0,0.0,1634046408.320099,0.0,30.459455013275143
9404,0,1,0,0,3,2,1096,2211110130,1130,64,1116,17,59861,29483,4,0,0,43,15,2211110130,17,59861,11123,9040,1130,1130,1130.0,1130.0,0.0,-3.0,0.0,1130.0,1130.0,0.0,21940,1096,1116,1096.0,1097.0,4.129483209670112,15.05263157894737,19.0,1096.0,1096.0,0.0,1634046408.320617,0.0005178451538085,30.45997285842895
9405,0,1,0,0,3,2,1096,2211110130,1130,64,1116,17,59861,29483,4,0,0,43,15,2211110130,17,59861,11123,10170,1130,1130,1130.0,1130.0,0.0,-3.0,0.0,1130.0,1130.0,0.0,1096,1096,1096,1096.0,1096.0,0.0,-3.0,0.0,1096.0,1096.0,0.0,1634046408.320617,0.0,30.45997285842895
9406,0,1,0,0,3,2,1096,2211110130,1130,64,1116,17,59861,29483,4,0,0,43,15,2211110130,17,59861,11123,11300,1130,1130,1130.0,1130.0,0.0,-3.0,0.0,1130.0,1130.0,0.0,2192,1096,1096,1096.0,1096.0,0.0,-3.0,0.0,1096.0,1096.0,0.0,1634046408.320617,0.0,30.45997285842895
9407,0,1,0,0,3,2,1096,2211110130,1130,64,1116,17,59861,29483,4,0,0,43,15,2211110130,17,59861,11123,12430,1130,1130,1130.0,1130.0,0.0,-3.0,0.0,1130.0,1130.0,0.0,3288,1096,1096,1096.0,1096.0,0.0,-3.0,0.0,1096.0,1096.0,0.0,1634046408.320617,0.0,30.45997285842895
9408,0,1,0,0,3,2,1096,2211110130,1130,64,1116,17,59861,29483,4,0,0,43,15,2211110130,17,59861,11123,13560,1130,1130,1130.0,1130.0,0.0,-3.0,0.0,1130.0,1130.0,0.0,4384,1096,1096,1096.0,1096.0,0.0,-3.0,0.0,1096.0,1096.0,0.0,1634046408.32114,0.0005230903625488,30.4604959487915
9409,0,1,0,0,3,2,1096,2211110130,1130,64,1116,17,59861,29483,4,0,0,43,15,2211110130,17,59861,11123,14690,1130,1130,1130.0,1130.0,0.0,-3.0,0.0,1130.0,1130.0,0.0,5480,1096,1096,1096.0,1096.0,0.0,-3.0,0.0,1096.0,1096.0,0.0,1634046408.32114,0.0,30.4604959487915
9410,0,1,0,0,3,2,1096,2211110130,1130,64,1116,17,59861,29483,4,0,0,43,15,2211110130,17,59861,11123,15820,1130,1130,1130.0,1130.0,0.0,-3.0,0.0,1130.0,1130.0,0.0,6576,1096,1096,1096.0,1096.0,0.0,-3.0,0.0,1096.0,1096.0,0.0,1634046408.32114,0.0,30.4604959487915
9411,0,1,0,0,3,2,1096,2211110130,1130,64,1116,17,59861,29483,4,0,0,43,15,2211110130,17,59861,11123,16950,1130,1130,1130.0,1130.0,0.0,-3.0,0.0,1130.0,1130.0,0.0,7672,1096,1096,1096.0,1096.0,0.0,-3.0,0.0,1096.0,1096.0,0.0,1634046408.32114,0.0,30.4604959487915
9412,0,1,0,0,3,2,976,2211110130,1010,64,996,17,59861,29483,4,0,0,43,15,2211110130,17,59861,11123,17960,1010,1130,1130.0,1122.5,-3.614784456460256,11.066666666666666,843.75,1130.0,1130.0,0.0,8648,976,1096,1096.0,1081.0,-2.2677868380553634,3.1428571428571432,1575.0,1096.0,1096.0,0.0,1634046408.324367,0.0032269954681396,30.46372294425964
9413,0,1,0,0,3,2,408,2211110130,442,64,428,17,59861,29483,4,0,0,43,15,2211110130,17,59861,11123,18402,442,1130,1130.0,1082.470588235294,-3.579489735196832,11.176327926863683,26431.7785467128,1130.0,1130.0,0.0,9056,408,1096,1096.0,1006.2222222222222,-2.3440974601945856,3.7098485684272697,46133.72839506173,1096.0,1096.0,0.0,1634046408.325387,0.0010199546813964,30.464742898941036
9414,0,1,0,0,2,3,60,3232270721,94,47,80,17,29483,59861,4,0,0,43,15,2211110130,17,59861,11123,18496,94,1130,1130.0,1027.5555555555557,-2.6350549913828645,5.401508226984252,76229.58024691358,1130.0,1130.0,0.0,9116,60,1096,1096.0,911.6,-1.6433893358331433,1.0136528454255904,122100.63999999998,1096.0,1006.0,90.0,1634046408.334165,0.0087780952453613,30.473520994186398
9415,0,1,0,0,3,2,1104,2211110130,1138,64,1124,17,59861,29483,4,0,0,43,15,2211110130,17,59861,11123,19634,94,1138,1130.0,1033.3684210526317,-2.734440166352352,5.95504245396387,72825.70637119113,1130.0,1130.0,0.0,10220,60,1104,1096.0,929.0909090909092,-1.793423258475381,1.5463554491769471,114059.90082644626,1096.0,1036.0,60.0,1634046408.338868,0.0047028064727783,30.478223800659176
9416,0,1,0,0,3,2,1096,2211110130,1130,64,1116,17,59861,29483,4,0,0,43,15,2211110130,17,59861,11123,20764,94,1138,1130.0,1038.2,-2.831193988412105,6.512897171739244,69627.96,1130.0,1130.0,0.0,11316,60,1104,1096.0,943.0,-1.9341118562054245,2.0880165420108865,106683.0,1096.0,1066.0,30.0,1634046408.338868,0.0,30.478223800659176
9417,0,1,0,0,3,2,1096,2211110130,1130,64,1116,17,59861,29483,4,0,0,43,15,2211110130,17,59861,11123,1130,1130,1130,1130.0,1130.0,0.0,-3.0,0.0,1130.0,1130.0,0.0,12412,60,1104,1096.0,954.7692307692308,-2.0661065636214206,2.6338224679117506,100138.79289940828,1096.0,1096.0,0.0,1634046408.339376,0.0005080699920654,30.47873187065124
9418,0,1,0,0,3,2,235,2211110130,269,64,255,17,59861,29483,4,0,0,43,15,2211110130,17,59861,11123,1399,269,1130,699.5,699.5,0.0,-2.0,185330.25,914.75,484.25,430.5,12647,60,1104,1096.0,903.3571428571428,-1.4886762085148435,0.4340258152007314,127347.65816326533,1096.0,1006.0,90.0,1634046408.339376,0.0,30.47873187065124
9419,0,1,0,0,3,2,1116,2211110130,1150,64,1136,17,59861,29483,4,0,0,43,15,2211110130,17,59861,11123,2549,269,1150,1130.0,849.6666666666666,-0.7058491907870302,-1.5,168653.55555555556,1140.0,699.5,440.5,13763,60,1116,1096.0,917.5333333333332,-1.5946752615811397,0.7696533030663097,121671.31555555556,1096.0,1036.0,60.0,1634046408.344621,0.0052449703216552,30.483976840972897
9420,0,1,0,0,3,2,408,2211110130,442,64,428,17,59861,29483,4,0,0,43,15,2211110130,17,59861,11123,2991,269,1150,786.0,747.75,-0.0693900323905016,-1.9055747543700785,157651.1875,1135.0,398.75,736.25,14171,60,1116,1096.0,885.6875,-1.2764654480046609,-0.1169511227945658,129279.21484375,1096.0,834.0,262.0,1634046408.354915,0.010293960571289,30.494270801544186
9421,0,1,0,0,3,2,1096,2211110130,1130,64,1116,17,59861,29483,4,0,0,43,15,2211110130,17,59861,11123,4121,269,1150,1130.0,824.2,-0.4677662039085665,-1.7014693624660964,149499.36,1130.0,442.0,688.0,15267,60,1116,1096.0,898.0588235294117,-1.3698804220406366,0.1360460469437514,124123.34948096889,1096.0,976.0,120.0,1634046408.355807,0.000892162322998,30.495162963867184
9422,0,1,0,0,3,2,1096,2211110130,1130,64,1116,17,59861,29483,4,0,0,43,15,2211110130,17,59861,11123,5251,269,1150,1130.0,875.1666666666666,-0.76301165833546,-1.3393513558330603,137570.80555555553,1130.0,614.0,516.0,16363,60,1116,1096.0,909.0555555555557,-1.4584064784816055,0.3927043679712811,119283.38580246911,1096.0,1006.0,90.0,1634046408.355807,0.0,30.495162963867184
9423,0,1,0,0,3,2,1096,2211110130,1130,64,1116,17,59861,29483,4,0,0,43,15,2211110130,17,59861,11123,6381,269,1150,1130.0,911.5714285714286,-1.003270561196309,-0.9131080809241636,125869.67346938774,1130.0,786.0,344.0,17459,60,1116,1096.0,918.8947368421052,-1.5426847236952204,0.6523001665092036,114747.88365650966,1096.0,1036.0,60.0,1634046408.355807,0.0,30.495162963867184
9424,0,1,0,0,3,2,1096,2211110130,1130,64,1116,17,59861,29483,4,0,0,43,15,2211110130,17,59861,11123,7511,269,1150,1130.0,938.875,-1.2090314852224888,-0.4545436339087905,115354.359375,1130.0,958.0,172.0,18555,60,1116,1096.0,927.75,-1.6232327881626327,0.914288657494676,110500.3875,1096.0,1066.0,30.0,1634046408.356677,0.0008699893951416,30.496032953262326
9425,0,1,0,0,3,2,1096,2211110130,1130,64,1116,17,59861,29483,4,0,0,43,15,2211110130,17,59861,11123,8641,269,1150,1130.0,960.1111111111112,-1.3909403908429183,0.0225856373899184,106144.98765432098,1130.0,1130.0,0.0,1096,1096,1096,1096.0,1096.0,0.0,-3.0,0.0,1096.0,1096.0,0.0,1634046408.356677,0.0,30.496032953262326
9426,0,1,0,0,3,2,350,2211110130,384,64,370,17,59861,29483,4,0,0,43,15,2211110130,17,59861,11123,9025,269,1150,1130.0,902.5,-0.9130851231578816,-1.1041780070354927,125401.85,1130.0,614.0,516.0,1446,350,1096,723.0,723.0,0.0,-2.0,139129.0,909.5,536.5,373.0,1634046408.356677,0.0,30.496032953262326
9427,0,1,0,0,2,3,60,3232270721,94,47,80,17,29483,59861,4,0,0,43,15,2211110130,17,59861,11123,9119,94,1150,1130.0,829.0,-0.6890826697977427,-1.3522917847805282,168024.18181818182,1130.0,413.0,717.0,1506,60,1096,350.0,502.0,0.480212308206516,-1.5,190434.66666666663,723.0,205.0,518.0,1634046408.380087,0.0234098434448242,30.51944279670715
9428,0,1,0,0,3,2,408,2211110130,442,64,428,17,59861,29483,4,0,0,43,15,2211110130,17,59861,11123,9561,94,1150,1130.0,796.75,-0.4797986688763669,-1.5641160829257434,165462.85416666666,1130.0,427.5,702.5,1914,60,1096,379.0,478.5,0.7269198470340085,-0.8878517062248816,144482.75,580.0,277.5,302.5,1634046408.380843,0.000756025314331,30.52019882202148
9429,0,1,0,0,3,2,1096,2211110130,1130,64,1116,17,59861,29483,4,0,0,43,15,2211110130,17,59861,11123,10691,94,1150,1130.0,822.3846153846154,-0.610994166026356,-1.4249145051103376,160620.54437869822,1130.0,442.0,688.0,3010,60,1096,408.0,602.0,0.1578824705086527,-1.6477613811369247,176595.2,1096.0,350.0,746.0,1634046408.380843,0.0,30.52019882202148
9430,0,1,0,0,3,2,1096,2211110130,1130,64,1116,17,59861,29483,4,0,0,43,15,2211110130,17,59861,11123,11821,94,1150,1130.0,844.3571428571429,-0.7294850562123366,-1.2675245197841911,155423.94387755104,1130.0,442.0,688.0,4106,60,1096,752.0,684.3333333333334,-0.2001916134410163,-1.6963017010292674,181056.5555555556,1096.0,364.5,731.5,1634046408.380843,0.0,30.52019882202148
9431,0,1,0,0,3,2,1096,2211110130,1130,64,1116,17,59861,29483,4,0,0,43,15,2211110130,17,59861,11123,12951,94,1150,1130.0,863.4,-0.8379632489551734,-1.0972670930134218,150139.17333333334,1130.0,442.0,688.0,5202,60,1096,1096.0,743.1428571428571,-0.4674515377812024,-1.5402778812280449,175942.693877551,1096.0,379.0,717.0,1634046408.381585,0.000741958618164,30.520940780639645
9432,0,1,0,0,3,2,1096,2211110130,1130,64,1116,17,59861,29483,4,0,0,43,15,2211110130,17,59861,11123,14081,94,1150,1130.0,880.0625,-0.9383353072796148,-0.9175721750387223,144920.05859375,1130.0,442.0,688.0,6298,60,1096,1096.0,787.25,-0.6845004943865204,-1.297647535775682,167567.9375,1096.0,393.5,702.5,1634046408.381585,0.0,30.520940780639645
9433,0,1,0,0,3,2,1096,2211110130,1130,64,1116,17,59861,29483,4,0,0,43,15,2211110130,17,59861,11123,15211,94,1150,1130.0,894.7647058823529,-1.0320008082124827,-0.7307501835212005,139853.82698961938,1130.0,442.0,688.0,7394,60,1096,1096.0,821.5555555555555,-0.8696165257751024,-1.0103210284805164,158364.24691358025,1096.0,408.0,688.0,1634046408.382245,0.0006601810455322,30.521600961685177
9434,0,1,0,0,3,2,118,2211110130,152,64,138,17,59861,29483,4,0,0,43,15,2211110130,17,59861,11123,15363,94,1150,1130.0,853.5,-0.831586686083396,-1.1369717870022995,161031.36111111112,1130.0,442.0,688.0,7512,60,1096,1096.0,751.2,-0.5476729671684458,-1.5324964242259618,187076.96,1096.0,364.5,731.5,1634046408.382245,0.0,30.521600961685177
9435,0,1,0,0,2,3,56,3232270721,90,47,76,17,29483,59861,4,0,0,43,15,2211110130,17,59861,11123,15453,90,1150,1130.0,813.3157894736842,-0.6766425042951003,-1.3789790647142122,181621.9002770083,1130.0,413.0,717.0,7568,56,1096,1096.0,688.0,-0.3196134853576834,-1.750717890230305,210012.36363636365,1096.0,234.0,862.0,1634046408.396122,0.0138769149780273,30.535477876663204
9436,0,1,0,0,2,3,60,3232270721,94,47,80,17,29483,59861,4,0,0,43,15,2211110130,17,59861,11123,15547,90,1150,1130.0,777.35,-0.5376023691480097,-1.561748879691437,197118.0275,1130.0,355.25,774.75,7628,56,1096,752.0,635.6666666666666,-0.13078467914057,-1.8515151927182676,222637.88888888888,1096.0,103.5,992.5,1634046408.396177,5.507469177246094e-05,30.535532951354977
9437,0,1,0,0,3,2,60,2211110130,94,64,80,17,59861,29483,4,0,0,43,15,2211110130,17,59861,11123,94,94,94,94.0,94.0,0.0,-3.0,0.0,94.0,94.0,0.0,7688,56,1096,408.0,591.3846153846154,0.0288040257378434,-1.8780713089406131,229042.6982248521,1096.0,60.0,1036.0,1634046408.413523,0.017345905303955,30.552878856658932
9438,0,1,0,0,3,2,1096,2211110130,1130,64,1116,17,59861,29483,4,0,0,43,15,2211110130,17,59861,11123,1224,94,1130,612.0,612.0,0.0,-2.0,268324.0,871.0,353.0,518.0,8784,56,1096,752.0,627.4285714285714,-0.1160119587487251,-1.8742047477186057,229571.6734693877,1096.0,74.5,1021.5,1634046408.413523,0.0,30.552878856658932
9439,0,1,0,0,3,2,1096,2211110130,1130,64,1116,17,59861,29483,4,0,0,43,15,2211110130,17,59861,11123,2354,94,1130,1130.0,784.6666666666666,-0.7071067811865472,-1.5,238510.22222222225,1130.0,612.0,518.0,9880,56,1096,1096.0,658.6666666666666,-0.2429961348969686,-1.83429875621258,227928.3555555556,1096.0,89.0,1007.0,1634046408.414039,0.0005159378051757,30.553394794464108
9440,0,1,0,0,3,2,1096,2211110130,1130,64,1116,17,59861,29483,4,0,0,43,15,2211110130,17,59861,11123,3484,94,1130,1130.0,871.0,-1.1547005383792517,-0.6666666666666665,201243.0,1130.0,871.0,259.0,10976,56,1096,1096.0,686.0,-0.3565280719512553,-1.769961178324419,224889.5,1096.0,103.5,992.5,1634046408.414039,0.0,30.553394794464108
9441,0,1,0,0,3,2,1096,2211110130,1130,64,1116,17,59861,29483,4,0,0,43,15,2211110130,17,59861,11123,4614,94,1130,1130.0,922.8,-1.5000000000000004,0.2500000000000004,171727.35999999996,1130.0,1130.0,0.0,12072,56,1096,1096.0,710.1176470588235,-0.459552605854036,-1.68829927504027,220967.2802768166,1096.0,118.0,978.0,1634046408.414039,0.0,30.553394794464108
9442,0,1,0,0,2,3,60,3232270721,94,47,80,17,29483,59861,4,0,0,43,15,2211110130,17,59861,11123,4708,94,1130,1130.0,784.6666666666666,-0.7071067811865472,-1.5000000000000004,238510.22222222225,1130.0,353.0,777.0,12132,56,1096,1096.0,674.0,-0.3180867179693976,-1.808521876840589,230867.5555555556,1096.0,74.5,1021.5,1634046408.414482,0.0004432201385498,30.553838014602658
9443,0,1,0,0,2,3,52,3232270721,86,47,72,17,29483,59861,4,0,0,43,15,2211110130,17,59861,11123,4794,86,1130,1130.0,684.8571428571429,-0.288745179912877,-1.9165315420845963,264208.97959183675,1130.0,94.0,1036.0,12184,52,1096,1096.0,641.2631578947369,-0.19535371019296,-1.878340894759653,238007.24653739613,1096.0,60.0,1036.0,1634046408.414538,5.5789947509765625e-05,30.553893804550167
9444,0,1,0,0,3,2,1096,2211110130,1130,64,1116,17,59861,29483,4,0,0,43,15,2211110130,17,59861,11123,5924,86,1130,1130.0,740.5,-0.5164632429700323,-1.7331752679427967,252855.75,1130.0,94.0,1036.0,13280,52,1096,1096.0,664.0,-0.2875483717743277,-1.8364711599214487,235929.2,1096.0,60.0,1036.0,1634046408.415356,0.0008180141448974,30.554711818695065
9445,0,1,0,0,3,2,788,2211110130,822,64,808,17,59861,29483,4,0,0,43,15,2211110130,17,59861,11123,6746,86,1130,1130.0,749.5555555555555,-0.6020667159747025,-1.5392585928144429,225416.69135802472,1130.0,94.0,1036.0,788,788,788,788.0,788.0,0.0,-3.0,0.0,788.0,788.0,0.0,1634046408.415356,0.0,30.554711818695065
9446,0,1,0,0,3,2,408,2211110130,442,64,428,17,59861,29483,4,0,0,43,15,2211110130,17,59861,11123,7188,86,1130,976.0,718.8,-0.4256386203334979,-1.625784832422213,211388.16,1130.0,181.0,949.0,1196,408,788,598.0,598.0,0.0,-2.0,36100.0,693.0,503.0,190.0,1634046408.415356,0.0,30.554711818695065
9447,0,1,0,0,3,2,56,2211110130,90,64,76,17,59861,29483,4,0,0,43,15,2211110130,17,59861,11123,7278,86,1130,822.0,661.6363636363636,-0.2013043371744165,-1.799171673825851,224847.86776859508,1130.0,94.0,1036.0,1252,56,788,408.0,417.3333333333333,0.0468063012878609,-1.5000000000000004,89347.55555555556,598.0,232.0,366.0,1634046408.445366,0.0300099849700927,30.584721803665158
9448,0,1,0,0,2,3,60,3232270721,94,47,80,17,29483,59861,4,0,0,43,15,2211110130,17,59861,11123,7372,86,1130,632.0,614.3333333333334,-0.0186611444288226,-1.8577050162398376,230723.8888888889,1130.0,94.0,1036.0,1312,56,788,234.0,328.0,0.532961356804699,-1.3242851114092953,90952.0,503.0,59.0,444.0,1634046408.447196,0.0018301010131835,30.58655190467834
9449,0,1,0,0,3,2,1096,2211110130,1130,64,1116,17,59861,29483,4,0,0,43,15,2211110130,17,59861,11123,8502,86,1130,822.0,654.0,-0.1703164540441211,-1.839319459271795,231857.2307692308,1130.0,94.0,1036.0,2408,56,1096,408.0,481.6,0.3169020914974355,-1.455310840633692,167133.44,788.0,60.0,728.0,1634046408.460539,0.0133430957794189,30.59989500045776
9450,0,1,0,0,3,2,1096,2211110130,1130,64,1116,17,59861,29483,4,0,0,43,15,2211110130,17,59861,11123,9632,86,1130,976.0,688.0,-0.3029312495045408,-1.7830000965642168,230324.0,1130.0,94.0,1036.0,3504,56,1096,598.0,584.0,-0.0389226930881446,-1.6701527536205694,191706.66666666663,1019.0,147.0,872.0,1634046408.460539,0.0,30.59989500045776
9451,0,1,0,0,3,2,1096,2211110130,1130,64,1116,17,59861,29483,4,0,0,43,15,2211110130,17,59861,11123,10762,86,1130,1130.0,717.4666666666667,-0.4212725387941438,-1.701349998114951,227125.0488888889,1130.0,94.0,1036.0,4600,56,1096,788.0,657.1428571428571,-0.3115132865638879,-1.6182347973779547,196419.26530612243,1096.0,234.0,862.0,1634046408.460539,0.0,30.59989500045776
9452,0,1,0,0,3,2,1096,2211110130,1130,64,1116,17,59861,29483,4,0,0,43,15,2211110130,17,59861,11123,11892,86,1130,1130.0,743.25,-0.5285227263396673,-1.6019572523616046,222901.4375,1130.0,94.0,1036.0,5696,56,1096,942.0,712.0,-0.5319453612549697,-1.450377898696276,192932.0,1096.0,321.0,775.0,1634046408.461241,0.000701904296875,30.600596904754635
9453,0,1,0,0,2,3,80,3232270721,114,47,100,17,29483,59861,4,0,0,43,15,2211110130,17,59861,11123,12006,86,1130,1130.0,706.2352941176471,-0.369596622196222,-1.759768338364979,231711.00346020763,1130.0,94.0,1036.0,5776,56,1096,788.0,641.7777777777778,-0.2408381088190163,-1.7374762687483376,210944.3950617284,1096.0,80.0,1016.0,1634046408.461718,0.0004770755767822,30.601073980331417
9454,0,1,0,0,3,2,1116,2211110130,1150,64,1136,17,59861,29483,4,0,0,43,15,2211110130,17,59861,11123,13156,86,1150,1130.0,730.8888888888889,-0.4652641205695024,-1.6816138099151434,229170.7654320988,1130.0,99.0,1031.0,6892,56,1116,942.0,689.2,-0.4188221058989654,-1.6308952146915507,210089.76,1096.0,162.0,934.0,1634046408.462596,0.0008778572082519,30.60195183753967
9455,0,1,0,0,3,2,904,2211110130,938,64,924,17,59861,29483,4,0,0,43,15,2211110130,17,59861,11123,14094,86,1150,1130.0,741.7894736842105,-0.536333680199973,-1.5866831250316784,219247.95567867035,1130.0,104.0,1026.0,7796,56,1116,904.0,708.7272727272727,-0.5487664491407577,-1.461898746679077,194803.83471074377,1096.0,244.0,852.0,1634046408.462596,0.0,30.60195183753967
9456,0,1,0,0,3,2,408,2211110130,442,64,428,17,59861,29483,4,0,0,43,15,2211110130,17,59861,11123,14536,86,1150,1034.0,726.8,-0.4499478359203016,-1.6273769453032223,212554.56,1130.0,109.0,1021.0,8204,56,1116,846.0,683.6666666666666,-0.3950522906806662,-1.5372040189507157,185478.55555555556,1096.0,326.0,770.0,1634046408.468162,0.005566120147705,30.607517957687374
9457,0,1,0,0,3,2,1096,2211110130,1130,64,1116,17,59861,29483,4,0,0,43,15,2211110130,17,59861,11123,1130,1130,1130,1130.0,1130.0,0.0,-3.0,0.0,1130.0,1130.0,0.0,9300,56,1116,904.0,715.3846153846154,-0.5251778069383023,-1.4283236314481498,183283.3136094675,1096.0,408.0,688.0,1634046408.468162,0.0,30.607517957687374
9458,0,1,0,0,3,2,1096,2211110130,1130,64,1116,17,59861,29483,4,0,0,43,15,2211110130,17,59861,11123,2260,1130,1130,1130.0,1130.0,0.0,-3.0,0.0,1130.0,1130.0,0.0,10396,56,1116,1000.0,742.5714285714286,-0.6428551735377741,-1.296939139789941,179800.2448979592,1096.0,408.0,688.0,1634046408.473926,0.0057640075683593,30.613281965255734
9459,0,1,0,0,3,2,1096,2211110130,1130,64,1116,17,59861,29483,4,0,0,43,15,2211110130,17,59861,11123,3390,1130,1130,1130.0,1130.0,0.0,-3.0,0.0,1130.0,1130.0,0.0,11492,56,1116,1096.0,766.1333333333333,-0.7505939680186142,-1.149676309913859,175585.8488888889,1096.0,408.0,688.0,1634046408.473926,0.0,30.613281965255734
9460,0,1,0,0,3,2,1096,2211110130,1130,64,1116,17,59861,29483,4,0,0,43,15,2211110130,17,59861,11123,4520,1130,1130,1130.0,1130.0,0.0,-3.0,0.0,1130.0,1130.0,0.0,12588,56,1116,1096.0,786.75,-0.8502283013072358,-0.9908117043934396,170987.4375,1096.0,408.0,688.0,1634046408.473926,0.0,30.613281965255734
9461,0,1,0,0,3,2,1096,2211110130,1130,64,1116,17,59861,29483,4,0,0,43,15,2211110130,17,59861,11123,5650,1130,1130,1130.0,1130.0,0.0,-3.0,0.0,1130.0,1130.0,0.0,13684,56,1116,1096.0,804.9411764705883,-0.9431302229943112,-0.8232212052984287,166224.0553633218,1096.0,408.0,688.0,1634046408.474564,0.0006380081176757,30.61391997337341
9462,0,1,0,0,3,2,1096,2211110130,1130,64,1116,17,59861,29483,4,0,0,43,15,2211110130,17,59861,11123,6780,1130,1130,1130.0,1130.0,0.0,-3.0,0.0,1130.0,1130.0,0.0,14780,56,1116,1096.0,821.1111111111111,-1.0303492519426412,-0.6489068656893608,161434.32098765436,1096.0,503.0,593.0,1634046408.474564,0.0,30.61391997337341
9463,0,1,0,0,3,2,280,2211110130,314,64,300,17,59861,29483,4,0,0,43,15,2211110130,17,59861,11123,7094,314,1130,1130.0,1013.4285714285714,-2.0412414523193148,2.166666666666667,81533.38775510204,1130.0,1130.0,0.0,15060,56,1116,1096.0,792.6315789473684,-0.8358006864919941,-1.0328967636352275,167537.28531855956,1096.0,408.0,688.0,1634046408.474564,0.0,30.61391997337341
9464,0,1,0,0,3,2,60,2211110130,94,64,80,17,59861,29483,4,0,0,43,15,2211110130,17,59861,11123,7188,94,1130,1130.0,898.5,-1.2179315896509426,-0.4244129277471318,163801.75,1130.0,926.0,204.0,15120,56,1116,1096.0,756.0,-0.6776277845967393,-1.3139335541484574,184656.0,1096.0,376.0,720.0,1634046408.475338,0.0007739067077636,30.614693880081173
9465,0,1,0,0,2,3,32,3232270721,66,47,52,17,29483,59861,4,0,0,43,15,2211110130,17,59861,11123,7254,66,1130,1130.0,806.0,-0.7642726975263103,-1.3471520056093316,214051.5555555556,1130.0,314.0,816.0,32,32,32,32.0,32.0,0.0,-3.0,0.0,32.0,32.0,0.0,1634046408.483775,0.0084369182586669,30.62313079833984
9466,0,1,0,0,2,3,32,3232270721,66,47,52,17,29483,59861,4,0,0,43,15,2211110130,17,59861,11123,7320,66,1130,1130.0,732.0,-0.4582275017073781,-1.7352740812674323,241930.4,1130.0,149.0,981.0,64,32,32,32.0,32.0,0.0,-3.0,0.0,32.0,32.0,0.0,1634046408.48383,5.507469177246094e-05,30.623185873031613
9467,0,1,0,0,2,3,32,3232270721,66,47,52,17,29483,59861,4,0,0,43,15,2211110130,17,59861,11123,7386,66,1130,1130.0,671.4545454545455,-0.2277082893447962,-1.9010440414102896,256594.24793388436,1130.0,80.0,1050.0,96,32,32,32.0,32.0,0.0,-3.0,0.0,32.0,32.0,0.0,1634046408.483862,3.1948089599609375e-05,30.623217821121212
9468,0,1,0,0,2,3,52,3232270721,86,48,72,17,10001,59861,4,0,0,43,15,2211110130,17,59861,11123,7472,66,1130,722.0,622.6666666666666,-0.0409924824647081,-1.956362104816305,261394.22222222225,1130.0,81.0,1049.0,148,32,52,32.0,37.0,1.1547005383792517,-0.6666666666666665,75.0,37.0,32.0,5.0,1634046408.751956,0.2680940628051758,30.891311883926388
9469,0,1,0,0,3,2,56,2342665647,90,64,76,17,59861,10001,4,0,0,43,15,2211110130,17,59861,11123,7562,66,1130,314.0,581.6923076923077,0.116121778697541,-1.94767767468012,261433.7514792899,1130.0,86.0,1044.0,204,32,56,32.0,40.8,0.4495377032766164,-1.743738185255198,117.76,52.0,32.0,20.0,1634046408.860586,0.1086299419403076,30.999941825866696
9470,0,1,0,0,3,2,12,1054003247,46,64,32,17,59861,10001,4,0,0,43,15,2211110130,17,59861,11123,7608,46,1130,204.0,543.4285714285714,0.2504003874456384,-1.8983843458830247,261793.38775510207,1130.0,71.0,1059.0,216,12,56,32.0,36.0,-0.1026979795322186,-0.9562500000000004,213.33333333333331,47.0,32.0,15.0,1634046412.029456,3.168869972229004,34.1688117980957
9471,0,1,0,0,3,2,12,2342665647,46,64,32,17,59861,10001,4,0,0,43,15,2211110130,17,59861,11123,7654,46,1130,94.0,510.26666666666665,0.369983565245011,-1.824098701299634,259736.46222222224,1130.0,66.0,1064.0,228,12,56,32.0,32.57142857142857,0.098534206047409,-1.2156778084812412,253.3877551020408,42.0,22.0,20.0,1634046412.029456,0.0,34.1688117980957
9472,0,1,0,0,3,2,12,3338606794,46,64,32,17,59861,10001,4,0,0,43,15,2211110130,17,59861,11123,7700,46,1130,92.0,481.25,0.478149197956375,-1.7321661018441117,256132.4375,1130.0,66.0,1064.0,240,12,56,32.0,30.0,0.3063353231620788,-1.2488304744932055,268.0,37.0,12.0,25.0,1634046412.029456,0.0,34.1688117980957
9473,1,0,0,0,2,2,45,919225420,79,64,65,6,41186,9999,4,0,0,43,15,2211110130,17,59861,11123,7779,46,1130,90.0,457.5882352941176,0.5780608569972407,-1.6271118172798855,250023.8892733564,1130.0,66.0,1064.0,285,12,56,32.0,31.666666666666668,0.0625283827041626,-1.3587913079942686,260.44444444444446,45.0,12.0,33.0,1634046413.934449,1.9049930572509768,36.07380485534668
9474,1,0,0,0,2,2,37,3232270721,71,34,57,6,9999,41186,4,0,0,43,15,2211110130,17,59861,11123,7850,46,1130,88.0,436.1111111111111,0.6702656987293846,-1.5122191636512985,243975.2098765432,1130.0,66.0,1064.0,322,12,56,32.0,32.2,-0.0349770882045012,-1.2165392518605014,236.96000000000004,43.0,17.0,26.0,1634046414.020105,0.085655927658081,36.15946078300476
9475,1,0,0,0,2,2,32,919225420,66,64,52,6,41186,9999,4,0,0,43,15,2211110130,17,59861,11123,7916,46,1130,86.0,416.6315789473685,0.7560717276070439,-1.3897848823513874,237964.5484764543,1130.0,66.0,1064.0,354,12,56,32.0,32.18181818181818,-0.0329673351473658,-1.038425947874947,215.42148760330576,41.0,22.0,19.0,1634046414.032809,0.0127041339874267,36.17216491699219
9476,0,1,0,0,3,2,12,1054003247,46,64,32,17,59861,10001,4,0,0,43,15,2211110130,17,59861,11123,7962,46,1130,82.5,398.1,0.8359396100061298,-1.261738079672924,232591.29,1130.0,66.0,1064.0,366,12,56,32.0,30.5,0.1092320573764046,-1.164205336780768,228.58333333333331,39.0,12.0,27.0,1634046417.063323,3.030514001846313,39.2026789188385
9477,0,1,0,0,3,2,12,2342665647,46,64,32,17,59861,10001,4,0,0,43,15,2211110130,17,59861,11123,46,46,46,46.0,46.0,0.0,-3.0,0.0,46.0,46.0,0.0,378,12,56,32.0,29.07692307692308,0.2407179578223896,-1.2004544052404305,235.30177514792905,37.0,12.0,25.0,1634046417.063323,0.0,39.2026789188385
9478,0,1,0,0,3,2,12,3338606794,46,64,32,17,59861,10001,4,0,0,43,15,2211110130,17,59861,11123,92,46,46,46.0,46.0,0.0,-3.0,0.0,46.0,46.0,0.0,390,12,56,32.0,27.857142857142858,0.3607557116011352,-1.1804768308256754,237.8367346938776,35.75,12.0,23.75,1634046417.063323,0.0,39.2026789188385
9479,0,1,0,0,3,2,12,1054003247,46,64,32,17,59861,10001,4,0,0,43,15,2211110130,17,59861,11123,138,46,46,46.0,46.0,0.0,-3.0,0.0,46.0,46.0,0.0,402,12,56,32.0,26.8,0.4706417681552164,-1.1232633835957893,237.62666666666664,34.5,12.0,22.5,1634046422.11323,5.049906969070435,44.252585887908936
9480,0,1,0,0,3,2,12,2342665647,46,64,32,17,59861,10001,4,0,0,43,15,2211110130,17,59861,11123,184,46,46,46.0,46.0,0.0,-3.0,0.0,46.0,46.0,0.0,414,12,56,22.0,25.875,0.5718868111128841,-1.0402329678763578,235.609375,33.25,12.0,21.25,1634046422.11323,0.0,44.252585887908936
9481,0,1,0,0,3,2,12,3338606794,46,64,32,17,59861,10001,4,0,0,43,15,2211110130,17,59861,11123,230,46,46,46.0,46.0,0.0,-3.0,0.0,46.0,46.0,0.0,426,12,56,12.0,25.058823529411764,0.6658230618499628,-0.9386105689799004,232.4083044982699,32.0,12.0,20.0,1634046422.114062,0.0008320808410644,44.25341796875
